Site,LocationName,BRCYear,BRCMonthName,BRCWeekNum,DayName,Date,Hour,InCount,OutCount,ReportCount,FactoredInCount,FactoredOutCount,FactoredReportCount,LocationGroup
Manchester City Council - Chorlton,Chorlton Place,2020,December,53,Friday,01 Jan 2021,00:00,3,6,9,3,6,9,No Group
Manchester City Council - Chorlton,Chorlton Place,2020,December,53,Friday,01 Jan 2021,01:00,3,7,10,3,7,10,No Group
Manchester City Council - Chorlton,Chorlton Place,2020,December,53,Friday,01 Jan 2021,02:00,6,8,14,6,8,14,No Group
Manchester City Council - Chorlton,Chorlton Place,2020,December,53,Friday,01 Jan 2021,03:00,6,3,9,6,3,9,No Group
Manchester City Council - Chorlton,Chorlton Place,2020,December,53,Friday,01 Jan 2021,04:00,1,2,3,1,2,3,No Group
Manchester City Council - Chorlton,Chorlton Place,2020,December,53,Friday,01 Jan 2021,05:00,1,0,1,1,0,1,No Group
Manchester City Council - Chorlton,Chorlton Place,2020,December,53,Friday,01 Jan 2021,06:00,1,5,6,1,5,6,No Group
Manchester City Council - Chorlton,Chorlton Place,2020,December,53,Friday,01 Jan 2021,07:00,1,2,3,1,2,3,No Group
Manchester City Council - Chorlton,Chorlton Place,2020,December,53,Friday,01 Jan 2021,08:00,5,17,22,5,17,22,No Group
Manchester City Council - Chorlton,Chorlton Place,2020,December,53,Friday,01 Jan 2021,09:00,14,22,36,14,22,36,No Group
Manchester City Council - Chorlton,Chorlton Place,2020,December,53,Friday,01 Jan 2021,10:00,29,37,66,29,37,66,No Group
Manchester City Council - Chorlton,Chorlton Place,2020,December,53,Friday,01 Jan 2021,11:00,62,53,115,62,53,115,No Group
Manchester City Council - Chorlton,Chorlton Place,2020,December,53,Friday,01 Jan 2021,12:00,44,75,119,44,75,119,No Group
Manchester City Council - Chorlton,Chorlton Place,2020,December,53,Friday,01 Jan 2021,13:00,75,97,172,75,97,172,No Group
Manchester City Council - Chorlton,Chorlton Place,2020,December,53,Friday,01 Jan 2021,14:00,104,113,217,104,113,217,No Group
Manchester City Council - Chorlton,Chorlton Place,2020,December,53,Friday,01 Jan 2021,15:00,86,97,183,86,97,183,No Group
Manchester City Council - Chorlton,Chorlton Place,2020,December,53,Friday,01 Jan 2021,16:00,48,58,106,48,58,106,No Group
Manchester City Council - Chorlton,Chorlton Place,2020,December,53,Friday,01 Jan 2021,17:00,24,28,52,24,28,52,No Group
Manchester City Council - Chorlton,Chorlton Place,2020,December,53,Friday,01 Jan 2021,18:00,9,16,25,9,16,25,No Group
Manchester City Council - Chorlton,Chorlton Place,2020,December,53,Friday,01 Jan 2021,19:00,10,11,21,10,11,21,No Group
Manchester City Council - Chorlton,Chorlton Place,2020,December,53,Friday,01 Jan 2021,20:00,8,10,18,8,10,18,No Group
Manchester City Council - Chorlton,Chorlton Place,2020,December,53,Friday,01 Jan 2021,21:00,5,4,9,5,4,9,No Group
Manchester City Council - Chorlton,Chorlton Place,2020,December,53,Friday,01 Jan 2021,22:00,2,4,6,2,4,6,No Group
Manchester City Council - Chorlton,Chorlton Place,2020,December,53,Friday,01 Jan 2021,23:00,3,3,6,3,3,6,No Group
Manchester City Council - Chorlton,Chorlton Place,2020,December,53,Saturday,02 Jan 2021,00:00,1,0,1,1,0,1,No Group
Manchester City Council - Chorlton,Chorlton Place,2020,December,53,Saturday,02 Jan 2021,01:00,0,0,0,0,0,0,No Group
Manchester City Council - Chorlton,Chorlton Place,2020,December,53,Saturday,02 Jan 2021,02:00,0,0,0,0,0,0,No Group
Manchester City Council - Chorlton,Chorlton Place,2020,December,53,Saturday,02 Jan 2021,03:00,1,2,3,1,2,3,No Group
Manchester City Council - Chorlton,Chorlton Place,2020,December,53,Saturday,02 Jan 2021,04:00,0,1,1,0,1,1,No Group
Manchester City Council - Chorlton,Chorlton Place,2020,December,53,Saturday,02 Jan 2021,05:00,0,0,0,0,0,0,No Group
Manchester City Council - Chorlton,Chorlton Place,2020,December,53,Saturday,02 Jan 2021,06:00,2,7,9,2,7,9,No Group
Manchester City Council - Chorlton,Chorlton Place,2020,December,53,Saturday,02 Jan 2021,07:00,9,6,15,9,6,15,No Group
Manchester City Council - Chorlton,Chorlton Place,2020,December,53,Saturday,02 Jan 2021,08:00,17,29,46,17,29,46,No Group
Manchester City Council - Chorlton,Chorlton Place,2020,December,53,Saturday,02 Jan 2021,09:00,35,49,84,35,49,84,No Group
Manchester City Council - Chorlton,Chorlton Place,2020,December,53,Saturday,02 Jan 2021,10:00,82,94,176,82,94,176,No Group
Manchester City Council - Chorlton,Chorlton Place,2020,December,53,Saturday,02 Jan 2021,11:00,174,272,446,174,272,446,No Group
Manchester City Council - Chorlton,Chorlton Place,2020,December,53,Saturday,02 Jan 2021,12:00,177,282,459,177,282,459,No Group
Manchester City Council - Chorlton,Chorlton Place,2020,December,53,Saturday,02 Jan 2021,13:00,212,315,527,212,315,527,No Group
Manchester City Council - Chorlton,Chorlton Place,2020,December,53,Saturday,02 Jan 2021,14:00,172,164,336,172,164,336,No Group
Manchester City Council - Chorlton,Chorlton Place,2020,December,53,Saturday,02 Jan 2021,15:00,132,156,288,132,156,288,No Group
Manchester City Council - Chorlton,Chorlton Place,2020,December,53,Saturday,02 Jan 2021,16:00,86,76,162,86,76,162,No Group
Manchester City Council - Chorlton,Chorlton Place,2020,December,53,Saturday,02 Jan 2021,17:00,38,52,90,38,52,90,No Group
Manchester City Council - Chorlton,Chorlton Place,2020,December,53,Saturday,02 Jan 2021,18:00,22,36,58,22,36,58,No Group
Manchester City Council - Chorlton,Chorlton Place,2020,December,53,Saturday,02 Jan 2021,19:00,20,26,46,20,26,46,No Group
Manchester City Council - Chorlton,Chorlton Place,2020,December,53,Saturday,02 Jan 2021,20:00,16,19,35,16,19,35,No Group
Manchester City Council - Chorlton,Chorlton Place,2020,December,53,Saturday,02 Jan 2021,21:00,1,5,6,1,5,6,No Group
Manchester City Council - Chorlton,Chorlton Place,2020,December,53,Saturday,02 Jan 2021,22:00,4,3,7,4,3,7,No Group
Manchester City Council - Chorlton,Chorlton Place,2020,December,53,Saturday,02 Jan 2021,23:00,2,1,3,2,1,3,No Group
Manchester City Council - Chorlton,Chorlton Place,2020,December,53,Sunday,03 Jan 2021,00:00,1,3,4,1,3,4,No Group
Manchester City Council - Chorlton,Chorlton Place,2020,December,53,Sunday,03 Jan 2021,01:00,0,1,1,0,1,1,No Group
Manchester City Council - Chorlton,Chorlton Place,2020,December,53,Sunday,03 Jan 2021,02:00,0,0,0,0,0,0,No Group
Manchester City Council - Chorlton,Chorlton Place,2020,December,53,Sunday,03 Jan 2021,03:00,0,2,2,0,2,2,No Group
Manchester City Council - Chorlton,Chorlton Place,2020,December,53,Sunday,03 Jan 2021,04:00,0,0,0,0,0,0,No Group
Manchester City Council - Chorlton,Chorlton Place,2020,December,53,Sunday,03 Jan 2021,05:00,1,0,1,1,0,1,No Group
Manchester City Council - Chorlton,Chorlton Place,2020,December,53,Sunday,03 Jan 2021,06:00,1,0,1,1,0,1,No Group
Manchester City Council - Chorlton,Chorlton Place,2020,December,53,Sunday,03 Jan 2021,07:00,2,2,4,2,2,4,No Group
Manchester City Council - Chorlton,Chorlton Place,2020,December,53,Sunday,03 Jan 2021,08:00,16,16,32,16,16,32,No Group
Manchester City Council - Chorlton,Chorlton Place,2020,December,53,Sunday,03 Jan 2021,09:00,17,17,34,17,17,34,No Group
Manchester City Council - Chorlton,Chorlton Place,2020,December,53,Sunday,03 Jan 2021,10:00,42,42,84,42,42,84,No Group
Manchester City Council - Chorlton,Chorlton Place,2020,December,53,Sunday,03 Jan 2021,11:00,94,154,248,94,154,248,No Group
Manchester City Council - Chorlton,Chorlton Place,2020,December,53,Sunday,03 Jan 2021,12:00,124,192,316,124,192,316,No Group
Manchester City Council - Chorlton,Chorlton Place,2020,December,53,Sunday,03 Jan 2021,13:00,101,107,208,101,107,208,No Group
Manchester City Council - Chorlton,Chorlton Place,2020,December,53,Sunday,03 Jan 2021,14:00,109,114,223,109,114,223,No Group
Manchester City Council - Chorlton,Chorlton Place,2020,December,53,Sunday,03 Jan 2021,15:00,95,101,196,95,101,196,No Group
Manchester City Council - Chorlton,Chorlton Place,2020,December,53,Sunday,03 Jan 2021,16:00,52,50,102,52,50,102,No Group
Manchester City Council - Chorlton,Chorlton Place,2020,December,53,Sunday,03 Jan 2021,17:00,17,14,31,17,14,31,No Group
Manchester City Council - Chorlton,Chorlton Place,2020,December,53,Sunday,03 Jan 2021,18:00,17,23,40,17,23,40,No Group
Manchester City Council - Chorlton,Chorlton Place,2020,December,53,Sunday,03 Jan 2021,19:00,11,16,27,11,16,27,No Group
Manchester City Council - Chorlton,Chorlton Place,2020,December,53,Sunday,03 Jan 2021,20:00,10,10,20,10,10,20,No Group
Manchester City Council - Chorlton,Chorlton Place,2020,December,53,Sunday,03 Jan 2021,21:00,6,8,14,6,8,14,No Group
Manchester City Council - Chorlton,Chorlton Place,2020,December,53,Sunday,03 Jan 2021,22:00,3,4,7,3,4,7,No Group
Manchester City Council - Chorlton,Chorlton Place,2020,December,53,Sunday,03 Jan 2021,23:00,4,1,5,4,1,5,No Group
Manchester City Council - Chorlton,Chorlton Place,2021,January,1,Monday,04 Jan 2021,00:00,2,2,4,2,2,4,No Group
Manchester City Council - Chorlton,Chorlton Place,2021,January,1,Monday,04 Jan 2021,01:00,1,1,2,1,1,2,No Group
Manchester City Council - Chorlton,Chorlton Place,2021,January,1,Monday,04 Jan 2021,02:00,1,0,1,1,0,1,No Group
Manchester City Council - Chorlton,Chorlton Place,2021,January,1,Monday,04 Jan 2021,03:00,0,1,1,0,1,1,No Group
Manchester City Council - Chorlton,Chorlton Place,2021,January,1,Monday,04 Jan 2021,04:00,2,7,9,2,7,9,No Group
Manchester City Council - Chorlton,Chorlton Place,2021,January,1,Monday,04 Jan 2021,05:00,0,7,7,0,7,7,No Group
Manchester City Council - Chorlton,Chorlton Place,2021,January,1,Monday,04 Jan 2021,06:00,5,8,13,5,8,13,No Group
Manchester City Council - Chorlton,Chorlton Place,2021,January,1,Monday,04 Jan 2021,07:00,17,39,56,17,39,56,No Group
Manchester City Council - Chorlton,Chorlton Place,2021,January,1,Monday,04 Jan 2021,08:00,30,51,81,30,51,81,No Group
Manchester City Council - Chorlton,Chorlton Place,2021,January,1,Monday,04 Jan 2021,09:00,31,41,72,31,41,72,No Group
Manchester City Council - Chorlton,Chorlton Place,2021,January,1,Monday,04 Jan 2021,10:00,65,77,142,65,77,142,No Group
Manchester City Council - Chorlton,Chorlton Place,2021,January,1,Monday,04 Jan 2021,11:00,88,89,177,88,89,177,No Group
Manchester City Council - Chorlton,Chorlton Place,2021,January,1,Monday,04 Jan 2021,12:00,125,135,260,125,135,260,No Group
Manchester City Council - Chorlton,Chorlton Place,2021,January,1,Monday,04 Jan 2021,13:00,140,134,274,140,134,274,No Group
Manchester City Council - Chorlton,Chorlton Place,2021,January,1,Monday,04 Jan 2021,14:00,116,127,243,116,127,243,No Group
Manchester City Council - Chorlton,Chorlton Place,2021,January,1,Monday,04 Jan 2021,15:00,81,79,160,81,79,160,No Group
Manchester City Council - Chorlton,Chorlton Place,2021,January,1,Monday,04 Jan 2021,16:00,81,79,160,81,79,160,No Group
Manchester City Council - Chorlton,Chorlton Place,2021,January,1,Monday,04 Jan 2021,17:00,60,59,119,60,59,119,No Group
Manchester City Council - Chorlton,Chorlton Place,2021,January,1,Monday,04 Jan 2021,18:00,41,41,82,41,41,82,No Group
Manchester City Council - Chorlton,Chorlton Place,2021,January,1,Monday,04 Jan 2021,19:00,24,32,56,24,32,56,No Group
Manchester City Council - Chorlton,Chorlton Place,2021,January,1,Monday,04 Jan 2021,20:00,19,26,45,19,26,45,No Group
Manchester City Council - Chorlton,Chorlton Place,2021,January,1,Monday,04 Jan 2021,21:00,8,10,18,8,10,18,No Group
Manchester City Council - Chorlton,Chorlton Place,2021,January,1,Monday,04 Jan 2021,22:00,2,6,8,2,6,8,No Group
Manchester City Council - Chorlton,Chorlton Place,2021,January,1,Monday,04 Jan 2021,23:00,4,3,7,4,3,7,No Group
Manchester City Council - Chorlton,Chorlton Place,2021,January,1,Tuesday,05 Jan 2021,00:00,0,3,3,0,3,3,No Group
Manchester City Council - Chorlton,Chorlton Place,2021,January,1,Tuesday,05 Jan 2021,01:00,0,0,0,0,0,0,No Group
Manchester City Council - Chorlton,Chorlton Place,2021,January,1,Tuesday,05 Jan 2021,02:00,2,4,6,2,4,6,No Group
Manchester City Council - Chorlton,Chorlton Place,2021,January,1,Tuesday,05 Jan 2021,03:00,0,0,0,0,0,0,No Group
Manchester City Council - Chorlton,Chorlton Place,2021,January,1,Tuesday,05 Jan 2021,04:00,6,7,13,6,7,13,No Group
Manchester City Council - Chorlton,Chorlton Place,2021,January,1,Tuesday,05 Jan 2021,05:00,0,4,4,0,4,4,No Group
Manchester City Council - Chorlton,Chorlton Place,2021,January,1,Tuesday,05 Jan 2021,06:00,5,18,23,5,18,23,No Group
Manchester City Council - Chorlton,Chorlton Place,2021,January,1,Tuesday,05 Jan 2021,07:00,9,50,59,9,50,59,No Group
Manchester City Council - Chorlton,Chorlton Place,2021,January,1,Tuesday,05 Jan 2021,08:00,27,46,73,27,46,73,No Group
Manchester City Council - Chorlton,Chorlton Place,2021,January,1,Tuesday,05 Jan 2021,09:00,44,63,107,44,63,107,No Group
Manchester City Council - Chorlton,Chorlton Place,2021,January,1,Tuesday,05 Jan 2021,10:00,103,119,222,103,119,222,No Group
Manchester City Council - Chorlton,Chorlton Place,2021,January,1,Tuesday,05 Jan 2021,11:00,165,177,342,165,177,342,No Group
Manchester City Council - Chorlton,Chorlton Place,2021,January,1,Tuesday,05 Jan 2021,12:00,151,176,327,151,176,327,No Group
Manchester City Council - Chorlton,Chorlton Place,2021,January,1,Tuesday,05 Jan 2021,13:00,170,181,351,170,181,351,No Group
Manchester City Council - Chorlton,Chorlton Place,2021,January,1,Tuesday,05 Jan 2021,14:00,117,104,221,117,104,221,No Group
Manchester City Council - Chorlton,Chorlton Place,2021,January,1,Tuesday,05 Jan 2021,15:00,117,142,259,117,142,259,No Group
Manchester City Council - Chorlton,Chorlton Place,2021,January,1,Tuesday,05 Jan 2021,16:00,59,66,125,59,66,125,No Group
Manchester City Council - Chorlton,Chorlton Place,2021,January,1,Tuesday,05 Jan 2021,17:00,47,66,113,47,66,113,No Group
Manchester City Council - Chorlton,Chorlton Place,2021,January,1,Tuesday,05 Jan 2021,18:00,35,56,91,35,56,91,No Group
Manchester City Council - Chorlton,Chorlton Place,2021,January,1,Tuesday,05 Jan 2021,19:00,32,31,63,32,31,63,No Group
Manchester City Council - Chorlton,Chorlton Place,2021,January,1,Tuesday,05 Jan 2021,20:00,17,17,34,17,17,34,No Group
Manchester City Council - Chorlton,Chorlton Place,2021,January,1,Tuesday,05 Jan 2021,21:00,13,19,32,13,19,32,No Group
Manchester City Council - Chorlton,Chorlton Place,2021,January,1,Tuesday,05 Jan 2021,22:00,6,4,10,6,4,10,No Group
Manchester City Council - Chorlton,Chorlton Place,2021,January,1,Tuesday,05 Jan 2021,23:00,4,7,11,4,7,11,No Group
Manchester City Council - Chorlton,Chorlton Place,2021,January,1,Wednesday,06 Jan 2021,00:00,2,2,4,2,2,4,No Group
Manchester City Council - Chorlton,Chorlton Place,2021,January,1,Wednesday,06 Jan 2021,01:00,1,0,1,1,0,1,No Group
Manchester City Council - Chorlton,Chorlton Place,2021,January,1,Wednesday,06 Jan 2021,02:00,0,0,0,0,0,0,No Group
Manchester City Council - Chorlton,Chorlton Place,2021,January,1,Wednesday,06 Jan 2021,03:00,0,1,1,0,1,1,No Group
Manchester City Council - Chorlton,Chorlton Place,2021,January,1,Wednesday,06 Jan 2021,04:00,0,1,1,0,1,1,No Group
Manchester City Council - Chorlton,Chorlton Place,2021,January,1,Wednesday,06 Jan 2021,05:00,1,2,3,1,2,3,No Group
Manchester City Council - Chorlton,Chorlton Place,2021,January,1,Wednesday,06 Jan 2021,06:00,5,15,20,5,15,20,No Group
Manchester City Council - Chorlton,Chorlton Place,2021,January,1,Wednesday,06 Jan 2021,07:00,6,15,21,6,15,21,No Group
Manchester City Council - Chorlton,Chorlton Place,2021,January,1,Wednesday,06 Jan 2021,08:00,22,38,60,22,38,60,No Group
Manchester City Council - Chorlton,Chorlton Place,2021,January,1,Wednesday,06 Jan 2021,09:00,47,56,103,47,56,103,No Group
Manchester City Council - Chorlton,Chorlton Place,2021,January,1,Wednesday,06 Jan 2021,10:00,91,72,163,91,72,163,No Group
Manchester City Council - Chorlton,Chorlton Place,2021,January,1,Wednesday,06 Jan 2021,11:00,97,171,268,97,171,268,No Group
Manchester City Council - Chorlton,Chorlton Place,2021,January,1,Wednesday,06 Jan 2021,12:00,159,247,406,159,247,406,No Group
Manchester City Council - Chorlton,Chorlton Place,2021,January,1,Wednesday,06 Jan 2021,13:00,193,199,392,193,199,392,No Group
Manchester City Council - Chorlton,Chorlton Place,2021,January,1,Wednesday,06 Jan 2021,14:00,149,149,298,149,149,298,No Group
Manchester City Council - Chorlton,Chorlton Place,2021,January,1,Wednesday,06 Jan 2021,15:00,113,142,255,113,142,255,No Group
Manchester City Council - Chorlton,Chorlton Place,2021,January,1,Wednesday,06 Jan 2021,16:00,72,75,147,72,75,147,No Group
Manchester City Council - Chorlton,Chorlton Place,2021,January,1,Wednesday,06 Jan 2021,17:00,59,69,128,59,69,128,No Group
Manchester City Council - Chorlton,Chorlton Place,2021,January,1,Wednesday,06 Jan 2021,18:00,41,49,90,41,49,90,No Group
Manchester City Council - Chorlton,Chorlton Place,2021,January,1,Wednesday,06 Jan 2021,19:00,23,25,48,23,25,48,No Group
Manchester City Council - Chorlton,Chorlton Place,2021,January,1,Wednesday,06 Jan 2021,20:00,18,18,36,18,18,36,No Group
Manchester City Council - Chorlton,Chorlton Place,2021,January,1,Wednesday,06 Jan 2021,21:00,1,7,8,1,7,8,No Group
Manchester City Council - Chorlton,Chorlton Place,2021,January,1,Wednesday,06 Jan 2021,22:00,2,4,6,2,4,6,No Group
Manchester City Council - Chorlton,Chorlton Place,2021,January,1,Wednesday,06 Jan 2021,23:00,2,1,3,2,1,3,No Group
Manchester City Council - Chorlton,Chorlton Place,2021,January,1,Thursday,07 Jan 2021,00:00,1,0,1,1,0,1,No Group
Manchester City Council - Chorlton,Chorlton Place,2021,January,1,Thursday,07 Jan 2021,01:00,1,0,1,1,0,1,No Group
Manchester City Council - Chorlton,Chorlton Place,2021,January,1,Thursday,07 Jan 2021,02:00,0,0,0,0,0,0,No Group
Manchester City Council - Chorlton,Chorlton Place,2021,January,1,Thursday,07 Jan 2021,03:00,0,1,1,0,1,1,No Group
Manchester City Council - Chorlton,Chorlton Place,2021,January,1,Thursday,07 Jan 2021,04:00,0,1,1,0,1,1,No Group
Manchester City Council - Chorlton,Chorlton Place,2021,January,1,Thursday,07 Jan 2021,05:00,0,2,2,0,2,2,No Group
Manchester City Council - Chorlton,Chorlton Place,2021,January,1,Thursday,07 Jan 2021,06:00,4,7,11,4,7,11,No Group
Manchester City Council - Chorlton,Chorlton Place,2021,January,1,Thursday,07 Jan 2021,07:00,9,19,28,9,19,28,No Group
Manchester City Council - Chorlton,Chorlton Place,2021,January,1,Thursday,07 Jan 2021,08:00,22,50,72,22,50,72,No Group
Manchester City Council - Chorlton,Chorlton Place,2021,January,1,Thursday,07 Jan 2021,09:00,37,42,79,37,42,79,No Group
Manchester City Council - Chorlton,Chorlton Place,2021,January,1,Thursday,07 Jan 2021,10:00,56,51,107,56,51,107,No Group
Manchester City Council - Chorlton,Chorlton Place,2021,January,1,Thursday,07 Jan 2021,11:00,57,64,121,57,64,121,No Group
Manchester City Council - Chorlton,Chorlton Place,2021,January,1,Thursday,07 Jan 2021,12:00,128,128,256,128,128,256,No Group
Manchester City Council - Chorlton,Chorlton Place,2021,January,1,Thursday,07 Jan 2021,13:00,106,91,197,106,91,197,No Group
Manchester City Council - Chorlton,Chorlton Place,2021,January,1,Thursday,07 Jan 2021,14:00,91,106,197,91,106,197,No Group
Manchester City Council - Chorlton,Chorlton Place,2021,January,1,Thursday,07 Jan 2021,15:00,101,93,194,101,93,194,No Group
Manchester City Council - Chorlton,Chorlton Place,2021,January,1,Thursday,07 Jan 2021,16:00,84,89,173,84,89,173,No Group
Manchester City Council - Chorlton,Chorlton Place,2021,January,1,Thursday,07 Jan 2021,17:00,62,75,137,62,75,137,No Group
Manchester City Council - Chorlton,Chorlton Place,2021,January,1,Thursday,07 Jan 2021,18:00,43,37,80,43,37,80,No Group
Manchester City Council - Chorlton,Chorlton Place,2021,January,1,Thursday,07 Jan 2021,19:00,20,31,51,20,31,51,No Group
Manchester City Council - Chorlton,Chorlton Place,2021,January,1,Thursday,07 Jan 2021,20:00,6,14,20,6,14,20,No Group
Manchester City Council - Chorlton,Chorlton Place,2021,January,1,Thursday,07 Jan 2021,21:00,4,8,12,4,8,12,No Group
Manchester City Council - Chorlton,Chorlton Place,2021,January,1,Thursday,07 Jan 2021,22:00,2,8,10,2,8,10,No Group
Manchester City Council - Chorlton,Chorlton Place,2021,January,1,Thursday,07 Jan 2021,23:00,2,5,7,2,5,7,No Group
Manchester City Council - Chorlton,Chorlton Place,2021,January,1,Friday,08 Jan 2021,00:00,3,7,10,3,7,10,No Group
Manchester City Council - Chorlton,Chorlton Place,2021,January,1,Friday,08 Jan 2021,01:00,2,1,3,2,1,3,No Group
Manchester City Council - Chorlton,Chorlton Place,2021,January,1,Friday,08 Jan 2021,02:00,2,1,3,2,1,3,No Group
Manchester City Council - Chorlton,Chorlton Place,2021,January,1,Friday,08 Jan 2021,03:00,1,1,2,1,1,2,No Group
Manchester City Council - Chorlton,Chorlton Place,2021,January,1,Friday,08 Jan 2021,04:00,3,11,14,3,11,14,No Group
Manchester City Council - Chorlton,Chorlton Place,2021,January,1,Friday,08 Jan 2021,05:00,1,2,3,1,2,3,No Group
Manchester City Council - Chorlton,Chorlton Place,2021,January,1,Friday,08 Jan 2021,06:00,4,14,18,4,14,18,No Group
Manchester City Council - Chorlton,Chorlton Place,2021,January,1,Friday,08 Jan 2021,07:00,6,28,34,6,28,34,No Group
Manchester City Council - Chorlton,Chorlton Place,2021,January,1,Friday,08 Jan 2021,08:00,27,48,75,27,48,75,No Group
Manchester City Council - Chorlton,Chorlton Place,2021,January,1,Friday,08 Jan 2021,09:00,65,74,139,65,74,139,No Group
Manchester City Council - Chorlton,Chorlton Place,2021,January,1,Friday,08 Jan 2021,10:00,91,113,204,91,113,204,No Group
Manchester City Council - Chorlton,Chorlton Place,2021,January,1,Friday,08 Jan 2021,11:00,135,150,285,135,150,285,No Group
Manchester City Council - Chorlton,Chorlton Place,2021,January,1,Friday,08 Jan 2021,12:00,139,159,298,139,159,298,No Group
Manchester City Council - Chorlton,Chorlton Place,2021,January,1,Friday,08 Jan 2021,13:00,172,162,334,172,162,334,No Group
Manchester City Council - Chorlton,Chorlton Place,2021,January,1,Friday,08 Jan 2021,14:00,132,132,264,132,132,264,No Group
Manchester City Council - Chorlton,Chorlton Place,2021,January,1,Friday,08 Jan 2021,15:00,106,106,212,106,106,212,No Group
Manchester City Council - Chorlton,Chorlton Place,2021,January,1,Friday,08 Jan 2021,16:00,71,87,158,71,87,158,No Group
Manchester City Council - Chorlton,Chorlton Place,2021,January,1,Friday,08 Jan 2021,17:00,65,79,144,65,79,144,No Group
Manchester City Council - Chorlton,Chorlton Place,2021,January,1,Friday,08 Jan 2021,18:00,51,58,109,51,58,109,No Group
Manchester City Council - Chorlton,Chorlton Place,2021,January,1,Friday,08 Jan 2021,19:00,31,27,58,31,27,58,No Group
Manchester City Council - Chorlton,Chorlton Place,2021,January,1,Friday,08 Jan 2021,20:00,15,25,40,15,25,40,No Group
Manchester City Council - Chorlton,Chorlton Place,2021,January,1,Friday,08 Jan 2021,21:00,5,7,12,5,7,12,No Group
Manchester City Council - Chorlton,Chorlton Place,2021,January,1,Friday,08 Jan 2021,22:00,5,7,12,5,7,12,No Group
Manchester City Council - Chorlton,Chorlton Place,2021,January,1,Friday,08 Jan 2021,23:00,3,2,5,3,2,5,No Group
Manchester City Council - Chorlton,Chorlton Place,2021,January,1,Saturday,09 Jan 2021,00:00,6,0,6,6,0,6,No Group
Manchester City Council - Chorlton,Chorlton Place,2021,January,1,Saturday,09 Jan 2021,01:00,0,0,0,0,0,0,No Group
Manchester City Council - Chorlton,Chorlton Place,2021,January,1,Saturday,09 Jan 2021,02:00,1,1,2,1,1,2,No Group
Manchester City Council - Chorlton,Chorlton Place,2021,January,1,Saturday,09 Jan 2021,03:00,0,0,0,0,0,0,No Group
Manchester City Council - Chorlton,Chorlton Place,2021,January,1,Saturday,09 Jan 2021,04:00,0,2,2,0,2,2,No Group
Manchester City Council - Chorlton,Chorlton Place,2021,January,1,Saturday,09 Jan 2021,05:00,0,0,0,0,0,0,No Group
Manchester City Council - Chorlton,Chorlton Place,2021,January,1,Saturday,09 Jan 2021,06:00,4,3,7,4,3,7,No Group
Manchester City Council - Chorlton,Chorlton Place,2021,January,1,Saturday,09 Jan 2021,07:00,13,13,26,13,13,26,No Group
Manchester City Council - Chorlton,Chorlton Place,2021,January,1,Saturday,09 Jan 2021,08:00,28,39,67,28,39,67,No Group
Manchester City Council - Chorlton,Chorlton Place,2021,January,1,Saturday,09 Jan 2021,09:00,64,64,128,64,64,128,No Group
Manchester City Council - Chorlton,Chorlton Place,2021,January,1,Saturday,09 Jan 2021,10:00,96,103,199,96,103,199,No Group
Manchester City Council - Chorlton,Chorlton Place,2021,January,1,Saturday,09 Jan 2021,11:00,149,143,292,149,143,292,No Group
Manchester City Council - Chorlton,Chorlton Place,2021,January,1,Saturday,09 Jan 2021,12:00,193,258,451,193,258,451,No Group
Manchester City Council - Chorlton,Chorlton Place,2021,January,1,Saturday,09 Jan 2021,13:00,169,156,325,169,156,325,No Group
Manchester City Council - Chorlton,Chorlton Place,2021,January,1,Saturday,09 Jan 2021,14:00,184,143,327,184,143,327,No Group
Manchester City Council - Chorlton,Chorlton Place,2021,January,1,Saturday,09 Jan 2021,15:00,148,181,329,148,181,329,No Group
Manchester City Council - Chorlton,Chorlton Place,2021,January,1,Saturday,09 Jan 2021,16:00,138,137,275,138,137,275,No Group
Manchester City Council - Chorlton,Chorlton Place,2021,January,1,Saturday,09 Jan 2021,17:00,32,42,74,32,42,74,No Group
Manchester City Council - Chorlton,Chorlton Place,2021,January,1,Saturday,09 Jan 2021,18:00,34,35,69,34,35,69,No Group
Manchester City Council - Chorlton,Chorlton Place,2021,January,1,Saturday,09 Jan 2021,19:00,17,29,46,17,29,46,No Group
Manchester City Council - Chorlton,Chorlton Place,2021,January,1,Saturday,09 Jan 2021,20:00,21,16,37,21,16,37,No Group
Manchester City Council - Chorlton,Chorlton Place,2021,January,1,Saturday,09 Jan 2021,21:00,4,10,14,4,10,14,No Group
Manchester City Council - Chorlton,Chorlton Place,2021,January,1,Saturday,09 Jan 2021,22:00,7,11,18,7,11,18,No Group
Manchester City Council - Chorlton,Chorlton Place,2021,January,1,Saturday,09 Jan 2021,23:00,4,3,7,4,3,7,No Group
Manchester City Council - Chorlton,Chorlton Place,2021,January,1,Sunday,10 Jan 2021,00:00,1,2,3,1,2,3,No Group
Manchester City Council - Chorlton,Chorlton Place,2021,January,1,Sunday,10 Jan 2021,01:00,0,0,0,0,0,0,No Group
Manchester City Council - Chorlton,Chorlton Place,2021,January,1,Sunday,10 Jan 2021,02:00,0,0,0,0,0,0,No Group
Manchester City Council - Chorlton,Chorlton Place,2021,January,1,Sunday,10 Jan 2021,03:00,4,2,6,4,2,6,No Group
Manchester City Council - Chorlton,Chorlton Place,2021,January,1,Sunday,10 Jan 2021,04:00,0,0,0,0,0,0,No Group
Manchester City Council - Chorlton,Chorlton Place,2021,January,1,Sunday,10 Jan 2021,05:00,0,2,2,0,2,2,No Group
Manchester City Council - Chorlton,Chorlton Place,2021,January,1,Sunday,10 Jan 2021,06:00,2,1,3,2,1,3,No Group
Manchester City Council - Chorlton,Chorlton Place,2021,January,1,Sunday,10 Jan 2021,07:00,4,7,11,4,7,11,No Group
Manchester City Council - Chorlton,Chorlton Place,2021,January,1,Sunday,10 Jan 2021,08:00,9,15,24,9,15,24,No Group
Manchester City Council - Chorlton,Chorlton Place,2021,January,1,Sunday,10 Jan 2021,09:00,17,19,36,17,19,36,No Group
Manchester City Council - Chorlton,Chorlton Place,2021,January,1,Sunday,10 Jan 2021,10:00,49,54,103,49,54,103,No Group
Manchester City Council - Chorlton,Chorlton Place,2021,January,1,Sunday,10 Jan 2021,11:00,69,76,145,69,76,145,No Group
Manchester City Council - Chorlton,Chorlton Place,2021,January,1,Sunday,10 Jan 2021,12:00,103,97,200,103,97,200,No Group
Manchester City Council - Chorlton,Chorlton Place,2021,January,1,Sunday,10 Jan 2021,13:00,80,115,195,80,115,195,No Group
Manchester City Council - Chorlton,Chorlton Place,2021,January,1,Sunday,10 Jan 2021,14:00,133,114,247,133,114,247,No Group
Manchester City Council - Chorlton,Chorlton Place,2021,January,1,Sunday,10 Jan 2021,15:00,148,108,256,148,108,256,No Group
Manchester City Council - Chorlton,Chorlton Place,2021,January,1,Sunday,10 Jan 2021,16:00,41,47,88,41,47,88,No Group
Manchester City Council - Chorlton,Chorlton Place,2021,January,1,Sunday,10 Jan 2021,17:00,17,42,59,17,42,59,No Group
Manchester City Council - Chorlton,Chorlton Place,2021,January,1,Sunday,10 Jan 2021,18:00,15,28,43,15,28,43,No Group
Manchester City Council - Chorlton,Chorlton Place,2021,January,1,Sunday,10 Jan 2021,19:00,22,28,50,22,28,50,No Group
Manchester City Council - Chorlton,Chorlton Place,2021,January,1,Sunday,10 Jan 2021,20:00,6,9,15,6,9,15,No Group
Manchester City Council - Chorlton,Chorlton Place,2021,January,1,Sunday,10 Jan 2021,21:00,2,8,10,2,8,10,No Group
Manchester City Council - Chorlton,Chorlton Place,2021,January,1,Sunday,10 Jan 2021,22:00,7,10,17,7,10,17,No Group
Manchester City Council - Chorlton,Chorlton Place,2021,January,1,Sunday,10 Jan 2021,23:00,3,4,7,3,4,7,No Group
Manchester City Council - Chorlton,Chorlton Place,2021,January,2,Monday,11 Jan 2021,00:00,2,0,2,2,0,2,No Group
Manchester City Council - Chorlton,Chorlton Place,2021,January,2,Monday,11 Jan 2021,01:00,0,1,1,0,1,1,No Group
Manchester City Council - Chorlton,Chorlton Place,2021,January,2,Monday,11 Jan 2021,02:00,0,0,0,0,0,0,No Group
Manchester City Council - Chorlton,Chorlton Place,2021,January,2,Monday,11 Jan 2021,03:00,0,1,1,0,1,1,No Group
Manchester City Council - Chorlton,Chorlton Place,2021,January,2,Monday,11 Jan 2021,04:00,4,4,8,4,4,8,No Group
Manchester City Council - Chorlton,Chorlton Place,2021,January,2,Monday,11 Jan 2021,05:00,0,2,2,0,2,2,No Group
Manchester City Council - Chorlton,Chorlton Place,2021,January,2,Monday,11 Jan 2021,06:00,5,10,15,5,10,15,No Group
Manchester City Council - Chorlton,Chorlton Place,2021,January,2,Monday,11 Jan 2021,07:00,8,25,33,8,25,33,No Group
Manchester City Council - Chorlton,Chorlton Place,2021,January,2,Monday,11 Jan 2021,08:00,25,43,68,25,43,68,No Group
Manchester City Council - Chorlton,Chorlton Place,2021,January,2,Monday,11 Jan 2021,09:00,50,77,127,50,77,127,No Group
Manchester City Council - Chorlton,Chorlton Place,2021,January,2,Monday,11 Jan 2021,10:00,74,56,130,74,56,130,No Group
Manchester City Council - Chorlton,Chorlton Place,2021,January,2,Monday,11 Jan 2021,11:00,88,91,179,88,91,179,No Group
Manchester City Council - Chorlton,Chorlton Place,2021,January,2,Monday,11 Jan 2021,12:00,73,88,161,73,88,161,No Group
Manchester City Council - Chorlton,Chorlton Place,2021,January,2,Monday,11 Jan 2021,13:00,90,118,208,90,118,208,No Group
Manchester City Council - Chorlton,Chorlton Place,2021,January,2,Monday,11 Jan 2021,14:00,94,94,188,94,94,188,No Group
Manchester City Council - Chorlton,Chorlton Place,2021,January,2,Monday,11 Jan 2021,15:00,85,84,169,85,84,169,No Group
Manchester City Council - Chorlton,Chorlton Place,2021,January,2,Monday,11 Jan 2021,16:00,56,84,140,56,84,140,No Group
Manchester City Council - Chorlton,Chorlton Place,2021,January,2,Monday,11 Jan 2021,17:00,30,47,77,30,47,77,No Group
Manchester City Council - Chorlton,Chorlton Place,2021,January,2,Monday,11 Jan 2021,18:00,23,24,47,23,24,47,No Group
Manchester City Council - Chorlton,Chorlton Place,2021,January,2,Monday,11 Jan 2021,19:00,32,43,75,32,43,75,No Group
Manchester City Council - Chorlton,Chorlton Place,2021,January,2,Monday,11 Jan 2021,20:00,10,10,20,10,10,20,No Group
Manchester City Council - Chorlton,Chorlton Place,2021,January,2,Monday,11 Jan 2021,21:00,3,8,11,3,8,11,No Group
Manchester City Council - Chorlton,Chorlton Place,2021,January,2,Monday,11 Jan 2021,22:00,3,4,7,3,4,7,No Group
Manchester City Council - Chorlton,Chorlton Place,2021,January,2,Monday,11 Jan 2021,23:00,2,1,3,2,1,3,No Group
Manchester City Council - Chorlton,Chorlton Place,2021,January,2,Tuesday,12 Jan 2021,00:00,1,2,3,1,2,3,No Group
Manchester City Council - Chorlton,Chorlton Place,2021,January,2,Tuesday,12 Jan 2021,01:00,0,1,1,0,1,1,No Group
Manchester City Council - Chorlton,Chorlton Place,2021,January,2,Tuesday,12 Jan 2021,02:00,0,1,1,0,1,1,No Group
Manchester City Council - Chorlton,Chorlton Place,2021,January,2,Tuesday,12 Jan 2021,03:00,4,2,6,4,2,6,No Group
Manchester City Council - Chorlton,Chorlton Place,2021,January,2,Tuesday,12 Jan 2021,04:00,0,1,1,0,1,1,No Group
Manchester City Council - Chorlton,Chorlton Place,2021,January,2,Tuesday,12 Jan 2021,05:00,1,4,5,1,4,5,No Group
Manchester City Council - Chorlton,Chorlton Place,2021,January,2,Tuesday,12 Jan 2021,06:00,9,13,22,9,13,22,No Group
Manchester City Council - Chorlton,Chorlton Place,2021,January,2,Tuesday,12 Jan 2021,07:00,11,28,39,11,28,39,No Group
Manchester City Council - Chorlton,Chorlton Place,2021,January,2,Tuesday,12 Jan 2021,08:00,29,44,73,29,44,73,No Group
Manchester City Council - Chorlton,Chorlton Place,2021,January,2,Tuesday,12 Jan 2021,09:00,39,75,114,39,75,114,No Group
Manchester City Council - Chorlton,Chorlton Place,2021,January,2,Tuesday,12 Jan 2021,10:00,110,130,240,110,130,240,No Group
Manchester City Council - Chorlton,Chorlton Place,2021,January,2,Tuesday,12 Jan 2021,11:00,180,194,374,180,194,374,No Group
Manchester City Council - Chorlton,Chorlton Place,2021,January,2,Tuesday,12 Jan 2021,12:00,129,277,406,129,277,406,No Group
Manchester City Council - Chorlton,Chorlton Place,2021,January,2,Tuesday,12 Jan 2021,13:00,92,92,184,92,92,184,No Group
Manchester City Council - Chorlton,Chorlton Place,2021,January,2,Tuesday,12 Jan 2021,14:00,107,102,209,107,102,209,No Group
Manchester City Council - Chorlton,Chorlton Place,2021,January,2,Tuesday,12 Jan 2021,15:00,107,106,213,107,106,213,No Group
Manchester City Council - Chorlton,Chorlton Place,2021,January,2,Tuesday,12 Jan 2021,16:00,72,89,161,72,89,161,No Group
Manchester City Council - Chorlton,Chorlton Place,2021,January,2,Tuesday,12 Jan 2021,17:00,73,60,133,73,60,133,No Group
Manchester City Council - Chorlton,Chorlton Place,2021,January,2,Tuesday,12 Jan 2021,18:00,53,51,104,53,51,104,No Group
Manchester City Council - Chorlton,Chorlton Place,2021,January,2,Tuesday,12 Jan 2021,19:00,21,23,44,21,23,44,No Group
Manchester City Council - Chorlton,Chorlton Place,2021,January,2,Tuesday,12 Jan 2021,20:00,17,15,32,17,15,32,No Group
Manchester City Council - Chorlton,Chorlton Place,2021,January,2,Tuesday,12 Jan 2021,21:00,9,8,17,9,8,17,No Group
Manchester City Council - Chorlton,Chorlton Place,2021,January,2,Tuesday,12 Jan 2021,22:00,6,8,14,6,8,14,No Group
Manchester City Council - Chorlton,Chorlton Place,2021,January,2,Tuesday,12 Jan 2021,23:00,1,0,1,1,0,1,No Group
Manchester City Council - Chorlton,Chorlton Place,2021,January,2,Wednesday,13 Jan 2021,00:00,0,2,2,0,2,2,No Group
Manchester City Council - Chorlton,Chorlton Place,2021,January,2,Wednesday,13 Jan 2021,01:00,0,2,2,0,2,2,No Group
Manchester City Council - Chorlton,Chorlton Place,2021,January,2,Wednesday,13 Jan 2021,02:00,1,0,1,1,0,1,No Group
Manchester City Council - Chorlton,Chorlton Place,2021,January,2,Wednesday,13 Jan 2021,03:00,0,0,0,0,0,0,No Group
Manchester City Council - Chorlton,Chorlton Place,2021,January,2,Wednesday,13 Jan 2021,04:00,0,0,0,0,0,0,No Group
Manchester City Council - Chorlton,Chorlton Place,2021,January,2,Wednesday,13 Jan 2021,05:00,0,1,1,0,1,1,No Group
Manchester City Council - Chorlton,Chorlton Place,2021,January,2,Wednesday,13 Jan 2021,06:00,6,15,21,6,15,21,No Group
Manchester City Council - Chorlton,Chorlton Place,2021,January,2,Wednesday,13 Jan 2021,07:00,2,10,12,2,10,12,No Group
Manchester City Council - Chorlton,Chorlton Place,2021,January,2,Wednesday,13 Jan 2021,08:00,31,48,79,31,48,79,No Group
Manchester City Council - Chorlton,Chorlton Place,2021,January,2,Wednesday,13 Jan 2021,09:00,64,87,151,64,87,151,No Group
Manchester City Council - Chorlton,Chorlton Place,2021,January,2,Wednesday,13 Jan 2021,10:00,56,78,134,56,78,134,No Group
Manchester City Council - Chorlton,Chorlton Place,2021,January,2,Wednesday,13 Jan 2021,11:00,73,70,143,73,70,143,No Group
Manchester City Council - Chorlton,Chorlton Place,2021,January,2,Wednesday,13 Jan 2021,12:00,105,128,233,105,128,233,No Group
Manchester City Council - Chorlton,Chorlton Place,2021,January,2,Wednesday,13 Jan 2021,13:00,110,124,234,110,124,234,No Group
Manchester City Council - Chorlton,Chorlton Place,2021,January,2,Wednesday,13 Jan 2021,14:00,87,106,193,87,106,193,No Group
Manchester City Council - Chorlton,Chorlton Place,2021,January,2,Wednesday,13 Jan 2021,15:00,102,81,183,102,81,183,No Group
Manchester City Council - Chorlton,Chorlton Place,2021,January,2,Wednesday,13 Jan 2021,16:00,59,61,120,59,61,120,No Group
Manchester City Council - Chorlton,Chorlton Place,2021,January,2,Wednesday,13 Jan 2021,17:00,41,47,88,41,47,88,No Group
Manchester City Council - Chorlton,Chorlton Place,2021,January,2,Wednesday,13 Jan 2021,18:00,41,35,76,41,35,76,No Group
Manchester City Council - Chorlton,Chorlton Place,2021,January,2,Wednesday,13 Jan 2021,19:00,23,26,49,23,26,49,No Group
Manchester City Council - Chorlton,Chorlton Place,2021,January,2,Wednesday,13 Jan 2021,20:00,12,10,22,12,10,22,No Group
Manchester City Council - Chorlton,Chorlton Place,2021,January,2,Wednesday,13 Jan 2021,21:00,7,6,13,7,6,13,No Group
Manchester City Council - Chorlton,Chorlton Place,2021,January,2,Wednesday,13 Jan 2021,22:00,5,7,12,5,7,12,No Group
Manchester City Council - Chorlton,Chorlton Place,2021,January,2,Wednesday,13 Jan 2021,23:00,3,6,9,3,6,9,No Group
Manchester City Council - Chorlton,Chorlton Place,2021,January,2,Thursday,14 Jan 2021,00:00,1,1,2,1,1,2,No Group
Manchester City Council - Chorlton,Chorlton Place,2021,January,2,Thursday,14 Jan 2021,01:00,0,0,0,0,0,0,No Group
Manchester City Council - Chorlton,Chorlton Place,2021,January,2,Thursday,14 Jan 2021,02:00,1,1,2,1,1,2,No Group
Manchester City Council - Chorlton,Chorlton Place,2021,January,2,Thursday,14 Jan 2021,03:00,0,1,1,0,1,1,No Group
Manchester City Council - Chorlton,Chorlton Place,2021,January,2,Thursday,14 Jan 2021,04:00,0,0,0,0,0,0,No Group
Manchester City Council - Chorlton,Chorlton Place,2021,January,2,Thursday,14 Jan 2021,05:00,0,4,4,0,4,4,No Group
Manchester City Council - Chorlton,Chorlton Place,2021,January,2,Thursday,14 Jan 2021,06:00,3,6,9,3,6,9,No Group
Manchester City Council - Chorlton,Chorlton Place,2021,January,2,Thursday,14 Jan 2021,07:00,5,16,21,5,16,21,No Group
Manchester City Council - Chorlton,Chorlton Place,2021,January,2,Thursday,14 Jan 2021,08:00,31,57,88,31,57,88,No Group
Manchester City Council - Chorlton,Chorlton Place,2021,January,2,Thursday,14 Jan 2021,09:00,57,78,135,57,78,135,No Group
Manchester City Council - Chorlton,Chorlton Place,2021,January,2,Thursday,14 Jan 2021,10:00,79,75,154,79,75,154,No Group
Manchester City Council - Chorlton,Chorlton Place,2021,January,2,Thursday,14 Jan 2021,11:00,72,90,162,72,90,162,No Group
Manchester City Council - Chorlton,Chorlton Place,2021,January,2,Thursday,14 Jan 2021,12:00,128,132,260,128,132,260,No Group
Manchester City Council - Chorlton,Chorlton Place,2021,January,2,Thursday,14 Jan 2021,13:00,116,127,243,116,127,243,No Group
Manchester City Council - Chorlton,Chorlton Place,2021,January,2,Thursday,14 Jan 2021,14:00,120,121,241,120,121,241,No Group
Manchester City Council - Chorlton,Chorlton Place,2021,January,2,Thursday,14 Jan 2021,15:00,123,108,231,123,108,231,No Group
Manchester City Council - Chorlton,Chorlton Place,2021,January,2,Thursday,14 Jan 2021,16:00,81,82,163,81,82,163,No Group
Manchester City Council - Chorlton,Chorlton Place,2021,January,2,Thursday,14 Jan 2021,17:00,50,46,96,50,46,96,No Group
Manchester City Council - Chorlton,Chorlton Place,2021,January,2,Thursday,14 Jan 2021,18:00,42,47,89,42,47,89,No Group
Manchester City Council - Chorlton,Chorlton Place,2021,January,2,Thursday,14 Jan 2021,19:00,28,21,49,28,21,49,No Group
Manchester City Council - Chorlton,Chorlton Place,2021,January,2,Thursday,14 Jan 2021,20:00,11,14,25,11,14,25,No Group
Manchester City Council - Chorlton,Chorlton Place,2021,January,2,Thursday,14 Jan 2021,21:00,8,15,23,8,15,23,No Group
Manchester City Council - Chorlton,Chorlton Place,2021,January,2,Thursday,14 Jan 2021,22:00,7,3,10,7,3,10,No Group
Manchester City Council - Chorlton,Chorlton Place,2021,January,2,Thursday,14 Jan 2021,23:00,4,1,5,4,1,5,No Group
Manchester City Council - Chorlton,Chorlton Place,2021,January,2,Friday,15 Jan 2021,00:00,2,0,2,2,0,2,No Group
Manchester City Council - Chorlton,Chorlton Place,2021,January,2,Friday,15 Jan 2021,01:00,1,3,4,1,3,4,No Group
Manchester City Council - Chorlton,Chorlton Place,2021,January,2,Friday,15 Jan 2021,02:00,1,1,2,1,1,2,No Group
Manchester City Council - Chorlton,Chorlton Place,2021,January,2,Friday,15 Jan 2021,03:00,0,1,1,0,1,1,No Group
Manchester City Council - Chorlton,Chorlton Place,2021,January,2,Friday,15 Jan 2021,04:00,2,1,3,2,1,3,No Group
Manchester City Council - Chorlton,Chorlton Place,2021,January,2,Friday,15 Jan 2021,05:00,0,3,3,0,3,3,No Group
Manchester City Council - Chorlton,Chorlton Place,2021,January,2,Friday,15 Jan 2021,06:00,6,8,14,6,8,14,No Group
Manchester City Council - Chorlton,Chorlton Place,2021,January,2,Friday,15 Jan 2021,07:00,5,20,25,5,20,25,No Group
Manchester City Council - Chorlton,Chorlton Place,2021,January,2,Friday,15 Jan 2021,08:00,31,46,77,31,46,77,No Group
Manchester City Council - Chorlton,Chorlton Place,2021,January,2,Friday,15 Jan 2021,09:00,62,65,127,62,65,127,No Group
Manchester City Council - Chorlton,Chorlton Place,2021,January,2,Friday,15 Jan 2021,10:00,83,78,161,83,78,161,No Group
Manchester City Council - Chorlton,Chorlton Place,2021,January,2,Friday,15 Jan 2021,11:00,106,104,210,106,104,210,No Group
Manchester City Council - Chorlton,Chorlton Place,2021,January,2,Friday,15 Jan 2021,12:00,106,125,231,106,125,231,No Group
Manchester City Council - Chorlton,Chorlton Place,2021,January,2,Friday,15 Jan 2021,13:00,123,130,253,123,130,253,No Group
Manchester City Council - Chorlton,Chorlton Place,2021,January,2,Friday,15 Jan 2021,14:00,145,133,278,145,133,278,No Group
Manchester City Council - Chorlton,Chorlton Place,2021,January,2,Friday,15 Jan 2021,15:00,119,126,245,119,126,245,No Group
Manchester City Council - Chorlton,Chorlton Place,2021,January,2,Friday,15 Jan 2021,16:00,94,101,195,94,101,195,No Group
Manchester City Council - Chorlton,Chorlton Place,2021,January,2,Friday,15 Jan 2021,17:00,54,69,123,54,69,123,No Group
Manchester City Council - Chorlton,Chorlton Place,2021,January,2,Friday,15 Jan 2021,18:00,47,52,99,47,52,99,No Group
Manchester City Council - Chorlton,Chorlton Place,2021,January,2,Friday,15 Jan 2021,19:00,26,23,49,26,23,49,No Group
Manchester City Council - Chorlton,Chorlton Place,2021,January,2,Friday,15 Jan 2021,20:00,13,21,34,13,21,34,No Group
Manchester City Council - Chorlton,Chorlton Place,2021,January,2,Friday,15 Jan 2021,21:00,4,10,14,4,10,14,No Group
Manchester City Council - Chorlton,Chorlton Place,2021,January,2,Friday,15 Jan 2021,22:00,5,6,11,5,6,11,No Group
Manchester City Council - Chorlton,Chorlton Place,2021,January,2,Friday,15 Jan 2021,23:00,9,5,14,9,5,14,No Group
Manchester City Council - Chorlton,Chorlton Place,2021,January,2,Saturday,16 Jan 2021,00:00,4,1,5,4,1,5,No Group
Manchester City Council - Chorlton,Chorlton Place,2021,January,2,Saturday,16 Jan 2021,01:00,0,0,0,0,0,0,No Group
Manchester City Council - Chorlton,Chorlton Place,2021,January,2,Saturday,16 Jan 2021,02:00,11,5,16,11,5,16,No Group
Manchester City Council - Chorlton,Chorlton Place,2021,January,2,Saturday,16 Jan 2021,03:00,4,4,8,4,4,8,No Group
Manchester City Council - Chorlton,Chorlton Place,2021,January,2,Saturday,16 Jan 2021,04:00,0,1,1,0,1,1,No Group
Manchester City Council - Chorlton,Chorlton Place,2021,January,2,Saturday,16 Jan 2021,05:00,11,7,18,11,7,18,No Group
Manchester City Council - Chorlton,Chorlton Place,2021,January,2,Saturday,16 Jan 2021,06:00,3,2,5,3,2,5,No Group
Manchester City Council - Chorlton,Chorlton Place,2021,January,2,Saturday,16 Jan 2021,07:00,18,15,33,18,15,33,No Group
Manchester City Council - Chorlton,Chorlton Place,2021,January,2,Saturday,16 Jan 2021,08:00,34,37,71,34,37,71,No Group
Manchester City Council - Chorlton,Chorlton Place,2021,January,2,Saturday,16 Jan 2021,09:00,74,68,142,74,68,142,No Group
Manchester City Council - Chorlton,Chorlton Place,2021,January,2,Saturday,16 Jan 2021,10:00,124,121,245,124,121,245,No Group
Manchester City Council - Chorlton,Chorlton Place,2021,January,2,Saturday,16 Jan 2021,11:00,153,159,312,153,159,312,No Group
Manchester City Council - Chorlton,Chorlton Place,2021,January,2,Saturday,16 Jan 2021,12:00,216,226,442,216,226,442,No Group
Manchester City Council - Chorlton,Chorlton Place,2021,January,2,Saturday,16 Jan 2021,13:00,170,160,330,170,160,330,No Group
Manchester City Council - Chorlton,Chorlton Place,2021,January,2,Saturday,16 Jan 2021,14:00,195,160,355,195,160,355,No Group
Manchester City Council - Chorlton,Chorlton Place,2021,January,2,Saturday,16 Jan 2021,15:00,193,206,399,193,206,399,No Group
Manchester City Council - Chorlton,Chorlton Place,2021,January,2,Saturday,16 Jan 2021,16:00,112,140,252,112,140,252,No Group
Manchester City Council - Chorlton,Chorlton Place,2021,January,2,Saturday,16 Jan 2021,17:00,63,50,113,63,50,113,No Group
Manchester City Council - Chorlton,Chorlton Place,2021,January,2,Saturday,16 Jan 2021,18:00,30,34,64,30,34,64,No Group
Manchester City Council - Chorlton,Chorlton Place,2021,January,2,Saturday,16 Jan 2021,19:00,24,22,46,24,22,46,No Group
Manchester City Council - Chorlton,Chorlton Place,2021,January,2,Saturday,16 Jan 2021,20:00,15,15,30,15,15,30,No Group
Manchester City Council - Chorlton,Chorlton Place,2021,January,2,Saturday,16 Jan 2021,21:00,8,13,21,8,13,21,No Group
Manchester City Council - Chorlton,Chorlton Place,2021,January,2,Saturday,16 Jan 2021,22:00,3,5,8,3,5,8,No Group
Manchester City Council - Chorlton,Chorlton Place,2021,January,2,Saturday,16 Jan 2021,23:00,6,7,13,6,7,13,No Group
Manchester City Council - Chorlton,Chorlton Place,2021,January,2,Sunday,17 Jan 2021,00:00,2,4,6,2,4,6,No Group
Manchester City Council - Chorlton,Chorlton Place,2021,January,2,Sunday,17 Jan 2021,01:00,1,2,3,1,2,3,No Group
Manchester City Council - Chorlton,Chorlton Place,2021,January,2,Sunday,17 Jan 2021,02:00,0,0,0,0,0,0,No Group
Manchester City Council - Chorlton,Chorlton Place,2021,January,2,Sunday,17 Jan 2021,03:00,0,1,1,0,1,1,No Group
Manchester City Council - Chorlton,Chorlton Place,2021,January,2,Sunday,17 Jan 2021,04:00,0,2,2,0,2,2,No Group
Manchester City Council - Chorlton,Chorlton Place,2021,January,2,Sunday,17 Jan 2021,05:00,0,0,0,0,0,0,No Group
Manchester City Council - Chorlton,Chorlton Place,2021,January,2,Sunday,17 Jan 2021,06:00,1,1,2,1,1,2,No Group
Manchester City Council - Chorlton,Chorlton Place,2021,January,2,Sunday,17 Jan 2021,07:00,3,7,10,3,7,10,No Group
Manchester City Council - Chorlton,Chorlton Place,2021,January,2,Sunday,17 Jan 2021,08:00,16,22,38,16,22,38,No Group
Manchester City Council - Chorlton,Chorlton Place,2021,January,2,Sunday,17 Jan 2021,09:00,17,26,43,17,26,43,No Group
Manchester City Council - Chorlton,Chorlton Place,2021,January,2,Sunday,17 Jan 2021,10:00,63,83,146,63,83,146,No Group
Manchester City Council - Chorlton,Chorlton Place,2021,January,2,Sunday,17 Jan 2021,11:00,88,117,205,88,117,205,No Group
Manchester City Council - Chorlton,Chorlton Place,2021,January,2,Sunday,17 Jan 2021,12:00,95,86,181,95,86,181,No Group
Manchester City Council - Chorlton,Chorlton Place,2021,January,2,Sunday,17 Jan 2021,13:00,93,112,205,93,112,205,No Group
Manchester City Council - Chorlton,Chorlton Place,2021,January,2,Sunday,17 Jan 2021,14:00,124,146,270,124,146,270,No Group
Manchester City Council - Chorlton,Chorlton Place,2021,January,2,Sunday,17 Jan 2021,15:00,99,91,190,99,91,190,No Group
Manchester City Council - Chorlton,Chorlton Place,2021,January,2,Sunday,17 Jan 2021,16:00,37,77,114,37,77,114,No Group
Manchester City Council - Chorlton,Chorlton Place,2021,January,2,Sunday,17 Jan 2021,17:00,12,35,47,12,35,47,No Group
Manchester City Council - Chorlton,Chorlton Place,2021,January,2,Sunday,17 Jan 2021,18:00,12,13,25,12,13,25,No Group
Manchester City Council - Chorlton,Chorlton Place,2021,January,2,Sunday,17 Jan 2021,19:00,15,19,34,15,19,34,No Group
Manchester City Council - Chorlton,Chorlton Place,2021,January,2,Sunday,17 Jan 2021,20:00,5,10,15,5,10,15,No Group
Manchester City Council - Chorlton,Chorlton Place,2021,January,2,Sunday,17 Jan 2021,21:00,4,7,11,4,7,11,No Group
Manchester City Council - Chorlton,Chorlton Place,2021,January,2,Sunday,17 Jan 2021,22:00,4,4,8,4,4,8,No Group
Manchester City Council - Chorlton,Chorlton Place,2021,January,2,Sunday,17 Jan 2021,23:00,2,3,5,2,3,5,No Group
Manchester City Council - Chorlton,Chorlton Place,2021,January,3,Monday,18 Jan 2021,00:00,2,4,6,2,4,6,No Group
Manchester City Council - Chorlton,Chorlton Place,2021,January,3,Monday,18 Jan 2021,01:00,0,0,0,0,0,0,No Group
Manchester City Council - Chorlton,Chorlton Place,2021,January,3,Monday,18 Jan 2021,02:00,0,0,0,0,0,0,No Group
Manchester City Council - Chorlton,Chorlton Place,2021,January,3,Monday,18 Jan 2021,03:00,0,0,0,0,0,0,No Group
Manchester City Council - Chorlton,Chorlton Place,2021,January,3,Monday,18 Jan 2021,04:00,2,3,5,2,3,5,No Group
Manchester City Council - Chorlton,Chorlton Place,2021,January,3,Monday,18 Jan 2021,05:00,1,3,4,1,3,4,No Group
Manchester City Council - Chorlton,Chorlton Place,2021,January,3,Monday,18 Jan 2021,06:00,10,15,25,10,15,25,No Group
Manchester City Council - Chorlton,Chorlton Place,2021,January,3,Monday,18 Jan 2021,07:00,8,30,38,8,30,38,No Group
Manchester City Council - Chorlton,Chorlton Place,2021,January,3,Monday,18 Jan 2021,08:00,33,50,83,33,50,83,No Group
Manchester City Council - Chorlton,Chorlton Place,2021,January,3,Monday,18 Jan 2021,09:00,43,58,101,43,58,101,No Group
Manchester City Council - Chorlton,Chorlton Place,2021,January,3,Monday,18 Jan 2021,10:00,90,70,160,90,70,160,No Group
Manchester City Council - Chorlton,Chorlton Place,2021,January,3,Monday,18 Jan 2021,11:00,76,78,154,76,78,154,No Group
Manchester City Council - Chorlton,Chorlton Place,2021,January,3,Monday,18 Jan 2021,12:00,108,96,204,108,96,204,No Group
Manchester City Council - Chorlton,Chorlton Place,2021,January,3,Monday,18 Jan 2021,13:00,117,118,235,117,118,235,No Group
Manchester City Council - Chorlton,Chorlton Place,2021,January,3,Monday,18 Jan 2021,14:00,115,113,228,115,113,228,No Group
Manchester City Council - Chorlton,Chorlton Place,2021,January,3,Monday,18 Jan 2021,15:00,87,96,183,87,96,183,No Group
Manchester City Council - Chorlton,Chorlton Place,2021,January,3,Monday,18 Jan 2021,16:00,69,62,131,69,62,131,No Group
Manchester City Council - Chorlton,Chorlton Place,2021,January,3,Monday,18 Jan 2021,17:00,45,41,86,45,41,86,No Group
Manchester City Council - Chorlton,Chorlton Place,2021,January,3,Monday,18 Jan 2021,18:00,28,30,58,28,30,58,No Group
Manchester City Council - Chorlton,Chorlton Place,2021,January,3,Monday,18 Jan 2021,19:00,29,32,61,29,32,61,No Group
Manchester City Council - Chorlton,Chorlton Place,2021,January,3,Monday,18 Jan 2021,20:00,16,13,29,16,13,29,No Group
Manchester City Council - Chorlton,Chorlton Place,2021,January,3,Monday,18 Jan 2021,21:00,9,19,28,9,19,28,No Group
Manchester City Council - Chorlton,Chorlton Place,2021,January,3,Monday,18 Jan 2021,22:00,5,4,9,5,4,9,No Group
Manchester City Council - Chorlton,Chorlton Place,2021,January,3,Monday,18 Jan 2021,23:00,3,3,6,3,3,6,No Group
Manchester City Council - Chorlton,Chorlton Place,2021,January,3,Tuesday,19 Jan 2021,00:00,2,0,2,2,0,2,No Group
Manchester City Council - Chorlton,Chorlton Place,2021,January,3,Tuesday,19 Jan 2021,01:00,0,1,1,0,1,1,No Group
Manchester City Council - Chorlton,Chorlton Place,2021,January,3,Tuesday,19 Jan 2021,02:00,0,1,1,0,1,1,No Group
Manchester City Council - Chorlton,Chorlton Place,2021,January,3,Tuesday,19 Jan 2021,03:00,1,2,3,1,2,3,No Group
Manchester City Council - Chorlton,Chorlton Place,2021,January,3,Tuesday,19 Jan 2021,04:00,0,0,0,0,0,0,No Group
Manchester City Council - Chorlton,Chorlton Place,2021,January,3,Tuesday,19 Jan 2021,05:00,1,3,4,1,3,4,No Group
Manchester City Council - Chorlton,Chorlton Place,2021,January,3,Tuesday,19 Jan 2021,06:00,5,16,21,5,16,21,No Group
Manchester City Council - Chorlton,Chorlton Place,2021,January,3,Tuesday,19 Jan 2021,07:00,6,30,36,6,30,36,No Group
Manchester City Council - Chorlton,Chorlton Place,2021,January,3,Tuesday,19 Jan 2021,08:00,21,43,64,21,43,64,No Group
Manchester City Council - Chorlton,Chorlton Place,2021,January,3,Tuesday,19 Jan 2021,09:00,44,56,100,44,56,100,No Group
Manchester City Council - Chorlton,Chorlton Place,2021,January,3,Tuesday,19 Jan 2021,10:00,80,81,161,80,81,161,No Group
Manchester City Council - Chorlton,Chorlton Place,2021,January,3,Tuesday,19 Jan 2021,11:00,87,87,174,87,87,174,No Group
Manchester City Council - Chorlton,Chorlton Place,2021,January,3,Tuesday,19 Jan 2021,12:00,111,126,237,111,126,237,No Group
Manchester City Council - Chorlton,Chorlton Place,2021,January,3,Tuesday,19 Jan 2021,13:00,135,145,280,135,145,280,No Group
Manchester City Council - Chorlton,Chorlton Place,2021,January,3,Tuesday,19 Jan 2021,14:00,166,143,309,166,143,309,No Group
Manchester City Council - Chorlton,Chorlton Place,2021,January,3,Tuesday,19 Jan 2021,15:00,99,88,187,99,88,187,No Group
Manchester City Council - Chorlton,Chorlton Place,2021,January,3,Tuesday,19 Jan 2021,16:00,74,47,121,74,47,121,No Group
Manchester City Council - Chorlton,Chorlton Place,2021,January,3,Tuesday,19 Jan 2021,17:00,59,59,118,59,59,118,No Group
Manchester City Council - Chorlton,Chorlton Place,2021,January,3,Tuesday,19 Jan 2021,18:00,47,51,98,47,51,98,No Group
Manchester City Council - Chorlton,Chorlton Place,2021,January,3,Tuesday,19 Jan 2021,19:00,8,19,27,8,19,27,No Group
Manchester City Council - Chorlton,Chorlton Place,2021,January,3,Tuesday,19 Jan 2021,20:00,16,25,41,16,25,41,No Group
Manchester City Council - Chorlton,Chorlton Place,2021,January,3,Tuesday,19 Jan 2021,21:00,8,22,30,8,22,30,No Group
Manchester City Council - Chorlton,Chorlton Place,2021,January,3,Tuesday,19 Jan 2021,22:00,6,14,20,6,14,20,No Group
Manchester City Council - Chorlton,Chorlton Place,2021,January,3,Tuesday,19 Jan 2021,23:00,4,8,12,4,8,12,No Group
Manchester City Council - Chorlton,Chorlton Place,2021,January,3,Wednesday,20 Jan 2021,00:00,0,3,3,0,3,3,No Group
Manchester City Council - Chorlton,Chorlton Place,2021,January,3,Wednesday,20 Jan 2021,01:00,0,0,0,0,0,0,No Group
Manchester City Council - Chorlton,Chorlton Place,2021,January,3,Wednesday,20 Jan 2021,02:00,0,0,0,0,0,0,No Group
Manchester City Council - Chorlton,Chorlton Place,2021,January,3,Wednesday,20 Jan 2021,03:00,0,0,0,0,0,0,No Group
Manchester City Council - Chorlton,Chorlton Place,2021,January,3,Wednesday,20 Jan 2021,04:00,0,2,2,0,2,2,No Group
Manchester City Council - Chorlton,Chorlton Place,2021,January,3,Wednesday,20 Jan 2021,05:00,0,3,3,0,3,3,No Group
Manchester City Council - Chorlton,Chorlton Place,2021,January,3,Wednesday,20 Jan 2021,06:00,8,21,29,8,21,29,No Group
Manchester City Council - Chorlton,Chorlton Place,2021,January,3,Wednesday,20 Jan 2021,07:00,10,34,44,10,34,44,No Group
Manchester City Council - Chorlton,Chorlton Place,2021,January,3,Wednesday,20 Jan 2021,08:00,32,60,92,32,60,92,No Group
Manchester City Council - Chorlton,Chorlton Place,2021,January,3,Wednesday,20 Jan 2021,09:00,56,72,128,56,72,128,No Group
Manchester City Council - Chorlton,Chorlton Place,2021,January,3,Wednesday,20 Jan 2021,10:00,67,73,140,67,73,140,No Group
Manchester City Council - Chorlton,Chorlton Place,2021,January,3,Wednesday,20 Jan 2021,11:00,99,118,217,99,118,217,No Group
Manchester City Council - Chorlton,Chorlton Place,2021,January,3,Wednesday,20 Jan 2021,12:00,102,131,233,102,131,233,No Group
Manchester City Council - Chorlton,Chorlton Place,2021,January,3,Wednesday,20 Jan 2021,13:00,100,87,187,100,87,187,No Group
Manchester City Council - Chorlton,Chorlton Place,2021,January,3,Wednesday,20 Jan 2021,14:00,95,123,218,95,123,218,No Group
Manchester City Council - Chorlton,Chorlton Place,2021,January,3,Wednesday,20 Jan 2021,15:00,49,55,104,49,55,104,No Group
Manchester City Council - Chorlton,Chorlton Place,2021,January,3,Wednesday,20 Jan 2021,16:00,44,46,90,44,46,90,No Group
Manchester City Council - Chorlton,Chorlton Place,2021,January,3,Wednesday,20 Jan 2021,17:00,25,27,52,25,27,52,No Group
Manchester City Council - Chorlton,Chorlton Place,2021,January,3,Wednesday,20 Jan 2021,18:00,16,17,33,16,17,33,No Group
Manchester City Council - Chorlton,Chorlton Place,2021,January,3,Wednesday,20 Jan 2021,19:00,9,7,16,9,7,16,No Group
Manchester City Council - Chorlton,Chorlton Place,2021,January,3,Wednesday,20 Jan 2021,20:00,4,3,7,4,3,7,No Group
Manchester City Council - Chorlton,Chorlton Place,2021,January,3,Wednesday,20 Jan 2021,21:00,4,8,12,4,8,12,No Group
Manchester City Council - Chorlton,Chorlton Place,2021,January,3,Wednesday,20 Jan 2021,22:00,4,6,10,4,6,10,No Group
Manchester City Council - Chorlton,Chorlton Place,2021,January,3,Wednesday,20 Jan 2021,23:00,2,4,6,2,4,6,No Group
Manchester City Council - Chorlton,Chorlton Place,2021,January,3,Thursday,21 Jan 2021,00:00,1,0,1,1,0,1,No Group
Manchester City Council - Chorlton,Chorlton Place,2021,January,3,Thursday,21 Jan 2021,01:00,0,0,0,0,0,0,No Group
Manchester City Council - Chorlton,Chorlton Place,2021,January,3,Thursday,21 Jan 2021,02:00,0,0,0,0,0,0,No Group
Manchester City Council - Chorlton,Chorlton Place,2021,January,3,Thursday,21 Jan 2021,03:00,0,0,0,0,0,0,No Group
Manchester City Council - Chorlton,Chorlton Place,2021,January,3,Thursday,21 Jan 2021,04:00,0,0,0,0,0,0,No Group
Manchester City Council - Chorlton,Chorlton Place,2021,January,3,Thursday,21 Jan 2021,05:00,1,2,3,1,2,3,No Group
Manchester City Council - Chorlton,Chorlton Place,2021,January,3,Thursday,21 Jan 2021,06:00,5,5,10,5,5,10,No Group
Manchester City Council - Chorlton,Chorlton Place,2021,January,3,Thursday,21 Jan 2021,07:00,9,16,25,9,16,25,No Group
Manchester City Council - Chorlton,Chorlton Place,2021,January,3,Thursday,21 Jan 2021,08:00,31,55,86,31,55,86,No Group
Manchester City Council - Chorlton,Chorlton Place,2021,January,3,Thursday,21 Jan 2021,09:00,46,60,106,46,60,106,No Group
Manchester City Council - Chorlton,Chorlton Place,2021,January,3,Thursday,21 Jan 2021,10:00,81,79,160,81,79,160,No Group
Manchester City Council - Chorlton,Chorlton Place,2021,January,3,Thursday,21 Jan 2021,11:00,81,98,179,81,98,179,No Group
Manchester City Council - Chorlton,Chorlton Place,2021,January,3,Thursday,21 Jan 2021,12:00,119,118,237,119,118,237,No Group
Manchester City Council - Chorlton,Chorlton Place,2021,January,3,Thursday,21 Jan 2021,13:00,120,135,255,120,135,255,No Group
Manchester City Council - Chorlton,Chorlton Place,2021,January,3,Thursday,21 Jan 2021,14:00,113,129,242,113,129,242,No Group
Manchester City Council - Chorlton,Chorlton Place,2021,January,3,Thursday,21 Jan 2021,15:00,117,110,227,117,110,227,No Group
Manchester City Council - Chorlton,Chorlton Place,2021,January,3,Thursday,21 Jan 2021,16:00,93,88,181,93,88,181,No Group
Manchester City Council - Chorlton,Chorlton Place,2021,January,3,Thursday,21 Jan 2021,17:00,52,60,112,52,60,112,No Group
Manchester City Council - Chorlton,Chorlton Place,2021,January,3,Thursday,21 Jan 2021,18:00,35,44,79,35,44,79,No Group
Manchester City Council - Chorlton,Chorlton Place,2021,January,3,Thursday,21 Jan 2021,19:00,25,28,53,25,28,53,No Group
Manchester City Council - Chorlton,Chorlton Place,2021,January,3,Thursday,21 Jan 2021,20:00,16,16,32,16,16,32,No Group
Manchester City Council - Chorlton,Chorlton Place,2021,January,3,Thursday,21 Jan 2021,21:00,10,11,21,10,11,21,No Group
Manchester City Council - Chorlton,Chorlton Place,2021,January,3,Thursday,21 Jan 2021,22:00,1,1,2,1,1,2,No Group
Manchester City Council - Chorlton,Chorlton Place,2021,January,3,Thursday,21 Jan 2021,23:00,4,2,6,4,2,6,No Group
Manchester City Council - Chorlton,Chorlton Place,2021,January,3,Friday,22 Jan 2021,00:00,0,1,1,0,1,1,No Group
Manchester City Council - Chorlton,Chorlton Place,2021,January,3,Friday,22 Jan 2021,01:00,0,0,0,0,0,0,No Group
Manchester City Council - Chorlton,Chorlton Place,2021,January,3,Friday,22 Jan 2021,02:00,1,3,4,1,3,4,No Group
Manchester City Council - Chorlton,Chorlton Place,2021,January,3,Friday,22 Jan 2021,03:00,0,1,1,0,1,1,No Group
Manchester City Council - Chorlton,Chorlton Place,2021,January,3,Friday,22 Jan 2021,04:00,0,1,1,0,1,1,No Group
Manchester City Council - Chorlton,Chorlton Place,2021,January,3,Friday,22 Jan 2021,05:00,0,3,3,0,3,3,No Group
Manchester City Council - Chorlton,Chorlton Place,2021,January,3,Friday,22 Jan 2021,06:00,6,12,18,6,12,18,No Group
Manchester City Council - Chorlton,Chorlton Place,2021,January,3,Friday,22 Jan 2021,07:00,11,28,39,11,28,39,No Group
Manchester City Council - Chorlton,Chorlton Place,2021,January,3,Friday,22 Jan 2021,08:00,31,42,73,31,42,73,No Group
Manchester City Council - Chorlton,Chorlton Place,2021,January,3,Friday,22 Jan 2021,09:00,67,83,150,67,83,150,No Group
Manchester City Council - Chorlton,Chorlton Place,2021,January,3,Friday,22 Jan 2021,10:00,67,76,143,67,76,143,No Group
Manchester City Council - Chorlton,Chorlton Place,2021,January,3,Friday,22 Jan 2021,11:00,101,102,203,101,102,203,No Group
Manchester City Council - Chorlton,Chorlton Place,2021,January,3,Friday,22 Jan 2021,12:00,96,119,215,96,119,215,No Group
Manchester City Council - Chorlton,Chorlton Place,2021,January,3,Friday,22 Jan 2021,13:00,153,147,300,153,147,300,No Group
Manchester City Council - Chorlton,Chorlton Place,2021,January,3,Friday,22 Jan 2021,14:00,142,148,290,142,148,290,No Group
Manchester City Council - Chorlton,Chorlton Place,2021,January,3,Friday,22 Jan 2021,15:00,122,123,245,122,123,245,No Group
Manchester City Council - Chorlton,Chorlton Place,2021,January,3,Friday,22 Jan 2021,16:00,107,108,215,107,108,215,No Group
Manchester City Council - Chorlton,Chorlton Place,2021,January,3,Friday,22 Jan 2021,17:00,70,57,127,70,57,127,No Group
Manchester City Council - Chorlton,Chorlton Place,2021,January,3,Friday,22 Jan 2021,18:00,43,60,103,43,60,103,No Group
Manchester City Council - Chorlton,Chorlton Place,2021,January,3,Friday,22 Jan 2021,19:00,30,35,65,30,35,65,No Group
Manchester City Council - Chorlton,Chorlton Place,2021,January,3,Friday,22 Jan 2021,20:00,22,18,40,22,18,40,No Group
Manchester City Council - Chorlton,Chorlton Place,2021,January,3,Friday,22 Jan 2021,21:00,5,10,15,5,10,15,No Group
Manchester City Council - Chorlton,Chorlton Place,2021,January,3,Friday,22 Jan 2021,22:00,5,8,13,5,8,13,No Group
Manchester City Council - Chorlton,Chorlton Place,2021,January,3,Friday,22 Jan 2021,23:00,9,3,12,9,3,12,No Group
Manchester City Council - Chorlton,Chorlton Place,2021,January,3,Saturday,23 Jan 2021,00:00,3,1,4,3,1,4,No Group
Manchester City Council - Chorlton,Chorlton Place,2021,January,3,Saturday,23 Jan 2021,01:00,1,2,3,1,2,3,No Group
Manchester City Council - Chorlton,Chorlton Place,2021,January,3,Saturday,23 Jan 2021,02:00,4,2,6,4,2,6,No Group
Manchester City Council - Chorlton,Chorlton Place,2021,January,3,Saturday,23 Jan 2021,03:00,0,0,0,0,0,0,No Group
Manchester City Council - Chorlton,Chorlton Place,2021,January,3,Saturday,23 Jan 2021,04:00,3,3,6,3,3,6,No Group
Manchester City Council - Chorlton,Chorlton Place,2021,January,3,Saturday,23 Jan 2021,05:00,1,1,2,1,1,2,No Group
Manchester City Council - Chorlton,Chorlton Place,2021,January,3,Saturday,23 Jan 2021,06:00,2,4,6,2,4,6,No Group
Manchester City Council - Chorlton,Chorlton Place,2021,January,3,Saturday,23 Jan 2021,07:00,2,11,13,2,11,13,No Group
Manchester City Council - Chorlton,Chorlton Place,2021,January,3,Saturday,23 Jan 2021,08:00,38,36,74,38,36,74,No Group
Manchester City Council - Chorlton,Chorlton Place,2021,January,3,Saturday,23 Jan 2021,09:00,59,65,124,59,65,124,No Group
Manchester City Council - Chorlton,Chorlton Place,2021,January,3,Saturday,23 Jan 2021,10:00,92,75,167,92,75,167,No Group
Manchester City Council - Chorlton,Chorlton Place,2021,January,3,Saturday,23 Jan 2021,11:00,122,134,256,122,134,256,No Group
Manchester City Council - Chorlton,Chorlton Place,2021,January,3,Saturday,23 Jan 2021,12:00,216,222,438,216,222,438,No Group
Manchester City Council - Chorlton,Chorlton Place,2021,January,3,Saturday,23 Jan 2021,13:00,216,208,424,216,208,424,No Group
Manchester City Council - Chorlton,Chorlton Place,2021,January,3,Saturday,23 Jan 2021,14:00,212,211,423,212,211,423,No Group
Manchester City Council - Chorlton,Chorlton Place,2021,January,3,Saturday,23 Jan 2021,15:00,204,215,419,204,215,419,No Group
Manchester City Council - Chorlton,Chorlton Place,2021,January,3,Saturday,23 Jan 2021,16:00,144,153,297,144,153,297,No Group
Manchester City Council - Chorlton,Chorlton Place,2021,January,3,Saturday,23 Jan 2021,17:00,58,47,105,58,47,105,No Group
Manchester City Council - Chorlton,Chorlton Place,2021,January,3,Saturday,23 Jan 2021,18:00,30,33,63,30,33,63,No Group
Manchester City Council - Chorlton,Chorlton Place,2021,January,3,Saturday,23 Jan 2021,19:00,20,15,35,20,15,35,No Group
Manchester City Council - Chorlton,Chorlton Place,2021,January,3,Saturday,23 Jan 2021,20:00,10,13,23,10,13,23,No Group
Manchester City Council - Chorlton,Chorlton Place,2021,January,3,Saturday,23 Jan 2021,21:00,11,8,19,11,8,19,No Group
Manchester City Council - Chorlton,Chorlton Place,2021,January,3,Saturday,23 Jan 2021,22:00,10,9,19,10,9,19,No Group
Manchester City Council - Chorlton,Chorlton Place,2021,January,3,Saturday,23 Jan 2021,23:00,7,3,10,7,3,10,No Group
Manchester City Council - Chorlton,Chorlton Place,2021,January,3,Sunday,24 Jan 2021,00:00,1,1,2,1,1,2,No Group
Manchester City Council - Chorlton,Chorlton Place,2021,January,3,Sunday,24 Jan 2021,01:00,0,1,1,0,1,1,No Group
Manchester City Council - Chorlton,Chorlton Place,2021,January,3,Sunday,24 Jan 2021,02:00,0,0,0,0,0,0,No Group
Manchester City Council - Chorlton,Chorlton Place,2021,January,3,Sunday,24 Jan 2021,03:00,0,0,0,0,0,0,No Group
Manchester City Council - Chorlton,Chorlton Place,2021,January,3,Sunday,24 Jan 2021,04:00,0,0,0,0,0,0,No Group
Manchester City Council - Chorlton,Chorlton Place,2021,January,3,Sunday,24 Jan 2021,05:00,0,0,0,0,0,0,No Group
Manchester City Council - Chorlton,Chorlton Place,2021,January,3,Sunday,24 Jan 2021,06:00,1,2,3,1,2,3,No Group
Manchester City Council - Chorlton,Chorlton Place,2021,January,3,Sunday,24 Jan 2021,07:00,1,4,5,1,4,5,No Group
Manchester City Council - Chorlton,Chorlton Place,2021,January,3,Sunday,24 Jan 2021,08:00,7,9,16,7,9,16,No Group
Manchester City Council - Chorlton,Chorlton Place,2021,January,3,Sunday,24 Jan 2021,09:00,23,23,46,23,23,46,No Group
Manchester City Council - Chorlton,Chorlton Place,2021,January,3,Sunday,24 Jan 2021,10:00,51,48,99,51,48,99,No Group
Manchester City Council - Chorlton,Chorlton Place,2021,January,3,Sunday,24 Jan 2021,11:00,92,97,189,92,97,189,No Group
Manchester City Council - Chorlton,Chorlton Place,2021,January,3,Sunday,24 Jan 2021,12:00,76,97,173,76,97,173,No Group
Manchester City Council - Chorlton,Chorlton Place,2021,January,3,Sunday,24 Jan 2021,13:00,101,91,192,101,91,192,No Group
Manchester City Council - Chorlton,Chorlton Place,2021,January,3,Sunday,24 Jan 2021,14:00,115,113,228,115,113,228,No Group
Manchester City Council - Chorlton,Chorlton Place,2021,January,3,Sunday,24 Jan 2021,15:00,80,97,177,80,97,177,No Group
Manchester City Council - Chorlton,Chorlton Place,2021,January,3,Sunday,24 Jan 2021,16:00,39,49,88,39,49,88,No Group
Manchester City Council - Chorlton,Chorlton Place,2021,January,3,Sunday,24 Jan 2021,17:00,33,44,77,33,44,77,No Group
Manchester City Council - Chorlton,Chorlton Place,2021,January,3,Sunday,24 Jan 2021,18:00,21,22,43,21,22,43,No Group
Manchester City Council - Chorlton,Chorlton Place,2021,January,3,Sunday,24 Jan 2021,19:00,20,9,29,20,9,29,No Group
Manchester City Council - Chorlton,Chorlton Place,2021,January,3,Sunday,24 Jan 2021,20:00,9,11,20,9,11,20,No Group
Manchester City Council - Chorlton,Chorlton Place,2021,January,3,Sunday,24 Jan 2021,21:00,11,10,21,11,10,21,No Group
Manchester City Council - Chorlton,Chorlton Place,2021,January,3,Sunday,24 Jan 2021,22:00,5,1,6,5,1,6,No Group
Manchester City Council - Chorlton,Chorlton Place,2021,January,3,Sunday,24 Jan 2021,23:00,1,3,4,1,3,4,No Group
Manchester City Council - Chorlton,Chorlton Place,2021,January,4,Monday,25 Jan 2021,00:00,1,0,1,1,0,1,No Group
Manchester City Council - Chorlton,Chorlton Place,2021,January,4,Monday,25 Jan 2021,01:00,1,0,1,1,0,1,No Group
Manchester City Council - Chorlton,Chorlton Place,2021,January,4,Monday,25 Jan 2021,02:00,0,0,0,0,0,0,No Group
Manchester City Council - Chorlton,Chorlton Place,2021,January,4,Monday,25 Jan 2021,03:00,0,0,0,0,0,0,No Group
Manchester City Council - Chorlton,Chorlton Place,2021,January,4,Monday,25 Jan 2021,04:00,0,1,1,0,1,1,No Group
Manchester City Council - Chorlton,Chorlton Place,2021,January,4,Monday,25 Jan 2021,05:00,2,6,8,2,6,8,No Group
Manchester City Council - Chorlton,Chorlton Place,2021,January,4,Monday,25 Jan 2021,06:00,6,7,13,6,7,13,No Group
Manchester City Council - Chorlton,Chorlton Place,2021,January,4,Monday,25 Jan 2021,07:00,3,21,24,3,21,24,No Group
Manchester City Council - Chorlton,Chorlton Place,2021,January,4,Monday,25 Jan 2021,08:00,28,32,60,28,32,60,No Group
Manchester City Council - Chorlton,Chorlton Place,2021,January,4,Monday,25 Jan 2021,09:00,28,47,75,28,47,75,No Group
Manchester City Council - Chorlton,Chorlton Place,2021,January,4,Monday,25 Jan 2021,10:00,76,67,143,76,67,143,No Group
Manchester City Council - Chorlton,Chorlton Place,2021,January,4,Monday,25 Jan 2021,11:00,84,86,170,84,86,170,No Group
Manchester City Council - Chorlton,Chorlton Place,2021,January,4,Monday,25 Jan 2021,12:00,102,106,208,102,106,208,No Group
Manchester City Council - Chorlton,Chorlton Place,2021,January,4,Monday,25 Jan 2021,13:00,115,123,238,115,123,238,No Group
Manchester City Council - Chorlton,Chorlton Place,2021,January,4,Monday,25 Jan 2021,14:00,111,97,208,111,97,208,No Group
Manchester City Council - Chorlton,Chorlton Place,2021,January,4,Monday,25 Jan 2021,15:00,78,94,172,78,94,172,No Group
Manchester City Council - Chorlton,Chorlton Place,2021,January,4,Monday,25 Jan 2021,16:00,70,76,146,70,76,146,No Group
Manchester City Council - Chorlton,Chorlton Place,2021,January,4,Monday,25 Jan 2021,17:00,50,67,117,50,67,117,No Group
Manchester City Council - Chorlton,Chorlton Place,2021,January,4,Monday,25 Jan 2021,18:00,35,45,80,35,45,80,No Group
Manchester City Council - Chorlton,Chorlton Place,2021,January,4,Monday,25 Jan 2021,19:00,17,21,38,17,21,38,No Group
Manchester City Council - Chorlton,Chorlton Place,2021,January,4,Monday,25 Jan 2021,20:00,17,16,33,17,16,33,No Group
Manchester City Council - Chorlton,Chorlton Place,2021,January,4,Monday,25 Jan 2021,21:00,8,11,19,8,11,19,No Group
Manchester City Council - Chorlton,Chorlton Place,2021,January,4,Monday,25 Jan 2021,22:00,6,6,12,6,6,12,No Group
Manchester City Council - Chorlton,Chorlton Place,2021,January,4,Monday,25 Jan 2021,23:00,2,0,2,2,0,2,No Group
Manchester City Council - Chorlton,Chorlton Place,2021,January,4,Tuesday,26 Jan 2021,00:00,1,0,1,1,0,1,No Group
Manchester City Council - Chorlton,Chorlton Place,2021,January,4,Tuesday,26 Jan 2021,01:00,1,0,1,1,0,1,No Group
Manchester City Council - Chorlton,Chorlton Place,2021,January,4,Tuesday,26 Jan 2021,02:00,0,0,0,0,0,0,No Group
Manchester City Council - Chorlton,Chorlton Place,2021,January,4,Tuesday,26 Jan 2021,03:00,9,4,13,9,4,13,No Group
Manchester City Council - Chorlton,Chorlton Place,2021,January,4,Tuesday,26 Jan 2021,04:00,0,1,1,0,1,1,No Group
Manchester City Council - Chorlton,Chorlton Place,2021,January,4,Tuesday,26 Jan 2021,05:00,0,4,4,0,4,4,No Group
Manchester City Council - Chorlton,Chorlton Place,2021,January,4,Tuesday,26 Jan 2021,06:00,5,10,15,5,10,15,No Group
Manchester City Council - Chorlton,Chorlton Place,2021,January,4,Tuesday,26 Jan 2021,07:00,9,22,31,9,22,31,No Group
Manchester City Council - Chorlton,Chorlton Place,2021,January,4,Tuesday,26 Jan 2021,08:00,31,51,82,31,51,82,No Group
Manchester City Council - Chorlton,Chorlton Place,2021,January,4,Tuesday,26 Jan 2021,09:00,42,53,95,42,53,95,No Group
Manchester City Council - Chorlton,Chorlton Place,2021,January,4,Tuesday,26 Jan 2021,10:00,62,63,125,62,63,125,No Group
Manchester City Council - Chorlton,Chorlton Place,2021,January,4,Tuesday,26 Jan 2021,11:00,113,113,226,113,113,226,No Group
Manchester City Council - Chorlton,Chorlton Place,2021,January,4,Tuesday,26 Jan 2021,12:00,95,127,222,95,127,222,No Group
Manchester City Council - Chorlton,Chorlton Place,2021,January,4,Tuesday,26 Jan 2021,13:00,110,113,223,110,113,223,No Group
Manchester City Council - Chorlton,Chorlton Place,2021,January,4,Tuesday,26 Jan 2021,14:00,126,124,250,126,124,250,No Group
Manchester City Council - Chorlton,Chorlton Place,2021,January,4,Tuesday,26 Jan 2021,15:00,100,101,201,100,101,201,No Group
Manchester City Council - Chorlton,Chorlton Place,2021,January,4,Tuesday,26 Jan 2021,16:00,60,53,113,60,53,113,No Group
Manchester City Council - Chorlton,Chorlton Place,2021,January,4,Tuesday,26 Jan 2021,17:00,38,54,92,38,54,92,No Group
Manchester City Council - Chorlton,Chorlton Place,2021,January,4,Tuesday,26 Jan 2021,18:00,34,44,78,34,44,78,No Group
Manchester City Council - Chorlton,Chorlton Place,2021,January,4,Tuesday,26 Jan 2021,19:00,5,10,15,5,10,15,No Group
Manchester City Council - Chorlton,Chorlton Place,2021,January,4,Tuesday,26 Jan 2021,20:00,1,0,1,1,0,1,No Group
Manchester City Council - Chorlton,Chorlton Place,2021,January,4,Tuesday,26 Jan 2021,21:00,0,4,4,0,4,4,No Group
Manchester City Council - Chorlton,Chorlton Place,2021,January,4,Tuesday,26 Jan 2021,22:00,0,1,1,0,1,1,No Group
Manchester City Council - Chorlton,Chorlton Place,2021,January,4,Tuesday,26 Jan 2021,23:00,4,2,6,4,2,6,No Group
Manchester City Council - Chorlton,Chorlton Place,2021,January,4,Wednesday,27 Jan 2021,00:00,1,0,1,1,0,1,No Group
Manchester City Council - Chorlton,Chorlton Place,2021,January,4,Wednesday,27 Jan 2021,01:00,0,0,0,0,0,0,No Group
Manchester City Council - Chorlton,Chorlton Place,2021,January,4,Wednesday,27 Jan 2021,02:00,0,0,0,0,0,0,No Group
Manchester City Council - Chorlton,Chorlton Place,2021,January,4,Wednesday,27 Jan 2021,03:00,2,1,3,2,1,3,No Group
Manchester City Council - Chorlton,Chorlton Place,2021,January,4,Wednesday,27 Jan 2021,04:00,1,1,2,1,1,2,No Group
Manchester City Council - Chorlton,Chorlton Place,2021,January,4,Wednesday,27 Jan 2021,05:00,0,1,1,0,1,1,No Group
Manchester City Council - Chorlton,Chorlton Place,2021,January,4,Wednesday,27 Jan 2021,06:00,5,18,23,5,18,23,No Group
Manchester City Council - Chorlton,Chorlton Place,2021,January,4,Wednesday,27 Jan 2021,07:00,9,33,42,9,33,42,No Group
Manchester City Council - Chorlton,Chorlton Place,2021,January,4,Wednesday,27 Jan 2021,08:00,44,52,96,44,52,96,No Group
Manchester City Council - Chorlton,Chorlton Place,2021,January,4,Wednesday,27 Jan 2021,09:00,48,75,123,48,75,123,No Group
Manchester City Council - Chorlton,Chorlton Place,2021,January,4,Wednesday,27 Jan 2021,10:00,66,80,146,66,80,146,No Group
Manchester City Council - Chorlton,Chorlton Place,2021,January,4,Wednesday,27 Jan 2021,11:00,96,98,194,96,98,194,No Group
Manchester City Council - Chorlton,Chorlton Place,2021,January,4,Wednesday,27 Jan 2021,12:00,112,139,251,112,139,251,No Group
Manchester City Council - Chorlton,Chorlton Place,2021,January,4,Wednesday,27 Jan 2021,13:00,110,108,218,110,108,218,No Group
Manchester City Council - Chorlton,Chorlton Place,2021,January,4,Wednesday,27 Jan 2021,14:00,110,122,232,110,122,232,No Group
Manchester City Council - Chorlton,Chorlton Place,2021,January,4,Wednesday,27 Jan 2021,15:00,103,100,203,103,100,203,No Group
Manchester City Council - Chorlton,Chorlton Place,2021,January,4,Wednesday,27 Jan 2021,16:00,81,103,184,81,103,184,No Group
Manchester City Council - Chorlton,Chorlton Place,2021,January,4,Wednesday,27 Jan 2021,17:00,60,84,144,60,84,144,No Group
Manchester City Council - Chorlton,Chorlton Place,2021,January,4,Wednesday,27 Jan 2021,18:00,46,51,97,46,51,97,No Group
Manchester City Council - Chorlton,Chorlton Place,2021,January,4,Wednesday,27 Jan 2021,19:00,31,38,69,31,38,69,No Group
Manchester City Council - Chorlton,Chorlton Place,2021,January,4,Wednesday,27 Jan 2021,20:00,17,16,33,17,16,33,No Group
Manchester City Council - Chorlton,Chorlton Place,2021,January,4,Wednesday,27 Jan 2021,21:00,5,13,18,5,13,18,No Group
Manchester City Council - Chorlton,Chorlton Place,2021,January,4,Wednesday,27 Jan 2021,22:00,6,7,13,6,7,13,No Group
Manchester City Council - Chorlton,Chorlton Place,2021,January,4,Wednesday,27 Jan 2021,23:00,3,6,9,3,6,9,No Group
Manchester City Council - Chorlton,Chorlton Place,2021,January,4,Thursday,28 Jan 2021,00:00,1,3,4,1,3,4,No Group
Manchester City Council - Chorlton,Chorlton Place,2021,January,4,Thursday,28 Jan 2021,01:00,1,1,2,1,1,2,No Group
Manchester City Council - Chorlton,Chorlton Place,2021,January,4,Thursday,28 Jan 2021,02:00,1,0,1,1,0,1,No Group
Manchester City Council - Chorlton,Chorlton Place,2021,January,4,Thursday,28 Jan 2021,03:00,0,1,1,0,1,1,No Group
Manchester City Council - Chorlton,Chorlton Place,2021,January,4,Thursday,28 Jan 2021,04:00,1,1,2,1,1,2,No Group
Manchester City Council - Chorlton,Chorlton Place,2021,January,4,Thursday,28 Jan 2021,05:00,1,1,2,1,1,2,No Group
Manchester City Council - Chorlton,Chorlton Place,2021,January,4,Thursday,28 Jan 2021,06:00,1,10,11,1,10,11,No Group
Manchester City Council - Chorlton,Chorlton Place,2021,January,4,Thursday,28 Jan 2021,07:00,9,22,31,9,22,31,No Group
Manchester City Council - Chorlton,Chorlton Place,2021,January,4,Thursday,28 Jan 2021,08:00,45,64,109,45,64,109,No Group
Manchester City Council - Chorlton,Chorlton Place,2021,January,4,Thursday,28 Jan 2021,09:00,56,60,116,56,60,116,No Group
Manchester City Council - Chorlton,Chorlton Place,2021,January,4,Thursday,28 Jan 2021,10:00,77,77,154,77,77,154,No Group
Manchester City Council - Chorlton,Chorlton Place,2021,January,4,Thursday,28 Jan 2021,11:00,73,61,134,73,61,134,No Group
Manchester City Council - Chorlton,Chorlton Place,2021,January,4,Thursday,28 Jan 2021,12:00,93,125,218,93,125,218,No Group
Manchester City Council - Chorlton,Chorlton Place,2021,January,4,Thursday,28 Jan 2021,13:00,125,114,239,125,114,239,No Group
Manchester City Council - Chorlton,Chorlton Place,2021,January,4,Thursday,28 Jan 2021,14:00,118,107,225,118,107,225,No Group
Manchester City Council - Chorlton,Chorlton Place,2021,January,4,Thursday,28 Jan 2021,15:00,89,114,203,89,114,203,No Group
Manchester City Council - Chorlton,Chorlton Place,2021,January,4,Thursday,28 Jan 2021,16:00,87,67,154,87,67,154,No Group
Manchester City Council - Chorlton,Chorlton Place,2021,January,4,Thursday,28 Jan 2021,17:00,36,45,81,36,45,81,No Group
Manchester City Council - Chorlton,Chorlton Place,2021,January,4,Thursday,28 Jan 2021,18:00,51,53,104,51,53,104,No Group
Manchester City Council - Chorlton,Chorlton Place,2021,January,4,Thursday,28 Jan 2021,19:00,28,29,57,28,29,57,No Group
Manchester City Council - Chorlton,Chorlton Place,2021,January,4,Thursday,28 Jan 2021,20:00,12,9,21,12,9,21,No Group
Manchester City Council - Chorlton,Chorlton Place,2021,January,4,Thursday,28 Jan 2021,21:00,8,9,17,8,9,17,No Group
Manchester City Council - Chorlton,Chorlton Place,2021,January,4,Thursday,28 Jan 2021,22:00,6,11,17,6,11,17,No Group
Manchester City Council - Chorlton,Chorlton Place,2021,January,4,Thursday,28 Jan 2021,23:00,1,3,4,1,3,4,No Group
Manchester City Council - Chorlton,Chorlton Place,2021,January,4,Friday,29 Jan 2021,00:00,2,0,2,2,0,2,No Group
Manchester City Council - Chorlton,Chorlton Place,2021,January,4,Friday,29 Jan 2021,01:00,1,1,2,1,1,2,No Group
Manchester City Council - Chorlton,Chorlton Place,2021,January,4,Friday,29 Jan 2021,02:00,0,0,0,0,0,0,No Group
Manchester City Council - Chorlton,Chorlton Place,2021,January,4,Friday,29 Jan 2021,03:00,0,0,0,0,0,0,No Group
Manchester City Council - Chorlton,Chorlton Place,2021,January,4,Friday,29 Jan 2021,04:00,0,1,1,0,1,1,No Group
Manchester City Council - Chorlton,Chorlton Place,2021,January,4,Friday,29 Jan 2021,05:00,1,2,3,1,2,3,No Group
Manchester City Council - Chorlton,Chorlton Place,2021,January,4,Friday,29 Jan 2021,06:00,7,14,21,7,14,21,No Group
Manchester City Council - Chorlton,Chorlton Place,2021,January,4,Friday,29 Jan 2021,07:00,16,33,49,16,33,49,No Group
Manchester City Council - Chorlton,Chorlton Place,2021,January,4,Friday,29 Jan 2021,08:00,36,45,81,36,45,81,No Group
Manchester City Council - Chorlton,Chorlton Place,2021,January,4,Friday,29 Jan 2021,09:00,65,74,139,65,74,139,No Group
Manchester City Council - Chorlton,Chorlton Place,2021,January,4,Friday,29 Jan 2021,10:00,68,94,162,68,94,162,No Group
Manchester City Council - Chorlton,Chorlton Place,2021,January,4,Friday,29 Jan 2021,11:00,127,127,254,127,127,254,No Group
Manchester City Council - Chorlton,Chorlton Place,2021,January,4,Friday,29 Jan 2021,12:00,140,141,281,140,141,281,No Group
Manchester City Council - Chorlton,Chorlton Place,2021,January,4,Friday,29 Jan 2021,13:00,143,137,280,143,137,280,No Group
Manchester City Council - Chorlton,Chorlton Place,2021,January,4,Friday,29 Jan 2021,14:00,138,124,262,138,124,262,No Group
Manchester City Council - Chorlton,Chorlton Place,2021,January,4,Friday,29 Jan 2021,15:00,134,136,270,134,136,270,No Group
Manchester City Council - Chorlton,Chorlton Place,2021,January,4,Friday,29 Jan 2021,16:00,118,128,246,118,128,246,No Group
Manchester City Council - Chorlton,Chorlton Place,2021,January,4,Friday,29 Jan 2021,17:00,60,87,147,60,87,147,No Group
Manchester City Council - Chorlton,Chorlton Place,2021,January,4,Friday,29 Jan 2021,18:00,48,61,109,48,61,109,No Group
Manchester City Council - Chorlton,Chorlton Place,2021,January,4,Friday,29 Jan 2021,19:00,33,42,75,33,42,75,No Group
Manchester City Council - Chorlton,Chorlton Place,2021,January,4,Friday,29 Jan 2021,20:00,14,27,41,14,27,41,No Group
Manchester City Council - Chorlton,Chorlton Place,2021,January,4,Friday,29 Jan 2021,21:00,13,10,23,13,10,23,No Group
Manchester City Council - Chorlton,Chorlton Place,2021,January,4,Friday,29 Jan 2021,22:00,1,4,5,1,4,5,No Group
Manchester City Council - Chorlton,Chorlton Place,2021,January,4,Friday,29 Jan 2021,23:00,4,2,6,4,2,6,No Group
Manchester City Council - Chorlton,Chorlton Place,2021,January,4,Saturday,30 Jan 2021,00:00,1,3,4,1,3,4,No Group
Manchester City Council - Chorlton,Chorlton Place,2021,January,4,Saturday,30 Jan 2021,01:00,1,0,1,1,0,1,No Group
Manchester City Council - Chorlton,Chorlton Place,2021,January,4,Saturday,30 Jan 2021,02:00,0,1,1,0,1,1,No Group
Manchester City Council - Chorlton,Chorlton Place,2021,January,4,Saturday,30 Jan 2021,03:00,0,1,1,0,1,1,No Group
Manchester City Council - Chorlton,Chorlton Place,2021,January,4,Saturday,30 Jan 2021,04:00,1,1,2,1,1,2,No Group
Manchester City Council - Chorlton,Chorlton Place,2021,January,4,Saturday,30 Jan 2021,05:00,1,3,4,1,3,4,No Group
Manchester City Council - Chorlton,Chorlton Place,2021,January,4,Saturday,30 Jan 2021,06:00,1,4,5,1,4,5,No Group
Manchester City Council - Chorlton,Chorlton Place,2021,January,4,Saturday,30 Jan 2021,07:00,9,16,25,9,16,25,No Group
Manchester City Council - Chorlton,Chorlton Place,2021,January,4,Saturday,30 Jan 2021,08:00,34,26,60,34,26,60,No Group
Manchester City Council - Chorlton,Chorlton Place,2021,January,4,Saturday,30 Jan 2021,09:00,76,97,173,76,97,173,No Group
Manchester City Council - Chorlton,Chorlton Place,2021,January,4,Saturday,30 Jan 2021,10:00,107,134,241,107,134,241,No Group
Manchester City Council - Chorlton,Chorlton Place,2021,January,4,Saturday,30 Jan 2021,11:00,153,140,293,153,140,293,No Group
Manchester City Council - Chorlton,Chorlton Place,2021,January,4,Saturday,30 Jan 2021,12:00,169,155,324,169,155,324,No Group
Manchester City Council - Chorlton,Chorlton Place,2021,January,4,Saturday,30 Jan 2021,13:00,156,174,330,156,174,330,No Group
Manchester City Council - Chorlton,Chorlton Place,2021,January,4,Saturday,30 Jan 2021,14:00,162,157,319,162,157,319,No Group
Manchester City Council - Chorlton,Chorlton Place,2021,January,4,Saturday,30 Jan 2021,15:00,158,164,322,158,164,322,No Group
Manchester City Council - Chorlton,Chorlton Place,2021,January,4,Saturday,30 Jan 2021,16:00,116,98,214,116,98,214,No Group
Manchester City Council - Chorlton,Chorlton Place,2021,January,4,Saturday,30 Jan 2021,17:00,43,55,98,43,55,98,No Group
Manchester City Council - Chorlton,Chorlton Place,2021,January,4,Saturday,30 Jan 2021,18:00,36,26,62,36,26,62,No Group
Manchester City Council - Chorlton,Chorlton Place,2021,January,4,Saturday,30 Jan 2021,19:00,31,32,63,31,32,63,No Group
Manchester City Council - Chorlton,Chorlton Place,2021,January,4,Saturday,30 Jan 2021,20:00,17,23,40,17,23,40,No Group
Manchester City Council - Chorlton,Chorlton Place,2021,January,4,Saturday,30 Jan 2021,21:00,13,10,23,13,10,23,No Group
Manchester City Council - Chorlton,Chorlton Place,2021,January,4,Saturday,30 Jan 2021,22:00,6,7,13,6,7,13,No Group
Manchester City Council - Chorlton,Chorlton Place,2021,January,4,Saturday,30 Jan 2021,23:00,11,1,12,11,1,12,No Group
Manchester City Council - Chorlton,Chorlton Place,2021,January,4,Sunday,31 Jan 2021,00:00,1,1,2,1,1,2,No Group
Manchester City Council - Chorlton,Chorlton Place,2021,January,4,Sunday,31 Jan 2021,01:00,2,1,3,2,1,3,No Group
Manchester City Council - Chorlton,Chorlton Place,2021,January,4,Sunday,31 Jan 2021,02:00,1,1,2,1,1,2,No Group
Manchester City Council - Chorlton,Chorlton Place,2021,January,4,Sunday,31 Jan 2021,03:00,2,1,3,2,1,3,No Group
Manchester City Council - Chorlton,Chorlton Place,2021,January,4,Sunday,31 Jan 2021,04:00,0,0,0,0,0,0,No Group
Manchester City Council - Chorlton,Chorlton Place,2021,January,4,Sunday,31 Jan 2021,05:00,1,0,1,1,0,1,No Group
Manchester City Council - Chorlton,Chorlton Place,2021,January,4,Sunday,31 Jan 2021,06:00,1,5,6,1,5,6,No Group
Manchester City Council - Chorlton,Chorlton Place,2021,January,4,Sunday,31 Jan 2021,07:00,1,7,8,1,7,8,No Group
Manchester City Council - Chorlton,Chorlton Place,2021,January,4,Sunday,31 Jan 2021,08:00,9,8,17,9,8,17,No Group
Manchester City Council - Chorlton,Chorlton Place,2021,January,4,Sunday,31 Jan 2021,09:00,17,31,48,17,31,48,No Group
Manchester City Council - Chorlton,Chorlton Place,2021,January,4,Sunday,31 Jan 2021,10:00,44,42,86,44,42,86,No Group
Manchester City Council - Chorlton,Chorlton Place,2021,January,4,Sunday,31 Jan 2021,11:00,59,76,135,59,76,135,No Group
Manchester City Council - Chorlton,Chorlton Place,2021,January,4,Sunday,31 Jan 2021,12:00,90,91,181,90,91,181,No Group
Manchester City Council - Chorlton,Chorlton Place,2021,January,4,Sunday,31 Jan 2021,13:00,104,90,194,104,90,194,No Group
Manchester City Council - Chorlton,Chorlton Place,2021,January,4,Sunday,31 Jan 2021,14:00,124,125,249,124,125,249,No Group
Manchester City Council - Chorlton,Chorlton Place,2021,January,4,Sunday,31 Jan 2021,15:00,89,92,181,89,92,181,No Group
Manchester City Council - Chorlton,Chorlton Place,2021,January,4,Sunday,31 Jan 2021,16:00,70,58,128,70,58,128,No Group
Manchester City Council - Chorlton,Chorlton Place,2021,January,4,Sunday,31 Jan 2021,17:00,28,36,64,28,36,64,No Group
Manchester City Council - Chorlton,Chorlton Place,2021,January,4,Sunday,31 Jan 2021,18:00,25,29,54,25,29,54,No Group
Manchester City Council - Chorlton,Chorlton Place,2021,January,4,Sunday,31 Jan 2021,19:00,24,27,51,24,27,51,No Group
Manchester City Council - Chorlton,Chorlton Place,2021,January,4,Sunday,31 Jan 2021,20:00,6,10,16,6,10,16,No Group
Manchester City Council - Chorlton,Chorlton Place,2021,January,4,Sunday,31 Jan 2021,21:00,6,8,14,6,8,14,No Group
Manchester City Council - Chorlton,Chorlton Place,2021,January,4,Sunday,31 Jan 2021,22:00,0,5,5,0,5,5,No Group
Manchester City Council - Chorlton,Chorlton Place,2021,January,4,Sunday,31 Jan 2021,23:00,2,1,3,2,1,3,No Group
Manchester City Council - Chorlton,Chorlton Place,2021,February,5,Monday,01 Feb 2021,00:00,0,0,0,0,0,0,No Group
Manchester City Council - Chorlton,Chorlton Place,2021,February,5,Monday,01 Feb 2021,01:00,1,0,1,1,0,1,No Group
Manchester City Council - Chorlton,Chorlton Place,2021,February,5,Monday,01 Feb 2021,02:00,0,0,0,0,0,0,No Group
Manchester City Council - Chorlton,Chorlton Place,2021,February,5,Monday,01 Feb 2021,03:00,0,3,3,0,3,3,No Group
Manchester City Council - Chorlton,Chorlton Place,2021,February,5,Monday,01 Feb 2021,04:00,0,1,1,0,1,1,No Group
Manchester City Council - Chorlton,Chorlton Place,2021,February,5,Monday,01 Feb 2021,05:00,3,5,8,3,5,8,No Group
Manchester City Council - Chorlton,Chorlton Place,2021,February,5,Monday,01 Feb 2021,06:00,6,11,17,6,11,17,No Group
Manchester City Council - Chorlton,Chorlton Place,2021,February,5,Monday,01 Feb 2021,07:00,25,15,40,25,15,40,No Group
Manchester City Council - Chorlton,Chorlton Place,2021,February,5,Monday,01 Feb 2021,08:00,33,29,62,33,29,62,No Group
Manchester City Council - Chorlton,Chorlton Place,2021,February,5,Monday,01 Feb 2021,09:00,31,52,83,31,52,83,No Group
Manchester City Council - Chorlton,Chorlton Place,2021,February,5,Monday,01 Feb 2021,10:00,80,64,144,80,64,144,No Group
Manchester City Council - Chorlton,Chorlton Place,2021,February,5,Monday,01 Feb 2021,11:00,82,85,167,82,85,167,No Group
Manchester City Council - Chorlton,Chorlton Place,2021,February,5,Monday,01 Feb 2021,12:00,94,96,190,94,96,190,No Group
Manchester City Council - Chorlton,Chorlton Place,2021,February,5,Monday,01 Feb 2021,13:00,111,109,220,111,109,220,No Group
Manchester City Council - Chorlton,Chorlton Place,2021,February,5,Monday,01 Feb 2021,14:00,87,97,184,87,97,184,No Group
Manchester City Council - Chorlton,Chorlton Place,2021,February,5,Monday,01 Feb 2021,15:00,86,93,179,86,93,179,No Group
Manchester City Council - Chorlton,Chorlton Place,2021,February,5,Monday,01 Feb 2021,16:00,102,75,177,102,75,177,No Group
Manchester City Council - Chorlton,Chorlton Place,2021,February,5,Monday,01 Feb 2021,17:00,51,63,114,51,63,114,No Group
Manchester City Council - Chorlton,Chorlton Place,2021,February,5,Monday,01 Feb 2021,18:00,40,43,83,40,43,83,No Group
Manchester City Council - Chorlton,Chorlton Place,2021,February,5,Monday,01 Feb 2021,19:00,36,30,66,36,30,66,No Group
Manchester City Council - Chorlton,Chorlton Place,2021,February,5,Monday,01 Feb 2021,20:00,12,22,34,12,22,34,No Group
Manchester City Council - Chorlton,Chorlton Place,2021,February,5,Monday,01 Feb 2021,21:00,24,17,41,24,17,41,No Group
Manchester City Council - Chorlton,Chorlton Place,2021,February,5,Monday,01 Feb 2021,22:00,7,5,12,7,5,12,No Group
Manchester City Council - Chorlton,Chorlton Place,2021,February,5,Monday,01 Feb 2021,23:00,5,2,7,5,2,7,No Group
Manchester City Council - Chorlton,Chorlton Place,2021,February,5,Tuesday,02 Feb 2021,00:00,0,3,3,0,3,3,No Group
Manchester City Council - Chorlton,Chorlton Place,2021,February,5,Tuesday,02 Feb 2021,01:00,0,1,1,0,1,1,No Group
Manchester City Council - Chorlton,Chorlton Place,2021,February,5,Tuesday,02 Feb 2021,02:00,0,2,2,0,2,2,No Group
Manchester City Council - Chorlton,Chorlton Place,2021,February,5,Tuesday,02 Feb 2021,03:00,0,1,1,0,1,1,No Group
Manchester City Council - Chorlton,Chorlton Place,2021,February,5,Tuesday,02 Feb 2021,04:00,9,11,20,9,11,20,No Group
Manchester City Council - Chorlton,Chorlton Place,2021,February,5,Tuesday,02 Feb 2021,05:00,0,3,3,0,3,3,No Group
Manchester City Council - Chorlton,Chorlton Place,2021,February,5,Tuesday,02 Feb 2021,06:00,6,10,16,6,10,16,No Group
Manchester City Council - Chorlton,Chorlton Place,2021,February,5,Tuesday,02 Feb 2021,07:00,10,26,36,10,26,36,No Group
Manchester City Council - Chorlton,Chorlton Place,2021,February,5,Tuesday,02 Feb 2021,08:00,22,44,66,22,44,66,No Group
Manchester City Council - Chorlton,Chorlton Place,2021,February,5,Tuesday,02 Feb 2021,09:00,31,41,72,31,41,72,No Group
Manchester City Council - Chorlton,Chorlton Place,2021,February,5,Tuesday,02 Feb 2021,10:00,25,37,62,25,37,62,No Group
Manchester City Council - Chorlton,Chorlton Place,2021,February,5,Tuesday,02 Feb 2021,11:00,39,56,95,39,56,95,No Group
Manchester City Council - Chorlton,Chorlton Place,2021,February,5,Tuesday,02 Feb 2021,12:00,76,88,164,76,88,164,No Group
Manchester City Council - Chorlton,Chorlton Place,2021,February,5,Tuesday,02 Feb 2021,13:00,80,89,169,80,89,169,No Group
Manchester City Council - Chorlton,Chorlton Place,2021,February,5,Tuesday,02 Feb 2021,14:00,62,72,134,62,72,134,No Group
Manchester City Council - Chorlton,Chorlton Place,2021,February,5,Tuesday,02 Feb 2021,15:00,70,87,157,70,87,157,No Group
Manchester City Council - Chorlton,Chorlton Place,2021,February,5,Tuesday,02 Feb 2021,16:00,60,66,126,60,66,126,No Group
Manchester City Council - Chorlton,Chorlton Place,2021,February,5,Tuesday,02 Feb 2021,17:00,41,54,95,41,54,95,No Group
Manchester City Council - Chorlton,Chorlton Place,2021,February,5,Tuesday,02 Feb 2021,18:00,37,41,78,37,41,78,No Group
Manchester City Council - Chorlton,Chorlton Place,2021,February,5,Tuesday,02 Feb 2021,19:00,24,25,49,24,25,49,No Group
Manchester City Council - Chorlton,Chorlton Place,2021,February,5,Tuesday,02 Feb 2021,20:00,17,23,40,17,23,40,No Group
Manchester City Council - Chorlton,Chorlton Place,2021,February,5,Tuesday,02 Feb 2021,21:00,16,13,29,16,13,29,No Group
Manchester City Council - Chorlton,Chorlton Place,2021,February,5,Tuesday,02 Feb 2021,22:00,3,8,11,3,8,11,No Group
Manchester City Council - Chorlton,Chorlton Place,2021,February,5,Tuesday,02 Feb 2021,23:00,2,3,5,2,3,5,No Group
Manchester City Council - Chorlton,Chorlton Place,2021,February,5,Wednesday,03 Feb 2021,00:00,1,1,2,1,1,2,No Group
Manchester City Council - Chorlton,Chorlton Place,2021,February,5,Wednesday,03 Feb 2021,01:00,0,1,1,0,1,1,No Group
Manchester City Council - Chorlton,Chorlton Place,2021,February,5,Wednesday,03 Feb 2021,02:00,0,0,0,0,0,0,No Group
Manchester City Council - Chorlton,Chorlton Place,2021,February,5,Wednesday,03 Feb 2021,03:00,0,0,0,0,0,0,No Group
Manchester City Council - Chorlton,Chorlton Place,2021,February,5,Wednesday,03 Feb 2021,04:00,0,2,2,0,2,2,No Group
Manchester City Council - Chorlton,Chorlton Place,2021,February,5,Wednesday,03 Feb 2021,05:00,0,2,2,0,2,2,No Group
Manchester City Council - Chorlton,Chorlton Place,2021,February,5,Wednesday,03 Feb 2021,06:00,5,9,14,5,9,14,No Group
Manchester City Council - Chorlton,Chorlton Place,2021,February,5,Wednesday,03 Feb 2021,07:00,17,26,43,17,26,43,No Group
Manchester City Council - Chorlton,Chorlton Place,2021,February,5,Wednesday,03 Feb 2021,08:00,33,55,88,33,55,88,No Group
Manchester City Council - Chorlton,Chorlton Place,2021,February,5,Wednesday,03 Feb 2021,09:00,24,37,61,24,37,61,No Group
Manchester City Council - Chorlton,Chorlton Place,2021,February,5,Wednesday,03 Feb 2021,10:00,44,41,85,44,41,85,No Group
Manchester City Council - Chorlton,Chorlton Place,2021,February,5,Wednesday,03 Feb 2021,11:00,70,125,195,70,125,195,No Group
Manchester City Council - Chorlton,Chorlton Place,2021,February,5,Wednesday,03 Feb 2021,12:00,110,136,246,110,136,246,No Group
Manchester City Council - Chorlton,Chorlton Place,2021,February,5,Wednesday,03 Feb 2021,13:00,63,102,165,63,102,165,No Group
Manchester City Council - Chorlton,Chorlton Place,2021,February,5,Wednesday,03 Feb 2021,14:00,59,74,133,59,74,133,No Group
Manchester City Council - Chorlton,Chorlton Place,2021,February,5,Wednesday,03 Feb 2021,15:00,72,80,152,72,80,152,No Group
Manchester City Council - Chorlton,Chorlton Place,2021,February,5,Wednesday,03 Feb 2021,16:00,80,91,171,80,91,171,No Group
Manchester City Council - Chorlton,Chorlton Place,2021,February,5,Wednesday,03 Feb 2021,17:00,67,74,141,67,74,141,No Group
Manchester City Council - Chorlton,Chorlton Place,2021,February,5,Wednesday,03 Feb 2021,18:00,55,61,116,55,61,116,No Group
Manchester City Council - Chorlton,Chorlton Place,2021,February,5,Wednesday,03 Feb 2021,19:00,20,34,54,20,34,54,No Group
Manchester City Council - Chorlton,Chorlton Place,2021,February,5,Wednesday,03 Feb 2021,20:00,16,22,38,16,22,38,No Group
Manchester City Council - Chorlton,Chorlton Place,2021,February,5,Wednesday,03 Feb 2021,21:00,9,19,28,9,19,28,No Group
Manchester City Council - Chorlton,Chorlton Place,2021,February,5,Wednesday,03 Feb 2021,22:00,6,8,14,6,8,14,No Group
Manchester City Council - Chorlton,Chorlton Place,2021,February,5,Wednesday,03 Feb 2021,23:00,4,4,8,4,4,8,No Group
Manchester City Council - Chorlton,Chorlton Place,2021,February,5,Thursday,04 Feb 2021,00:00,1,3,4,1,3,4,No Group
Manchester City Council - Chorlton,Chorlton Place,2021,February,5,Thursday,04 Feb 2021,01:00,0,0,0,0,0,0,No Group
Manchester City Council - Chorlton,Chorlton Place,2021,February,5,Thursday,04 Feb 2021,02:00,0,0,0,0,0,0,No Group
Manchester City Council - Chorlton,Chorlton Place,2021,February,5,Thursday,04 Feb 2021,03:00,0,0,0,0,0,0,No Group
Manchester City Council - Chorlton,Chorlton Place,2021,February,5,Thursday,04 Feb 2021,04:00,0,2,2,0,2,2,No Group
Manchester City Council - Chorlton,Chorlton Place,2021,February,5,Thursday,04 Feb 2021,05:00,1,4,5,1,4,5,No Group
Manchester City Council - Chorlton,Chorlton Place,2021,February,5,Thursday,04 Feb 2021,06:00,3,11,14,3,11,14,No Group
Manchester City Council - Chorlton,Chorlton Place,2021,February,5,Thursday,04 Feb 2021,07:00,21,37,58,21,37,58,No Group
Manchester City Council - Chorlton,Chorlton Place,2021,February,5,Thursday,04 Feb 2021,08:00,35,58,93,35,58,93,No Group
Manchester City Council - Chorlton,Chorlton Place,2021,February,5,Thursday,04 Feb 2021,09:00,23,31,54,23,31,54,No Group
Manchester City Council - Chorlton,Chorlton Place,2021,February,5,Thursday,04 Feb 2021,10:00,69,62,131,69,62,131,No Group
Manchester City Council - Chorlton,Chorlton Place,2021,February,5,Thursday,04 Feb 2021,11:00,99,115,214,99,115,214,No Group
Manchester City Council - Chorlton,Chorlton Place,2021,February,5,Thursday,04 Feb 2021,12:00,114,121,235,114,121,235,No Group
Manchester City Council - Chorlton,Chorlton Place,2021,February,5,Thursday,04 Feb 2021,13:00,105,123,228,105,123,228,No Group
Manchester City Council - Chorlton,Chorlton Place,2021,February,5,Thursday,04 Feb 2021,14:00,118,102,220,118,102,220,No Group
Manchester City Council - Chorlton,Chorlton Place,2021,February,5,Thursday,04 Feb 2021,15:00,96,105,201,96,105,201,No Group
Manchester City Council - Chorlton,Chorlton Place,2021,February,5,Thursday,04 Feb 2021,16:00,78,88,166,78,88,166,No Group
Manchester City Council - Chorlton,Chorlton Place,2021,February,5,Thursday,04 Feb 2021,17:00,69,76,145,69,76,145,No Group
Manchester City Council - Chorlton,Chorlton Place,2021,February,5,Thursday,04 Feb 2021,18:00,41,43,84,41,43,84,No Group
Manchester City Council - Chorlton,Chorlton Place,2021,February,5,Thursday,04 Feb 2021,19:00,22,32,54,22,32,54,No Group
Manchester City Council - Chorlton,Chorlton Place,2021,February,5,Thursday,04 Feb 2021,20:00,15,16,31,15,16,31,No Group
Manchester City Council - Chorlton,Chorlton Place,2021,February,5,Thursday,04 Feb 2021,21:00,8,11,19,8,11,19,No Group
Manchester City Council - Chorlton,Chorlton Place,2021,February,5,Thursday,04 Feb 2021,22:00,6,12,18,6,12,18,No Group
Manchester City Council - Chorlton,Chorlton Place,2021,February,5,Thursday,04 Feb 2021,23:00,6,2,8,6,2,8,No Group
Manchester City Council - Chorlton,Chorlton Place,2021,February,5,Friday,05 Feb 2021,00:00,0,0,0,0,0,0,No Group
Manchester City Council - Chorlton,Chorlton Place,2021,February,5,Friday,05 Feb 2021,01:00,0,0,0,0,0,0,No Group
Manchester City Council - Chorlton,Chorlton Place,2021,February,5,Friday,05 Feb 2021,02:00,1,2,3,1,2,3,No Group
Manchester City Council - Chorlton,Chorlton Place,2021,February,5,Friday,05 Feb 2021,03:00,0,0,0,0,0,0,No Group
Manchester City Council - Chorlton,Chorlton Place,2021,February,5,Friday,05 Feb 2021,04:00,0,2,2,0,2,2,No Group
Manchester City Council - Chorlton,Chorlton Place,2021,February,5,Friday,05 Feb 2021,05:00,0,4,4,0,4,4,No Group
Manchester City Council - Chorlton,Chorlton Place,2021,February,5,Friday,05 Feb 2021,06:00,9,15,24,9,15,24,No Group
Manchester City Council - Chorlton,Chorlton Place,2021,February,5,Friday,05 Feb 2021,07:00,9,26,35,9,26,35,No Group
Manchester City Council - Chorlton,Chorlton Place,2021,February,5,Friday,05 Feb 2021,08:00,47,60,107,47,60,107,No Group
Manchester City Council - Chorlton,Chorlton Place,2021,February,5,Friday,05 Feb 2021,09:00,66,94,160,66,94,160,No Group
Manchester City Council - Chorlton,Chorlton Place,2021,February,5,Friday,05 Feb 2021,10:00,92,95,187,92,95,187,No Group
Manchester City Council - Chorlton,Chorlton Place,2021,February,5,Friday,05 Feb 2021,11:00,152,157,309,152,157,309,No Group
Manchester City Council - Chorlton,Chorlton Place,2021,February,5,Friday,05 Feb 2021,12:00,142,179,321,142,179,321,No Group
Manchester City Council - Chorlton,Chorlton Place,2021,February,5,Friday,05 Feb 2021,13:00,142,159,301,142,159,301,No Group
Manchester City Council - Chorlton,Chorlton Place,2021,February,5,Friday,05 Feb 2021,14:00,134,141,275,134,141,275,No Group
Manchester City Council - Chorlton,Chorlton Place,2021,February,5,Friday,05 Feb 2021,15:00,125,125,250,125,125,250,No Group
Manchester City Council - Chorlton,Chorlton Place,2021,February,5,Friday,05 Feb 2021,16:00,79,101,180,79,101,180,No Group
Manchester City Council - Chorlton,Chorlton Place,2021,February,5,Friday,05 Feb 2021,17:00,70,78,148,70,78,148,No Group
Manchester City Council - Chorlton,Chorlton Place,2021,February,5,Friday,05 Feb 2021,18:00,56,70,126,56,70,126,No Group
Manchester City Council - Chorlton,Chorlton Place,2021,February,5,Friday,05 Feb 2021,19:00,52,57,109,52,57,109,No Group
Manchester City Council - Chorlton,Chorlton Place,2021,February,5,Friday,05 Feb 2021,20:00,25,38,63,25,38,63,No Group
Manchester City Council - Chorlton,Chorlton Place,2021,February,5,Friday,05 Feb 2021,21:00,6,12,18,6,12,18,No Group
Manchester City Council - Chorlton,Chorlton Place,2021,February,5,Friday,05 Feb 2021,22:00,11,8,19,11,8,19,No Group
Manchester City Council - Chorlton,Chorlton Place,2021,February,5,Friday,05 Feb 2021,23:00,6,12,18,6,12,18,No Group
Manchester City Council - Chorlton,Chorlton Place,2021,February,5,Saturday,06 Feb 2021,00:00,2,2,4,2,2,4,No Group
Manchester City Council - Chorlton,Chorlton Place,2021,February,5,Saturday,06 Feb 2021,01:00,1,2,3,1,2,3,No Group
Manchester City Council - Chorlton,Chorlton Place,2021,February,5,Saturday,06 Feb 2021,02:00,0,1,1,0,1,1,No Group
Manchester City Council - Chorlton,Chorlton Place,2021,February,5,Saturday,06 Feb 2021,03:00,0,0,0,0,0,0,No Group
Manchester City Council - Chorlton,Chorlton Place,2021,February,5,Saturday,06 Feb 2021,04:00,1,3,4,1,3,4,No Group
Manchester City Council - Chorlton,Chorlton Place,2021,February,5,Saturday,06 Feb 2021,05:00,1,3,4,1,3,4,No Group
Manchester City Council - Chorlton,Chorlton Place,2021,February,5,Saturday,06 Feb 2021,06:00,1,3,4,1,3,4,No Group
Manchester City Council - Chorlton,Chorlton Place,2021,February,5,Saturday,06 Feb 2021,07:00,15,22,37,15,22,37,No Group
Manchester City Council - Chorlton,Chorlton Place,2021,February,5,Saturday,06 Feb 2021,08:00,36,37,73,36,37,73,No Group
Manchester City Council - Chorlton,Chorlton Place,2021,February,5,Saturday,06 Feb 2021,09:00,102,104,206,102,104,206,No Group
Manchester City Council - Chorlton,Chorlton Place,2021,February,5,Saturday,06 Feb 2021,10:00,124,136,260,124,136,260,No Group
Manchester City Council - Chorlton,Chorlton Place,2021,February,5,Saturday,06 Feb 2021,11:00,157,170,327,157,170,327,No Group
Manchester City Council - Chorlton,Chorlton Place,2021,February,5,Saturday,06 Feb 2021,12:00,198,185,383,198,185,383,No Group
Manchester City Council - Chorlton,Chorlton Place,2021,February,5,Saturday,06 Feb 2021,13:00,233,266,499,233,266,499,No Group
Manchester City Council - Chorlton,Chorlton Place,2021,February,5,Saturday,06 Feb 2021,14:00,214,200,414,214,200,414,No Group
Manchester City Council - Chorlton,Chorlton Place,2021,February,5,Saturday,06 Feb 2021,15:00,215,231,446,215,231,446,No Group
Manchester City Council - Chorlton,Chorlton Place,2021,February,5,Saturday,06 Feb 2021,16:00,121,160,281,121,160,281,No Group
Manchester City Council - Chorlton,Chorlton Place,2021,February,5,Saturday,06 Feb 2021,17:00,48,58,106,48,58,106,No Group
Manchester City Council - Chorlton,Chorlton Place,2021,February,5,Saturday,06 Feb 2021,18:00,26,56,82,26,56,82,No Group
Manchester City Council - Chorlton,Chorlton Place,2021,February,5,Saturday,06 Feb 2021,19:00,21,24,45,21,24,45,No Group
Manchester City Council - Chorlton,Chorlton Place,2021,February,5,Saturday,06 Feb 2021,20:00,9,15,24,9,15,24,No Group
Manchester City Council - Chorlton,Chorlton Place,2021,February,5,Saturday,06 Feb 2021,21:00,6,8,14,6,8,14,No Group
Manchester City Council - Chorlton,Chorlton Place,2021,February,5,Saturday,06 Feb 2021,22:00,6,3,9,6,3,9,No Group
Manchester City Council - Chorlton,Chorlton Place,2021,February,5,Saturday,06 Feb 2021,23:00,12,13,25,12,13,25,No Group
Manchester City Council - Chorlton,Chorlton Place,2021,February,5,Sunday,07 Feb 2021,00:00,2,2,4,2,2,4,No Group
Manchester City Council - Chorlton,Chorlton Place,2021,February,5,Sunday,07 Feb 2021,01:00,0,1,1,0,1,1,No Group
Manchester City Council - Chorlton,Chorlton Place,2021,February,5,Sunday,07 Feb 2021,02:00,0,0,0,0,0,0,No Group
Manchester City Council - Chorlton,Chorlton Place,2021,February,5,Sunday,07 Feb 2021,03:00,1,0,1,1,0,1,No Group
Manchester City Council - Chorlton,Chorlton Place,2021,February,5,Sunday,07 Feb 2021,04:00,1,0,1,1,0,1,No Group
Manchester City Council - Chorlton,Chorlton Place,2021,February,5,Sunday,07 Feb 2021,05:00,0,1,1,0,1,1,No Group
Manchester City Council - Chorlton,Chorlton Place,2021,February,5,Sunday,07 Feb 2021,06:00,3,1,4,3,1,4,No Group
Manchester City Council - Chorlton,Chorlton Place,2021,February,5,Sunday,07 Feb 2021,07:00,2,3,5,2,3,5,No Group
Manchester City Council - Chorlton,Chorlton Place,2021,February,5,Sunday,07 Feb 2021,08:00,22,25,47,22,25,47,No Group
Manchester City Council - Chorlton,Chorlton Place,2021,February,5,Sunday,07 Feb 2021,09:00,21,27,48,21,27,48,No Group
Manchester City Council - Chorlton,Chorlton Place,2021,February,5,Sunday,07 Feb 2021,10:00,38,46,84,38,46,84,No Group
Manchester City Council - Chorlton,Chorlton Place,2021,February,5,Sunday,07 Feb 2021,11:00,64,81,145,64,81,145,No Group
Manchester City Council - Chorlton,Chorlton Place,2021,February,5,Sunday,07 Feb 2021,12:00,88,79,167,88,79,167,No Group
Manchester City Council - Chorlton,Chorlton Place,2021,February,5,Sunday,07 Feb 2021,13:00,95,94,189,95,94,189,No Group
Manchester City Council - Chorlton,Chorlton Place,2021,February,5,Sunday,07 Feb 2021,14:00,99,109,208,99,109,208,No Group
Manchester City Council - Chorlton,Chorlton Place,2021,February,5,Sunday,07 Feb 2021,15:00,87,101,188,87,101,188,No Group
Manchester City Council - Chorlton,Chorlton Place,2021,February,5,Sunday,07 Feb 2021,16:00,49,39,88,49,39,88,No Group
Manchester City Council - Chorlton,Chorlton Place,2021,February,5,Sunday,07 Feb 2021,17:00,21,31,52,21,31,52,No Group
Manchester City Council - Chorlton,Chorlton Place,2021,February,5,Sunday,07 Feb 2021,18:00,20,16,36,20,16,36,No Group
Manchester City Council - Chorlton,Chorlton Place,2021,February,5,Sunday,07 Feb 2021,19:00,10,11,21,10,11,21,No Group
Manchester City Council - Chorlton,Chorlton Place,2021,February,5,Sunday,07 Feb 2021,20:00,3,10,13,3,10,13,No Group
Manchester City Council - Chorlton,Chorlton Place,2021,February,5,Sunday,07 Feb 2021,21:00,3,7,10,3,7,10,No Group
Manchester City Council - Chorlton,Chorlton Place,2021,February,5,Sunday,07 Feb 2021,22:00,4,3,7,4,3,7,No Group
Manchester City Council - Chorlton,Chorlton Place,2021,February,5,Sunday,07 Feb 2021,23:00,2,2,4,2,2,4,No Group
Manchester City Council - Chorlton,Chorlton Place,2021,February,6,Monday,08 Feb 2021,00:00,2,2,4,2,2,4,No Group
Manchester City Council - Chorlton,Chorlton Place,2021,February,6,Monday,08 Feb 2021,01:00,0,0,0,0,0,0,No Group
Manchester City Council - Chorlton,Chorlton Place,2021,February,6,Monday,08 Feb 2021,02:00,0,0,0,0,0,0,No Group
Manchester City Council - Chorlton,Chorlton Place,2021,February,6,Monday,08 Feb 2021,03:00,2,1,3,2,1,3,No Group
Manchester City Council - Chorlton,Chorlton Place,2021,February,6,Monday,08 Feb 2021,04:00,5,6,11,5,6,11,No Group
Manchester City Council - Chorlton,Chorlton Place,2021,February,6,Monday,08 Feb 2021,05:00,0,3,3,0,3,3,No Group
Manchester City Council - Chorlton,Chorlton Place,2021,February,6,Monday,08 Feb 2021,06:00,8,15,23,8,15,23,No Group
Manchester City Council - Chorlton,Chorlton Place,2021,February,6,Monday,08 Feb 2021,07:00,10,18,28,10,18,28,No Group
Manchester City Council - Chorlton,Chorlton Place,2021,February,6,Monday,08 Feb 2021,08:00,33,41,74,33,41,74,No Group
Manchester City Council - Chorlton,Chorlton Place,2021,February,6,Monday,08 Feb 2021,09:00,33,61,94,33,61,94,No Group
Manchester City Council - Chorlton,Chorlton Place,2021,February,6,Monday,08 Feb 2021,10:00,82,67,149,82,67,149,No Group
Manchester City Council - Chorlton,Chorlton Place,2021,February,6,Monday,08 Feb 2021,11:00,91,99,190,91,99,190,No Group
Manchester City Council - Chorlton,Chorlton Place,2021,February,6,Monday,08 Feb 2021,12:00,93,96,189,93,96,189,No Group
Manchester City Council - Chorlton,Chorlton Place,2021,February,6,Monday,08 Feb 2021,13:00,93,102,195,93,102,195,No Group
Manchester City Council - Chorlton,Chorlton Place,2021,February,6,Monday,08 Feb 2021,14:00,95,86,181,95,86,181,No Group
Manchester City Council - Chorlton,Chorlton Place,2021,February,6,Monday,08 Feb 2021,15:00,77,94,171,77,94,171,No Group
Manchester City Council - Chorlton,Chorlton Place,2021,February,6,Monday,08 Feb 2021,16:00,79,84,163,79,84,163,No Group
Manchester City Council - Chorlton,Chorlton Place,2021,February,6,Monday,08 Feb 2021,17:00,62,82,144,62,82,144,No Group
Manchester City Council - Chorlton,Chorlton Place,2021,February,6,Monday,08 Feb 2021,18:00,35,31,66,35,31,66,No Group
Manchester City Council - Chorlton,Chorlton Place,2021,February,6,Monday,08 Feb 2021,19:00,25,40,65,25,40,65,No Group
Manchester City Council - Chorlton,Chorlton Place,2021,February,6,Monday,08 Feb 2021,20:00,22,18,40,22,18,40,No Group
Manchester City Council - Chorlton,Chorlton Place,2021,February,6,Monday,08 Feb 2021,21:00,7,9,16,7,9,16,No Group
Manchester City Council - Chorlton,Chorlton Place,2021,February,6,Monday,08 Feb 2021,22:00,2,11,13,2,11,13,No Group
Manchester City Council - Chorlton,Chorlton Place,2021,February,6,Monday,08 Feb 2021,23:00,4,6,10,4,6,10,No Group
Manchester City Council - Chorlton,Chorlton Place,2021,February,6,Tuesday,09 Feb 2021,00:00,3,0,3,3,0,3,No Group
Manchester City Council - Chorlton,Chorlton Place,2021,February,6,Tuesday,09 Feb 2021,01:00,0,0,0,0,0,0,No Group
Manchester City Council - Chorlton,Chorlton Place,2021,February,6,Tuesday,09 Feb 2021,02:00,0,0,0,0,0,0,No Group
Manchester City Council - Chorlton,Chorlton Place,2021,February,6,Tuesday,09 Feb 2021,03:00,1,0,1,1,0,1,No Group
Manchester City Council - Chorlton,Chorlton Place,2021,February,6,Tuesday,09 Feb 2021,04:00,0,0,0,0,0,0,No Group
Manchester City Council - Chorlton,Chorlton Place,2021,February,6,Tuesday,09 Feb 2021,05:00,1,2,3,1,2,3,No Group
Manchester City Council - Chorlton,Chorlton Place,2021,February,6,Tuesday,09 Feb 2021,06:00,4,13,17,4,13,17,No Group
Manchester City Council - Chorlton,Chorlton Place,2021,February,6,Tuesday,09 Feb 2021,07:00,11,24,35,11,24,35,No Group
Manchester City Council - Chorlton,Chorlton Place,2021,February,6,Tuesday,09 Feb 2021,08:00,33,45,78,33,45,78,No Group
Manchester City Council - Chorlton,Chorlton Place,2021,February,6,Tuesday,09 Feb 2021,09:00,44,67,111,44,67,111,No Group
Manchester City Council - Chorlton,Chorlton Place,2021,February,6,Tuesday,09 Feb 2021,10:00,55,60,115,55,60,115,No Group
Manchester City Council - Chorlton,Chorlton Place,2021,February,6,Tuesday,09 Feb 2021,11:00,79,85,164,79,85,164,No Group
Manchester City Council - Chorlton,Chorlton Place,2021,February,6,Tuesday,09 Feb 2021,12:00,94,113,207,94,113,207,No Group
Manchester City Council - Chorlton,Chorlton Place,2021,February,6,Tuesday,09 Feb 2021,13:00,117,115,232,117,115,232,No Group
Manchester City Council - Chorlton,Chorlton Place,2021,February,6,Tuesday,09 Feb 2021,14:00,102,99,201,102,99,201,No Group
Manchester City Council - Chorlton,Chorlton Place,2021,February,6,Tuesday,09 Feb 2021,15:00,95,101,196,95,101,196,No Group
Manchester City Council - Chorlton,Chorlton Place,2021,February,6,Tuesday,09 Feb 2021,16:00,90,82,172,90,82,172,No Group
Manchester City Council - Chorlton,Chorlton Place,2021,February,6,Tuesday,09 Feb 2021,17:00,68,48,116,68,48,116,No Group
Manchester City Council - Chorlton,Chorlton Place,2021,February,6,Tuesday,09 Feb 2021,18:00,52,56,108,52,56,108,No Group
Manchester City Council - Chorlton,Chorlton Place,2021,February,6,Tuesday,09 Feb 2021,19:00,25,26,51,25,26,51,No Group
Manchester City Council - Chorlton,Chorlton Place,2021,February,6,Tuesday,09 Feb 2021,20:00,14,30,44,14,30,44,No Group
Manchester City Council - Chorlton,Chorlton Place,2021,February,6,Tuesday,09 Feb 2021,21:00,6,8,14,6,8,14,No Group
Manchester City Council - Chorlton,Chorlton Place,2021,February,6,Tuesday,09 Feb 2021,22:00,9,4,13,9,4,13,No Group
Manchester City Council - Chorlton,Chorlton Place,2021,February,6,Tuesday,09 Feb 2021,23:00,7,5,12,7,5,12,No Group
Manchester City Council - Chorlton,Chorlton Place,2021,February,6,Wednesday,10 Feb 2021,00:00,2,3,5,2,3,5,No Group
Manchester City Council - Chorlton,Chorlton Place,2021,February,6,Wednesday,10 Feb 2021,01:00,0,1,1,0,1,1,No Group
Manchester City Council - Chorlton,Chorlton Place,2021,February,6,Wednesday,10 Feb 2021,02:00,0,0,0,0,0,0,No Group
Manchester City Council - Chorlton,Chorlton Place,2021,February,6,Wednesday,10 Feb 2021,03:00,0,0,0,0,0,0,No Group
Manchester City Council - Chorlton,Chorlton Place,2021,February,6,Wednesday,10 Feb 2021,04:00,0,0,0,0,0,0,No Group
Manchester City Council - Chorlton,Chorlton Place,2021,February,6,Wednesday,10 Feb 2021,05:00,0,2,2,0,2,2,No Group
Manchester City Council - Chorlton,Chorlton Place,2021,February,6,Wednesday,10 Feb 2021,06:00,4,7,11,4,7,11,No Group
Manchester City Council - Chorlton,Chorlton Place,2021,February,6,Wednesday,10 Feb 2021,07:00,12,19,31,12,19,31,No Group
Manchester City Council - Chorlton,Chorlton Place,2021,February,6,Wednesday,10 Feb 2021,08:00,32,52,84,32,52,84,No Group
Manchester City Council - Chorlton,Chorlton Place,2021,February,6,Wednesday,10 Feb 2021,09:00,66,80,146,66,80,146,No Group
Manchester City Council - Chorlton,Chorlton Place,2021,February,6,Wednesday,10 Feb 2021,10:00,80,61,141,80,61,141,No Group
Manchester City Council - Chorlton,Chorlton Place,2021,February,6,Wednesday,10 Feb 2021,11:00,87,75,162,87,75,162,No Group
Manchester City Council - Chorlton,Chorlton Place,2021,February,6,Wednesday,10 Feb 2021,12:00,98,85,183,98,85,183,No Group
Manchester City Council - Chorlton,Chorlton Place,2021,February,6,Wednesday,10 Feb 2021,13:00,134,131,265,134,131,265,No Group
Manchester City Council - Chorlton,Chorlton Place,2021,February,6,Wednesday,10 Feb 2021,14:00,104,118,222,104,118,222,No Group
Manchester City Council - Chorlton,Chorlton Place,2021,February,6,Wednesday,10 Feb 2021,15:00,98,100,198,98,100,198,No Group
Manchester City Council - Chorlton,Chorlton Place,2021,February,6,Wednesday,10 Feb 2021,16:00,63,72,135,63,72,135,No Group
Manchester City Council - Chorlton,Chorlton Place,2021,February,6,Wednesday,10 Feb 2021,17:00,53,54,107,53,54,107,No Group
Manchester City Council - Chorlton,Chorlton Place,2021,February,6,Wednesday,10 Feb 2021,18:00,38,40,78,38,40,78,No Group
Manchester City Council - Chorlton,Chorlton Place,2021,February,6,Wednesday,10 Feb 2021,19:00,25,24,49,25,24,49,No Group
Manchester City Council - Chorlton,Chorlton Place,2021,February,6,Wednesday,10 Feb 2021,20:00,21,20,41,21,20,41,No Group
Manchester City Council - Chorlton,Chorlton Place,2021,February,6,Wednesday,10 Feb 2021,21:00,12,17,29,12,17,29,No Group
Manchester City Council - Chorlton,Chorlton Place,2021,February,6,Wednesday,10 Feb 2021,22:00,3,7,10,3,7,10,No Group
Manchester City Council - Chorlton,Chorlton Place,2021,February,6,Wednesday,10 Feb 2021,23:00,14,8,22,14,8,22,No Group
Manchester City Council - Chorlton,Chorlton Place,2021,February,6,Thursday,11 Feb 2021,00:00,0,0,0,0,0,0,No Group
Manchester City Council - Chorlton,Chorlton Place,2021,February,6,Thursday,11 Feb 2021,01:00,0,0,0,0,0,0,No Group
Manchester City Council - Chorlton,Chorlton Place,2021,February,6,Thursday,11 Feb 2021,02:00,1,0,1,1,0,1,No Group
Manchester City Council - Chorlton,Chorlton Place,2021,February,6,Thursday,11 Feb 2021,03:00,0,0,0,0,0,0,No Group
Manchester City Council - Chorlton,Chorlton Place,2021,February,6,Thursday,11 Feb 2021,04:00,1,0,1,1,0,1,No Group
Manchester City Council - Chorlton,Chorlton Place,2021,February,6,Thursday,11 Feb 2021,05:00,0,2,2,0,2,2,No Group
Manchester City Council - Chorlton,Chorlton Place,2021,February,6,Thursday,11 Feb 2021,06:00,5,11,16,5,11,16,No Group
Manchester City Council - Chorlton,Chorlton Place,2021,February,6,Thursday,11 Feb 2021,07:00,20,29,49,20,29,49,No Group
Manchester City Council - Chorlton,Chorlton Place,2021,February,6,Thursday,11 Feb 2021,08:00,37,54,91,37,54,91,No Group
Manchester City Council - Chorlton,Chorlton Place,2021,February,6,Thursday,11 Feb 2021,09:00,76,96,172,76,96,172,No Group
Manchester City Council - Chorlton,Chorlton Place,2021,February,6,Thursday,11 Feb 2021,10:00,75,72,147,75,72,147,No Group
Manchester City Council - Chorlton,Chorlton Place,2021,February,6,Thursday,11 Feb 2021,11:00,84,91,175,84,91,175,No Group
Manchester City Council - Chorlton,Chorlton Place,2021,February,6,Thursday,11 Feb 2021,12:00,108,121,229,108,121,229,No Group
Manchester City Council - Chorlton,Chorlton Place,2021,February,6,Thursday,11 Feb 2021,13:00,139,140,279,139,140,279,No Group
Manchester City Council - Chorlton,Chorlton Place,2021,February,6,Thursday,11 Feb 2021,14:00,121,123,244,121,123,244,No Group
Manchester City Council - Chorlton,Chorlton Place,2021,February,6,Thursday,11 Feb 2021,15:00,95,102,197,95,102,197,No Group
Manchester City Council - Chorlton,Chorlton Place,2021,February,6,Thursday,11 Feb 2021,16:00,86,86,172,86,86,172,No Group
Manchester City Council - Chorlton,Chorlton Place,2021,February,6,Thursday,11 Feb 2021,17:00,50,60,110,50,60,110,No Group
Manchester City Council - Chorlton,Chorlton Place,2021,February,6,Thursday,11 Feb 2021,18:00,39,47,86,39,47,86,No Group
Manchester City Council - Chorlton,Chorlton Place,2021,February,6,Thursday,11 Feb 2021,19:00,27,32,59,27,32,59,No Group
Manchester City Council - Chorlton,Chorlton Place,2021,February,6,Thursday,11 Feb 2021,20:00,11,18,29,11,18,29,No Group
Manchester City Council - Chorlton,Chorlton Place,2021,February,6,Thursday,11 Feb 2021,21:00,13,14,27,13,14,27,No Group
Manchester City Council - Chorlton,Chorlton Place,2021,February,6,Thursday,11 Feb 2021,22:00,5,7,12,5,7,12,No Group
Manchester City Council - Chorlton,Chorlton Place,2021,February,6,Thursday,11 Feb 2021,23:00,2,0,2,2,0,2,No Group
Manchester City Council - Chorlton,Chorlton Place,2021,February,6,Friday,12 Feb 2021,00:00,0,0,0,0,0,0,No Group
Manchester City Council - Chorlton,Chorlton Place,2021,February,6,Friday,12 Feb 2021,01:00,0,0,0,0,0,0,No Group
Manchester City Council - Chorlton,Chorlton Place,2021,February,6,Friday,12 Feb 2021,02:00,0,0,0,0,0,0,No Group
Manchester City Council - Chorlton,Chorlton Place,2021,February,6,Friday,12 Feb 2021,03:00,0,0,0,0,0,0,No Group
Manchester City Council - Chorlton,Chorlton Place,2021,February,6,Friday,12 Feb 2021,04:00,0,2,2,0,2,2,No Group
Manchester City Council - Chorlton,Chorlton Place,2021,February,6,Friday,12 Feb 2021,05:00,0,1,1,0,1,1,No Group
Manchester City Council - Chorlton,Chorlton Place,2021,February,6,Friday,12 Feb 2021,06:00,4,14,18,4,14,18,No Group
Manchester City Council - Chorlton,Chorlton Place,2021,February,6,Friday,12 Feb 2021,07:00,18,24,42,18,24,42,No Group
Manchester City Council - Chorlton,Chorlton Place,2021,February,6,Friday,12 Feb 2021,08:00,58,57,115,58,57,115,No Group
Manchester City Council - Chorlton,Chorlton Place,2021,February,6,Friday,12 Feb 2021,09:00,75,78,153,75,78,153,No Group
Manchester City Council - Chorlton,Chorlton Place,2021,February,6,Friday,12 Feb 2021,10:00,75,88,163,75,88,163,No Group
Manchester City Council - Chorlton,Chorlton Place,2021,February,6,Friday,12 Feb 2021,11:00,126,128,254,126,128,254,No Group
Manchester City Council - Chorlton,Chorlton Place,2021,February,6,Friday,12 Feb 2021,12:00,126,146,272,126,146,272,No Group
Manchester City Council - Chorlton,Chorlton Place,2021,February,6,Friday,12 Feb 2021,13:00,192,164,356,192,164,356,No Group
Manchester City Council - Chorlton,Chorlton Place,2021,February,6,Friday,12 Feb 2021,14:00,145,141,286,145,141,286,No Group
Manchester City Council - Chorlton,Chorlton Place,2021,February,6,Friday,12 Feb 2021,15:00,108,120,228,108,120,228,No Group
Manchester City Council - Chorlton,Chorlton Place,2021,February,6,Friday,12 Feb 2021,16:00,96,92,188,96,92,188,No Group
Manchester City Council - Chorlton,Chorlton Place,2021,February,6,Friday,12 Feb 2021,17:00,65,70,135,65,70,135,No Group
Manchester City Council - Chorlton,Chorlton Place,2021,February,6,Friday,12 Feb 2021,18:00,54,56,110,54,56,110,No Group
Manchester City Council - Chorlton,Chorlton Place,2021,February,6,Friday,12 Feb 2021,19:00,35,33,68,35,33,68,No Group
Manchester City Council - Chorlton,Chorlton Place,2021,February,6,Friday,12 Feb 2021,20:00,24,19,43,24,19,43,No Group
Manchester City Council - Chorlton,Chorlton Place,2021,February,6,Friday,12 Feb 2021,21:00,11,11,22,11,11,22,No Group
Manchester City Council - Chorlton,Chorlton Place,2021,February,6,Friday,12 Feb 2021,22:00,4,4,8,4,4,8,No Group
Manchester City Council - Chorlton,Chorlton Place,2021,February,6,Friday,12 Feb 2021,23:00,8,1,9,8,1,9,No Group
Manchester City Council - Chorlton,Chorlton Place,2021,February,6,Saturday,13 Feb 2021,00:00,3,0,3,3,0,3,No Group
Manchester City Council - Chorlton,Chorlton Place,2021,February,6,Saturday,13 Feb 2021,01:00,0,3,3,0,3,3,No Group
Manchester City Council - Chorlton,Chorlton Place,2021,February,6,Saturday,13 Feb 2021,02:00,1,2,3,1,2,3,No Group
Manchester City Council - Chorlton,Chorlton Place,2021,February,6,Saturday,13 Feb 2021,03:00,1,1,2,1,1,2,No Group
Manchester City Council - Chorlton,Chorlton Place,2021,February,6,Saturday,13 Feb 2021,04:00,1,1,2,1,1,2,No Group
Manchester City Council - Chorlton,Chorlton Place,2021,February,6,Saturday,13 Feb 2021,05:00,1,2,3,1,2,3,No Group
Manchester City Council - Chorlton,Chorlton Place,2021,February,6,Saturday,13 Feb 2021,06:00,4,6,10,4,6,10,No Group
Manchester City Council - Chorlton,Chorlton Place,2021,February,6,Saturday,13 Feb 2021,07:00,8,9,17,8,9,17,No Group
Manchester City Council - Chorlton,Chorlton Place,2021,February,6,Saturday,13 Feb 2021,08:00,32,36,68,32,36,68,No Group
Manchester City Council - Chorlton,Chorlton Place,2021,February,6,Saturday,13 Feb 2021,09:00,99,112,211,99,112,211,No Group
Manchester City Council - Chorlton,Chorlton Place,2021,February,6,Saturday,13 Feb 2021,10:00,127,125,252,127,125,252,No Group
Manchester City Council - Chorlton,Chorlton Place,2021,February,6,Saturday,13 Feb 2021,11:00,189,168,357,189,168,357,No Group
Manchester City Council - Chorlton,Chorlton Place,2021,February,6,Saturday,13 Feb 2021,12:00,274,232,506,274,232,506,No Group
Manchester City Council - Chorlton,Chorlton Place,2021,February,6,Saturday,13 Feb 2021,13:00,218,225,443,218,225,443,No Group
Manchester City Council - Chorlton,Chorlton Place,2021,February,6,Saturday,13 Feb 2021,14:00,215,190,405,215,190,405,No Group
Manchester City Council - Chorlton,Chorlton Place,2021,February,6,Saturday,13 Feb 2021,15:00,178,180,358,178,180,358,No Group
Manchester City Council - Chorlton,Chorlton Place,2021,February,6,Saturday,13 Feb 2021,16:00,122,120,242,122,120,242,No Group
Manchester City Council - Chorlton,Chorlton Place,2021,February,6,Saturday,13 Feb 2021,17:00,70,55,125,70,55,125,No Group
Manchester City Council - Chorlton,Chorlton Place,2021,February,6,Saturday,13 Feb 2021,18:00,34,41,75,34,41,75,No Group
Manchester City Council - Chorlton,Chorlton Place,2021,February,6,Saturday,13 Feb 2021,19:00,29,28,57,29,28,57,No Group
Manchester City Council - Chorlton,Chorlton Place,2021,February,6,Saturday,13 Feb 2021,20:00,14,23,37,14,23,37,No Group
Manchester City Council - Chorlton,Chorlton Place,2021,February,6,Saturday,13 Feb 2021,21:00,20,25,45,20,25,45,No Group
Manchester City Council - Chorlton,Chorlton Place,2021,February,6,Saturday,13 Feb 2021,22:00,10,2,12,10,2,12,No Group
Manchester City Council - Chorlton,Chorlton Place,2021,February,6,Saturday,13 Feb 2021,23:00,9,6,15,9,6,15,No Group
Manchester City Council - Chorlton,Chorlton Place,2021,February,6,Sunday,14 Feb 2021,00:00,1,1,2,1,1,2,No Group
Manchester City Council - Chorlton,Chorlton Place,2021,February,6,Sunday,14 Feb 2021,01:00,0,0,0,0,0,0,No Group
Manchester City Council - Chorlton,Chorlton Place,2021,February,6,Sunday,14 Feb 2021,02:00,2,4,6,2,4,6,No Group
Manchester City Council - Chorlton,Chorlton Place,2021,February,6,Sunday,14 Feb 2021,03:00,0,1,1,0,1,1,No Group
Manchester City Council - Chorlton,Chorlton Place,2021,February,6,Sunday,14 Feb 2021,04:00,2,0,2,2,0,2,No Group
Manchester City Council - Chorlton,Chorlton Place,2021,February,6,Sunday,14 Feb 2021,05:00,0,0,0,0,0,0,No Group
Manchester City Council - Chorlton,Chorlton Place,2021,February,6,Sunday,14 Feb 2021,06:00,2,4,6,2,4,6,No Group
Manchester City Council - Chorlton,Chorlton Place,2021,February,6,Sunday,14 Feb 2021,07:00,7,6,13,7,6,13,No Group
Manchester City Council - Chorlton,Chorlton Place,2021,February,6,Sunday,14 Feb 2021,08:00,17,17,34,17,17,34,No Group
Manchester City Council - Chorlton,Chorlton Place,2021,February,6,Sunday,14 Feb 2021,09:00,29,25,54,29,25,54,No Group
Manchester City Council - Chorlton,Chorlton Place,2021,February,6,Sunday,14 Feb 2021,10:00,48,41,89,48,41,89,No Group
Manchester City Council - Chorlton,Chorlton Place,2021,February,6,Sunday,14 Feb 2021,11:00,73,55,128,73,55,128,No Group
Manchester City Council - Chorlton,Chorlton Place,2021,February,6,Sunday,14 Feb 2021,12:00,86,70,156,86,70,156,No Group
Manchester City Council - Chorlton,Chorlton Place,2021,February,6,Sunday,14 Feb 2021,13:00,74,65,139,74,65,139,No Group
Manchester City Council - Chorlton,Chorlton Place,2021,February,6,Sunday,14 Feb 2021,14:00,73,92,165,73,92,165,No Group
Manchester City Council - Chorlton,Chorlton Place,2021,February,6,Sunday,14 Feb 2021,15:00,54,61,115,54,61,115,No Group
Manchester City Council - Chorlton,Chorlton Place,2021,February,6,Sunday,14 Feb 2021,16:00,58,57,115,58,57,115,No Group
Manchester City Council - Chorlton,Chorlton Place,2021,February,6,Sunday,14 Feb 2021,17:00,8,26,34,8,26,34,No Group
Manchester City Council - Chorlton,Chorlton Place,2021,February,6,Sunday,14 Feb 2021,18:00,18,39,57,18,39,57,No Group
Manchester City Council - Chorlton,Chorlton Place,2021,February,6,Sunday,14 Feb 2021,19:00,12,14,26,12,14,26,No Group
Manchester City Council - Chorlton,Chorlton Place,2021,February,6,Sunday,14 Feb 2021,20:00,5,9,14,5,9,14,No Group
Manchester City Council - Chorlton,Chorlton Place,2021,February,6,Sunday,14 Feb 2021,21:00,8,9,17,8,9,17,No Group
Manchester City Council - Chorlton,Chorlton Place,2021,February,6,Sunday,14 Feb 2021,22:00,4,4,8,4,4,8,No Group
Manchester City Council - Chorlton,Chorlton Place,2021,February,6,Sunday,14 Feb 2021,23:00,4,3,7,4,3,7,No Group
Manchester City Council - Chorlton,Chorlton Place,2021,February,7,Monday,15 Feb 2021,00:00,0,2,2,0,2,2,No Group
Manchester City Council - Chorlton,Chorlton Place,2021,February,7,Monday,15 Feb 2021,01:00,0,0,0,0,0,0,No Group
Manchester City Council - Chorlton,Chorlton Place,2021,February,7,Monday,15 Feb 2021,02:00,0,0,0,0,0,0,No Group
Manchester City Council - Chorlton,Chorlton Place,2021,February,7,Monday,15 Feb 2021,03:00,0,0,0,0,0,0,No Group
Manchester City Council - Chorlton,Chorlton Place,2021,February,7,Monday,15 Feb 2021,04:00,4,5,9,4,5,9,No Group
Manchester City Council - Chorlton,Chorlton Place,2021,February,7,Monday,15 Feb 2021,05:00,0,2,2,0,2,2,No Group
Manchester City Council - Chorlton,Chorlton Place,2021,February,7,Monday,15 Feb 2021,06:00,2,14,16,2,14,16,No Group
Manchester City Council - Chorlton,Chorlton Place,2021,February,7,Monday,15 Feb 2021,07:00,9,24,33,9,24,33,No Group
Manchester City Council - Chorlton,Chorlton Place,2021,February,7,Monday,15 Feb 2021,08:00,22,36,58,22,36,58,No Group
Manchester City Council - Chorlton,Chorlton Place,2021,February,7,Monday,15 Feb 2021,09:00,41,61,102,41,61,102,No Group
Manchester City Council - Chorlton,Chorlton Place,2021,February,7,Monday,15 Feb 2021,10:00,87,95,182,87,95,182,No Group
Manchester City Council - Chorlton,Chorlton Place,2021,February,7,Monday,15 Feb 2021,11:00,90,90,180,90,90,180,No Group
Manchester City Council - Chorlton,Chorlton Place,2021,February,7,Monday,15 Feb 2021,12:00,96,99,195,96,99,195,No Group
Manchester City Council - Chorlton,Chorlton Place,2021,February,7,Monday,15 Feb 2021,13:00,127,111,238,127,111,238,No Group
Manchester City Council - Chorlton,Chorlton Place,2021,February,7,Monday,15 Feb 2021,14:00,113,110,223,113,110,223,No Group
Manchester City Council - Chorlton,Chorlton Place,2021,February,7,Monday,15 Feb 2021,15:00,115,92,207,115,92,207,No Group
Manchester City Council - Chorlton,Chorlton Place,2021,February,7,Monday,15 Feb 2021,16:00,69,74,143,69,74,143,No Group
Manchester City Council - Chorlton,Chorlton Place,2021,February,7,Monday,15 Feb 2021,17:00,86,76,162,86,76,162,No Group
Manchester City Council - Chorlton,Chorlton Place,2021,February,7,Monday,15 Feb 2021,18:00,45,48,93,45,48,93,No Group
Manchester City Council - Chorlton,Chorlton Place,2021,February,7,Monday,15 Feb 2021,19:00,22,25,47,22,25,47,No Group
Manchester City Council - Chorlton,Chorlton Place,2021,February,7,Monday,15 Feb 2021,20:00,15,20,35,15,20,35,No Group
Manchester City Council - Chorlton,Chorlton Place,2021,February,7,Monday,15 Feb 2021,21:00,8,10,18,8,10,18,No Group
Manchester City Council - Chorlton,Chorlton Place,2021,February,7,Monday,15 Feb 2021,22:00,11,8,19,11,8,19,No Group
Manchester City Council - Chorlton,Chorlton Place,2021,February,7,Monday,15 Feb 2021,23:00,5,1,6,5,1,6,No Group
Manchester City Council - Chorlton,Chorlton Place,2021,February,7,Tuesday,16 Feb 2021,00:00,4,1,5,4,1,5,No Group
Manchester City Council - Chorlton,Chorlton Place,2021,February,7,Tuesday,16 Feb 2021,01:00,0,0,0,0,0,0,No Group
Manchester City Council - Chorlton,Chorlton Place,2021,February,7,Tuesday,16 Feb 2021,02:00,4,12,16,4,12,16,No Group
Manchester City Council - Chorlton,Chorlton Place,2021,February,7,Tuesday,16 Feb 2021,03:00,0,0,0,0,0,0,No Group
Manchester City Council - Chorlton,Chorlton Place,2021,February,7,Tuesday,16 Feb 2021,04:00,1,4,5,1,4,5,No Group
Manchester City Council - Chorlton,Chorlton Place,2021,February,7,Tuesday,16 Feb 2021,05:00,2,4,6,2,4,6,No Group
Manchester City Council - Chorlton,Chorlton Place,2021,February,7,Tuesday,16 Feb 2021,06:00,4,14,18,4,14,18,No Group
Manchester City Council - Chorlton,Chorlton Place,2021,February,7,Tuesday,16 Feb 2021,07:00,14,35,49,14,35,49,No Group
Manchester City Council - Chorlton,Chorlton Place,2021,February,7,Tuesday,16 Feb 2021,08:00,26,52,78,26,52,78,No Group
Manchester City Council - Chorlton,Chorlton Place,2021,February,7,Tuesday,16 Feb 2021,09:00,49,65,114,49,65,114,No Group
Manchester City Council - Chorlton,Chorlton Place,2021,February,7,Tuesday,16 Feb 2021,10:00,69,80,149,69,80,149,No Group
Manchester City Council - Chorlton,Chorlton Place,2021,February,7,Tuesday,16 Feb 2021,11:00,111,132,243,111,132,243,No Group
Manchester City Council - Chorlton,Chorlton Place,2021,February,7,Tuesday,16 Feb 2021,12:00,120,143,263,120,143,263,No Group
Manchester City Council - Chorlton,Chorlton Place,2021,February,7,Tuesday,16 Feb 2021,13:00,126,128,254,126,128,254,No Group
Manchester City Council - Chorlton,Chorlton Place,2021,February,7,Tuesday,16 Feb 2021,14:00,139,135,274,139,135,274,No Group
Manchester City Council - Chorlton,Chorlton Place,2021,February,7,Tuesday,16 Feb 2021,15:00,100,117,217,100,117,217,No Group
Manchester City Council - Chorlton,Chorlton Place,2021,February,7,Tuesday,16 Feb 2021,16:00,75,74,149,75,74,149,No Group
Manchester City Council - Chorlton,Chorlton Place,2021,February,7,Tuesday,16 Feb 2021,17:00,46,53,99,46,53,99,No Group
Manchester City Council - Chorlton,Chorlton Place,2021,February,7,Tuesday,16 Feb 2021,18:00,27,36,63,27,36,63,No Group
Manchester City Council - Chorlton,Chorlton Place,2021,February,7,Tuesday,16 Feb 2021,19:00,24,37,61,24,37,61,No Group
Manchester City Council - Chorlton,Chorlton Place,2021,February,7,Tuesday,16 Feb 2021,20:00,12,11,23,12,11,23,No Group
Manchester City Council - Chorlton,Chorlton Place,2021,February,7,Tuesday,16 Feb 2021,21:00,13,21,34,13,21,34,No Group
Manchester City Council - Chorlton,Chorlton Place,2021,February,7,Tuesday,16 Feb 2021,22:00,8,7,15,8,7,15,No Group
Manchester City Council - Chorlton,Chorlton Place,2021,February,7,Tuesday,16 Feb 2021,23:00,4,1,5,4,1,5,No Group
Manchester City Council - Chorlton,Chorlton Place,2021,February,7,Wednesday,17 Feb 2021,00:00,0,2,2,0,2,2,No Group
Manchester City Council - Chorlton,Chorlton Place,2021,February,7,Wednesday,17 Feb 2021,01:00,0,0,0,0,0,0,No Group
Manchester City Council - Chorlton,Chorlton Place,2021,February,7,Wednesday,17 Feb 2021,02:00,0,0,0,0,0,0,No Group
Manchester City Council - Chorlton,Chorlton Place,2021,February,7,Wednesday,17 Feb 2021,03:00,3,1,4,3,1,4,No Group
Manchester City Council - Chorlton,Chorlton Place,2021,February,7,Wednesday,17 Feb 2021,04:00,0,1,1,0,1,1,No Group
Manchester City Council - Chorlton,Chorlton Place,2021,February,7,Wednesday,17 Feb 2021,05:00,0,1,1,0,1,1,No Group
Manchester City Council - Chorlton,Chorlton Place,2021,February,7,Wednesday,17 Feb 2021,06:00,3,12,15,3,12,15,No Group
Manchester City Council - Chorlton,Chorlton Place,2021,February,7,Wednesday,17 Feb 2021,07:00,10,21,31,10,21,31,No Group
Manchester City Council - Chorlton,Chorlton Place,2021,February,7,Wednesday,17 Feb 2021,08:00,38,62,100,38,62,100,No Group
Manchester City Council - Chorlton,Chorlton Place,2021,February,7,Wednesday,17 Feb 2021,09:00,53,65,118,53,65,118,No Group
Manchester City Council - Chorlton,Chorlton Place,2021,February,7,Wednesday,17 Feb 2021,10:00,101,134,235,101,134,235,No Group
Manchester City Council - Chorlton,Chorlton Place,2021,February,7,Wednesday,17 Feb 2021,11:00,102,87,189,102,87,189,No Group
Manchester City Council - Chorlton,Chorlton Place,2021,February,7,Wednesday,17 Feb 2021,12:00,105,138,243,105,138,243,No Group
Manchester City Council - Chorlton,Chorlton Place,2021,February,7,Wednesday,17 Feb 2021,13:00,159,166,325,159,166,325,No Group
Manchester City Council - Chorlton,Chorlton Place,2021,February,7,Wednesday,17 Feb 2021,14:00,102,102,204,102,102,204,No Group
Manchester City Council - Chorlton,Chorlton Place,2021,February,7,Wednesday,17 Feb 2021,15:00,81,82,163,81,82,163,No Group
Manchester City Council - Chorlton,Chorlton Place,2021,February,7,Wednesday,17 Feb 2021,16:00,81,83,164,81,83,164,No Group
Manchester City Council - Chorlton,Chorlton Place,2021,February,7,Wednesday,17 Feb 2021,17:00,76,76,152,76,76,152,No Group
Manchester City Council - Chorlton,Chorlton Place,2021,February,7,Wednesday,17 Feb 2021,18:00,49,45,94,49,45,94,No Group
Manchester City Council - Chorlton,Chorlton Place,2021,February,7,Wednesday,17 Feb 2021,19:00,32,31,63,32,31,63,No Group
Manchester City Council - Chorlton,Chorlton Place,2021,February,7,Wednesday,17 Feb 2021,20:00,10,17,27,10,17,27,No Group
Manchester City Council - Chorlton,Chorlton Place,2021,February,7,Wednesday,17 Feb 2021,21:00,10,16,26,10,16,26,No Group
Manchester City Council - Chorlton,Chorlton Place,2021,February,7,Wednesday,17 Feb 2021,22:00,20,30,50,20,30,50,No Group
Manchester City Council - Chorlton,Chorlton Place,2021,February,7,Wednesday,17 Feb 2021,23:00,5,8,13,5,8,13,No Group
Manchester City Council - Chorlton,Chorlton Place,2021,February,7,Thursday,18 Feb 2021,00:00,4,3,7,4,3,7,No Group
Manchester City Council - Chorlton,Chorlton Place,2021,February,7,Thursday,18 Feb 2021,01:00,0,0,0,0,0,0,No Group
Manchester City Council - Chorlton,Chorlton Place,2021,February,7,Thursday,18 Feb 2021,02:00,0,0,0,0,0,0,No Group
Manchester City Council - Chorlton,Chorlton Place,2021,February,7,Thursday,18 Feb 2021,03:00,1,0,1,1,0,1,No Group
Manchester City Council - Chorlton,Chorlton Place,2021,February,7,Thursday,18 Feb 2021,04:00,0,1,1,0,1,1,No Group
Manchester City Council - Chorlton,Chorlton Place,2021,February,7,Thursday,18 Feb 2021,05:00,0,3,3,0,3,3,No Group
Manchester City Council - Chorlton,Chorlton Place,2021,February,7,Thursday,18 Feb 2021,06:00,5,15,20,5,15,20,No Group
Manchester City Council - Chorlton,Chorlton Place,2021,February,7,Thursday,18 Feb 2021,07:00,11,20,31,11,20,31,No Group
Manchester City Council - Chorlton,Chorlton Place,2021,February,7,Thursday,18 Feb 2021,08:00,32,51,83,32,51,83,No Group
Manchester City Council - Chorlton,Chorlton Place,2021,February,7,Thursday,18 Feb 2021,09:00,69,75,144,69,75,144,No Group
Manchester City Council - Chorlton,Chorlton Place,2021,February,7,Thursday,18 Feb 2021,10:00,74,80,154,74,80,154,No Group
Manchester City Council - Chorlton,Chorlton Place,2021,February,7,Thursday,18 Feb 2021,11:00,85,89,174,85,89,174,No Group
Manchester City Council - Chorlton,Chorlton Place,2021,February,7,Thursday,18 Feb 2021,12:00,105,122,227,105,122,227,No Group
Manchester City Council - Chorlton,Chorlton Place,2021,February,7,Thursday,18 Feb 2021,13:00,123,125,248,123,125,248,No Group
Manchester City Council - Chorlton,Chorlton Place,2021,February,7,Thursday,18 Feb 2021,14:00,107,114,221,107,114,221,No Group
Manchester City Council - Chorlton,Chorlton Place,2021,February,7,Thursday,18 Feb 2021,15:00,83,101,184,83,101,184,No Group
Manchester City Council - Chorlton,Chorlton Place,2021,February,7,Thursday,18 Feb 2021,16:00,73,80,153,73,80,153,No Group
Manchester City Council - Chorlton,Chorlton Place,2021,February,7,Thursday,18 Feb 2021,17:00,65,53,118,65,53,118,No Group
Manchester City Council - Chorlton,Chorlton Place,2021,February,7,Thursday,18 Feb 2021,18:00,52,45,97,52,45,97,No Group
Manchester City Council - Chorlton,Chorlton Place,2021,February,7,Thursday,18 Feb 2021,19:00,33,25,58,33,25,58,No Group
Manchester City Council - Chorlton,Chorlton Place,2021,February,7,Thursday,18 Feb 2021,20:00,23,28,51,23,28,51,No Group
Manchester City Council - Chorlton,Chorlton Place,2021,February,7,Thursday,18 Feb 2021,21:00,11,14,25,11,14,25,No Group
Manchester City Council - Chorlton,Chorlton Place,2021,February,7,Thursday,18 Feb 2021,22:00,7,7,14,7,7,14,No Group
Manchester City Council - Chorlton,Chorlton Place,2021,February,7,Thursday,18 Feb 2021,23:00,6,4,10,6,4,10,No Group
Manchester City Council - Chorlton,Chorlton Place,2021,February,7,Friday,19 Feb 2021,00:00,2,3,5,2,3,5,No Group
Manchester City Council - Chorlton,Chorlton Place,2021,February,7,Friday,19 Feb 2021,01:00,0,1,1,0,1,1,No Group
Manchester City Council - Chorlton,Chorlton Place,2021,February,7,Friday,19 Feb 2021,02:00,1,1,2,1,1,2,No Group
Manchester City Council - Chorlton,Chorlton Place,2021,February,7,Friday,19 Feb 2021,03:00,0,1,1,0,1,1,No Group
Manchester City Council - Chorlton,Chorlton Place,2021,February,7,Friday,19 Feb 2021,04:00,0,1,1,0,1,1,No Group
Manchester City Council - Chorlton,Chorlton Place,2021,February,7,Friday,19 Feb 2021,05:00,0,3,3,0,3,3,No Group
Manchester City Council - Chorlton,Chorlton Place,2021,February,7,Friday,19 Feb 2021,06:00,5,13,18,5,13,18,No Group
Manchester City Council - Chorlton,Chorlton Place,2021,February,7,Friday,19 Feb 2021,07:00,15,14,29,15,14,29,No Group
Manchester City Council - Chorlton,Chorlton Place,2021,February,7,Friday,19 Feb 2021,08:00,29,35,64,29,35,64,No Group
Manchester City Council - Chorlton,Chorlton Place,2021,February,7,Friday,19 Feb 2021,09:00,56,86,142,56,86,142,No Group
Manchester City Council - Chorlton,Chorlton Place,2021,February,7,Friday,19 Feb 2021,10:00,83,95,178,83,95,178,No Group
Manchester City Council - Chorlton,Chorlton Place,2021,February,7,Friday,19 Feb 2021,11:00,124,138,262,124,138,262,No Group
Manchester City Council - Chorlton,Chorlton Place,2021,February,7,Friday,19 Feb 2021,12:00,129,112,241,129,112,241,No Group
Manchester City Council - Chorlton,Chorlton Place,2021,February,7,Friday,19 Feb 2021,13:00,128,146,274,128,146,274,No Group
Manchester City Council - Chorlton,Chorlton Place,2021,February,7,Friday,19 Feb 2021,14:00,131,136,267,131,136,267,No Group
Manchester City Council - Chorlton,Chorlton Place,2021,February,7,Friday,19 Feb 2021,15:00,144,150,294,144,150,294,No Group
Manchester City Council - Chorlton,Chorlton Place,2021,February,7,Friday,19 Feb 2021,16:00,94,82,176,94,82,176,No Group
Manchester City Council - Chorlton,Chorlton Place,2021,February,7,Friday,19 Feb 2021,17:00,86,73,159,86,73,159,No Group
Manchester City Council - Chorlton,Chorlton Place,2021,February,7,Friday,19 Feb 2021,18:00,75,57,132,75,57,132,No Group
Manchester City Council - Chorlton,Chorlton Place,2021,February,7,Friday,19 Feb 2021,19:00,55,40,95,55,40,95,No Group
Manchester City Council - Chorlton,Chorlton Place,2021,February,7,Friday,19 Feb 2021,20:00,22,21,43,22,21,43,No Group
Manchester City Council - Chorlton,Chorlton Place,2021,February,7,Friday,19 Feb 2021,21:00,23,14,37,23,14,37,No Group
Manchester City Council - Chorlton,Chorlton Place,2021,February,7,Friday,19 Feb 2021,22:00,6,6,12,6,6,12,No Group
Manchester City Council - Chorlton,Chorlton Place,2021,February,7,Friday,19 Feb 2021,23:00,12,9,21,12,9,21,No Group
Manchester City Council - Chorlton,Chorlton Place,2021,February,7,Saturday,20 Feb 2021,00:00,4,1,5,4,1,5,No Group
Manchester City Council - Chorlton,Chorlton Place,2021,February,7,Saturday,20 Feb 2021,01:00,1,2,3,1,2,3,No Group
Manchester City Council - Chorlton,Chorlton Place,2021,February,7,Saturday,20 Feb 2021,02:00,5,6,11,5,6,11,No Group
Manchester City Council - Chorlton,Chorlton Place,2021,February,7,Saturday,20 Feb 2021,03:00,1,0,1,1,0,1,No Group
Manchester City Council - Chorlton,Chorlton Place,2021,February,7,Saturday,20 Feb 2021,04:00,0,4,4,0,4,4,No Group
Manchester City Council - Chorlton,Chorlton Place,2021,February,7,Saturday,20 Feb 2021,05:00,2,3,5,2,3,5,No Group
Manchester City Council - Chorlton,Chorlton Place,2021,February,7,Saturday,20 Feb 2021,06:00,1,5,6,1,5,6,No Group
Manchester City Council - Chorlton,Chorlton Place,2021,February,7,Saturday,20 Feb 2021,07:00,12,17,29,12,17,29,No Group
Manchester City Council - Chorlton,Chorlton Place,2021,February,7,Saturday,20 Feb 2021,08:00,34,34,68,34,34,68,No Group
Manchester City Council - Chorlton,Chorlton Place,2021,February,7,Saturday,20 Feb 2021,09:00,129,153,282,129,153,282,No Group
Manchester City Council - Chorlton,Chorlton Place,2021,February,7,Saturday,20 Feb 2021,10:00,182,170,352,182,170,352,No Group
Manchester City Council - Chorlton,Chorlton Place,2021,February,7,Saturday,20 Feb 2021,11:00,169,191,360,169,191,360,No Group
Manchester City Council - Chorlton,Chorlton Place,2021,February,7,Saturday,20 Feb 2021,12:00,207,217,424,207,217,424,No Group
Manchester City Council - Chorlton,Chorlton Place,2021,February,7,Saturday,20 Feb 2021,13:00,172,186,358,172,186,358,No Group
Manchester City Council - Chorlton,Chorlton Place,2021,February,7,Saturday,20 Feb 2021,14:00,173,168,341,173,168,341,No Group
Manchester City Council - Chorlton,Chorlton Place,2021,February,7,Saturday,20 Feb 2021,15:00,187,184,371,187,184,371,No Group
Manchester City Council - Chorlton,Chorlton Place,2021,February,7,Saturday,20 Feb 2021,16:00,131,131,262,131,131,262,No Group
Manchester City Council - Chorlton,Chorlton Place,2021,February,7,Saturday,20 Feb 2021,17:00,80,74,154,80,74,154,No Group
Manchester City Council - Chorlton,Chorlton Place,2021,February,7,Saturday,20 Feb 2021,18:00,53,42,95,53,42,95,No Group
Manchester City Council - Chorlton,Chorlton Place,2021,February,7,Saturday,20 Feb 2021,19:00,44,43,87,44,43,87,No Group
Manchester City Council - Chorlton,Chorlton Place,2021,February,7,Saturday,20 Feb 2021,20:00,19,18,37,19,18,37,No Group
Manchester City Council - Chorlton,Chorlton Place,2021,February,7,Saturday,20 Feb 2021,21:00,15,20,35,15,20,35,No Group
Manchester City Council - Chorlton,Chorlton Place,2021,February,7,Saturday,20 Feb 2021,22:00,8,6,14,8,6,14,No Group
Manchester City Council - Chorlton,Chorlton Place,2021,February,7,Saturday,20 Feb 2021,23:00,10,6,16,10,6,16,No Group
Manchester City Council - Chorlton,Chorlton Place,2021,February,7,Sunday,21 Feb 2021,00:00,1,4,5,1,4,5,No Group
Manchester City Council - Chorlton,Chorlton Place,2021,February,7,Sunday,21 Feb 2021,01:00,1,0,1,1,0,1,No Group
Manchester City Council - Chorlton,Chorlton Place,2021,February,7,Sunday,21 Feb 2021,02:00,0,2,2,0,2,2,No Group
Manchester City Council - Chorlton,Chorlton Place,2021,February,7,Sunday,21 Feb 2021,03:00,0,0,0,0,0,0,No Group
Manchester City Council - Chorlton,Chorlton Place,2021,February,7,Sunday,21 Feb 2021,04:00,1,0,1,1,0,1,No Group
Manchester City Council - Chorlton,Chorlton Place,2021,February,7,Sunday,21 Feb 2021,05:00,1,1,2,1,1,2,No Group
Manchester City Council - Chorlton,Chorlton Place,2021,February,7,Sunday,21 Feb 2021,06:00,0,4,4,0,4,4,No Group
Manchester City Council - Chorlton,Chorlton Place,2021,February,7,Sunday,21 Feb 2021,07:00,4,7,11,4,7,11,No Group
Manchester City Council - Chorlton,Chorlton Place,2021,February,7,Sunday,21 Feb 2021,08:00,18,23,41,18,23,41,No Group
Manchester City Council - Chorlton,Chorlton Place,2021,February,7,Sunday,21 Feb 2021,09:00,25,40,65,25,40,65,No Group
Manchester City Council - Chorlton,Chorlton Place,2021,February,7,Sunday,21 Feb 2021,10:00,50,56,106,50,56,106,No Group
Manchester City Council - Chorlton,Chorlton Place,2021,February,7,Sunday,21 Feb 2021,11:00,102,174,276,102,174,276,No Group
Manchester City Council - Chorlton,Chorlton Place,2021,February,7,Sunday,21 Feb 2021,12:00,105,97,202,105,97,202,No Group
Manchester City Council - Chorlton,Chorlton Place,2021,February,7,Sunday,21 Feb 2021,13:00,96,92,188,96,92,188,No Group
Manchester City Council - Chorlton,Chorlton Place,2021,February,7,Sunday,21 Feb 2021,14:00,103,83,186,103,83,186,No Group
Manchester City Council - Chorlton,Chorlton Place,2021,February,7,Sunday,21 Feb 2021,15:00,111,91,202,111,91,202,No Group
Manchester City Council - Chorlton,Chorlton Place,2021,February,7,Sunday,21 Feb 2021,16:00,51,45,96,51,45,96,No Group
Manchester City Council - Chorlton,Chorlton Place,2021,February,7,Sunday,21 Feb 2021,17:00,22,19,41,22,19,41,No Group
Manchester City Council - Chorlton,Chorlton Place,2021,February,7,Sunday,21 Feb 2021,18:00,2,3,5,2,3,5,No Group
Manchester City Council - Chorlton,Chorlton Place,2021,February,7,Sunday,21 Feb 2021,19:00,3,3,6,3,3,6,No Group
Manchester City Council - Chorlton,Chorlton Place,2021,February,7,Sunday,21 Feb 2021,20:00,0,0,0,0,0,0,No Group
Manchester City Council - Chorlton,Chorlton Place,2021,February,7,Sunday,21 Feb 2021,21:00,0,0,0,0,0,0,No Group
Manchester City Council - Chorlton,Chorlton Place,2021,February,7,Sunday,21 Feb 2021,22:00,0,0,0,0,0,0,No Group
Manchester City Council - Chorlton,Chorlton Place,2021,February,7,Sunday,21 Feb 2021,23:00,2,2,4,2,2,4,No Group
Manchester City Council - Chorlton,Chorlton Place,2021,February,8,Monday,22 Feb 2021,00:00,1,0,1,1,0,1,No Group
Manchester City Council - Chorlton,Chorlton Place,2021,February,8,Monday,22 Feb 2021,01:00,0,3,3,0,3,3,No Group
Manchester City Council - Chorlton,Chorlton Place,2021,February,8,Monday,22 Feb 2021,02:00,2,3,5,2,3,5,No Group
Manchester City Council - Chorlton,Chorlton Place,2021,February,8,Monday,22 Feb 2021,03:00,0,1,1,0,1,1,No Group
Manchester City Council - Chorlton,Chorlton Place,2021,February,8,Monday,22 Feb 2021,04:00,2,1,3,2,1,3,No Group
Manchester City Council - Chorlton,Chorlton Place,2021,February,8,Monday,22 Feb 2021,05:00,2,10,12,2,10,12,No Group
Manchester City Council - Chorlton,Chorlton Place,2021,February,8,Monday,22 Feb 2021,06:00,4,17,21,4,17,21,No Group
Manchester City Council - Chorlton,Chorlton Place,2021,February,8,Monday,22 Feb 2021,07:00,9,28,37,9,28,37,No Group
Manchester City Council - Chorlton,Chorlton Place,2021,February,8,Monday,22 Feb 2021,08:00,45,60,105,45,60,105,No Group
Manchester City Council - Chorlton,Chorlton Place,2021,February,8,Monday,22 Feb 2021,09:00,51,61,112,51,61,112,No Group
Manchester City Council - Chorlton,Chorlton Place,2021,February,8,Monday,22 Feb 2021,10:00,73,87,160,73,87,160,No Group
Manchester City Council - Chorlton,Chorlton Place,2021,February,8,Monday,22 Feb 2021,11:00,89,93,182,89,93,182,No Group
Manchester City Council - Chorlton,Chorlton Place,2021,February,8,Monday,22 Feb 2021,12:00,94,97,191,94,97,191,No Group
Manchester City Council - Chorlton,Chorlton Place,2021,February,8,Monday,22 Feb 2021,13:00,110,107,217,110,107,217,No Group
Manchester City Council - Chorlton,Chorlton Place,2021,February,8,Monday,22 Feb 2021,14:00,98,97,195,98,97,195,No Group
Manchester City Council - Chorlton,Chorlton Place,2021,February,8,Monday,22 Feb 2021,15:00,92,93,185,92,93,185,No Group
Manchester City Council - Chorlton,Chorlton Place,2021,February,8,Monday,22 Feb 2021,16:00,89,95,184,89,95,184,No Group
Manchester City Council - Chorlton,Chorlton Place,2021,February,8,Monday,22 Feb 2021,17:00,79,67,146,79,67,146,No Group
Manchester City Council - Chorlton,Chorlton Place,2021,February,8,Monday,22 Feb 2021,18:00,60,68,128,60,68,128,No Group
Manchester City Council - Chorlton,Chorlton Place,2021,February,8,Monday,22 Feb 2021,19:00,43,40,83,43,40,83,No Group
Manchester City Council - Chorlton,Chorlton Place,2021,February,8,Monday,22 Feb 2021,20:00,25,19,44,25,19,44,No Group
Manchester City Council - Chorlton,Chorlton Place,2021,February,8,Monday,22 Feb 2021,21:00,14,9,23,14,9,23,No Group
Manchester City Council - Chorlton,Chorlton Place,2021,February,8,Monday,22 Feb 2021,22:00,7,14,21,7,14,21,No Group
Manchester City Council - Chorlton,Chorlton Place,2021,February,8,Monday,22 Feb 2021,23:00,4,2,6,4,2,6,No Group
Manchester City Council - Chorlton,Chorlton Place,2021,February,8,Tuesday,23 Feb 2021,00:00,1,0,1,1,0,1,No Group
Manchester City Council - Chorlton,Chorlton Place,2021,February,8,Tuesday,23 Feb 2021,01:00,3,2,5,3,2,5,No Group
Manchester City Council - Chorlton,Chorlton Place,2021,February,8,Tuesday,23 Feb 2021,02:00,0,0,0,0,0,0,No Group
Manchester City Council - Chorlton,Chorlton Place,2021,February,8,Tuesday,23 Feb 2021,03:00,1,2,3,1,2,3,No Group
Manchester City Council - Chorlton,Chorlton Place,2021,February,8,Tuesday,23 Feb 2021,04:00,0,0,0,0,0,0,No Group
Manchester City Council - Chorlton,Chorlton Place,2021,February,8,Tuesday,23 Feb 2021,05:00,1,1,2,1,1,2,No Group
Manchester City Council - Chorlton,Chorlton Place,2021,February,8,Tuesday,23 Feb 2021,06:00,15,14,29,15,14,29,No Group
Manchester City Council - Chorlton,Chorlton Place,2021,February,8,Tuesday,23 Feb 2021,07:00,6,16,22,6,16,22,No Group
Manchester City Council - Chorlton,Chorlton Place,2021,February,8,Tuesday,23 Feb 2021,08:00,31,50,81,31,50,81,No Group
Manchester City Council - Chorlton,Chorlton Place,2021,February,8,Tuesday,23 Feb 2021,09:00,56,84,140,56,84,140,No Group
Manchester City Council - Chorlton,Chorlton Place,2021,February,8,Tuesday,23 Feb 2021,10:00,68,97,165,68,97,165,No Group
Manchester City Council - Chorlton,Chorlton Place,2021,February,8,Tuesday,23 Feb 2021,11:00,108,104,212,108,104,212,No Group
Manchester City Council - Chorlton,Chorlton Place,2021,February,8,Tuesday,23 Feb 2021,12:00,93,115,208,93,115,208,No Group
Manchester City Council - Chorlton,Chorlton Place,2021,February,8,Tuesday,23 Feb 2021,13:00,108,94,202,108,94,202,No Group
Manchester City Council - Chorlton,Chorlton Place,2021,February,8,Tuesday,23 Feb 2021,14:00,93,83,176,93,83,176,No Group
Manchester City Council - Chorlton,Chorlton Place,2021,February,8,Tuesday,23 Feb 2021,15:00,88,93,181,88,93,181,No Group
Manchester City Council - Chorlton,Chorlton Place,2021,February,8,Tuesday,23 Feb 2021,16:00,67,73,140,67,73,140,No Group
Manchester City Council - Chorlton,Chorlton Place,2021,February,8,Tuesday,23 Feb 2021,17:00,50,55,105,50,55,105,No Group
Manchester City Council - Chorlton,Chorlton Place,2021,February,8,Tuesday,23 Feb 2021,18:00,52,39,91,52,39,91,No Group
Manchester City Council - Chorlton,Chorlton Place,2021,February,8,Tuesday,23 Feb 2021,19:00,24,19,43,24,19,43,No Group
Manchester City Council - Chorlton,Chorlton Place,2021,February,8,Tuesday,23 Feb 2021,20:00,17,28,45,17,28,45,No Group
Manchester City Council - Chorlton,Chorlton Place,2021,February,8,Tuesday,23 Feb 2021,21:00,14,14,28,14,14,28,No Group
Manchester City Council - Chorlton,Chorlton Place,2021,February,8,Tuesday,23 Feb 2021,22:00,10,10,20,10,10,20,No Group
Manchester City Council - Chorlton,Chorlton Place,2021,February,8,Tuesday,23 Feb 2021,23:00,6,4,10,6,4,10,No Group
Manchester City Council - Chorlton,Chorlton Place,2021,February,8,Wednesday,24 Feb 2021,00:00,8,4,12,8,4,12,No Group
Manchester City Council - Chorlton,Chorlton Place,2021,February,8,Wednesday,24 Feb 2021,01:00,0,0,0,0,0,0,No Group
Manchester City Council - Chorlton,Chorlton Place,2021,February,8,Wednesday,24 Feb 2021,02:00,2,2,4,2,2,4,No Group
Manchester City Council - Chorlton,Chorlton Place,2021,February,8,Wednesday,24 Feb 2021,03:00,0,0,0,0,0,0,No Group
Manchester City Council - Chorlton,Chorlton Place,2021,February,8,Wednesday,24 Feb 2021,04:00,2,1,3,2,1,3,No Group
Manchester City Council - Chorlton,Chorlton Place,2021,February,8,Wednesday,24 Feb 2021,05:00,1,7,8,1,7,8,No Group
Manchester City Council - Chorlton,Chorlton Place,2021,February,8,Wednesday,24 Feb 2021,06:00,9,15,24,9,15,24,No Group
Manchester City Council - Chorlton,Chorlton Place,2021,February,8,Wednesday,24 Feb 2021,07:00,13,27,40,13,27,40,No Group
Manchester City Council - Chorlton,Chorlton Place,2021,February,8,Wednesday,24 Feb 2021,08:00,75,100,175,75,100,175,No Group
Manchester City Council - Chorlton,Chorlton Place,2021,February,8,Wednesday,24 Feb 2021,09:00,62,74,136,62,74,136,No Group
Manchester City Council - Chorlton,Chorlton Place,2021,February,8,Wednesday,24 Feb 2021,10:00,120,120,240,120,120,240,No Group
Manchester City Council - Chorlton,Chorlton Place,2021,February,8,Wednesday,24 Feb 2021,11:00,133,111,244,133,111,244,No Group
Manchester City Council - Chorlton,Chorlton Place,2021,February,8,Wednesday,24 Feb 2021,12:00,88,101,189,88,101,189,No Group
Manchester City Council - Chorlton,Chorlton Place,2021,February,8,Wednesday,24 Feb 2021,13:00,108,127,235,108,127,235,No Group
Manchester City Council - Chorlton,Chorlton Place,2021,February,8,Wednesday,24 Feb 2021,14:00,97,104,201,97,104,201,No Group
Manchester City Council - Chorlton,Chorlton Place,2021,February,8,Wednesday,24 Feb 2021,15:00,96,94,190,96,94,190,No Group
Manchester City Council - Chorlton,Chorlton Place,2021,February,8,Wednesday,24 Feb 2021,16:00,107,95,202,107,95,202,No Group
Manchester City Council - Chorlton,Chorlton Place,2021,February,8,Wednesday,24 Feb 2021,17:00,80,73,153,80,73,153,No Group
Manchester City Council - Chorlton,Chorlton Place,2021,February,8,Wednesday,24 Feb 2021,18:00,49,52,101,49,52,101,No Group
Manchester City Council - Chorlton,Chorlton Place,2021,February,8,Wednesday,24 Feb 2021,19:00,25,26,51,25,26,51,No Group
Manchester City Council - Chorlton,Chorlton Place,2021,February,8,Wednesday,24 Feb 2021,20:00,15,18,33,15,18,33,No Group
Manchester City Council - Chorlton,Chorlton Place,2021,February,8,Wednesday,24 Feb 2021,21:00,4,4,8,4,4,8,No Group
Manchester City Council - Chorlton,Chorlton Place,2021,February,8,Wednesday,24 Feb 2021,22:00,4,7,11,4,7,11,No Group
Manchester City Council - Chorlton,Chorlton Place,2021,February,8,Wednesday,24 Feb 2021,23:00,5,1,6,5,1,6,No Group
Manchester City Council - Chorlton,Chorlton Place,2021,February,8,Thursday,25 Feb 2021,00:00,1,0,1,1,0,1,No Group
Manchester City Council - Chorlton,Chorlton Place,2021,February,8,Thursday,25 Feb 2021,01:00,0,0,0,0,0,0,No Group
Manchester City Council - Chorlton,Chorlton Place,2021,February,8,Thursday,25 Feb 2021,02:00,0,0,0,0,0,0,No Group
Manchester City Council - Chorlton,Chorlton Place,2021,February,8,Thursday,25 Feb 2021,03:00,0,1,1,0,1,1,No Group
Manchester City Council - Chorlton,Chorlton Place,2021,February,8,Thursday,25 Feb 2021,04:00,0,1,1,0,1,1,No Group
Manchester City Council - Chorlton,Chorlton Place,2021,February,8,Thursday,25 Feb 2021,05:00,1,1,2,1,1,2,No Group
Manchester City Council - Chorlton,Chorlton Place,2021,February,8,Thursday,25 Feb 2021,06:00,6,8,14,6,8,14,No Group
Manchester City Council - Chorlton,Chorlton Place,2021,February,8,Thursday,25 Feb 2021,07:00,16,19,35,16,19,35,No Group
Manchester City Council - Chorlton,Chorlton Place,2021,February,8,Thursday,25 Feb 2021,08:00,41,74,115,41,74,115,No Group
Manchester City Council - Chorlton,Chorlton Place,2021,February,8,Thursday,25 Feb 2021,09:00,64,86,150,64,86,150,No Group
Manchester City Council - Chorlton,Chorlton Place,2021,February,8,Thursday,25 Feb 2021,10:00,140,309,449,140,309,449,No Group
Manchester City Council - Chorlton,Chorlton Place,2021,February,8,Thursday,25 Feb 2021,11:00,145,269,414,145,269,414,No Group
Manchester City Council - Chorlton,Chorlton Place,2021,February,8,Thursday,25 Feb 2021,12:00,221,283,504,221,283,504,No Group
Manchester City Council - Chorlton,Chorlton Place,2021,February,8,Thursday,25 Feb 2021,13:00,282,337,619,282,337,619,No Group
Manchester City Council - Chorlton,Chorlton Place,2021,February,8,Thursday,25 Feb 2021,14:00,194,225,419,194,225,419,No Group
Manchester City Council - Chorlton,Chorlton Place,2021,February,8,Thursday,25 Feb 2021,15:00,104,130,234,104,130,234,No Group
Manchester City Council - Chorlton,Chorlton Place,2021,February,8,Thursday,25 Feb 2021,16:00,108,112,220,108,112,220,No Group
Manchester City Council - Chorlton,Chorlton Place,2021,February,8,Thursday,25 Feb 2021,17:00,65,77,142,65,77,142,No Group
Manchester City Council - Chorlton,Chorlton Place,2021,February,8,Thursday,25 Feb 2021,18:00,73,78,151,73,78,151,No Group
Manchester City Council - Chorlton,Chorlton Place,2021,February,8,Thursday,25 Feb 2021,19:00,32,38,70,32,38,70,No Group
Manchester City Council - Chorlton,Chorlton Place,2021,February,8,Thursday,25 Feb 2021,20:00,30,20,50,30,20,50,No Group
Manchester City Council - Chorlton,Chorlton Place,2021,February,8,Thursday,25 Feb 2021,21:00,11,8,19,11,8,19,No Group
Manchester City Council - Chorlton,Chorlton Place,2021,February,8,Thursday,25 Feb 2021,22:00,7,2,9,7,2,9,No Group
Manchester City Council - Chorlton,Chorlton Place,2021,February,8,Thursday,25 Feb 2021,23:00,9,3,12,9,3,12,No Group
Manchester City Council - Chorlton,Chorlton Place,2021,February,8,Friday,26 Feb 2021,00:00,1,3,4,1,3,4,No Group
Manchester City Council - Chorlton,Chorlton Place,2021,February,8,Friday,26 Feb 2021,01:00,1,0,1,1,0,1,No Group
Manchester City Council - Chorlton,Chorlton Place,2021,February,8,Friday,26 Feb 2021,02:00,0,0,0,0,0,0,No Group
Manchester City Council - Chorlton,Chorlton Place,2021,February,8,Friday,26 Feb 2021,03:00,0,1,1,0,1,1,No Group
Manchester City Council - Chorlton,Chorlton Place,2021,February,8,Friday,26 Feb 2021,04:00,1,3,4,1,3,4,No Group
Manchester City Council - Chorlton,Chorlton Place,2021,February,8,Friday,26 Feb 2021,05:00,1,2,3,1,2,3,No Group
Manchester City Council - Chorlton,Chorlton Place,2021,February,8,Friday,26 Feb 2021,06:00,7,19,26,7,19,26,No Group
Manchester City Council - Chorlton,Chorlton Place,2021,February,8,Friday,26 Feb 2021,07:00,19,30,49,19,30,49,No Group
Manchester City Council - Chorlton,Chorlton Place,2021,February,8,Friday,26 Feb 2021,08:00,60,83,143,60,83,143,No Group
Manchester City Council - Chorlton,Chorlton Place,2021,February,8,Friday,26 Feb 2021,09:00,142,271,413,142,271,413,No Group
Manchester City Council - Chorlton,Chorlton Place,2021,February,8,Friday,26 Feb 2021,10:00,170,442,612,170,442,612,No Group
Manchester City Council - Chorlton,Chorlton Place,2021,February,8,Friday,26 Feb 2021,11:00,273,527,800,273,527,800,No Group
Manchester City Council - Chorlton,Chorlton Place,2021,February,8,Friday,26 Feb 2021,12:00,266,292,558,266,292,558,No Group
Manchester City Council - Chorlton,Chorlton Place,2021,February,8,Friday,26 Feb 2021,13:00,138,123,261,138,123,261,No Group
Manchester City Council - Chorlton,Chorlton Place,2021,February,8,Friday,26 Feb 2021,14:00,192,222,414,192,222,414,No Group
Manchester City Council - Chorlton,Chorlton Place,2021,February,8,Friday,26 Feb 2021,15:00,224,254,478,224,254,478,No Group
Manchester City Council - Chorlton,Chorlton Place,2021,February,8,Friday,26 Feb 2021,16:00,114,99,213,114,99,213,No Group
Manchester City Council - Chorlton,Chorlton Place,2021,February,8,Friday,26 Feb 2021,17:00,65,68,133,65,68,133,No Group
Manchester City Council - Chorlton,Chorlton Place,2021,February,8,Friday,26 Feb 2021,18:00,68,88,156,68,88,156,No Group
Manchester City Council - Chorlton,Chorlton Place,2021,February,8,Friday,26 Feb 2021,19:00,50,38,88,50,38,88,No Group
Manchester City Council - Chorlton,Chorlton Place,2021,February,8,Friday,26 Feb 2021,20:00,38,24,62,38,24,62,No Group
Manchester City Council - Chorlton,Chorlton Place,2021,February,8,Friday,26 Feb 2021,21:00,20,26,46,20,26,46,No Group
Manchester City Council - Chorlton,Chorlton Place,2021,February,8,Friday,26 Feb 2021,22:00,6,9,15,6,9,15,No Group
Manchester City Council - Chorlton,Chorlton Place,2021,February,8,Friday,26 Feb 2021,23:00,6,4,10,6,4,10,No Group
Manchester City Council - Chorlton,Chorlton Place,2021,February,8,Saturday,27 Feb 2021,00:00,2,2,4,2,2,4,No Group
Manchester City Council - Chorlton,Chorlton Place,2021,February,8,Saturday,27 Feb 2021,01:00,0,3,3,0,3,3,No Group
Manchester City Council - Chorlton,Chorlton Place,2021,February,8,Saturday,27 Feb 2021,02:00,1,0,1,1,0,1,No Group
Manchester City Council - Chorlton,Chorlton Place,2021,February,8,Saturday,27 Feb 2021,03:00,0,0,0,0,0,0,No Group
Manchester City Council - Chorlton,Chorlton Place,2021,February,8,Saturday,27 Feb 2021,04:00,0,3,3,0,3,3,No Group
Manchester City Council - Chorlton,Chorlton Place,2021,February,8,Saturday,27 Feb 2021,05:00,2,1,3,2,1,3,No Group
Manchester City Council - Chorlton,Chorlton Place,2021,February,8,Saturday,27 Feb 2021,06:00,3,5,8,3,5,8,No Group
Manchester City Council - Chorlton,Chorlton Place,2021,February,8,Saturday,27 Feb 2021,07:00,11,14,25,11,14,25,No Group
Manchester City Council - Chorlton,Chorlton Place,2021,February,8,Saturday,27 Feb 2021,08:00,88,112,200,88,112,200,No Group
Manchester City Council - Chorlton,Chorlton Place,2021,February,8,Saturday,27 Feb 2021,09:00,100,115,215,100,115,215,No Group
Manchester City Council - Chorlton,Chorlton Place,2021,February,8,Saturday,27 Feb 2021,10:00,160,215,375,160,215,375,No Group
Manchester City Council - Chorlton,Chorlton Place,2021,February,8,Saturday,27 Feb 2021,11:00,387,529,916,387,529,916,No Group
Manchester City Council - Chorlton,Chorlton Place,2021,February,8,Saturday,27 Feb 2021,12:00,356,441,797,356,441,797,No Group
Manchester City Council - Chorlton,Chorlton Place,2021,February,8,Saturday,27 Feb 2021,13:00,363,336,699,363,336,699,No Group
Manchester City Council - Chorlton,Chorlton Place,2021,February,8,Saturday,27 Feb 2021,14:00,377,439,816,377,439,816,No Group
Manchester City Council - Chorlton,Chorlton Place,2021,February,8,Saturday,27 Feb 2021,15:00,314,347,661,314,347,661,No Group
Manchester City Council - Chorlton,Chorlton Place,2021,February,8,Saturday,27 Feb 2021,16:00,133,139,272,133,139,272,No Group
Manchester City Council - Chorlton,Chorlton Place,2021,February,8,Saturday,27 Feb 2021,17:00,59,73,132,59,73,132,No Group
Manchester City Council - Chorlton,Chorlton Place,2021,February,8,Saturday,27 Feb 2021,18:00,42,58,100,42,58,100,No Group
Manchester City Council - Chorlton,Chorlton Place,2021,February,8,Saturday,27 Feb 2021,19:00,39,30,69,39,30,69,No Group
Manchester City Council - Chorlton,Chorlton Place,2021,February,8,Saturday,27 Feb 2021,20:00,20,20,40,20,20,40,No Group
Manchester City Council - Chorlton,Chorlton Place,2021,February,8,Saturday,27 Feb 2021,21:00,12,15,27,12,15,27,No Group
Manchester City Council - Chorlton,Chorlton Place,2021,February,8,Saturday,27 Feb 2021,22:00,6,9,15,6,9,15,No Group
Manchester City Council - Chorlton,Chorlton Place,2021,February,8,Saturday,27 Feb 2021,23:00,8,7,15,8,7,15,No Group
Manchester City Council - Chorlton,Chorlton Place,2021,February,8,Sunday,28 Feb 2021,00:00,5,1,6,5,1,6,No Group
Manchester City Council - Chorlton,Chorlton Place,2021,February,8,Sunday,28 Feb 2021,01:00,3,2,5,3,2,5,No Group
Manchester City Council - Chorlton,Chorlton Place,2021,February,8,Sunday,28 Feb 2021,02:00,1,0,1,1,0,1,No Group
Manchester City Council - Chorlton,Chorlton Place,2021,February,8,Sunday,28 Feb 2021,03:00,0,0,0,0,0,0,No Group
Manchester City Council - Chorlton,Chorlton Place,2021,February,8,Sunday,28 Feb 2021,04:00,0,0,0,0,0,0,No Group
Manchester City Council - Chorlton,Chorlton Place,2021,February,8,Sunday,28 Feb 2021,05:00,0,1,1,0,1,1,No Group
Manchester City Council - Chorlton,Chorlton Place,2021,February,8,Sunday,28 Feb 2021,06:00,0,4,4,0,4,4,No Group
Manchester City Council - Chorlton,Chorlton Place,2021,February,8,Sunday,28 Feb 2021,07:00,5,3,8,5,3,8,No Group
Manchester City Council - Chorlton,Chorlton Place,2021,February,8,Sunday,28 Feb 2021,08:00,32,40,72,32,40,72,No Group
Manchester City Council - Chorlton,Chorlton Place,2021,February,8,Sunday,28 Feb 2021,09:00,46,149,195,46,149,195,No Group
Manchester City Council - Chorlton,Chorlton Place,2021,February,8,Sunday,28 Feb 2021,10:00,94,260,354,94,260,354,No Group
Manchester City Council - Chorlton,Chorlton Place,2021,February,8,Sunday,28 Feb 2021,11:00,167,357,524,167,357,524,No Group
Manchester City Council - Chorlton,Chorlton Place,2021,February,8,Sunday,28 Feb 2021,12:00,238,303,541,238,303,541,No Group
Manchester City Council - Chorlton,Chorlton Place,2021,February,8,Sunday,28 Feb 2021,13:00,206,252,458,206,252,458,No Group
Manchester City Council - Chorlton,Chorlton Place,2021,February,8,Sunday,28 Feb 2021,14:00,270,209,479,270,209,479,No Group
Manchester City Council - Chorlton,Chorlton Place,2021,February,8,Sunday,28 Feb 2021,15:00,231,192,423,231,192,423,No Group
Manchester City Council - Chorlton,Chorlton Place,2021,February,8,Sunday,28 Feb 2021,16:00,63,74,137,63,74,137,No Group
Manchester City Council - Chorlton,Chorlton Place,2021,February,8,Sunday,28 Feb 2021,17:00,21,31,52,21,31,52,No Group
Manchester City Council - Chorlton,Chorlton Place,2021,February,8,Sunday,28 Feb 2021,18:00,30,33,63,30,33,63,No Group
Manchester City Council - Chorlton,Chorlton Place,2021,February,8,Sunday,28 Feb 2021,19:00,38,25,63,38,25,63,No Group
Manchester City Council - Chorlton,Chorlton Place,2021,February,8,Sunday,28 Feb 2021,20:00,18,17,35,18,17,35,No Group
Manchester City Council - Chorlton,Chorlton Place,2021,February,8,Sunday,28 Feb 2021,21:00,9,12,21,9,12,21,No Group
Manchester City Council - Chorlton,Chorlton Place,2021,February,8,Sunday,28 Feb 2021,22:00,6,4,10,6,4,10,No Group
Manchester City Council - Chorlton,Chorlton Place,2021,February,8,Sunday,28 Feb 2021,23:00,6,0,6,6,0,6,No Group
Manchester City Council - Chorlton,Chorlton Place,2021,March,9,Monday,01 Mar 2021,00:00,1,1,2,1,1,2,No Group
Manchester City Council - Chorlton,Chorlton Place,2021,March,9,Monday,01 Mar 2021,01:00,0,0,0,0,0,0,No Group
Manchester City Council - Chorlton,Chorlton Place,2021,March,9,Monday,01 Mar 2021,02:00,1,2,3,1,2,3,No Group
Manchester City Council - Chorlton,Chorlton Place,2021,March,9,Monday,01 Mar 2021,03:00,0,0,0,0,0,0,No Group
Manchester City Council - Chorlton,Chorlton Place,2021,March,9,Monday,01 Mar 2021,04:00,1,2,3,1,2,3,No Group
Manchester City Council - Chorlton,Chorlton Place,2021,March,9,Monday,01 Mar 2021,05:00,0,3,3,0,3,3,No Group
Manchester City Council - Chorlton,Chorlton Place,2021,March,9,Monday,01 Mar 2021,06:00,8,13,21,8,13,21,No Group
Manchester City Council - Chorlton,Chorlton Place,2021,March,9,Monday,01 Mar 2021,07:00,9,19,28,9,19,28,No Group
Manchester City Council - Chorlton,Chorlton Place,2021,March,9,Monday,01 Mar 2021,08:00,82,143,225,82,143,225,No Group
Manchester City Council - Chorlton,Chorlton Place,2021,March,9,Monday,01 Mar 2021,09:00,129,338,467,129,338,467,No Group
Manchester City Council - Chorlton,Chorlton Place,2021,March,9,Monday,01 Mar 2021,10:00,122,349,471,122,349,471,No Group
Manchester City Council - Chorlton,Chorlton Place,2021,March,9,Monday,01 Mar 2021,11:00,193,459,652,193,459,652,No Group
Manchester City Council - Chorlton,Chorlton Place,2021,March,9,Monday,01 Mar 2021,12:00,280,394,674,280,394,674,No Group
Manchester City Council - Chorlton,Chorlton Place,2021,March,9,Monday,01 Mar 2021,13:00,295,363,658,295,363,658,No Group
Manchester City Council - Chorlton,Chorlton Place,2021,March,9,Monday,01 Mar 2021,14:00,238,297,535,238,297,535,No Group
Manchester City Council - Chorlton,Chorlton Place,2021,March,9,Monday,01 Mar 2021,15:00,155,173,328,155,173,328,No Group
Manchester City Council - Chorlton,Chorlton Place,2021,March,9,Monday,01 Mar 2021,16:00,116,91,207,116,91,207,No Group
Manchester City Council - Chorlton,Chorlton Place,2021,March,9,Monday,01 Mar 2021,17:00,62,63,125,62,63,125,No Group
Manchester City Council - Chorlton,Chorlton Place,2021,March,9,Monday,01 Mar 2021,18:00,49,57,106,49,57,106,No Group
Manchester City Council - Chorlton,Chorlton Place,2021,March,9,Monday,01 Mar 2021,19:00,27,19,46,27,19,46,No Group
Manchester City Council - Chorlton,Chorlton Place,2021,March,9,Monday,01 Mar 2021,20:00,20,13,33,20,13,33,No Group
Manchester City Council - Chorlton,Chorlton Place,2021,March,9,Monday,01 Mar 2021,21:00,9,19,28,9,19,28,No Group
Manchester City Council - Chorlton,Chorlton Place,2021,March,9,Monday,01 Mar 2021,22:00,5,7,12,5,7,12,No Group
Manchester City Council - Chorlton,Chorlton Place,2021,March,9,Monday,01 Mar 2021,23:00,7,3,10,7,3,10,No Group
Manchester City Council - Chorlton,Chorlton Place,2021,March,9,Tuesday,02 Mar 2021,00:00,1,0,1,1,0,1,No Group
Manchester City Council - Chorlton,Chorlton Place,2021,March,9,Tuesday,02 Mar 2021,01:00,6,2,8,6,2,8,No Group
Manchester City Council - Chorlton,Chorlton Place,2021,March,9,Tuesday,02 Mar 2021,02:00,1,0,1,1,0,1,No Group
Manchester City Council - Chorlton,Chorlton Place,2021,March,9,Tuesday,02 Mar 2021,03:00,0,0,0,0,0,0,No Group
Manchester City Council - Chorlton,Chorlton Place,2021,March,9,Tuesday,02 Mar 2021,04:00,0,1,1,0,1,1,No Group
Manchester City Council - Chorlton,Chorlton Place,2021,March,9,Tuesday,02 Mar 2021,05:00,1,6,7,1,6,7,No Group
Manchester City Council - Chorlton,Chorlton Place,2021,March,9,Tuesday,02 Mar 2021,06:00,9,17,26,9,17,26,No Group
Manchester City Council - Chorlton,Chorlton Place,2021,March,9,Tuesday,02 Mar 2021,07:00,11,28,39,11,28,39,No Group
Manchester City Council - Chorlton,Chorlton Place,2021,March,9,Tuesday,02 Mar 2021,08:00,70,174,244,70,174,244,No Group
Manchester City Council - Chorlton,Chorlton Place,2021,March,9,Tuesday,02 Mar 2021,09:00,116,276,392,116,276,392,No Group
Manchester City Council - Chorlton,Chorlton Place,2021,March,9,Tuesday,02 Mar 2021,10:00,126,268,394,126,268,394,No Group
Manchester City Council - Chorlton,Chorlton Place,2021,March,9,Tuesday,02 Mar 2021,11:00,179,376,555,179,376,555,No Group
Manchester City Council - Chorlton,Chorlton Place,2021,March,9,Tuesday,02 Mar 2021,12:00,305,474,779,305,474,779,No Group
Manchester City Council - Chorlton,Chorlton Place,2021,March,9,Tuesday,02 Mar 2021,13:00,308,394,702,308,394,702,No Group
Manchester City Council - Chorlton,Chorlton Place,2021,March,9,Tuesday,02 Mar 2021,14:00,249,333,582,249,333,582,No Group
Manchester City Council - Chorlton,Chorlton Place,2021,March,9,Tuesday,02 Mar 2021,15:00,186,172,358,186,172,358,No Group
Manchester City Council - Chorlton,Chorlton Place,2021,March,9,Tuesday,02 Mar 2021,16:00,115,99,214,115,99,214,No Group
Manchester City Council - Chorlton,Chorlton Place,2021,March,9,Tuesday,02 Mar 2021,17:00,77,56,133,77,56,133,No Group
Manchester City Council - Chorlton,Chorlton Place,2021,March,9,Tuesday,02 Mar 2021,18:00,43,49,92,43,49,92,No Group
Manchester City Council - Chorlton,Chorlton Place,2021,March,9,Tuesday,02 Mar 2021,19:00,29,32,61,29,32,61,No Group
Manchester City Council - Chorlton,Chorlton Place,2021,March,9,Tuesday,02 Mar 2021,20:00,14,27,41,14,27,41,No Group
Manchester City Council - Chorlton,Chorlton Place,2021,March,9,Tuesday,02 Mar 2021,21:00,11,7,18,11,7,18,No Group
Manchester City Council - Chorlton,Chorlton Place,2021,March,9,Tuesday,02 Mar 2021,22:00,6,5,11,6,5,11,No Group
Manchester City Council - Chorlton,Chorlton Place,2021,March,9,Tuesday,02 Mar 2021,23:00,7,4,11,7,4,11,No Group
Manchester City Council - Chorlton,Chorlton Place,2021,March,9,Wednesday,03 Mar 2021,00:00,0,0,0,0,0,0,No Group
Manchester City Council - Chorlton,Chorlton Place,2021,March,9,Wednesday,03 Mar 2021,01:00,0,2,2,0,2,2,No Group
Manchester City Council - Chorlton,Chorlton Place,2021,March,9,Wednesday,03 Mar 2021,02:00,0,1,1,0,1,1,No Group
Manchester City Council - Chorlton,Chorlton Place,2021,March,9,Wednesday,03 Mar 2021,03:00,1,0,1,1,0,1,No Group
Manchester City Council - Chorlton,Chorlton Place,2021,March,9,Wednesday,03 Mar 2021,04:00,3,3,6,3,3,6,No Group
Manchester City Council - Chorlton,Chorlton Place,2021,March,9,Wednesday,03 Mar 2021,05:00,1,2,3,1,2,3,No Group
Manchester City Council - Chorlton,Chorlton Place,2021,March,9,Wednesday,03 Mar 2021,06:00,4,17,21,4,17,21,No Group
Manchester City Council - Chorlton,Chorlton Place,2021,March,9,Wednesday,03 Mar 2021,07:00,14,31,45,14,31,45,No Group
Manchester City Council - Chorlton,Chorlton Place,2021,March,9,Wednesday,03 Mar 2021,08:00,39,45,84,39,45,84,No Group
Manchester City Council - Chorlton,Chorlton Place,2021,March,9,Wednesday,03 Mar 2021,09:00,45,60,105,45,60,105,No Group
Manchester City Council - Chorlton,Chorlton Place,2021,March,9,Wednesday,03 Mar 2021,10:00,86,141,227,86,141,227,No Group
Manchester City Council - Chorlton,Chorlton Place,2021,March,9,Wednesday,03 Mar 2021,11:00,121,193,314,121,193,314,No Group
Manchester City Council - Chorlton,Chorlton Place,2021,March,9,Wednesday,03 Mar 2021,12:00,139,210,349,139,210,349,No Group
Manchester City Council - Chorlton,Chorlton Place,2021,March,9,Wednesday,03 Mar 2021,13:00,119,135,254,119,135,254,No Group
Manchester City Council - Chorlton,Chorlton Place,2021,March,9,Wednesday,03 Mar 2021,14:00,115,87,202,115,87,202,No Group
Manchester City Council - Chorlton,Chorlton Place,2021,March,9,Wednesday,03 Mar 2021,15:00,91,87,178,91,87,178,No Group
Manchester City Council - Chorlton,Chorlton Place,2021,March,9,Wednesday,03 Mar 2021,16:00,69,71,140,69,71,140,No Group
Manchester City Council - Chorlton,Chorlton Place,2021,March,9,Wednesday,03 Mar 2021,17:00,74,65,139,74,65,139,No Group
Manchester City Council - Chorlton,Chorlton Place,2021,March,9,Wednesday,03 Mar 2021,18:00,58,47,105,58,47,105,No Group
Manchester City Council - Chorlton,Chorlton Place,2021,March,9,Wednesday,03 Mar 2021,19:00,27,43,70,27,43,70,No Group
Manchester City Council - Chorlton,Chorlton Place,2021,March,9,Wednesday,03 Mar 2021,20:00,27,20,47,27,20,47,No Group
Manchester City Council - Chorlton,Chorlton Place,2021,March,9,Wednesday,03 Mar 2021,21:00,7,5,12,7,5,12,No Group
Manchester City Council - Chorlton,Chorlton Place,2021,March,9,Wednesday,03 Mar 2021,22:00,1,3,4,1,3,4,No Group
Manchester City Council - Chorlton,Chorlton Place,2021,March,9,Wednesday,03 Mar 2021,23:00,6,2,8,6,2,8,No Group
Manchester City Council - Chorlton,Chorlton Place,2021,March,9,Thursday,04 Mar 2021,00:00,0,1,1,0,1,1,No Group
Manchester City Council - Chorlton,Chorlton Place,2021,March,9,Thursday,04 Mar 2021,01:00,0,0,0,0,0,0,No Group
Manchester City Council - Chorlton,Chorlton Place,2021,March,9,Thursday,04 Mar 2021,02:00,0,0,0,0,0,0,No Group
Manchester City Council - Chorlton,Chorlton Place,2021,March,9,Thursday,04 Mar 2021,03:00,0,2,2,0,2,2,No Group
Manchester City Council - Chorlton,Chorlton Place,2021,March,9,Thursday,04 Mar 2021,04:00,0,1,1,0,1,1,No Group
Manchester City Council - Chorlton,Chorlton Place,2021,March,9,Thursday,04 Mar 2021,05:00,0,4,4,0,4,4,No Group
Manchester City Council - Chorlton,Chorlton Place,2021,March,9,Thursday,04 Mar 2021,06:00,16,22,38,16,22,38,No Group
Manchester City Council - Chorlton,Chorlton Place,2021,March,9,Thursday,04 Mar 2021,07:00,18,28,46,18,28,46,No Group
Manchester City Council - Chorlton,Chorlton Place,2021,March,9,Thursday,04 Mar 2021,08:00,46,61,107,46,61,107,No Group
Manchester City Council - Chorlton,Chorlton Place,2021,March,9,Thursday,04 Mar 2021,09:00,56,79,135,56,79,135,No Group
Manchester City Council - Chorlton,Chorlton Place,2021,March,9,Thursday,04 Mar 2021,10:00,93,97,190,93,97,190,No Group
Manchester City Council - Chorlton,Chorlton Place,2021,March,9,Thursday,04 Mar 2021,11:00,90,113,203,90,113,203,No Group
Manchester City Council - Chorlton,Chorlton Place,2021,March,9,Thursday,04 Mar 2021,12:00,105,88,193,105,88,193,No Group
Manchester City Council - Chorlton,Chorlton Place,2021,March,9,Thursday,04 Mar 2021,13:00,137,140,277,137,140,277,No Group
Manchester City Council - Chorlton,Chorlton Place,2021,March,9,Thursday,04 Mar 2021,14:00,120,115,235,120,115,235,No Group
Manchester City Council - Chorlton,Chorlton Place,2021,March,9,Thursday,04 Mar 2021,15:00,88,93,181,88,93,181,No Group
Manchester City Council - Chorlton,Chorlton Place,2021,March,9,Thursday,04 Mar 2021,16:00,73,92,165,73,92,165,No Group
Manchester City Council - Chorlton,Chorlton Place,2021,March,9,Thursday,04 Mar 2021,17:00,70,60,130,70,60,130,No Group
Manchester City Council - Chorlton,Chorlton Place,2021,March,9,Thursday,04 Mar 2021,18:00,60,32,92,60,32,92,No Group
Manchester City Council - Chorlton,Chorlton Place,2021,March,9,Thursday,04 Mar 2021,19:00,30,42,72,30,42,72,No Group
Manchester City Council - Chorlton,Chorlton Place,2021,March,9,Thursday,04 Mar 2021,20:00,14,26,40,14,26,40,No Group
Manchester City Council - Chorlton,Chorlton Place,2021,March,9,Thursday,04 Mar 2021,21:00,11,7,18,11,7,18,No Group
Manchester City Council - Chorlton,Chorlton Place,2021,March,9,Thursday,04 Mar 2021,22:00,11,11,22,11,11,22,No Group
Manchester City Council - Chorlton,Chorlton Place,2021,March,9,Thursday,04 Mar 2021,23:00,12,1,13,12,1,13,No Group
Manchester City Council - Chorlton,Chorlton Place,2021,March,9,Friday,05 Mar 2021,00:00,0,2,2,0,2,2,No Group
Manchester City Council - Chorlton,Chorlton Place,2021,March,9,Friday,05 Mar 2021,01:00,0,2,2,0,2,2,No Group
Manchester City Council - Chorlton,Chorlton Place,2021,March,9,Friday,05 Mar 2021,02:00,2,0,2,2,0,2,No Group
Manchester City Council - Chorlton,Chorlton Place,2021,March,9,Friday,05 Mar 2021,03:00,0,0,0,0,0,0,No Group
Manchester City Council - Chorlton,Chorlton Place,2021,March,9,Friday,05 Mar 2021,04:00,0,2,2,0,2,2,No Group
Manchester City Council - Chorlton,Chorlton Place,2021,March,9,Friday,05 Mar 2021,05:00,0,3,3,0,3,3,No Group
Manchester City Council - Chorlton,Chorlton Place,2021,March,9,Friday,05 Mar 2021,06:00,4,15,19,4,15,19,No Group
Manchester City Council - Chorlton,Chorlton Place,2021,March,9,Friday,05 Mar 2021,07:00,24,35,59,24,35,59,No Group
Manchester City Council - Chorlton,Chorlton Place,2021,March,9,Friday,05 Mar 2021,08:00,43,66,109,43,66,109,No Group
Manchester City Council - Chorlton,Chorlton Place,2021,March,9,Friday,05 Mar 2021,09:00,70,66,136,70,66,136,No Group
Manchester City Council - Chorlton,Chorlton Place,2021,March,9,Friday,05 Mar 2021,10:00,77,86,163,77,86,163,No Group
Manchester City Council - Chorlton,Chorlton Place,2021,March,9,Friday,05 Mar 2021,11:00,124,116,240,124,116,240,No Group
Manchester City Council - Chorlton,Chorlton Place,2021,March,9,Friday,05 Mar 2021,12:00,128,155,283,128,155,283,No Group
Manchester City Council - Chorlton,Chorlton Place,2021,March,9,Friday,05 Mar 2021,13:00,158,122,280,158,122,280,No Group
Manchester City Council - Chorlton,Chorlton Place,2021,March,9,Friday,05 Mar 2021,14:00,107,113,220,107,113,220,No Group
Manchester City Council - Chorlton,Chorlton Place,2021,March,9,Friday,05 Mar 2021,15:00,124,124,248,124,124,248,No Group
Manchester City Council - Chorlton,Chorlton Place,2021,March,9,Friday,05 Mar 2021,16:00,94,87,181,94,87,181,No Group
Manchester City Council - Chorlton,Chorlton Place,2021,March,9,Friday,05 Mar 2021,17:00,66,56,122,66,56,122,No Group
Manchester City Council - Chorlton,Chorlton Place,2021,March,9,Friday,05 Mar 2021,18:00,78,65,143,78,65,143,No Group
Manchester City Council - Chorlton,Chorlton Place,2021,March,9,Friday,05 Mar 2021,19:00,45,65,110,45,65,110,No Group
Manchester City Council - Chorlton,Chorlton Place,2021,March,9,Friday,05 Mar 2021,20:00,29,20,49,29,20,49,No Group
Manchester City Council - Chorlton,Chorlton Place,2021,March,9,Friday,05 Mar 2021,21:00,11,16,27,11,16,27,No Group
Manchester City Council - Chorlton,Chorlton Place,2021,March,9,Friday,05 Mar 2021,22:00,12,11,23,12,11,23,No Group
Manchester City Council - Chorlton,Chorlton Place,2021,March,9,Friday,05 Mar 2021,23:00,6,4,10,6,4,10,No Group
Manchester City Council - Chorlton,Chorlton Place,2021,March,9,Saturday,06 Mar 2021,00:00,2,0,2,2,0,2,No Group
Manchester City Council - Chorlton,Chorlton Place,2021,March,9,Saturday,06 Mar 2021,01:00,0,1,1,0,1,1,No Group
Manchester City Council - Chorlton,Chorlton Place,2021,March,9,Saturday,06 Mar 2021,02:00,1,1,2,1,1,2,No Group
Manchester City Council - Chorlton,Chorlton Place,2021,March,9,Saturday,06 Mar 2021,03:00,0,0,0,0,0,0,No Group
Manchester City Council - Chorlton,Chorlton Place,2021,March,9,Saturday,06 Mar 2021,04:00,0,1,1,0,1,1,No Group
Manchester City Council - Chorlton,Chorlton Place,2021,March,9,Saturday,06 Mar 2021,05:00,0,1,1,0,1,1,No Group
Manchester City Council - Chorlton,Chorlton Place,2021,March,9,Saturday,06 Mar 2021,06:00,1,4,5,1,4,5,No Group
Manchester City Council - Chorlton,Chorlton Place,2021,March,9,Saturday,06 Mar 2021,07:00,9,12,21,9,12,21,No Group
Manchester City Council - Chorlton,Chorlton Place,2021,March,9,Saturday,06 Mar 2021,08:00,50,56,106,50,56,106,No Group
Manchester City Council - Chorlton,Chorlton Place,2021,March,9,Saturday,06 Mar 2021,09:00,107,118,225,107,118,225,No Group
Manchester City Council - Chorlton,Chorlton Place,2021,March,9,Saturday,06 Mar 2021,10:00,153,159,312,153,159,312,No Group
Manchester City Council - Chorlton,Chorlton Place,2021,March,9,Saturday,06 Mar 2021,11:00,244,292,536,244,292,536,No Group
Manchester City Council - Chorlton,Chorlton Place,2021,March,9,Saturday,06 Mar 2021,12:00,288,277,565,288,277,565,No Group
Manchester City Council - Chorlton,Chorlton Place,2021,March,9,Saturday,06 Mar 2021,13:00,247,233,480,247,233,480,No Group
Manchester City Council - Chorlton,Chorlton Place,2021,March,9,Saturday,06 Mar 2021,14:00,251,248,499,251,248,499,No Group
Manchester City Council - Chorlton,Chorlton Place,2021,March,9,Saturday,06 Mar 2021,15:00,222,222,444,222,222,444,No Group
Manchester City Council - Chorlton,Chorlton Place,2021,March,9,Saturday,06 Mar 2021,16:00,126,121,247,126,121,247,No Group
Manchester City Council - Chorlton,Chorlton Place,2021,March,9,Saturday,06 Mar 2021,17:00,67,62,129,67,62,129,No Group
Manchester City Council - Chorlton,Chorlton Place,2021,March,9,Saturday,06 Mar 2021,18:00,42,44,86,42,44,86,No Group
Manchester City Council - Chorlton,Chorlton Place,2021,March,9,Saturday,06 Mar 2021,19:00,36,30,66,36,30,66,No Group
Manchester City Council - Chorlton,Chorlton Place,2021,March,9,Saturday,06 Mar 2021,20:00,16,18,34,16,18,34,No Group
Manchester City Council - Chorlton,Chorlton Place,2021,March,9,Saturday,06 Mar 2021,21:00,14,18,32,14,18,32,No Group
Manchester City Council - Chorlton,Chorlton Place,2021,March,9,Saturday,06 Mar 2021,22:00,7,4,11,7,4,11,No Group
Manchester City Council - Chorlton,Chorlton Place,2021,March,9,Saturday,06 Mar 2021,23:00,8,5,13,8,5,13,No Group
Manchester City Council - Chorlton,Chorlton Place,2021,March,9,Sunday,07 Mar 2021,00:00,2,1,3,2,1,3,No Group
Manchester City Council - Chorlton,Chorlton Place,2021,March,9,Sunday,07 Mar 2021,01:00,0,3,3,0,3,3,No Group
Manchester City Council - Chorlton,Chorlton Place,2021,March,9,Sunday,07 Mar 2021,02:00,2,2,4,2,2,4,No Group
Manchester City Council - Chorlton,Chorlton Place,2021,March,9,Sunday,07 Mar 2021,03:00,0,0,0,0,0,0,No Group
Manchester City Council - Chorlton,Chorlton Place,2021,March,9,Sunday,07 Mar 2021,04:00,0,1,1,0,1,1,No Group
Manchester City Council - Chorlton,Chorlton Place,2021,March,9,Sunday,07 Mar 2021,05:00,0,2,2,0,2,2,No Group
Manchester City Council - Chorlton,Chorlton Place,2021,March,9,Sunday,07 Mar 2021,06:00,2,4,6,2,4,6,No Group
Manchester City Council - Chorlton,Chorlton Place,2021,March,9,Sunday,07 Mar 2021,07:00,6,9,15,6,9,15,No Group
Manchester City Council - Chorlton,Chorlton Place,2021,March,9,Sunday,07 Mar 2021,08:00,18,20,38,18,20,38,No Group
Manchester City Council - Chorlton,Chorlton Place,2021,March,9,Sunday,07 Mar 2021,09:00,30,37,67,30,37,67,No Group
Manchester City Council - Chorlton,Chorlton Place,2021,March,9,Sunday,07 Mar 2021,10:00,55,72,127,55,72,127,No Group
Manchester City Council - Chorlton,Chorlton Place,2021,March,9,Sunday,07 Mar 2021,11:00,77,116,193,77,116,193,No Group
Manchester City Council - Chorlton,Chorlton Place,2021,March,9,Sunday,07 Mar 2021,12:00,94,94,188,94,94,188,No Group
Manchester City Council - Chorlton,Chorlton Place,2021,March,9,Sunday,07 Mar 2021,13:00,86,86,172,86,86,172,No Group
Manchester City Council - Chorlton,Chorlton Place,2021,March,9,Sunday,07 Mar 2021,14:00,62,104,166,62,104,166,No Group
Manchester City Council - Chorlton,Chorlton Place,2021,March,9,Sunday,07 Mar 2021,15:00,110,101,211,110,101,211,No Group
Manchester City Council - Chorlton,Chorlton Place,2021,March,9,Sunday,07 Mar 2021,16:00,45,46,91,45,46,91,No Group
Manchester City Council - Chorlton,Chorlton Place,2021,March,9,Sunday,07 Mar 2021,17:00,25,31,56,25,31,56,No Group
Manchester City Council - Chorlton,Chorlton Place,2021,March,9,Sunday,07 Mar 2021,18:00,34,21,55,34,21,55,No Group
Manchester City Council - Chorlton,Chorlton Place,2021,March,9,Sunday,07 Mar 2021,19:00,13,21,34,13,21,34,No Group
Manchester City Council - Chorlton,Chorlton Place,2021,March,9,Sunday,07 Mar 2021,20:00,13,10,23,13,10,23,No Group
Manchester City Council - Chorlton,Chorlton Place,2021,March,9,Sunday,07 Mar 2021,21:00,6,7,13,6,7,13,No Group
Manchester City Council - Chorlton,Chorlton Place,2021,March,9,Sunday,07 Mar 2021,22:00,14,13,27,14,13,27,No Group
Manchester City Council - Chorlton,Chorlton Place,2021,March,9,Sunday,07 Mar 2021,23:00,4,1,5,4,1,5,No Group
Manchester City Council - Chorlton,Chorlton Place,2021,March,10,Monday,08 Mar 2021,00:00,3,1,4,3,1,4,No Group
Manchester City Council - Chorlton,Chorlton Place,2021,March,10,Monday,08 Mar 2021,01:00,0,0,0,0,0,0,No Group
Manchester City Council - Chorlton,Chorlton Place,2021,March,10,Monday,08 Mar 2021,02:00,1,2,3,1,2,3,No Group
Manchester City Council - Chorlton,Chorlton Place,2021,March,10,Monday,08 Mar 2021,03:00,0,1,1,0,1,1,No Group
Manchester City Council - Chorlton,Chorlton Place,2021,March,10,Monday,08 Mar 2021,04:00,0,1,1,0,1,1,No Group
Manchester City Council - Chorlton,Chorlton Place,2021,March,10,Monday,08 Mar 2021,05:00,2,3,5,2,3,5,No Group
Manchester City Council - Chorlton,Chorlton Place,2021,March,10,Monday,08 Mar 2021,06:00,5,16,21,5,16,21,No Group
Manchester City Council - Chorlton,Chorlton Place,2021,March,10,Monday,08 Mar 2021,07:00,14,28,42,14,28,42,No Group
Manchester City Council - Chorlton,Chorlton Place,2021,March,10,Monday,08 Mar 2021,08:00,36,55,91,36,55,91,No Group
Manchester City Council - Chorlton,Chorlton Place,2021,March,10,Monday,08 Mar 2021,09:00,69,80,149,69,80,149,No Group
Manchester City Council - Chorlton,Chorlton Place,2021,March,10,Monday,08 Mar 2021,10:00,67,80,147,67,80,147,No Group
Manchester City Council - Chorlton,Chorlton Place,2021,March,10,Monday,08 Mar 2021,11:00,86,96,182,86,96,182,No Group
Manchester City Council - Chorlton,Chorlton Place,2021,March,10,Monday,08 Mar 2021,12:00,97,97,194,97,97,194,No Group
Manchester City Council - Chorlton,Chorlton Place,2021,March,10,Monday,08 Mar 2021,13:00,80,90,170,80,90,170,No Group
Manchester City Council - Chorlton,Chorlton Place,2021,March,10,Monday,08 Mar 2021,14:00,108,100,208,108,100,208,No Group
Manchester City Council - Chorlton,Chorlton Place,2021,March,10,Monday,08 Mar 2021,15:00,91,87,178,91,87,178,No Group
Manchester City Council - Chorlton,Chorlton Place,2021,March,10,Monday,08 Mar 2021,16:00,117,116,233,117,116,233,No Group
Manchester City Council - Chorlton,Chorlton Place,2021,March,10,Monday,08 Mar 2021,17:00,59,56,115,59,56,115,No Group
Manchester City Council - Chorlton,Chorlton Place,2021,March,10,Monday,08 Mar 2021,18:00,50,50,100,50,50,100,No Group
Manchester City Council - Chorlton,Chorlton Place,2021,March,10,Monday,08 Mar 2021,19:00,25,30,55,25,30,55,No Group
Manchester City Council - Chorlton,Chorlton Place,2021,March,10,Monday,08 Mar 2021,20:00,24,23,47,24,23,47,No Group
Manchester City Council - Chorlton,Chorlton Place,2021,March,10,Monday,08 Mar 2021,21:00,11,8,19,11,8,19,No Group
Manchester City Council - Chorlton,Chorlton Place,2021,March,10,Monday,08 Mar 2021,22:00,9,9,18,9,9,18,No Group
Manchester City Council - Chorlton,Chorlton Place,2021,March,10,Monday,08 Mar 2021,23:00,4,1,5,4,1,5,No Group
Manchester City Council - Chorlton,Chorlton Place,2021,March,10,Tuesday,09 Mar 2021,00:00,2,1,3,2,1,3,No Group
Manchester City Council - Chorlton,Chorlton Place,2021,March,10,Tuesday,09 Mar 2021,01:00,1,3,4,1,3,4,No Group
Manchester City Council - Chorlton,Chorlton Place,2021,March,10,Tuesday,09 Mar 2021,02:00,0,0,0,0,0,0,No Group
Manchester City Council - Chorlton,Chorlton Place,2021,March,10,Tuesday,09 Mar 2021,03:00,0,0,0,0,0,0,No Group
Manchester City Council - Chorlton,Chorlton Place,2021,March,10,Tuesday,09 Mar 2021,04:00,0,0,0,0,0,0,No Group
Manchester City Council - Chorlton,Chorlton Place,2021,March,10,Tuesday,09 Mar 2021,05:00,1,3,4,1,3,4,No Group
Manchester City Council - Chorlton,Chorlton Place,2021,March,10,Tuesday,09 Mar 2021,06:00,5,18,23,5,18,23,No Group
Manchester City Council - Chorlton,Chorlton Place,2021,March,10,Tuesday,09 Mar 2021,07:00,11,29,40,11,29,40,No Group
Manchester City Council - Chorlton,Chorlton Place,2021,March,10,Tuesday,09 Mar 2021,08:00,42,48,90,42,48,90,No Group
Manchester City Council - Chorlton,Chorlton Place,2021,March,10,Tuesday,09 Mar 2021,09:00,71,84,155,71,84,155,No Group
Manchester City Council - Chorlton,Chorlton Place,2021,March,10,Tuesday,09 Mar 2021,10:00,87,83,170,87,83,170,No Group
Manchester City Council - Chorlton,Chorlton Place,2021,March,10,Tuesday,09 Mar 2021,11:00,105,221,326,105,221,326,No Group
Manchester City Council - Chorlton,Chorlton Place,2021,March,10,Tuesday,09 Mar 2021,12:00,147,167,314,147,167,314,No Group
Manchester City Council - Chorlton,Chorlton Place,2021,March,10,Tuesday,09 Mar 2021,13:00,101,109,210,101,109,210,No Group
Manchester City Council - Chorlton,Chorlton Place,2021,March,10,Tuesday,09 Mar 2021,14:00,90,100,190,90,100,190,No Group
Manchester City Council - Chorlton,Chorlton Place,2021,March,10,Tuesday,09 Mar 2021,15:00,93,102,195,93,102,195,No Group
Manchester City Council - Chorlton,Chorlton Place,2021,March,10,Tuesday,09 Mar 2021,16:00,71,73,144,71,73,144,No Group
Manchester City Council - Chorlton,Chorlton Place,2021,March,10,Tuesday,09 Mar 2021,17:00,61,75,136,61,75,136,No Group
Manchester City Council - Chorlton,Chorlton Place,2021,March,10,Tuesday,09 Mar 2021,18:00,55,36,91,55,36,91,No Group
Manchester City Council - Chorlton,Chorlton Place,2021,March,10,Tuesday,09 Mar 2021,19:00,22,21,43,22,21,43,No Group
Manchester City Council - Chorlton,Chorlton Place,2021,March,10,Tuesday,09 Mar 2021,20:00,22,16,38,22,16,38,No Group
Manchester City Council - Chorlton,Chorlton Place,2021,March,10,Tuesday,09 Mar 2021,21:00,16,13,29,16,13,29,No Group
Manchester City Council - Chorlton,Chorlton Place,2021,March,10,Tuesday,09 Mar 2021,22:00,8,5,13,8,5,13,No Group
Manchester City Council - Chorlton,Chorlton Place,2021,March,10,Tuesday,09 Mar 2021,23:00,4,3,7,4,3,7,No Group
Manchester City Council - Chorlton,Chorlton Place,2021,March,10,Wednesday,10 Mar 2021,00:00,1,1,2,1,1,2,No Group
Manchester City Council - Chorlton,Chorlton Place,2021,March,10,Wednesday,10 Mar 2021,01:00,1,0,1,1,0,1,No Group
Manchester City Council - Chorlton,Chorlton Place,2021,March,10,Wednesday,10 Mar 2021,02:00,1,0,1,1,0,1,No Group
Manchester City Council - Chorlton,Chorlton Place,2021,March,10,Wednesday,10 Mar 2021,03:00,5,8,13,5,8,13,No Group
Manchester City Council - Chorlton,Chorlton Place,2021,March,10,Wednesday,10 Mar 2021,04:00,10,5,15,10,5,15,No Group
Manchester City Council - Chorlton,Chorlton Place,2021,March,10,Wednesday,10 Mar 2021,05:00,4,5,9,4,5,9,No Group
Manchester City Council - Chorlton,Chorlton Place,2021,March,10,Wednesday,10 Mar 2021,06:00,14,23,37,14,23,37,No Group
Manchester City Council - Chorlton,Chorlton Place,2021,March,10,Wednesday,10 Mar 2021,07:00,28,70,98,28,70,98,No Group
Manchester City Council - Chorlton,Chorlton Place,2021,March,10,Wednesday,10 Mar 2021,08:00,64,93,157,64,93,157,No Group
Manchester City Council - Chorlton,Chorlton Place,2021,March,10,Wednesday,10 Mar 2021,09:00,53,66,119,53,66,119,No Group
Manchester City Council - Chorlton,Chorlton Place,2021,March,10,Wednesday,10 Mar 2021,10:00,123,112,235,123,112,235,No Group
Manchester City Council - Chorlton,Chorlton Place,2021,March,10,Wednesday,10 Mar 2021,11:00,105,101,206,105,101,206,No Group
Manchester City Council - Chorlton,Chorlton Place,2021,March,10,Wednesday,10 Mar 2021,12:00,101,137,238,101,137,238,No Group
Manchester City Council - Chorlton,Chorlton Place,2021,March,10,Wednesday,10 Mar 2021,13:00,83,89,172,83,89,172,No Group
Manchester City Council - Chorlton,Chorlton Place,2021,March,10,Wednesday,10 Mar 2021,14:00,88,106,194,88,106,194,No Group
Manchester City Council - Chorlton,Chorlton Place,2021,March,10,Wednesday,10 Mar 2021,15:00,69,70,139,69,70,139,No Group
Manchester City Council - Chorlton,Chorlton Place,2021,March,10,Wednesday,10 Mar 2021,16:00,77,59,136,77,59,136,No Group
Manchester City Council - Chorlton,Chorlton Place,2021,March,10,Wednesday,10 Mar 2021,17:00,88,78,166,88,78,166,No Group
Manchester City Council - Chorlton,Chorlton Place,2021,March,10,Wednesday,10 Mar 2021,18:00,44,47,91,44,47,91,No Group
Manchester City Council - Chorlton,Chorlton Place,2021,March,10,Wednesday,10 Mar 2021,19:00,27,21,48,27,21,48,No Group
Manchester City Council - Chorlton,Chorlton Place,2021,March,10,Wednesday,10 Mar 2021,20:00,15,17,32,15,17,32,No Group
Manchester City Council - Chorlton,Chorlton Place,2021,March,10,Wednesday,10 Mar 2021,21:00,13,7,20,13,7,20,No Group
Manchester City Council - Chorlton,Chorlton Place,2021,March,10,Wednesday,10 Mar 2021,22:00,9,12,21,9,12,21,No Group
Manchester City Council - Chorlton,Chorlton Place,2021,March,10,Wednesday,10 Mar 2021,23:00,12,3,15,12,3,15,No Group
Manchester City Council - Chorlton,Chorlton Place,2021,March,10,Thursday,11 Mar 2021,00:00,2,0,2,2,0,2,No Group
Manchester City Council - Chorlton,Chorlton Place,2021,March,10,Thursday,11 Mar 2021,01:00,0,0,0,0,0,0,No Group
Manchester City Council - Chorlton,Chorlton Place,2021,March,10,Thursday,11 Mar 2021,02:00,0,0,0,0,0,0,No Group
Manchester City Council - Chorlton,Chorlton Place,2021,March,10,Thursday,11 Mar 2021,03:00,0,2,2,0,2,2,No Group
Manchester City Council - Chorlton,Chorlton Place,2021,March,10,Thursday,11 Mar 2021,04:00,7,5,12,7,5,12,No Group
Manchester City Council - Chorlton,Chorlton Place,2021,March,10,Thursday,11 Mar 2021,05:00,11,8,19,11,8,19,No Group
Manchester City Council - Chorlton,Chorlton Place,2021,March,10,Thursday,11 Mar 2021,06:00,3,10,13,3,10,13,No Group
Manchester City Council - Chorlton,Chorlton Place,2021,March,10,Thursday,11 Mar 2021,07:00,15,32,47,15,32,47,No Group
Manchester City Council - Chorlton,Chorlton Place,2021,March,10,Thursday,11 Mar 2021,08:00,38,54,92,38,54,92,No Group
Manchester City Council - Chorlton,Chorlton Place,2021,March,10,Thursday,11 Mar 2021,09:00,66,107,173,66,107,173,No Group
Manchester City Council - Chorlton,Chorlton Place,2021,March,10,Thursday,11 Mar 2021,10:00,94,97,191,94,97,191,No Group
Manchester City Council - Chorlton,Chorlton Place,2021,March,10,Thursday,11 Mar 2021,11:00,131,171,302,131,171,302,No Group
Manchester City Council - Chorlton,Chorlton Place,2021,March,10,Thursday,11 Mar 2021,12:00,157,171,328,157,171,328,No Group
Manchester City Council - Chorlton,Chorlton Place,2021,March,10,Thursday,11 Mar 2021,13:00,155,159,314,155,159,314,No Group
Manchester City Council - Chorlton,Chorlton Place,2021,March,10,Thursday,11 Mar 2021,14:00,135,136,271,135,136,271,No Group
Manchester City Council - Chorlton,Chorlton Place,2021,March,10,Thursday,11 Mar 2021,15:00,143,151,294,143,151,294,No Group
Manchester City Council - Chorlton,Chorlton Place,2021,March,10,Thursday,11 Mar 2021,16:00,94,87,181,94,87,181,No Group
Manchester City Council - Chorlton,Chorlton Place,2021,March,10,Thursday,11 Mar 2021,17:00,66,62,128,66,62,128,No Group
Manchester City Council - Chorlton,Chorlton Place,2021,March,10,Thursday,11 Mar 2021,18:00,35,43,78,35,43,78,No Group
Manchester City Council - Chorlton,Chorlton Place,2021,March,10,Thursday,11 Mar 2021,19:00,28,28,56,28,28,56,No Group
Manchester City Council - Chorlton,Chorlton Place,2021,March,10,Thursday,11 Mar 2021,20:00,11,17,28,11,17,28,No Group
Manchester City Council - Chorlton,Chorlton Place,2021,March,10,Thursday,11 Mar 2021,21:00,12,11,23,12,11,23,No Group
Manchester City Council - Chorlton,Chorlton Place,2021,March,10,Thursday,11 Mar 2021,22:00,3,7,10,3,7,10,No Group
Manchester City Council - Chorlton,Chorlton Place,2021,March,10,Thursday,11 Mar 2021,23:00,5,5,10,5,5,10,No Group
Manchester City Council - Chorlton,Chorlton Place,2021,March,10,Friday,12 Mar 2021,00:00,4,2,6,4,2,6,No Group
Manchester City Council - Chorlton,Chorlton Place,2021,March,10,Friday,12 Mar 2021,01:00,1,1,2,1,1,2,No Group
Manchester City Council - Chorlton,Chorlton Place,2021,March,10,Friday,12 Mar 2021,02:00,0,0,0,0,0,0,No Group
Manchester City Council - Chorlton,Chorlton Place,2021,March,10,Friday,12 Mar 2021,03:00,0,0,0,0,0,0,No Group
Manchester City Council - Chorlton,Chorlton Place,2021,March,10,Friday,12 Mar 2021,04:00,0,1,1,0,1,1,No Group
Manchester City Council - Chorlton,Chorlton Place,2021,March,10,Friday,12 Mar 2021,05:00,0,1,1,0,1,1,No Group
Manchester City Council - Chorlton,Chorlton Place,2021,March,10,Friday,12 Mar 2021,06:00,4,10,14,4,10,14,No Group
Manchester City Council - Chorlton,Chorlton Place,2021,March,10,Friday,12 Mar 2021,07:00,29,55,84,29,55,84,No Group
Manchester City Council - Chorlton,Chorlton Place,2021,March,10,Friday,12 Mar 2021,08:00,43,76,119,43,76,119,No Group
Manchester City Council - Chorlton,Chorlton Place,2021,March,10,Friday,12 Mar 2021,09:00,98,96,194,98,96,194,No Group
Manchester City Council - Chorlton,Chorlton Place,2021,March,10,Friday,12 Mar 2021,10:00,102,148,250,102,148,250,No Group
Manchester City Council - Chorlton,Chorlton Place,2021,March,10,Friday,12 Mar 2021,11:00,140,159,299,140,159,299,No Group
Manchester City Council - Chorlton,Chorlton Place,2021,March,10,Friday,12 Mar 2021,12:00,189,165,354,189,165,354,No Group
Manchester City Council - Chorlton,Chorlton Place,2021,March,10,Friday,12 Mar 2021,13:00,174,241,415,174,241,415,No Group
Manchester City Council - Chorlton,Chorlton Place,2021,March,10,Friday,12 Mar 2021,14:00,136,170,306,136,170,306,No Group
Manchester City Council - Chorlton,Chorlton Place,2021,March,10,Friday,12 Mar 2021,15:00,141,129,270,141,129,270,No Group
Manchester City Council - Chorlton,Chorlton Place,2021,March,10,Friday,12 Mar 2021,16:00,105,117,222,105,117,222,No Group
Manchester City Council - Chorlton,Chorlton Place,2021,March,10,Friday,12 Mar 2021,17:00,85,67,152,85,67,152,No Group
Manchester City Council - Chorlton,Chorlton Place,2021,March,10,Friday,12 Mar 2021,18:00,71,53,124,71,53,124,No Group
Manchester City Council - Chorlton,Chorlton Place,2021,March,10,Friday,12 Mar 2021,19:00,39,48,87,39,48,87,No Group
Manchester City Council - Chorlton,Chorlton Place,2021,March,10,Friday,12 Mar 2021,20:00,30,45,75,30,45,75,No Group
Manchester City Council - Chorlton,Chorlton Place,2021,March,10,Friday,12 Mar 2021,21:00,13,16,29,13,16,29,No Group
Manchester City Council - Chorlton,Chorlton Place,2021,March,10,Friday,12 Mar 2021,22:00,9,8,17,9,8,17,No Group
Manchester City Council - Chorlton,Chorlton Place,2021,March,10,Friday,12 Mar 2021,23:00,10,5,15,10,5,15,No Group
Manchester City Council - Chorlton,Chorlton Place,2021,March,10,Saturday,13 Mar 2021,00:00,5,2,7,5,2,7,No Group
Manchester City Council - Chorlton,Chorlton Place,2021,March,10,Saturday,13 Mar 2021,01:00,1,12,13,1,12,13,No Group
Manchester City Council - Chorlton,Chorlton Place,2021,March,10,Saturday,13 Mar 2021,02:00,0,0,0,0,0,0,No Group
Manchester City Council - Chorlton,Chorlton Place,2021,March,10,Saturday,13 Mar 2021,03:00,1,0,1,1,0,1,No Group
Manchester City Council - Chorlton,Chorlton Place,2021,March,10,Saturday,13 Mar 2021,04:00,12,12,24,12,12,24,No Group
Manchester City Council - Chorlton,Chorlton Place,2021,March,10,Saturday,13 Mar 2021,05:00,0,3,3,0,3,3,No Group
Manchester City Council - Chorlton,Chorlton Place,2021,March,10,Saturday,13 Mar 2021,06:00,3,10,13,3,10,13,No Group
Manchester City Council - Chorlton,Chorlton Place,2021,March,10,Saturday,13 Mar 2021,07:00,22,25,47,22,25,47,No Group
Manchester City Council - Chorlton,Chorlton Place,2021,March,10,Saturday,13 Mar 2021,08:00,71,58,129,71,58,129,No Group
Manchester City Council - Chorlton,Chorlton Place,2021,March,10,Saturday,13 Mar 2021,09:00,108,119,227,108,119,227,No Group
Manchester City Council - Chorlton,Chorlton Place,2021,March,10,Saturday,13 Mar 2021,10:00,164,157,321,164,157,321,No Group
Manchester City Council - Chorlton,Chorlton Place,2021,March,10,Saturday,13 Mar 2021,11:00,176,159,335,176,159,335,No Group
Manchester City Council - Chorlton,Chorlton Place,2021,March,10,Saturday,13 Mar 2021,12:00,232,269,501,232,269,501,No Group
Manchester City Council - Chorlton,Chorlton Place,2021,March,10,Saturday,13 Mar 2021,13:00,199,221,420,199,221,420,No Group
Manchester City Council - Chorlton,Chorlton Place,2021,March,10,Saturday,13 Mar 2021,14:00,208,209,417,208,209,417,No Group
Manchester City Council - Chorlton,Chorlton Place,2021,March,10,Saturday,13 Mar 2021,15:00,209,167,376,209,167,376,No Group
Manchester City Council - Chorlton,Chorlton Place,2021,March,10,Saturday,13 Mar 2021,16:00,155,151,306,155,151,306,No Group
Manchester City Council - Chorlton,Chorlton Place,2021,March,10,Saturday,13 Mar 2021,17:00,82,64,146,82,64,146,No Group
Manchester City Council - Chorlton,Chorlton Place,2021,March,10,Saturday,13 Mar 2021,18:00,37,44,81,37,44,81,No Group
Manchester City Council - Chorlton,Chorlton Place,2021,March,10,Saturday,13 Mar 2021,19:00,46,40,86,46,40,86,No Group
Manchester City Council - Chorlton,Chorlton Place,2021,March,10,Saturday,13 Mar 2021,20:00,15,17,32,15,17,32,No Group
Manchester City Council - Chorlton,Chorlton Place,2021,March,10,Saturday,13 Mar 2021,21:00,16,23,39,16,23,39,No Group
Manchester City Council - Chorlton,Chorlton Place,2021,March,10,Saturday,13 Mar 2021,22:00,4,6,10,4,6,10,No Group
Manchester City Council - Chorlton,Chorlton Place,2021,March,10,Saturday,13 Mar 2021,23:00,11,7,18,11,7,18,No Group
Manchester City Council - Chorlton,Chorlton Place,2021,March,10,Sunday,14 Mar 2021,00:00,3,1,4,3,1,4,No Group
Manchester City Council - Chorlton,Chorlton Place,2021,March,10,Sunday,14 Mar 2021,01:00,0,0,0,0,0,0,No Group
Manchester City Council - Chorlton,Chorlton Place,2021,March,10,Sunday,14 Mar 2021,02:00,4,2,6,4,2,6,No Group
Manchester City Council - Chorlton,Chorlton Place,2021,March,10,Sunday,14 Mar 2021,03:00,0,1,1,0,1,1,No Group
Manchester City Council - Chorlton,Chorlton Place,2021,March,10,Sunday,14 Mar 2021,04:00,0,0,0,0,0,0,No Group
Manchester City Council - Chorlton,Chorlton Place,2021,March,10,Sunday,14 Mar 2021,05:00,0,3,3,0,3,3,No Group
Manchester City Council - Chorlton,Chorlton Place,2021,March,10,Sunday,14 Mar 2021,06:00,3,8,11,3,8,11,No Group
Manchester City Council - Chorlton,Chorlton Place,2021,March,10,Sunday,14 Mar 2021,07:00,4,8,12,4,8,12,No Group
Manchester City Council - Chorlton,Chorlton Place,2021,March,10,Sunday,14 Mar 2021,08:00,18,20,38,18,20,38,No Group
Manchester City Council - Chorlton,Chorlton Place,2021,March,10,Sunday,14 Mar 2021,09:00,28,40,68,28,40,68,No Group
Manchester City Council - Chorlton,Chorlton Place,2021,March,10,Sunday,14 Mar 2021,10:00,47,62,109,47,62,109,No Group
Manchester City Council - Chorlton,Chorlton Place,2021,March,10,Sunday,14 Mar 2021,11:00,85,70,155,85,70,155,No Group
Manchester City Council - Chorlton,Chorlton Place,2021,March,10,Sunday,14 Mar 2021,12:00,77,80,157,77,80,157,No Group
Manchester City Council - Chorlton,Chorlton Place,2021,March,10,Sunday,14 Mar 2021,13:00,111,101,212,111,101,212,No Group
Manchester City Council - Chorlton,Chorlton Place,2021,March,10,Sunday,14 Mar 2021,14:00,86,101,187,86,101,187,No Group
Manchester City Council - Chorlton,Chorlton Place,2021,March,10,Sunday,14 Mar 2021,15:00,50,43,93,50,43,93,No Group
Manchester City Council - Chorlton,Chorlton Place,2021,March,10,Sunday,14 Mar 2021,16:00,52,43,95,52,43,95,No Group
Manchester City Council - Chorlton,Chorlton Place,2021,March,10,Sunday,14 Mar 2021,17:00,53,43,96,53,43,96,No Group
Manchester City Council - Chorlton,Chorlton Place,2021,March,10,Sunday,14 Mar 2021,18:00,30,30,60,30,30,60,No Group
Manchester City Council - Chorlton,Chorlton Place,2021,March,10,Sunday,14 Mar 2021,19:00,23,29,52,23,29,52,No Group
Manchester City Council - Chorlton,Chorlton Place,2021,March,10,Sunday,14 Mar 2021,20:00,7,16,23,7,16,23,No Group
Manchester City Council - Chorlton,Chorlton Place,2021,March,10,Sunday,14 Mar 2021,21:00,8,13,21,8,13,21,No Group
Manchester City Council - Chorlton,Chorlton Place,2021,March,10,Sunday,14 Mar 2021,22:00,2,3,5,2,3,5,No Group
Manchester City Council - Chorlton,Chorlton Place,2021,March,10,Sunday,14 Mar 2021,23:00,4,2,6,4,2,6,No Group
Manchester City Council - Chorlton,Chorlton Place,2021,March,11,Monday,15 Mar 2021,00:00,2,1,3,2,1,3,No Group
Manchester City Council - Chorlton,Chorlton Place,2021,March,11,Monday,15 Mar 2021,01:00,1,0,1,1,0,1,No Group
Manchester City Council - Chorlton,Chorlton Place,2021,March,11,Monday,15 Mar 2021,02:00,0,0,0,0,0,0,No Group
Manchester City Council - Chorlton,Chorlton Place,2021,March,11,Monday,15 Mar 2021,03:00,0,0,0,0,0,0,No Group
Manchester City Council - Chorlton,Chorlton Place,2021,March,11,Monday,15 Mar 2021,04:00,2,3,5,2,3,5,No Group
Manchester City Council - Chorlton,Chorlton Place,2021,March,11,Monday,15 Mar 2021,05:00,5,12,17,5,12,17,No Group
Manchester City Council - Chorlton,Chorlton Place,2021,March,11,Monday,15 Mar 2021,06:00,6,12,18,6,12,18,No Group
Manchester City Council - Chorlton,Chorlton Place,2021,March,11,Monday,15 Mar 2021,07:00,20,31,51,20,31,51,No Group
Manchester City Council - Chorlton,Chorlton Place,2021,March,11,Monday,15 Mar 2021,08:00,50,70,120,50,70,120,No Group
Manchester City Council - Chorlton,Chorlton Place,2021,March,11,Monday,15 Mar 2021,09:00,84,103,187,84,103,187,No Group
Manchester City Council - Chorlton,Chorlton Place,2021,March,11,Monday,15 Mar 2021,10:00,108,109,217,108,109,217,No Group
Manchester City Council - Chorlton,Chorlton Place,2021,March,11,Monday,15 Mar 2021,11:00,131,177,308,131,177,308,No Group
Manchester City Council - Chorlton,Chorlton Place,2021,March,11,Monday,15 Mar 2021,12:00,157,196,353,157,196,353,No Group
Manchester City Council - Chorlton,Chorlton Place,2021,March,11,Monday,15 Mar 2021,13:00,155,176,331,155,176,331,No Group
Manchester City Council - Chorlton,Chorlton Place,2021,March,11,Monday,15 Mar 2021,14:00,120,149,269,120,149,269,No Group
Manchester City Council - Chorlton,Chorlton Place,2021,March,11,Monday,15 Mar 2021,15:00,116,103,219,116,103,219,No Group
Manchester City Council - Chorlton,Chorlton Place,2021,March,11,Monday,15 Mar 2021,16:00,84,73,157,84,73,157,No Group
Manchester City Council - Chorlton,Chorlton Place,2021,March,11,Monday,15 Mar 2021,17:00,70,66,136,70,66,136,No Group
Manchester City Council - Chorlton,Chorlton Place,2021,March,11,Monday,15 Mar 2021,18:00,46,57,103,46,57,103,No Group
Manchester City Council - Chorlton,Chorlton Place,2021,March,11,Monday,15 Mar 2021,19:00,30,27,57,30,27,57,No Group
Manchester City Council - Chorlton,Chorlton Place,2021,March,11,Monday,15 Mar 2021,20:00,19,11,30,19,11,30,No Group
Manchester City Council - Chorlton,Chorlton Place,2021,March,11,Monday,15 Mar 2021,21:00,11,6,17,11,6,17,No Group
Manchester City Council - Chorlton,Chorlton Place,2021,March,11,Monday,15 Mar 2021,22:00,8,2,10,8,2,10,No Group
Manchester City Council - Chorlton,Chorlton Place,2021,March,11,Monday,15 Mar 2021,23:00,9,4,13,9,4,13,No Group
Manchester City Council - Chorlton,Chorlton Place,2021,March,11,Tuesday,16 Mar 2021,00:00,1,0,1,1,0,1,No Group
Manchester City Council - Chorlton,Chorlton Place,2021,March,11,Tuesday,16 Mar 2021,01:00,3,1,4,3,1,4,No Group
Manchester City Council - Chorlton,Chorlton Place,2021,March,11,Tuesday,16 Mar 2021,02:00,0,0,0,0,0,0,No Group
Manchester City Council - Chorlton,Chorlton Place,2021,March,11,Tuesday,16 Mar 2021,03:00,0,0,0,0,0,0,No Group
Manchester City Council - Chorlton,Chorlton Place,2021,March,11,Tuesday,16 Mar 2021,04:00,0,0,0,0,0,0,No Group
Manchester City Council - Chorlton,Chorlton Place,2021,March,11,Tuesday,16 Mar 2021,05:00,1,2,3,1,2,3,No Group
Manchester City Council - Chorlton,Chorlton Place,2021,March,11,Tuesday,16 Mar 2021,06:00,9,13,22,9,13,22,No Group
Manchester City Council - Chorlton,Chorlton Place,2021,March,11,Tuesday,16 Mar 2021,07:00,9,19,28,9,19,28,No Group
Manchester City Council - Chorlton,Chorlton Place,2021,March,11,Tuesday,16 Mar 2021,08:00,50,73,123,50,73,123,No Group
Manchester City Council - Chorlton,Chorlton Place,2021,March,11,Tuesday,16 Mar 2021,09:00,87,120,207,87,120,207,No Group
Manchester City Council - Chorlton,Chorlton Place,2021,March,11,Tuesday,16 Mar 2021,10:00,100,121,221,100,121,221,No Group
Manchester City Council - Chorlton,Chorlton Place,2021,March,11,Tuesday,16 Mar 2021,11:00,140,190,330,140,190,330,No Group
Manchester City Council - Chorlton,Chorlton Place,2021,March,11,Tuesday,16 Mar 2021,12:00,205,216,421,205,216,421,No Group
Manchester City Council - Chorlton,Chorlton Place,2021,March,11,Tuesday,16 Mar 2021,13:00,185,162,347,185,162,347,No Group
Manchester City Council - Chorlton,Chorlton Place,2021,March,11,Tuesday,16 Mar 2021,14:00,155,140,295,155,140,295,No Group
Manchester City Council - Chorlton,Chorlton Place,2021,March,11,Tuesday,16 Mar 2021,15:00,131,99,230,131,99,230,No Group
Manchester City Council - Chorlton,Chorlton Place,2021,March,11,Tuesday,16 Mar 2021,16:00,90,66,156,90,66,156,No Group
Manchester City Council - Chorlton,Chorlton Place,2021,March,11,Tuesday,16 Mar 2021,17:00,66,50,116,66,50,116,No Group
Manchester City Council - Chorlton,Chorlton Place,2021,March,11,Tuesday,16 Mar 2021,18:00,53,33,86,53,33,86,No Group
Manchester City Council - Chorlton,Chorlton Place,2021,March,11,Tuesday,16 Mar 2021,19:00,26,19,45,26,19,45,No Group
Manchester City Council - Chorlton,Chorlton Place,2021,March,11,Tuesday,16 Mar 2021,20:00,18,18,36,18,18,36,No Group
Manchester City Council - Chorlton,Chorlton Place,2021,March,11,Tuesday,16 Mar 2021,21:00,14,8,22,14,8,22,No Group
Manchester City Council - Chorlton,Chorlton Place,2021,March,11,Tuesday,16 Mar 2021,22:00,8,4,12,8,4,12,No Group
Manchester City Council - Chorlton,Chorlton Place,2021,March,11,Tuesday,16 Mar 2021,23:00,5,2,7,5,2,7,No Group
Manchester City Council - Chorlton,Chorlton Place,2021,March,11,Wednesday,17 Mar 2021,00:00,3,0,3,3,0,3,No Group
Manchester City Council - Chorlton,Chorlton Place,2021,March,11,Wednesday,17 Mar 2021,01:00,1,2,3,1,2,3,No Group
Manchester City Council - Chorlton,Chorlton Place,2021,March,11,Wednesday,17 Mar 2021,02:00,3,3,6,3,3,6,No Group
Manchester City Council - Chorlton,Chorlton Place,2021,March,11,Wednesday,17 Mar 2021,03:00,0,1,1,0,1,1,No Group
Manchester City Council - Chorlton,Chorlton Place,2021,March,11,Wednesday,17 Mar 2021,04:00,1,2,3,1,2,3,No Group
Manchester City Council - Chorlton,Chorlton Place,2021,March,11,Wednesday,17 Mar 2021,05:00,1,2,3,1,2,3,No Group
Manchester City Council - Chorlton,Chorlton Place,2021,March,11,Wednesday,17 Mar 2021,06:00,5,15,20,5,15,20,No Group
Manchester City Council - Chorlton,Chorlton Place,2021,March,11,Wednesday,17 Mar 2021,07:00,20,35,55,20,35,55,No Group
Manchester City Council - Chorlton,Chorlton Place,2021,March,11,Wednesday,17 Mar 2021,08:00,41,77,118,41,77,118,No Group
Manchester City Council - Chorlton,Chorlton Place,2021,March,11,Wednesday,17 Mar 2021,09:00,61,59,120,61,59,120,No Group
Manchester City Council - Chorlton,Chorlton Place,2021,March,11,Wednesday,17 Mar 2021,10:00,89,105,194,89,105,194,No Group
Manchester City Council - Chorlton,Chorlton Place,2021,March,11,Wednesday,17 Mar 2021,11:00,88,89,177,88,89,177,No Group
Manchester City Council - Chorlton,Chorlton Place,2021,March,11,Wednesday,17 Mar 2021,12:00,104,124,228,104,124,228,No Group
Manchester City Council - Chorlton,Chorlton Place,2021,March,11,Wednesday,17 Mar 2021,13:00,103,117,220,103,117,220,No Group
Manchester City Council - Chorlton,Chorlton Place,2021,March,11,Wednesday,17 Mar 2021,14:00,100,99,199,100,99,199,No Group
Manchester City Council - Chorlton,Chorlton Place,2021,March,11,Wednesday,17 Mar 2021,15:00,85,83,168,85,83,168,No Group
Manchester City Council - Chorlton,Chorlton Place,2021,March,11,Wednesday,17 Mar 2021,16:00,84,75,159,84,75,159,No Group
Manchester City Council - Chorlton,Chorlton Place,2021,March,11,Wednesday,17 Mar 2021,17:00,66,84,150,66,84,150,No Group
Manchester City Council - Chorlton,Chorlton Place,2021,March,11,Wednesday,17 Mar 2021,18:00,46,60,106,46,60,106,No Group
Manchester City Council - Chorlton,Chorlton Place,2021,March,11,Wednesday,17 Mar 2021,19:00,32,27,59,32,27,59,No Group
Manchester City Council - Chorlton,Chorlton Place,2021,March,11,Wednesday,17 Mar 2021,20:00,16,12,28,16,12,28,No Group
Manchester City Council - Chorlton,Chorlton Place,2021,March,11,Wednesday,17 Mar 2021,21:00,8,9,17,8,9,17,No Group
Manchester City Council - Chorlton,Chorlton Place,2021,March,11,Wednesday,17 Mar 2021,22:00,6,2,8,6,2,8,No Group
Manchester City Council - Chorlton,Chorlton Place,2021,March,11,Wednesday,17 Mar 2021,23:00,5,4,9,5,4,9,No Group
Manchester City Council - Chorlton,Chorlton Place,2021,March,11,Thursday,18 Mar 2021,00:00,2,4,6,2,4,6,No Group
Manchester City Council - Chorlton,Chorlton Place,2021,March,11,Thursday,18 Mar 2021,01:00,0,1,1,0,1,1,No Group
Manchester City Council - Chorlton,Chorlton Place,2021,March,11,Thursday,18 Mar 2021,02:00,0,0,0,0,0,0,No Group
Manchester City Council - Chorlton,Chorlton Place,2021,March,11,Thursday,18 Mar 2021,03:00,1,0,1,1,0,1,No Group
Manchester City Council - Chorlton,Chorlton Place,2021,March,11,Thursday,18 Mar 2021,04:00,0,0,0,0,0,0,No Group
Manchester City Council - Chorlton,Chorlton Place,2021,March,11,Thursday,18 Mar 2021,05:00,0,2,2,0,2,2,No Group
Manchester City Council - Chorlton,Chorlton Place,2021,March,11,Thursday,18 Mar 2021,06:00,2,12,14,2,12,14,No Group
Manchester City Council - Chorlton,Chorlton Place,2021,March,11,Thursday,18 Mar 2021,07:00,12,32,44,12,32,44,No Group
Manchester City Council - Chorlton,Chorlton Place,2021,March,11,Thursday,18 Mar 2021,08:00,29,63,92,29,63,92,No Group
Manchester City Council - Chorlton,Chorlton Place,2021,March,11,Thursday,18 Mar 2021,09:00,68,90,158,68,90,158,No Group
Manchester City Council - Chorlton,Chorlton Place,2021,March,11,Thursday,18 Mar 2021,10:00,82,87,169,82,87,169,No Group
Manchester City Council - Chorlton,Chorlton Place,2021,March,11,Thursday,18 Mar 2021,11:00,75,86,161,75,86,161,No Group
Manchester City Council - Chorlton,Chorlton Place,2021,March,11,Thursday,18 Mar 2021,12:00,125,130,255,125,130,255,No Group
Manchester City Council - Chorlton,Chorlton Place,2021,March,11,Thursday,18 Mar 2021,13:00,139,114,253,139,114,253,No Group
Manchester City Council - Chorlton,Chorlton Place,2021,March,11,Thursday,18 Mar 2021,14:00,89,102,191,89,102,191,No Group
Manchester City Council - Chorlton,Chorlton Place,2021,March,11,Thursday,18 Mar 2021,15:00,103,91,194,103,91,194,No Group
Manchester City Council - Chorlton,Chorlton Place,2021,March,11,Thursday,18 Mar 2021,16:00,68,75,143,68,75,143,No Group
Manchester City Council - Chorlton,Chorlton Place,2021,March,11,Thursday,18 Mar 2021,17:00,70,59,129,70,59,129,No Group
Manchester City Council - Chorlton,Chorlton Place,2021,March,11,Thursday,18 Mar 2021,18:00,53,61,114,53,61,114,No Group
Manchester City Council - Chorlton,Chorlton Place,2021,March,11,Thursday,18 Mar 2021,19:00,40,44,84,40,44,84,No Group
Manchester City Council - Chorlton,Chorlton Place,2021,March,11,Thursday,18 Mar 2021,20:00,21,23,44,21,23,44,No Group
Manchester City Council - Chorlton,Chorlton Place,2021,March,11,Thursday,18 Mar 2021,21:00,14,7,21,14,7,21,No Group
Manchester City Council - Chorlton,Chorlton Place,2021,March,11,Thursday,18 Mar 2021,22:00,11,6,17,11,6,17,No Group
Manchester City Council - Chorlton,Chorlton Place,2021,March,11,Thursday,18 Mar 2021,23:00,9,7,16,9,7,16,No Group
Manchester City Council - Chorlton,Chorlton Place,2021,March,11,Friday,19 Mar 2021,00:00,7,3,10,7,3,10,No Group
Manchester City Council - Chorlton,Chorlton Place,2021,March,11,Friday,19 Mar 2021,01:00,1,3,4,1,3,4,No Group
Manchester City Council - Chorlton,Chorlton Place,2021,March,11,Friday,19 Mar 2021,02:00,0,1,1,0,1,1,No Group
Manchester City Council - Chorlton,Chorlton Place,2021,March,11,Friday,19 Mar 2021,03:00,0,1,1,0,1,1,No Group
Manchester City Council - Chorlton,Chorlton Place,2021,March,11,Friday,19 Mar 2021,04:00,0,1,1,0,1,1,No Group
Manchester City Council - Chorlton,Chorlton Place,2021,March,11,Friday,19 Mar 2021,05:00,1,3,4,1,3,4,No Group
Manchester City Council - Chorlton,Chorlton Place,2021,March,11,Friday,19 Mar 2021,06:00,2,14,16,2,14,16,No Group
Manchester City Council - Chorlton,Chorlton Place,2021,March,11,Friday,19 Mar 2021,07:00,23,40,63,23,40,63,No Group
Manchester City Council - Chorlton,Chorlton Place,2021,March,11,Friday,19 Mar 2021,08:00,40,48,88,40,48,88,No Group
Manchester City Council - Chorlton,Chorlton Place,2021,March,11,Friday,19 Mar 2021,09:00,83,110,193,83,110,193,No Group
Manchester City Council - Chorlton,Chorlton Place,2021,March,11,Friday,19 Mar 2021,10:00,128,104,232,128,104,232,No Group
Manchester City Council - Chorlton,Chorlton Place,2021,March,11,Friday,19 Mar 2021,11:00,114,120,234,114,120,234,No Group
Manchester City Council - Chorlton,Chorlton Place,2021,March,11,Friday,19 Mar 2021,12:00,114,134,248,114,134,248,No Group
Manchester City Council - Chorlton,Chorlton Place,2021,March,11,Friday,19 Mar 2021,13:00,125,125,250,125,125,250,No Group
Manchester City Council - Chorlton,Chorlton Place,2021,March,11,Friday,19 Mar 2021,14:00,115,138,253,115,138,253,No Group
Manchester City Council - Chorlton,Chorlton Place,2021,March,11,Friday,19 Mar 2021,15:00,110,130,240,110,130,240,No Group
Manchester City Council - Chorlton,Chorlton Place,2021,March,11,Friday,19 Mar 2021,16:00,95,87,182,95,87,182,No Group
Manchester City Council - Chorlton,Chorlton Place,2021,March,11,Friday,19 Mar 2021,17:00,62,62,124,62,62,124,No Group
Manchester City Council - Chorlton,Chorlton Place,2021,March,11,Friday,19 Mar 2021,18:00,64,62,126,64,62,126,No Group
Manchester City Council - Chorlton,Chorlton Place,2021,March,11,Friday,19 Mar 2021,19:00,47,57,104,47,57,104,No Group
Manchester City Council - Chorlton,Chorlton Place,2021,March,11,Friday,19 Mar 2021,20:00,20,11,31,20,11,31,No Group
Manchester City Council - Chorlton,Chorlton Place,2021,March,11,Friday,19 Mar 2021,21:00,24,19,43,24,19,43,No Group
Manchester City Council - Chorlton,Chorlton Place,2021,March,11,Friday,19 Mar 2021,22:00,12,15,27,12,15,27,No Group
Manchester City Council - Chorlton,Chorlton Place,2021,March,11,Friday,19 Mar 2021,23:00,11,8,19,11,8,19,No Group
Manchester City Council - Chorlton,Chorlton Place,2021,March,11,Saturday,20 Mar 2021,00:00,1,2,3,1,2,3,No Group
Manchester City Council - Chorlton,Chorlton Place,2021,March,11,Saturday,20 Mar 2021,01:00,0,1,1,0,1,1,No Group
Manchester City Council - Chorlton,Chorlton Place,2021,March,11,Saturday,20 Mar 2021,02:00,3,3,6,3,3,6,No Group
Manchester City Council - Chorlton,Chorlton Place,2021,March,11,Saturday,20 Mar 2021,03:00,1,1,2,1,1,2,No Group
Manchester City Council - Chorlton,Chorlton Place,2021,March,11,Saturday,20 Mar 2021,04:00,0,1,1,0,1,1,No Group
Manchester City Council - Chorlton,Chorlton Place,2021,March,11,Saturday,20 Mar 2021,05:00,0,4,4,0,4,4,No Group
Manchester City Council - Chorlton,Chorlton Place,2021,March,11,Saturday,20 Mar 2021,06:00,0,8,8,0,8,8,No Group
Manchester City Council - Chorlton,Chorlton Place,2021,March,11,Saturday,20 Mar 2021,07:00,11,8,19,11,8,19,No Group
Manchester City Council - Chorlton,Chorlton Place,2021,March,11,Saturday,20 Mar 2021,08:00,30,33,63,30,33,63,No Group
Manchester City Council - Chorlton,Chorlton Place,2021,March,11,Saturday,20 Mar 2021,09:00,90,124,214,90,124,214,No Group
Manchester City Council - Chorlton,Chorlton Place,2021,March,11,Saturday,20 Mar 2021,10:00,116,119,235,116,119,235,No Group
Manchester City Council - Chorlton,Chorlton Place,2021,March,11,Saturday,20 Mar 2021,11:00,112,135,247,112,135,247,No Group
Manchester City Council - Chorlton,Chorlton Place,2021,March,11,Saturday,20 Mar 2021,12:00,171,151,322,171,151,322,No Group
Manchester City Council - Chorlton,Chorlton Place,2021,March,11,Saturday,20 Mar 2021,13:00,176,168,344,176,168,344,No Group
Manchester City Council - Chorlton,Chorlton Place,2021,March,11,Saturday,20 Mar 2021,14:00,170,175,345,170,175,345,No Group
Manchester City Council - Chorlton,Chorlton Place,2021,March,11,Saturday,20 Mar 2021,15:00,164,153,317,164,153,317,No Group
Manchester City Council - Chorlton,Chorlton Place,2021,March,11,Saturday,20 Mar 2021,16:00,100,113,213,100,113,213,No Group
Manchester City Council - Chorlton,Chorlton Place,2021,March,11,Saturday,20 Mar 2021,17:00,74,60,134,74,60,134,No Group
Manchester City Council - Chorlton,Chorlton Place,2021,March,11,Saturday,20 Mar 2021,18:00,47,38,85,47,38,85,No Group
Manchester City Council - Chorlton,Chorlton Place,2021,March,11,Saturday,20 Mar 2021,19:00,53,62,115,53,62,115,No Group
Manchester City Council - Chorlton,Chorlton Place,2021,March,11,Saturday,20 Mar 2021,20:00,18,16,34,18,16,34,No Group
Manchester City Council - Chorlton,Chorlton Place,2021,March,11,Saturday,20 Mar 2021,21:00,12,17,29,12,17,29,No Group
Manchester City Council - Chorlton,Chorlton Place,2021,March,11,Saturday,20 Mar 2021,22:00,13,13,26,13,13,26,No Group
Manchester City Council - Chorlton,Chorlton Place,2021,March,11,Saturday,20 Mar 2021,23:00,11,4,15,11,4,15,No Group
Manchester City Council - Chorlton,Chorlton Place,2021,March,11,Sunday,21 Mar 2021,00:00,2,0,2,2,0,2,No Group
Manchester City Council - Chorlton,Chorlton Place,2021,March,11,Sunday,21 Mar 2021,01:00,3,1,4,3,1,4,No Group
Manchester City Council - Chorlton,Chorlton Place,2021,March,11,Sunday,21 Mar 2021,02:00,0,0,0,0,0,0,No Group
Manchester City Council - Chorlton,Chorlton Place,2021,March,11,Sunday,21 Mar 2021,03:00,0,1,1,0,1,1,No Group
Manchester City Council - Chorlton,Chorlton Place,2021,March,11,Sunday,21 Mar 2021,04:00,1,0,1,1,0,1,No Group
Manchester City Council - Chorlton,Chorlton Place,2021,March,11,Sunday,21 Mar 2021,05:00,0,0,0,0,0,0,No Group
Manchester City Council - Chorlton,Chorlton Place,2021,March,11,Sunday,21 Mar 2021,06:00,4,5,9,4,5,9,No Group
Manchester City Council - Chorlton,Chorlton Place,2021,March,11,Sunday,21 Mar 2021,07:00,12,12,24,12,12,24,No Group
Manchester City Council - Chorlton,Chorlton Place,2021,March,11,Sunday,21 Mar 2021,08:00,14,13,27,14,13,27,No Group
Manchester City Council - Chorlton,Chorlton Place,2021,March,11,Sunday,21 Mar 2021,09:00,18,23,41,18,23,41,No Group
Manchester City Council - Chorlton,Chorlton Place,2021,March,11,Sunday,21 Mar 2021,10:00,48,53,101,48,53,101,No Group
Manchester City Council - Chorlton,Chorlton Place,2021,March,11,Sunday,21 Mar 2021,11:00,70,65,135,70,65,135,No Group
Manchester City Council - Chorlton,Chorlton Place,2021,March,11,Sunday,21 Mar 2021,12:00,98,100,198,98,100,198,No Group
Manchester City Council - Chorlton,Chorlton Place,2021,March,11,Sunday,21 Mar 2021,13:00,70,64,134,70,64,134,No Group
Manchester City Council - Chorlton,Chorlton Place,2021,March,11,Sunday,21 Mar 2021,14:00,84,89,173,84,89,173,No Group
Manchester City Council - Chorlton,Chorlton Place,2021,March,11,Sunday,21 Mar 2021,15:00,78,76,154,78,76,154,No Group
Manchester City Council - Chorlton,Chorlton Place,2021,March,11,Sunday,21 Mar 2021,16:00,58,56,114,58,56,114,No Group
Manchester City Council - Chorlton,Chorlton Place,2021,March,11,Sunday,21 Mar 2021,17:00,36,31,67,36,31,67,No Group
Manchester City Council - Chorlton,Chorlton Place,2021,March,11,Sunday,21 Mar 2021,18:00,40,26,66,40,26,66,No Group
Manchester City Council - Chorlton,Chorlton Place,2021,March,11,Sunday,21 Mar 2021,19:00,15,18,33,15,18,33,No Group
Manchester City Council - Chorlton,Chorlton Place,2021,March,11,Sunday,21 Mar 2021,20:00,13,10,23,13,10,23,No Group
Manchester City Council - Chorlton,Chorlton Place,2021,March,11,Sunday,21 Mar 2021,21:00,6,10,16,6,10,16,No Group
Manchester City Council - Chorlton,Chorlton Place,2021,March,11,Sunday,21 Mar 2021,22:00,4,10,14,4,10,14,No Group
Manchester City Council - Chorlton,Chorlton Place,2021,March,11,Sunday,21 Mar 2021,23:00,11,1,12,11,1,12,No Group
Manchester City Council - Chorlton,Chorlton Place,2021,March,12,Monday,22 Mar 2021,00:00,2,2,4,2,2,4,No Group
Manchester City Council - Chorlton,Chorlton Place,2021,March,12,Monday,22 Mar 2021,01:00,0,0,0,0,0,0,No Group
Manchester City Council - Chorlton,Chorlton Place,2021,March,12,Monday,22 Mar 2021,02:00,1,0,1,1,0,1,No Group
Manchester City Council - Chorlton,Chorlton Place,2021,March,12,Monday,22 Mar 2021,03:00,1,2,3,1,2,3,No Group
Manchester City Council - Chorlton,Chorlton Place,2021,March,12,Monday,22 Mar 2021,04:00,3,5,8,3,5,8,No Group
Manchester City Council - Chorlton,Chorlton Place,2021,March,12,Monday,22 Mar 2021,05:00,0,5,5,0,5,5,No Group
Manchester City Council - Chorlton,Chorlton Place,2021,March,12,Monday,22 Mar 2021,06:00,5,12,17,5,12,17,No Group
Manchester City Council - Chorlton,Chorlton Place,2021,March,12,Monday,22 Mar 2021,07:00,20,35,55,20,35,55,No Group
Manchester City Council - Chorlton,Chorlton Place,2021,March,12,Monday,22 Mar 2021,08:00,36,61,97,36,61,97,No Group
Manchester City Council - Chorlton,Chorlton Place,2021,March,12,Monday,22 Mar 2021,09:00,59,81,140,59,81,140,No Group
Manchester City Council - Chorlton,Chorlton Place,2021,March,12,Monday,22 Mar 2021,10:00,61,72,133,61,72,133,No Group
Manchester City Council - Chorlton,Chorlton Place,2021,March,12,Monday,22 Mar 2021,11:00,102,83,185,102,83,185,No Group
Manchester City Council - Chorlton,Chorlton Place,2021,March,12,Monday,22 Mar 2021,12:00,108,123,231,108,123,231,No Group
Manchester City Council - Chorlton,Chorlton Place,2021,March,12,Monday,22 Mar 2021,13:00,90,121,211,90,121,211,No Group
Manchester City Council - Chorlton,Chorlton Place,2021,March,12,Monday,22 Mar 2021,14:00,111,131,242,111,131,242,No Group
Manchester City Council - Chorlton,Chorlton Place,2021,March,12,Monday,22 Mar 2021,15:00,109,120,229,109,120,229,No Group
Manchester City Council - Chorlton,Chorlton Place,2021,March,12,Monday,22 Mar 2021,16:00,69,76,145,69,76,145,No Group
Manchester City Council - Chorlton,Chorlton Place,2021,March,12,Monday,22 Mar 2021,17:00,63,61,124,63,61,124,No Group
Manchester City Council - Chorlton,Chorlton Place,2021,March,12,Monday,22 Mar 2021,18:00,56,49,105,56,49,105,No Group
Manchester City Council - Chorlton,Chorlton Place,2021,March,12,Monday,22 Mar 2021,19:00,37,37,74,37,37,74,No Group
Manchester City Council - Chorlton,Chorlton Place,2021,March,12,Monday,22 Mar 2021,20:00,12,8,20,12,8,20,No Group
Manchester City Council - Chorlton,Chorlton Place,2021,March,12,Monday,22 Mar 2021,21:00,7,7,14,7,7,14,No Group
Manchester City Council - Chorlton,Chorlton Place,2021,March,12,Monday,22 Mar 2021,22:00,2,9,11,2,9,11,No Group
Manchester City Council - Chorlton,Chorlton Place,2021,March,12,Monday,22 Mar 2021,23:00,5,0,5,5,0,5,No Group
Manchester City Council - Chorlton,Chorlton Place,2021,March,12,Tuesday,23 Mar 2021,00:00,0,1,1,0,1,1,No Group
Manchester City Council - Chorlton,Chorlton Place,2021,March,12,Tuesday,23 Mar 2021,01:00,3,2,5,3,2,5,No Group
Manchester City Council - Chorlton,Chorlton Place,2021,March,12,Tuesday,23 Mar 2021,02:00,0,0,0,0,0,0,No Group
Manchester City Council - Chorlton,Chorlton Place,2021,March,12,Tuesday,23 Mar 2021,03:00,0,0,0,0,0,0,No Group
Manchester City Council - Chorlton,Chorlton Place,2021,March,12,Tuesday,23 Mar 2021,04:00,0,1,1,0,1,1,No Group
Manchester City Council - Chorlton,Chorlton Place,2021,March,12,Tuesday,23 Mar 2021,05:00,0,2,2,0,2,2,No Group
Manchester City Council - Chorlton,Chorlton Place,2021,March,12,Tuesday,23 Mar 2021,06:00,5,12,17,5,12,17,No Group
Manchester City Council - Chorlton,Chorlton Place,2021,March,12,Tuesday,23 Mar 2021,07:00,16,39,55,16,39,55,No Group
Manchester City Council - Chorlton,Chorlton Place,2021,March,12,Tuesday,23 Mar 2021,08:00,67,72,139,67,72,139,No Group
Manchester City Council - Chorlton,Chorlton Place,2021,March,12,Tuesday,23 Mar 2021,09:00,60,65,125,60,65,125,No Group
Manchester City Council - Chorlton,Chorlton Place,2021,March,12,Tuesday,23 Mar 2021,10:00,76,97,173,76,97,173,No Group
Manchester City Council - Chorlton,Chorlton Place,2021,March,12,Tuesday,23 Mar 2021,11:00,101,107,208,101,107,208,No Group
Manchester City Council - Chorlton,Chorlton Place,2021,March,12,Tuesday,23 Mar 2021,12:00,112,114,226,112,114,226,No Group
Manchester City Council - Chorlton,Chorlton Place,2021,March,12,Tuesday,23 Mar 2021,13:00,102,96,198,102,96,198,No Group
Manchester City Council - Chorlton,Chorlton Place,2021,March,12,Tuesday,23 Mar 2021,14:00,110,91,201,110,91,201,No Group
Manchester City Council - Chorlton,Chorlton Place,2021,March,12,Tuesday,23 Mar 2021,15:00,104,100,204,104,100,204,No Group
Manchester City Council - Chorlton,Chorlton Place,2021,March,12,Tuesday,23 Mar 2021,16:00,75,71,146,75,71,146,No Group
Manchester City Council - Chorlton,Chorlton Place,2021,March,12,Tuesday,23 Mar 2021,17:00,55,55,110,55,55,110,No Group
Manchester City Council - Chorlton,Chorlton Place,2021,March,12,Tuesday,23 Mar 2021,18:00,57,51,108,57,51,108,No Group
Manchester City Council - Chorlton,Chorlton Place,2021,March,12,Tuesday,23 Mar 2021,19:00,30,30,60,30,30,60,No Group
Manchester City Council - Chorlton,Chorlton Place,2021,March,12,Tuesday,23 Mar 2021,20:00,22,10,32,22,10,32,No Group
Manchester City Council - Chorlton,Chorlton Place,2021,March,12,Tuesday,23 Mar 2021,21:00,12,7,19,12,7,19,No Group
Manchester City Council - Chorlton,Chorlton Place,2021,March,12,Tuesday,23 Mar 2021,22:00,8,4,12,8,4,12,No Group
Manchester City Council - Chorlton,Chorlton Place,2021,March,12,Tuesday,23 Mar 2021,23:00,5,2,7,5,2,7,No Group
Manchester City Council - Chorlton,Chorlton Place,2021,March,12,Wednesday,24 Mar 2021,00:00,2,4,6,2,4,6,No Group
Manchester City Council - Chorlton,Chorlton Place,2021,March,12,Wednesday,24 Mar 2021,01:00,1,1,2,1,1,2,No Group
Manchester City Council - Chorlton,Chorlton Place,2021,March,12,Wednesday,24 Mar 2021,02:00,0,0,0,0,0,0,No Group
Manchester City Council - Chorlton,Chorlton Place,2021,March,12,Wednesday,24 Mar 2021,03:00,0,0,0,0,0,0,No Group
Manchester City Council - Chorlton,Chorlton Place,2021,March,12,Wednesday,24 Mar 2021,04:00,1,2,3,1,2,3,No Group
Manchester City Council - Chorlton,Chorlton Place,2021,March,12,Wednesday,24 Mar 2021,05:00,0,4,4,0,4,4,No Group
Manchester City Council - Chorlton,Chorlton Place,2021,March,12,Wednesday,24 Mar 2021,06:00,6,17,23,6,17,23,No Group
Manchester City Council - Chorlton,Chorlton Place,2021,March,12,Wednesday,24 Mar 2021,07:00,28,46,74,28,46,74,No Group
Manchester City Council - Chorlton,Chorlton Place,2021,March,12,Wednesday,24 Mar 2021,08:00,27,50,77,27,50,77,No Group
Manchester City Council - Chorlton,Chorlton Place,2021,March,12,Wednesday,24 Mar 2021,09:00,95,108,203,95,108,203,No Group
Manchester City Council - Chorlton,Chorlton Place,2021,March,12,Wednesday,24 Mar 2021,10:00,108,163,271,108,163,271,No Group
Manchester City Council - Chorlton,Chorlton Place,2021,March,12,Wednesday,24 Mar 2021,11:00,148,201,349,148,201,349,No Group
Manchester City Council - Chorlton,Chorlton Place,2021,March,12,Wednesday,24 Mar 2021,12:00,217,246,463,217,246,463,No Group
Manchester City Council - Chorlton,Chorlton Place,2021,March,12,Wednesday,24 Mar 2021,13:00,225,297,522,225,297,522,No Group
Manchester City Council - Chorlton,Chorlton Place,2021,March,12,Wednesday,24 Mar 2021,14:00,176,188,364,176,188,364,No Group
Manchester City Council - Chorlton,Chorlton Place,2021,March,12,Wednesday,24 Mar 2021,15:00,125,177,302,125,177,302,No Group
Manchester City Council - Chorlton,Chorlton Place,2021,March,12,Wednesday,24 Mar 2021,16:00,93,87,180,93,87,180,No Group
Manchester City Council - Chorlton,Chorlton Place,2021,March,12,Wednesday,24 Mar 2021,17:00,53,66,119,53,66,119,No Group
Manchester City Council - Chorlton,Chorlton Place,2021,March,12,Wednesday,24 Mar 2021,18:00,59,72,131,59,72,131,No Group
Manchester City Council - Chorlton,Chorlton Place,2021,March,12,Wednesday,24 Mar 2021,19:00,42,26,68,42,26,68,No Group
Manchester City Council - Chorlton,Chorlton Place,2021,March,12,Wednesday,24 Mar 2021,20:00,28,15,43,28,15,43,No Group
Manchester City Council - Chorlton,Chorlton Place,2021,March,12,Wednesday,24 Mar 2021,21:00,17,6,23,17,6,23,No Group
Manchester City Council - Chorlton,Chorlton Place,2021,March,12,Wednesday,24 Mar 2021,22:00,15,11,26,15,11,26,No Group
Manchester City Council - Chorlton,Chorlton Place,2021,March,12,Wednesday,24 Mar 2021,23:00,4,3,7,4,3,7,No Group
Manchester City Council - Chorlton,Chorlton Place,2021,March,12,Thursday,25 Mar 2021,00:00,0,0,0,0,0,0,No Group
Manchester City Council - Chorlton,Chorlton Place,2021,March,12,Thursday,25 Mar 2021,01:00,1,2,3,1,2,3,No Group
Manchester City Council - Chorlton,Chorlton Place,2021,March,12,Thursday,25 Mar 2021,02:00,0,0,0,0,0,0,No Group
Manchester City Council - Chorlton,Chorlton Place,2021,March,12,Thursday,25 Mar 2021,03:00,0,0,0,0,0,0,No Group
Manchester City Council - Chorlton,Chorlton Place,2021,March,12,Thursday,25 Mar 2021,04:00,0,0,0,0,0,0,No Group
Manchester City Council - Chorlton,Chorlton Place,2021,March,12,Thursday,25 Mar 2021,05:00,0,5,5,0,5,5,No Group
Manchester City Council - Chorlton,Chorlton Place,2021,March,12,Thursday,25 Mar 2021,06:00,4,20,24,4,20,24,No Group
Manchester City Council - Chorlton,Chorlton Place,2021,March,12,Thursday,25 Mar 2021,07:00,10,23,33,10,23,33,No Group
Manchester City Council - Chorlton,Chorlton Place,2021,March,12,Thursday,25 Mar 2021,08:00,43,82,125,43,82,125,No Group
Manchester City Council - Chorlton,Chorlton Place,2021,March,12,Thursday,25 Mar 2021,09:00,103,115,218,103,115,218,No Group
Manchester City Council - Chorlton,Chorlton Place,2021,March,12,Thursday,25 Mar 2021,10:00,109,128,237,109,128,237,No Group
Manchester City Council - Chorlton,Chorlton Place,2021,March,12,Thursday,25 Mar 2021,11:00,144,196,340,144,196,340,No Group
Manchester City Council - Chorlton,Chorlton Place,2021,March,12,Thursday,25 Mar 2021,12:00,154,171,325,154,171,325,No Group
Manchester City Council - Chorlton,Chorlton Place,2021,March,12,Thursday,25 Mar 2021,13:00,155,159,314,155,159,314,No Group
Manchester City Council - Chorlton,Chorlton Place,2021,March,12,Thursday,25 Mar 2021,14:00,148,129,277,148,129,277,No Group
Manchester City Council - Chorlton,Chorlton Place,2021,March,12,Thursday,25 Mar 2021,15:00,115,114,229,115,114,229,No Group
Manchester City Council - Chorlton,Chorlton Place,2021,March,12,Thursday,25 Mar 2021,16:00,83,106,189,83,106,189,No Group
Manchester City Council - Chorlton,Chorlton Place,2021,March,12,Thursday,25 Mar 2021,17:00,78,54,132,78,54,132,No Group
Manchester City Council - Chorlton,Chorlton Place,2021,March,12,Thursday,25 Mar 2021,18:00,53,52,105,53,52,105,No Group
Manchester City Council - Chorlton,Chorlton Place,2021,March,12,Thursday,25 Mar 2021,19:00,34,40,74,34,40,74,No Group
Manchester City Council - Chorlton,Chorlton Place,2021,March,12,Thursday,25 Mar 2021,20:00,20,20,40,20,20,40,No Group
Manchester City Council - Chorlton,Chorlton Place,2021,March,12,Thursday,25 Mar 2021,21:00,12,9,21,12,9,21,No Group
Manchester City Council - Chorlton,Chorlton Place,2021,March,12,Thursday,25 Mar 2021,22:00,8,13,21,8,13,21,No Group
Manchester City Council - Chorlton,Chorlton Place,2021,March,12,Thursday,25 Mar 2021,23:00,5,5,10,5,5,10,No Group
Manchester City Council - Chorlton,Chorlton Place,2021,March,12,Friday,26 Mar 2021,00:00,2,1,3,2,1,3,No Group
Manchester City Council - Chorlton,Chorlton Place,2021,March,12,Friday,26 Mar 2021,01:00,0,0,0,0,0,0,No Group
Manchester City Council - Chorlton,Chorlton Place,2021,March,12,Friday,26 Mar 2021,02:00,0,0,0,0,0,0,No Group
Manchester City Council - Chorlton,Chorlton Place,2021,March,12,Friday,26 Mar 2021,03:00,0,0,0,0,0,0,No Group
Manchester City Council - Chorlton,Chorlton Place,2021,March,12,Friday,26 Mar 2021,04:00,0,1,1,0,1,1,No Group
Manchester City Council - Chorlton,Chorlton Place,2021,March,12,Friday,26 Mar 2021,05:00,0,2,2,0,2,2,No Group
Manchester City Council - Chorlton,Chorlton Place,2021,March,12,Friday,26 Mar 2021,06:00,3,20,23,3,20,23,No Group
Manchester City Council - Chorlton,Chorlton Place,2021,March,12,Friday,26 Mar 2021,07:00,19,43,62,19,43,62,No Group
Manchester City Council - Chorlton,Chorlton Place,2021,March,12,Friday,26 Mar 2021,08:00,71,80,151,71,80,151,No Group
Manchester City Council - Chorlton,Chorlton Place,2021,March,12,Friday,26 Mar 2021,09:00,90,95,185,90,95,185,No Group
Manchester City Council - Chorlton,Chorlton Place,2021,March,12,Friday,26 Mar 2021,10:00,88,101,189,88,101,189,No Group
Manchester City Council - Chorlton,Chorlton Place,2021,March,12,Friday,26 Mar 2021,11:00,132,186,318,132,186,318,No Group
Manchester City Council - Chorlton,Chorlton Place,2021,March,12,Friday,26 Mar 2021,12:00,192,227,419,192,227,419,No Group
Manchester City Council - Chorlton,Chorlton Place,2021,March,12,Friday,26 Mar 2021,13:00,156,179,335,156,179,335,No Group
Manchester City Council - Chorlton,Chorlton Place,2021,March,12,Friday,26 Mar 2021,14:00,179,181,360,179,181,360,No Group
Manchester City Council - Chorlton,Chorlton Place,2021,March,12,Friday,26 Mar 2021,15:00,119,112,231,119,112,231,No Group
Manchester City Council - Chorlton,Chorlton Place,2021,March,12,Friday,26 Mar 2021,16:00,110,123,233,110,123,233,No Group
Manchester City Council - Chorlton,Chorlton Place,2021,March,12,Friday,26 Mar 2021,17:00,76,87,163,76,87,163,No Group
Manchester City Council - Chorlton,Chorlton Place,2021,March,12,Friday,26 Mar 2021,18:00,60,48,108,60,48,108,No Group
Manchester City Council - Chorlton,Chorlton Place,2021,March,12,Friday,26 Mar 2021,19:00,44,50,94,44,50,94,No Group
Manchester City Council - Chorlton,Chorlton Place,2021,March,12,Friday,26 Mar 2021,20:00,35,23,58,35,23,58,No Group
Manchester City Council - Chorlton,Chorlton Place,2021,March,12,Friday,26 Mar 2021,21:00,13,25,38,13,25,38,No Group
Manchester City Council - Chorlton,Chorlton Place,2021,March,12,Friday,26 Mar 2021,22:00,16,13,29,16,13,29,No Group
Manchester City Council - Chorlton,Chorlton Place,2021,March,12,Friday,26 Mar 2021,23:00,9,7,16,9,7,16,No Group
Manchester City Council - Chorlton,Chorlton Place,2021,March,12,Saturday,27 Mar 2021,00:00,4,6,10,4,6,10,No Group
Manchester City Council - Chorlton,Chorlton Place,2021,March,12,Saturday,27 Mar 2021,01:00,8,5,13,8,5,13,No Group
Manchester City Council - Chorlton,Chorlton Place,2021,March,12,Saturday,27 Mar 2021,02:00,5,4,9,5,4,9,No Group
Manchester City Council - Chorlton,Chorlton Place,2021,March,12,Saturday,27 Mar 2021,03:00,3,1,4,3,1,4,No Group
Manchester City Council - Chorlton,Chorlton Place,2021,March,12,Saturday,27 Mar 2021,04:00,0,3,3,0,3,3,No Group
Manchester City Council - Chorlton,Chorlton Place,2021,March,12,Saturday,27 Mar 2021,05:00,4,8,12,4,8,12,No Group
Manchester City Council - Chorlton,Chorlton Place,2021,March,12,Saturday,27 Mar 2021,06:00,0,8,8,0,8,8,No Group
Manchester City Council - Chorlton,Chorlton Place,2021,March,12,Saturday,27 Mar 2021,07:00,13,20,33,13,20,33,No Group
Manchester City Council - Chorlton,Chorlton Place,2021,March,12,Saturday,27 Mar 2021,08:00,46,46,92,46,46,92,No Group
Manchester City Council - Chorlton,Chorlton Place,2021,March,12,Saturday,27 Mar 2021,09:00,119,128,247,119,128,247,No Group
Manchester City Council - Chorlton,Chorlton Place,2021,March,12,Saturday,27 Mar 2021,10:00,178,181,359,178,181,359,No Group
Manchester City Council - Chorlton,Chorlton Place,2021,March,12,Saturday,27 Mar 2021,11:00,229,265,494,229,265,494,No Group
Manchester City Council - Chorlton,Chorlton Place,2021,March,12,Saturday,27 Mar 2021,12:00,212,243,455,212,243,455,No Group
Manchester City Council - Chorlton,Chorlton Place,2021,March,12,Saturday,27 Mar 2021,13:00,192,178,370,192,178,370,No Group
Manchester City Council - Chorlton,Chorlton Place,2021,March,12,Saturday,27 Mar 2021,14:00,193,172,365,193,172,365,No Group
Manchester City Council - Chorlton,Chorlton Place,2021,March,12,Saturday,27 Mar 2021,15:00,153,152,305,153,152,305,No Group
Manchester City Council - Chorlton,Chorlton Place,2021,March,12,Saturday,27 Mar 2021,16:00,127,147,274,127,147,274,No Group
Manchester City Council - Chorlton,Chorlton Place,2021,March,12,Saturday,27 Mar 2021,17:00,71,61,132,71,61,132,No Group
Manchester City Council - Chorlton,Chorlton Place,2021,March,12,Saturday,27 Mar 2021,18:00,43,59,102,43,59,102,No Group
Manchester City Council - Chorlton,Chorlton Place,2021,March,12,Saturday,27 Mar 2021,19:00,49,38,87,49,38,87,No Group
Manchester City Council - Chorlton,Chorlton Place,2021,March,12,Saturday,27 Mar 2021,20:00,24,29,53,24,29,53,No Group
Manchester City Council - Chorlton,Chorlton Place,2021,March,12,Saturday,27 Mar 2021,21:00,7,9,16,7,9,16,No Group
Manchester City Council - Chorlton,Chorlton Place,2021,March,12,Saturday,27 Mar 2021,22:00,11,14,25,11,14,25,No Group
Manchester City Council - Chorlton,Chorlton Place,2021,March,12,Saturday,27 Mar 2021,23:00,5,2,7,5,2,7,No Group
Manchester City Council - Chorlton,Chorlton Place,2021,March,12,Sunday,28 Mar 2021,00:00,0,0,0,0,0,0,No Group
Manchester City Council - Chorlton,Chorlton Place,2021,March,12,Sunday,28 Mar 2021,01:00,0,0,0,0,0,0,No Group
Manchester City Council - Chorlton,Chorlton Place,2021,March,12,Sunday,28 Mar 2021,02:00,2,3,5,2,3,5,No Group
Manchester City Council - Chorlton,Chorlton Place,2021,March,12,Sunday,28 Mar 2021,03:00,1,2,3,1,2,3,No Group
Manchester City Council - Chorlton,Chorlton Place,2021,March,12,Sunday,28 Mar 2021,04:00,1,9,10,1,9,10,No Group
Manchester City Council - Chorlton,Chorlton Place,2021,March,12,Sunday,28 Mar 2021,05:00,4,11,15,4,11,15,No Group
Manchester City Council - Chorlton,Chorlton Place,2021,March,12,Sunday,28 Mar 2021,06:00,3,5,8,3,5,8,No Group
Manchester City Council - Chorlton,Chorlton Place,2021,March,12,Sunday,28 Mar 2021,07:00,7,9,16,7,9,16,No Group
Manchester City Council - Chorlton,Chorlton Place,2021,March,12,Sunday,28 Mar 2021,08:00,9,7,16,9,7,16,No Group
Manchester City Council - Chorlton,Chorlton Place,2021,March,12,Sunday,28 Mar 2021,09:00,30,20,50,30,20,50,No Group
Manchester City Council - Chorlton,Chorlton Place,2021,March,12,Sunday,28 Mar 2021,10:00,60,58,118,60,58,118,No Group
Manchester City Council - Chorlton,Chorlton Place,2021,March,12,Sunday,28 Mar 2021,11:00,78,62,140,78,62,140,No Group
Manchester City Council - Chorlton,Chorlton Place,2021,March,12,Sunday,28 Mar 2021,12:00,85,121,206,85,121,206,No Group
Manchester City Council - Chorlton,Chorlton Place,2021,March,12,Sunday,28 Mar 2021,13:00,71,78,149,71,78,149,No Group
Manchester City Council - Chorlton,Chorlton Place,2021,March,12,Sunday,28 Mar 2021,14:00,74,74,148,74,74,148,No Group
Manchester City Council - Chorlton,Chorlton Place,2021,March,12,Sunday,28 Mar 2021,15:00,91,85,176,91,85,176,No Group
Manchester City Council - Chorlton,Chorlton Place,2021,March,12,Sunday,28 Mar 2021,16:00,52,49,101,52,49,101,No Group
Manchester City Council - Chorlton,Chorlton Place,2021,March,12,Sunday,28 Mar 2021,17:00,40,49,89,40,49,89,No Group
Manchester City Council - Chorlton,Chorlton Place,2021,March,12,Sunday,28 Mar 2021,18:00,44,35,79,44,35,79,No Group
Manchester City Council - Chorlton,Chorlton Place,2021,March,12,Sunday,28 Mar 2021,19:00,35,51,86,35,51,86,No Group
Manchester City Council - Chorlton,Chorlton Place,2021,March,12,Sunday,28 Mar 2021,20:00,14,23,37,14,23,37,No Group
Manchester City Council - Chorlton,Chorlton Place,2021,March,12,Sunday,28 Mar 2021,21:00,13,13,26,13,13,26,No Group
Manchester City Council - Chorlton,Chorlton Place,2021,March,12,Sunday,28 Mar 2021,22:00,3,5,8,3,5,8,No Group
Manchester City Council - Chorlton,Chorlton Place,2021,March,12,Sunday,28 Mar 2021,23:00,0,2,2,0,2,2,No Group
Manchester City Council - Chorlton,Chorlton Place,2021,March,13,Monday,29 Mar 2021,00:00,1,1,2,1,1,2,No Group
Manchester City Council - Chorlton,Chorlton Place,2021,March,13,Monday,29 Mar 2021,01:00,2,2,4,2,2,4,No Group
Manchester City Council - Chorlton,Chorlton Place,2021,March,13,Monday,29 Mar 2021,02:00,0,1,1,0,1,1,No Group
Manchester City Council - Chorlton,Chorlton Place,2021,March,13,Monday,29 Mar 2021,03:00,0,0,0,0,0,0,No Group
Manchester City Council - Chorlton,Chorlton Place,2021,March,13,Monday,29 Mar 2021,04:00,1,1,2,1,1,2,No Group
Manchester City Council - Chorlton,Chorlton Place,2021,March,13,Monday,29 Mar 2021,05:00,0,5,5,0,5,5,No Group
Manchester City Council - Chorlton,Chorlton Place,2021,March,13,Monday,29 Mar 2021,06:00,6,9,15,6,9,15,No Group
Manchester City Council - Chorlton,Chorlton Place,2021,March,13,Monday,29 Mar 2021,07:00,9,30,39,9,30,39,No Group
Manchester City Council - Chorlton,Chorlton Place,2021,March,13,Monday,29 Mar 2021,08:00,37,61,98,37,61,98,No Group
Manchester City Council - Chorlton,Chorlton Place,2021,March,13,Monday,29 Mar 2021,09:00,55,75,130,55,75,130,No Group
Manchester City Council - Chorlton,Chorlton Place,2021,March,13,Monday,29 Mar 2021,10:00,60,71,131,60,71,131,No Group
Manchester City Council - Chorlton,Chorlton Place,2021,March,13,Monday,29 Mar 2021,11:00,96,141,237,96,141,237,No Group
Manchester City Council - Chorlton,Chorlton Place,2021,March,13,Monday,29 Mar 2021,12:00,126,153,279,126,153,279,No Group
Manchester City Council - Chorlton,Chorlton Place,2021,March,13,Monday,29 Mar 2021,13:00,107,112,219,107,112,219,No Group
Manchester City Council - Chorlton,Chorlton Place,2021,March,13,Monday,29 Mar 2021,14:00,105,121,226,105,121,226,No Group
Manchester City Council - Chorlton,Chorlton Place,2021,March,13,Monday,29 Mar 2021,15:00,152,179,331,152,179,331,No Group
Manchester City Council - Chorlton,Chorlton Place,2021,March,13,Monday,29 Mar 2021,16:00,101,160,261,101,160,261,No Group
Manchester City Council - Chorlton,Chorlton Place,2021,March,13,Monday,29 Mar 2021,17:00,110,131,241,110,131,241,No Group
Manchester City Council - Chorlton,Chorlton Place,2021,March,13,Monday,29 Mar 2021,18:00,75,57,132,75,57,132,No Group
Manchester City Council - Chorlton,Chorlton Place,2021,March,13,Monday,29 Mar 2021,19:00,42,34,76,42,34,76,No Group
Manchester City Council - Chorlton,Chorlton Place,2021,March,13,Monday,29 Mar 2021,20:00,32,18,50,32,18,50,No Group
Manchester City Council - Chorlton,Chorlton Place,2021,March,13,Monday,29 Mar 2021,21:00,13,7,20,13,7,20,No Group
Manchester City Council - Chorlton,Chorlton Place,2021,March,13,Monday,29 Mar 2021,22:00,13,6,19,13,6,19,No Group
Manchester City Council - Chorlton,Chorlton Place,2021,March,13,Monday,29 Mar 2021,23:00,2,0,2,2,0,2,No Group
Manchester City Council - Chorlton,Chorlton Place,2021,March,13,Tuesday,30 Mar 2021,00:00,1,0,1,1,0,1,No Group
Manchester City Council - Chorlton,Chorlton Place,2021,March,13,Tuesday,30 Mar 2021,01:00,8,5,13,8,5,13,No Group
Manchester City Council - Chorlton,Chorlton Place,2021,March,13,Tuesday,30 Mar 2021,02:00,0,0,0,0,0,0,No Group
Manchester City Council - Chorlton,Chorlton Place,2021,March,13,Tuesday,30 Mar 2021,03:00,0,0,0,0,0,0,No Group
Manchester City Council - Chorlton,Chorlton Place,2021,March,13,Tuesday,30 Mar 2021,04:00,0,1,1,0,1,1,No Group
Manchester City Council - Chorlton,Chorlton Place,2021,March,13,Tuesday,30 Mar 2021,05:00,1,2,3,1,2,3,No Group
Manchester City Council - Chorlton,Chorlton Place,2021,March,13,Tuesday,30 Mar 2021,06:00,5,12,17,5,12,17,No Group
Manchester City Council - Chorlton,Chorlton Place,2021,March,13,Tuesday,30 Mar 2021,07:00,10,27,37,10,27,37,No Group
Manchester City Council - Chorlton,Chorlton Place,2021,March,13,Tuesday,30 Mar 2021,08:00,39,73,112,39,73,112,No Group
Manchester City Council - Chorlton,Chorlton Place,2021,March,13,Tuesday,30 Mar 2021,09:00,82,94,176,82,94,176,No Group
Manchester City Council - Chorlton,Chorlton Place,2021,March,13,Tuesday,30 Mar 2021,10:00,104,154,258,104,154,258,No Group
Manchester City Council - Chorlton,Chorlton Place,2021,March,13,Tuesday,30 Mar 2021,11:00,151,185,336,151,185,336,No Group
Manchester City Council - Chorlton,Chorlton Place,2021,March,13,Tuesday,30 Mar 2021,12:00,217,358,575,217,358,575,No Group
Manchester City Council - Chorlton,Chorlton Place,2021,March,13,Tuesday,30 Mar 2021,13:00,222,322,544,222,322,544,No Group
Manchester City Council - Chorlton,Chorlton Place,2021,March,13,Tuesday,30 Mar 2021,14:00,168,182,350,168,182,350,No Group
Manchester City Council - Chorlton,Chorlton Place,2021,March,13,Tuesday,30 Mar 2021,15:00,142,137,279,142,137,279,No Group
Manchester City Council - Chorlton,Chorlton Place,2021,March,13,Tuesday,30 Mar 2021,16:00,95,107,202,95,107,202,No Group
Manchester City Council - Chorlton,Chorlton Place,2021,March,13,Tuesday,30 Mar 2021,17:00,68,64,132,68,64,132,No Group
Manchester City Council - Chorlton,Chorlton Place,2021,March,13,Tuesday,30 Mar 2021,18:00,49,51,100,49,51,100,No Group
Manchester City Council - Chorlton,Chorlton Place,2021,March,13,Tuesday,30 Mar 2021,19:00,51,59,110,51,59,110,No Group
Manchester City Council - Chorlton,Chorlton Place,2021,March,13,Tuesday,30 Mar 2021,20:00,24,33,57,24,33,57,No Group
Manchester City Council - Chorlton,Chorlton Place,2021,March,13,Tuesday,30 Mar 2021,21:00,22,16,38,22,16,38,No Group
Manchester City Council - Chorlton,Chorlton Place,2021,March,13,Tuesday,30 Mar 2021,22:00,6,6,12,6,6,12,No Group
Manchester City Council - Chorlton,Chorlton Place,2021,March,13,Tuesday,30 Mar 2021,23:00,6,10,16,6,10,16,No Group
Manchester City Council - Chorlton,Chorlton Place,2021,March,13,Wednesday,31 Mar 2021,00:00,2,0,2,2,0,2,No Group
Manchester City Council - Chorlton,Chorlton Place,2021,March,13,Wednesday,31 Mar 2021,01:00,0,1,1,0,1,1,No Group
Manchester City Council - Chorlton,Chorlton Place,2021,March,13,Wednesday,31 Mar 2021,02:00,0,0,0,0,0,0,No Group
Manchester City Council - Chorlton,Chorlton Place,2021,March,13,Wednesday,31 Mar 2021,03:00,0,2,2,0,2,2,No Group
Manchester City Council - Chorlton,Chorlton Place,2021,March,13,Wednesday,31 Mar 2021,04:00,3,0,3,3,0,3,No Group
Manchester City Council - Chorlton,Chorlton Place,2021,March,13,Wednesday,31 Mar 2021,05:00,5,9,14,5,9,14,No Group
Manchester City Council - Chorlton,Chorlton Place,2021,March,13,Wednesday,31 Mar 2021,06:00,2,13,15,2,13,15,No Group
Manchester City Council - Chorlton,Chorlton Place,2021,March,13,Wednesday,31 Mar 2021,07:00,11,31,42,11,31,42,No Group
Manchester City Council - Chorlton,Chorlton Place,2021,March,13,Wednesday,31 Mar 2021,08:00,48,79,127,48,79,127,No Group
Manchester City Council - Chorlton,Chorlton Place,2021,March,13,Wednesday,31 Mar 2021,09:00,81,93,174,81,93,174,No Group
Manchester City Council - Chorlton,Chorlton Place,2021,March,13,Wednesday,31 Mar 2021,10:00,93,160,253,93,160,253,No Group
Manchester City Council - Chorlton,Chorlton Place,2021,March,13,Wednesday,31 Mar 2021,11:00,142,166,308,142,166,308,No Group
Manchester City Council - Chorlton,Chorlton Place,2021,March,13,Wednesday,31 Mar 2021,12:00,224,306,530,224,306,530,No Group
Manchester City Council - Chorlton,Chorlton Place,2021,March,13,Wednesday,31 Mar 2021,13:00,262,326,588,262,326,588,No Group
Manchester City Council - Chorlton,Chorlton Place,2021,March,13,Wednesday,31 Mar 2021,14:00,157,156,313,157,156,313,No Group
Manchester City Council - Chorlton,Chorlton Place,2021,March,13,Wednesday,31 Mar 2021,15:00,105,123,228,105,123,228,No Group
Manchester City Council - Chorlton,Chorlton Place,2021,March,13,Wednesday,31 Mar 2021,16:00,91,98,189,91,98,189,No Group
Manchester City Council - Chorlton,Chorlton Place,2021,March,13,Wednesday,31 Mar 2021,17:00,72,69,141,72,69,141,No Group
Manchester City Council - Chorlton,Chorlton Place,2021,March,13,Wednesday,31 Mar 2021,18:00,50,57,107,50,57,107,No Group
Manchester City Council - Chorlton,Chorlton Place,2021,March,13,Wednesday,31 Mar 2021,19:00,49,34,83,49,34,83,No Group
Manchester City Council - Chorlton,Chorlton Place,2021,March,13,Wednesday,31 Mar 2021,20:00,34,33,67,34,33,67,No Group
Manchester City Council - Chorlton,Chorlton Place,2021,March,13,Wednesday,31 Mar 2021,21:00,10,18,28,10,18,28,No Group
Manchester City Council - Chorlton,Chorlton Place,2021,March,13,Wednesday,31 Mar 2021,22:00,8,8,16,8,8,16,No Group
Manchester City Council - Chorlton,Chorlton Place,2021,March,13,Wednesday,31 Mar 2021,23:00,10,2,12,10,2,12,No Group
Manchester City Council - Chorlton,Chorlton Place,2021,March,13,Thursday,01 Apr 2021,00:00,0,3,3,0,3,3,No Group
Manchester City Council - Chorlton,Chorlton Place,2021,March,13,Thursday,01 Apr 2021,01:00,6,4,10,6,4,10,No Group
Manchester City Council - Chorlton,Chorlton Place,2021,March,13,Thursday,01 Apr 2021,02:00,5,4,9,5,4,9,No Group
Manchester City Council - Chorlton,Chorlton Place,2021,March,13,Thursday,01 Apr 2021,03:00,1,1,2,1,1,2,No Group
Manchester City Council - Chorlton,Chorlton Place,2021,March,13,Thursday,01 Apr 2021,04:00,0,0,0,0,0,0,No Group
Manchester City Council - Chorlton,Chorlton Place,2021,March,13,Thursday,01 Apr 2021,05:00,1,3,4,1,3,4,No Group
Manchester City Council - Chorlton,Chorlton Place,2021,March,13,Thursday,01 Apr 2021,06:00,2,6,8,2,6,8,No Group
Manchester City Council - Chorlton,Chorlton Place,2021,March,13,Thursday,01 Apr 2021,07:00,11,32,43,11,32,43,No Group
Manchester City Council - Chorlton,Chorlton Place,2021,March,13,Thursday,01 Apr 2021,08:00,54,68,122,54,68,122,No Group
Manchester City Council - Chorlton,Chorlton Place,2021,March,13,Thursday,01 Apr 2021,09:00,109,126,235,109,126,235,No Group
Manchester City Council - Chorlton,Chorlton Place,2021,March,13,Thursday,01 Apr 2021,10:00,109,128,237,109,128,237,No Group
Manchester City Council - Chorlton,Chorlton Place,2021,March,13,Thursday,01 Apr 2021,11:00,137,141,278,137,141,278,No Group
Manchester City Council - Chorlton,Chorlton Place,2021,March,13,Thursday,01 Apr 2021,12:00,154,155,309,154,155,309,No Group
Manchester City Council - Chorlton,Chorlton Place,2021,March,13,Thursday,01 Apr 2021,13:00,148,154,302,148,154,302,No Group
Manchester City Council - Chorlton,Chorlton Place,2021,March,13,Thursday,01 Apr 2021,14:00,151,176,327,151,176,327,No Group
Manchester City Council - Chorlton,Chorlton Place,2021,March,13,Thursday,01 Apr 2021,15:00,121,107,228,121,107,228,No Group
Manchester City Council - Chorlton,Chorlton Place,2021,March,13,Thursday,01 Apr 2021,16:00,118,119,237,118,119,237,No Group
Manchester City Council - Chorlton,Chorlton Place,2021,March,13,Thursday,01 Apr 2021,17:00,93,90,183,93,90,183,No Group
Manchester City Council - Chorlton,Chorlton Place,2021,March,13,Thursday,01 Apr 2021,18:00,66,67,133,66,67,133,No Group
Manchester City Council - Chorlton,Chorlton Place,2021,March,13,Thursday,01 Apr 2021,19:00,45,45,90,45,45,90,No Group
Manchester City Council - Chorlton,Chorlton Place,2021,March,13,Thursday,01 Apr 2021,20:00,42,29,71,42,29,71,No Group
Manchester City Council - Chorlton,Chorlton Place,2021,March,13,Thursday,01 Apr 2021,21:00,19,16,35,19,16,35,No Group
Manchester City Council - Chorlton,Chorlton Place,2021,March,13,Thursday,01 Apr 2021,22:00,3,10,13,3,10,13,No Group
Manchester City Council - Chorlton,Chorlton Place,2021,March,13,Thursday,01 Apr 2021,23:00,9,20,29,9,20,29,No Group
Manchester City Council - Chorlton,Chorlton Place,2021,March,13,Friday,02 Apr 2021,00:00,4,4,8,4,4,8,No Group
Manchester City Council - Chorlton,Chorlton Place,2021,March,13,Friday,02 Apr 2021,01:00,3,6,9,3,6,9,No Group
Manchester City Council - Chorlton,Chorlton Place,2021,March,13,Friday,02 Apr 2021,02:00,0,0,0,0,0,0,No Group
Manchester City Council - Chorlton,Chorlton Place,2021,March,13,Friday,02 Apr 2021,03:00,0,0,0,0,0,0,No Group
Manchester City Council - Chorlton,Chorlton Place,2021,March,13,Friday,02 Apr 2021,04:00,0,3,3,0,3,3,No Group
Manchester City Council - Chorlton,Chorlton Place,2021,March,13,Friday,02 Apr 2021,05:00,1,3,4,1,3,4,No Group
Manchester City Council - Chorlton,Chorlton Place,2021,March,13,Friday,02 Apr 2021,06:00,3,6,9,3,6,9,No Group
Manchester City Council - Chorlton,Chorlton Place,2021,March,13,Friday,02 Apr 2021,07:00,12,18,30,12,18,30,No Group
Manchester City Council - Chorlton,Chorlton Place,2021,March,13,Friday,02 Apr 2021,08:00,36,38,74,36,38,74,No Group
Manchester City Council - Chorlton,Chorlton Place,2021,March,13,Friday,02 Apr 2021,09:00,69,103,172,69,103,172,No Group
Manchester City Council - Chorlton,Chorlton Place,2021,March,13,Friday,02 Apr 2021,10:00,123,132,255,123,132,255,No Group
Manchester City Council - Chorlton,Chorlton Place,2021,March,13,Friday,02 Apr 2021,11:00,184,216,400,184,216,400,No Group
Manchester City Council - Chorlton,Chorlton Place,2021,March,13,Friday,02 Apr 2021,12:00,242,282,524,242,282,524,No Group
Manchester City Council - Chorlton,Chorlton Place,2021,March,13,Friday,02 Apr 2021,13:00,257,291,548,257,291,548,No Group
Manchester City Council - Chorlton,Chorlton Place,2021,March,13,Friday,02 Apr 2021,14:00,231,261,492,231,261,492,No Group
Manchester City Council - Chorlton,Chorlton Place,2021,March,13,Friday,02 Apr 2021,15:00,182,169,351,182,169,351,No Group
Manchester City Council - Chorlton,Chorlton Place,2021,March,13,Friday,02 Apr 2021,16:00,126,141,267,126,141,267,No Group
Manchester City Council - Chorlton,Chorlton Place,2021,March,13,Friday,02 Apr 2021,17:00,56,72,128,56,72,128,No Group
Manchester City Council - Chorlton,Chorlton Place,2021,March,13,Friday,02 Apr 2021,18:00,85,71,156,85,71,156,No Group
Manchester City Council - Chorlton,Chorlton Place,2021,March,13,Friday,02 Apr 2021,19:00,45,38,83,45,38,83,No Group
Manchester City Council - Chorlton,Chorlton Place,2021,March,13,Friday,02 Apr 2021,20:00,30,49,79,30,49,79,No Group
Manchester City Council - Chorlton,Chorlton Place,2021,March,13,Friday,02 Apr 2021,21:00,25,9,34,25,9,34,No Group
Manchester City Council - Chorlton,Chorlton Place,2021,March,13,Friday,02 Apr 2021,22:00,9,6,15,9,6,15,No Group
Manchester City Council - Chorlton,Chorlton Place,2021,March,13,Friday,02 Apr 2021,23:00,3,6,9,3,6,9,No Group
Manchester City Council - Chorlton,Chorlton Place,2021,March,13,Saturday,03 Apr 2021,00:00,5,3,8,5,3,8,No Group
Manchester City Council - Chorlton,Chorlton Place,2021,March,13,Saturday,03 Apr 2021,01:00,7,2,9,7,2,9,No Group
Manchester City Council - Chorlton,Chorlton Place,2021,March,13,Saturday,03 Apr 2021,02:00,0,1,1,0,1,1,No Group
Manchester City Council - Chorlton,Chorlton Place,2021,March,13,Saturday,03 Apr 2021,03:00,0,0,0,0,0,0,No Group
Manchester City Council - Chorlton,Chorlton Place,2021,March,13,Saturday,03 Apr 2021,04:00,0,1,1,0,1,1,No Group
Manchester City Council - Chorlton,Chorlton Place,2021,March,13,Saturday,03 Apr 2021,05:00,0,2,2,0,2,2,No Group
Manchester City Council - Chorlton,Chorlton Place,2021,March,13,Saturday,03 Apr 2021,06:00,2,7,9,2,7,9,No Group
Manchester City Council - Chorlton,Chorlton Place,2021,March,13,Saturday,03 Apr 2021,07:00,15,13,28,15,13,28,No Group
Manchester City Council - Chorlton,Chorlton Place,2021,March,13,Saturday,03 Apr 2021,08:00,40,57,97,40,57,97,No Group
Manchester City Council - Chorlton,Chorlton Place,2021,March,13,Saturday,03 Apr 2021,09:00,90,101,191,90,101,191,No Group
Manchester City Council - Chorlton,Chorlton Place,2021,March,13,Saturday,03 Apr 2021,10:00,125,128,253,125,128,253,No Group
Manchester City Council - Chorlton,Chorlton Place,2021,March,13,Saturday,03 Apr 2021,11:00,138,149,287,138,149,287,No Group
Manchester City Council - Chorlton,Chorlton Place,2021,March,13,Saturday,03 Apr 2021,12:00,252,250,502,252,250,502,No Group
Manchester City Council - Chorlton,Chorlton Place,2021,March,13,Saturday,03 Apr 2021,13:00,319,381,700,319,381,700,No Group
Manchester City Council - Chorlton,Chorlton Place,2021,March,13,Saturday,03 Apr 2021,14:00,299,265,564,299,265,564,No Group
Manchester City Council - Chorlton,Chorlton Place,2021,March,13,Saturday,03 Apr 2021,15:00,246,261,507,246,261,507,No Group
Manchester City Council - Chorlton,Chorlton Place,2021,March,13,Saturday,03 Apr 2021,16:00,144,181,325,144,181,325,No Group
Manchester City Council - Chorlton,Chorlton Place,2021,March,13,Saturday,03 Apr 2021,17:00,51,97,148,51,97,148,No Group
Manchester City Council - Chorlton,Chorlton Place,2021,March,13,Saturday,03 Apr 2021,18:00,59,43,102,59,43,102,No Group
Manchester City Council - Chorlton,Chorlton Place,2021,March,13,Saturday,03 Apr 2021,19:00,32,27,59,32,27,59,No Group
Manchester City Council - Chorlton,Chorlton Place,2021,March,13,Saturday,03 Apr 2021,20:00,33,29,62,33,29,62,No Group
Manchester City Council - Chorlton,Chorlton Place,2021,March,13,Saturday,03 Apr 2021,21:00,21,21,42,21,21,42,No Group
Manchester City Council - Chorlton,Chorlton Place,2021,March,13,Saturday,03 Apr 2021,22:00,14,17,31,14,17,31,No Group
Manchester City Council - Chorlton,Chorlton Place,2021,March,13,Saturday,03 Apr 2021,23:00,7,6,13,7,6,13,No Group
Manchester City Council - Chorlton,Chorlton Place,2021,March,13,Sunday,04 Apr 2021,00:00,3,2,5,3,2,5,No Group
Manchester City Council - Chorlton,Chorlton Place,2021,March,13,Sunday,04 Apr 2021,01:00,5,2,7,5,2,7,No Group
Manchester City Council - Chorlton,Chorlton Place,2021,March,13,Sunday,04 Apr 2021,02:00,1,0,1,1,0,1,No Group
Manchester City Council - Chorlton,Chorlton Place,2021,March,13,Sunday,04 Apr 2021,03:00,1,2,3,1,2,3,No Group
Manchester City Council - Chorlton,Chorlton Place,2021,March,13,Sunday,04 Apr 2021,04:00,0,0,0,0,0,0,No Group
Manchester City Council - Chorlton,Chorlton Place,2021,March,13,Sunday,04 Apr 2021,05:00,0,2,2,0,2,2,No Group
Manchester City Council - Chorlton,Chorlton Place,2021,March,13,Sunday,04 Apr 2021,06:00,1,4,5,1,4,5,No Group
Manchester City Council - Chorlton,Chorlton Place,2021,March,13,Sunday,04 Apr 2021,07:00,5,7,12,5,7,12,No Group
Manchester City Council - Chorlton,Chorlton Place,2021,March,13,Sunday,04 Apr 2021,08:00,16,25,41,16,25,41,No Group
Manchester City Council - Chorlton,Chorlton Place,2021,March,13,Sunday,04 Apr 2021,09:00,32,42,74,32,42,74,No Group
Manchester City Council - Chorlton,Chorlton Place,2021,March,13,Sunday,04 Apr 2021,10:00,56,61,117,56,61,117,No Group
Manchester City Council - Chorlton,Chorlton Place,2021,March,13,Sunday,04 Apr 2021,11:00,37,57,94,37,57,94,No Group
Manchester City Council - Chorlton,Chorlton Place,2021,March,13,Sunday,04 Apr 2021,12:00,69,88,157,69,88,157,No Group
Manchester City Council - Chorlton,Chorlton Place,2021,March,13,Sunday,04 Apr 2021,13:00,123,149,272,123,149,272,No Group
Manchester City Council - Chorlton,Chorlton Place,2021,March,13,Sunday,04 Apr 2021,14:00,129,152,281,129,152,281,No Group
Manchester City Council - Chorlton,Chorlton Place,2021,March,13,Sunday,04 Apr 2021,15:00,67,74,141,67,74,141,No Group
Manchester City Council - Chorlton,Chorlton Place,2021,March,13,Sunday,04 Apr 2021,16:00,54,66,120,54,66,120,No Group
Manchester City Council - Chorlton,Chorlton Place,2021,March,13,Sunday,04 Apr 2021,17:00,25,50,75,25,50,75,No Group
Manchester City Council - Chorlton,Chorlton Place,2021,March,13,Sunday,04 Apr 2021,18:00,29,16,45,29,16,45,No Group
Manchester City Council - Chorlton,Chorlton Place,2021,March,13,Sunday,04 Apr 2021,19:00,21,30,51,21,30,51,No Group
Manchester City Council - Chorlton,Chorlton Place,2021,March,13,Sunday,04 Apr 2021,20:00,10,13,23,10,13,23,No Group
Manchester City Council - Chorlton,Chorlton Place,2021,March,13,Sunday,04 Apr 2021,21:00,5,8,13,5,8,13,No Group
Manchester City Council - Chorlton,Chorlton Place,2021,March,13,Sunday,04 Apr 2021,22:00,9,8,17,9,8,17,No Group
Manchester City Council - Chorlton,Chorlton Place,2021,March,13,Sunday,04 Apr 2021,23:00,10,4,14,10,4,14,No Group
Manchester City Council - Chorlton,Chorlton Place,2021,April,14,Monday,05 Apr 2021,00:00,7,2,9,7,2,9,No Group
Manchester City Council - Chorlton,Chorlton Place,2021,April,14,Monday,05 Apr 2021,01:00,2,0,2,2,0,2,No Group
Manchester City Council - Chorlton,Chorlton Place,2021,April,14,Monday,05 Apr 2021,02:00,1,2,3,1,2,3,No Group
Manchester City Council - Chorlton,Chorlton Place,2021,April,14,Monday,05 Apr 2021,03:00,1,0,1,1,0,1,No Group
Manchester City Council - Chorlton,Chorlton Place,2021,April,14,Monday,05 Apr 2021,04:00,8,2,10,8,2,10,No Group
Manchester City Council - Chorlton,Chorlton Place,2021,April,14,Monday,05 Apr 2021,05:00,2,3,5,2,3,5,No Group
Manchester City Council - Chorlton,Chorlton Place,2021,April,14,Monday,05 Apr 2021,06:00,1,0,1,1,0,1,No Group
Manchester City Council - Chorlton,Chorlton Place,2021,April,14,Monday,05 Apr 2021,07:00,12,17,29,12,17,29,No Group
Manchester City Council - Chorlton,Chorlton Place,2021,April,14,Monday,05 Apr 2021,08:00,12,29,41,12,29,41,No Group
Manchester City Council - Chorlton,Chorlton Place,2021,April,14,Monday,05 Apr 2021,09:00,33,42,75,33,42,75,No Group
Manchester City Council - Chorlton,Chorlton Place,2021,April,14,Monday,05 Apr 2021,10:00,58,94,152,58,94,152,No Group
Manchester City Council - Chorlton,Chorlton Place,2021,April,14,Monday,05 Apr 2021,11:00,124,144,268,124,144,268,No Group
Manchester City Council - Chorlton,Chorlton Place,2021,April,14,Monday,05 Apr 2021,12:00,158,175,333,158,175,333,No Group
Manchester City Council - Chorlton,Chorlton Place,2021,April,14,Monday,05 Apr 2021,13:00,170,192,362,170,192,362,No Group
Manchester City Council - Chorlton,Chorlton Place,2021,April,14,Monday,05 Apr 2021,14:00,140,157,297,140,157,297,No Group
Manchester City Council - Chorlton,Chorlton Place,2021,April,14,Monday,05 Apr 2021,15:00,101,107,208,101,107,208,No Group
Manchester City Council - Chorlton,Chorlton Place,2021,April,14,Monday,05 Apr 2021,16:00,75,96,171,75,96,171,No Group
Manchester City Council - Chorlton,Chorlton Place,2021,April,14,Monday,05 Apr 2021,17:00,64,79,143,64,79,143,No Group
Manchester City Council - Chorlton,Chorlton Place,2021,April,14,Monday,05 Apr 2021,18:00,35,34,69,35,34,69,No Group
Manchester City Council - Chorlton,Chorlton Place,2021,April,14,Monday,05 Apr 2021,19:00,23,25,48,23,25,48,No Group
Manchester City Council - Chorlton,Chorlton Place,2021,April,14,Monday,05 Apr 2021,20:00,13,19,32,13,19,32,No Group
Manchester City Council - Chorlton,Chorlton Place,2021,April,14,Monday,05 Apr 2021,21:00,4,4,8,4,4,8,No Group
Manchester City Council - Chorlton,Chorlton Place,2021,April,14,Monday,05 Apr 2021,22:00,4,7,11,4,7,11,No Group
Manchester City Council - Chorlton,Chorlton Place,2021,April,14,Monday,05 Apr 2021,23:00,4,2,6,4,2,6,No Group
Manchester City Council - Chorlton,Chorlton Place,2021,April,14,Tuesday,06 Apr 2021,00:00,2,0,2,2,0,2,No Group
Manchester City Council - Chorlton,Chorlton Place,2021,April,14,Tuesday,06 Apr 2021,01:00,3,1,4,3,1,4,No Group
Manchester City Council - Chorlton,Chorlton Place,2021,April,14,Tuesday,06 Apr 2021,02:00,1,0,1,1,0,1,No Group
Manchester City Council - Chorlton,Chorlton Place,2021,April,14,Tuesday,06 Apr 2021,03:00,0,0,0,0,0,0,No Group
Manchester City Council - Chorlton,Chorlton Place,2021,April,14,Tuesday,06 Apr 2021,04:00,0,1,1,0,1,1,No Group
Manchester City Council - Chorlton,Chorlton Place,2021,April,14,Tuesday,06 Apr 2021,05:00,0,3,3,0,3,3,No Group
Manchester City Council - Chorlton,Chorlton Place,2021,April,14,Tuesday,06 Apr 2021,06:00,4,12,16,4,12,16,No Group
Manchester City Council - Chorlton,Chorlton Place,2021,April,14,Tuesday,06 Apr 2021,07:00,12,26,38,12,26,38,No Group
Manchester City Council - Chorlton,Chorlton Place,2021,April,14,Tuesday,06 Apr 2021,08:00,55,98,153,55,98,153,No Group
Manchester City Council - Chorlton,Chorlton Place,2021,April,14,Tuesday,06 Apr 2021,09:00,88,140,228,88,140,228,No Group
Manchester City Council - Chorlton,Chorlton Place,2021,April,14,Tuesday,06 Apr 2021,10:00,112,153,265,112,153,265,No Group
Manchester City Council - Chorlton,Chorlton Place,2021,April,14,Tuesday,06 Apr 2021,11:00,142,146,288,142,146,288,No Group
Manchester City Council - Chorlton,Chorlton Place,2021,April,14,Tuesday,06 Apr 2021,12:00,192,192,384,192,192,384,No Group
Manchester City Council - Chorlton,Chorlton Place,2021,April,14,Tuesday,06 Apr 2021,13:00,147,150,297,147,150,297,No Group
Manchester City Council - Chorlton,Chorlton Place,2021,April,14,Tuesday,06 Apr 2021,14:00,97,100,197,97,100,197,No Group
Manchester City Council - Chorlton,Chorlton Place,2021,April,14,Tuesday,06 Apr 2021,15:00,119,93,212,119,93,212,No Group
Manchester City Council - Chorlton,Chorlton Place,2021,April,14,Tuesday,06 Apr 2021,16:00,84,95,179,84,95,179,No Group
Manchester City Council - Chorlton,Chorlton Place,2021,April,14,Tuesday,06 Apr 2021,17:00,87,80,167,87,80,167,No Group
Manchester City Council - Chorlton,Chorlton Place,2021,April,14,Tuesday,06 Apr 2021,18:00,53,48,101,53,48,101,No Group
Manchester City Council - Chorlton,Chorlton Place,2021,April,14,Tuesday,06 Apr 2021,19:00,39,28,67,39,28,67,No Group
Manchester City Council - Chorlton,Chorlton Place,2021,April,14,Tuesday,06 Apr 2021,20:00,22,23,45,22,23,45,No Group
Manchester City Council - Chorlton,Chorlton Place,2021,April,14,Tuesday,06 Apr 2021,21:00,19,11,30,19,11,30,No Group
Manchester City Council - Chorlton,Chorlton Place,2021,April,14,Tuesday,06 Apr 2021,22:00,10,5,15,10,5,15,No Group
Manchester City Council - Chorlton,Chorlton Place,2021,April,14,Tuesday,06 Apr 2021,23:00,12,3,15,12,3,15,No Group
Manchester City Council - Chorlton,Chorlton Place,2021,April,14,Wednesday,07 Apr 2021,00:00,2,1,3,2,1,3,No Group
Manchester City Council - Chorlton,Chorlton Place,2021,April,14,Wednesday,07 Apr 2021,01:00,0,1,1,0,1,1,No Group
Manchester City Council - Chorlton,Chorlton Place,2021,April,14,Wednesday,07 Apr 2021,02:00,1,0,1,1,0,1,No Group
Manchester City Council - Chorlton,Chorlton Place,2021,April,14,Wednesday,07 Apr 2021,03:00,0,0,0,0,0,0,No Group
Manchester City Council - Chorlton,Chorlton Place,2021,April,14,Wednesday,07 Apr 2021,04:00,0,0,0,0,0,0,No Group
Manchester City Council - Chorlton,Chorlton Place,2021,April,14,Wednesday,07 Apr 2021,05:00,0,2,2,0,2,2,No Group
Manchester City Council - Chorlton,Chorlton Place,2021,April,14,Wednesday,07 Apr 2021,06:00,3,14,17,3,14,17,No Group
Manchester City Council - Chorlton,Chorlton Place,2021,April,14,Wednesday,07 Apr 2021,07:00,18,36,54,18,36,54,No Group
Manchester City Council - Chorlton,Chorlton Place,2021,April,14,Wednesday,07 Apr 2021,08:00,45,61,106,45,61,106,No Group
Manchester City Council - Chorlton,Chorlton Place,2021,April,14,Wednesday,07 Apr 2021,09:00,69,107,176,69,107,176,No Group
Manchester City Council - Chorlton,Chorlton Place,2021,April,14,Wednesday,07 Apr 2021,10:00,118,129,247,118,129,247,No Group
Manchester City Council - Chorlton,Chorlton Place,2021,April,14,Wednesday,07 Apr 2021,11:00,114,133,247,114,133,247,No Group
Manchester City Council - Chorlton,Chorlton Place,2021,April,14,Wednesday,07 Apr 2021,12:00,142,181,323,142,181,323,No Group
Manchester City Council - Chorlton,Chorlton Place,2021,April,14,Wednesday,07 Apr 2021,13:00,117,133,250,117,133,250,No Group
Manchester City Council - Chorlton,Chorlton Place,2021,April,14,Wednesday,07 Apr 2021,14:00,139,170,309,139,170,309,No Group
Manchester City Council - Chorlton,Chorlton Place,2021,April,14,Wednesday,07 Apr 2021,15:00,113,96,209,113,96,209,No Group
Manchester City Council - Chorlton,Chorlton Place,2021,April,14,Wednesday,07 Apr 2021,16:00,103,90,193,103,90,193,No Group
Manchester City Council - Chorlton,Chorlton Place,2021,April,14,Wednesday,07 Apr 2021,17:00,68,73,141,68,73,141,No Group
Manchester City Council - Chorlton,Chorlton Place,2021,April,14,Wednesday,07 Apr 2021,18:00,48,44,92,48,44,92,No Group
Manchester City Council - Chorlton,Chorlton Place,2021,April,14,Wednesday,07 Apr 2021,19:00,32,30,62,32,30,62,No Group
Manchester City Council - Chorlton,Chorlton Place,2021,April,14,Wednesday,07 Apr 2021,20:00,19,16,35,19,16,35,No Group
Manchester City Council - Chorlton,Chorlton Place,2021,April,14,Wednesday,07 Apr 2021,21:00,20,15,35,20,15,35,No Group
Manchester City Council - Chorlton,Chorlton Place,2021,April,14,Wednesday,07 Apr 2021,22:00,8,5,13,8,5,13,No Group
Manchester City Council - Chorlton,Chorlton Place,2021,April,14,Wednesday,07 Apr 2021,23:00,8,0,8,8,0,8,No Group
Manchester City Council - Chorlton,Chorlton Place,2021,April,14,Thursday,08 Apr 2021,00:00,1,3,4,1,3,4,No Group
Manchester City Council - Chorlton,Chorlton Place,2021,April,14,Thursday,08 Apr 2021,01:00,3,0,3,3,0,3,No Group
Manchester City Council - Chorlton,Chorlton Place,2021,April,14,Thursday,08 Apr 2021,02:00,0,1,1,0,1,1,No Group
Manchester City Council - Chorlton,Chorlton Place,2021,April,14,Thursday,08 Apr 2021,03:00,0,0,0,0,0,0,No Group
Manchester City Council - Chorlton,Chorlton Place,2021,April,14,Thursday,08 Apr 2021,04:00,0,3,3,0,3,3,No Group
Manchester City Council - Chorlton,Chorlton Place,2021,April,14,Thursday,08 Apr 2021,05:00,0,4,4,0,4,4,No Group
Manchester City Council - Chorlton,Chorlton Place,2021,April,14,Thursday,08 Apr 2021,06:00,3,18,21,3,18,21,No Group
Manchester City Council - Chorlton,Chorlton Place,2021,April,14,Thursday,08 Apr 2021,07:00,16,33,49,16,33,49,No Group
Manchester City Council - Chorlton,Chorlton Place,2021,April,14,Thursday,08 Apr 2021,08:00,36,57,93,36,57,93,No Group
Manchester City Council - Chorlton,Chorlton Place,2021,April,14,Thursday,08 Apr 2021,09:00,37,58,95,37,58,95,No Group
Manchester City Council - Chorlton,Chorlton Place,2021,April,14,Thursday,08 Apr 2021,10:00,76,93,169,76,93,169,No Group
Manchester City Council - Chorlton,Chorlton Place,2021,April,14,Thursday,08 Apr 2021,11:00,96,107,203,96,107,203,No Group
Manchester City Council - Chorlton,Chorlton Place,2021,April,14,Thursday,08 Apr 2021,12:00,142,162,304,142,162,304,No Group
Manchester City Council - Chorlton,Chorlton Place,2021,April,14,Thursday,08 Apr 2021,13:00,156,151,307,156,151,307,No Group
Manchester City Council - Chorlton,Chorlton Place,2021,April,14,Thursday,08 Apr 2021,14:00,105,119,224,105,119,224,No Group
Manchester City Council - Chorlton,Chorlton Place,2021,April,14,Thursday,08 Apr 2021,15:00,117,94,211,117,94,211,No Group
Manchester City Council - Chorlton,Chorlton Place,2021,April,14,Thursday,08 Apr 2021,16:00,95,97,192,95,97,192,No Group
Manchester City Council - Chorlton,Chorlton Place,2021,April,14,Thursday,08 Apr 2021,17:00,71,52,123,71,52,123,No Group
Manchester City Council - Chorlton,Chorlton Place,2021,April,14,Thursday,08 Apr 2021,18:00,49,37,86,49,37,86,No Group
Manchester City Council - Chorlton,Chorlton Place,2021,April,14,Thursday,08 Apr 2021,19:00,35,44,79,35,44,79,No Group
Manchester City Council - Chorlton,Chorlton Place,2021,April,14,Thursday,08 Apr 2021,20:00,18,34,52,18,34,52,No Group
Manchester City Council - Chorlton,Chorlton Place,2021,April,14,Thursday,08 Apr 2021,21:00,27,11,38,27,11,38,No Group
Manchester City Council - Chorlton,Chorlton Place,2021,April,14,Thursday,08 Apr 2021,22:00,8,10,18,8,10,18,No Group
Manchester City Council - Chorlton,Chorlton Place,2021,April,14,Thursday,08 Apr 2021,23:00,4,1,5,4,1,5,No Group
Manchester City Council - Chorlton,Chorlton Place,2021,April,14,Friday,09 Apr 2021,00:00,1,3,4,1,3,4,No Group
Manchester City Council - Chorlton,Chorlton Place,2021,April,14,Friday,09 Apr 2021,01:00,2,5,7,2,5,7,No Group
Manchester City Council - Chorlton,Chorlton Place,2021,April,14,Friday,09 Apr 2021,02:00,1,0,1,1,0,1,No Group
Manchester City Council - Chorlton,Chorlton Place,2021,April,14,Friday,09 Apr 2021,03:00,0,1,1,0,1,1,No Group
Manchester City Council - Chorlton,Chorlton Place,2021,April,14,Friday,09 Apr 2021,04:00,0,1,1,0,1,1,No Group
Manchester City Council - Chorlton,Chorlton Place,2021,April,14,Friday,09 Apr 2021,05:00,0,3,3,0,3,3,No Group
Manchester City Council - Chorlton,Chorlton Place,2021,April,14,Friday,09 Apr 2021,06:00,7,15,22,7,15,22,No Group
Manchester City Council - Chorlton,Chorlton Place,2021,April,14,Friday,09 Apr 2021,07:00,15,33,48,15,33,48,No Group
Manchester City Council - Chorlton,Chorlton Place,2021,April,14,Friday,09 Apr 2021,08:00,34,41,75,34,41,75,No Group
Manchester City Council - Chorlton,Chorlton Place,2021,April,14,Friday,09 Apr 2021,09:00,61,69,130,61,69,130,No Group
Manchester City Council - Chorlton,Chorlton Place,2021,April,14,Friday,09 Apr 2021,10:00,104,104,208,104,104,208,No Group
Manchester City Council - Chorlton,Chorlton Place,2021,April,14,Friday,09 Apr 2021,11:00,147,183,330,147,183,330,No Group
Manchester City Council - Chorlton,Chorlton Place,2021,April,14,Friday,09 Apr 2021,12:00,170,216,386,170,216,386,No Group
Manchester City Council - Chorlton,Chorlton Place,2021,April,14,Friday,09 Apr 2021,13:00,131,162,293,131,162,293,No Group
Manchester City Council - Chorlton,Chorlton Place,2021,April,14,Friday,09 Apr 2021,14:00,148,177,325,148,177,325,No Group
Manchester City Council - Chorlton,Chorlton Place,2021,April,14,Friday,09 Apr 2021,15:00,181,158,339,181,158,339,No Group
Manchester City Council - Chorlton,Chorlton Place,2021,April,14,Friday,09 Apr 2021,16:00,152,143,295,152,143,295,No Group
Manchester City Council - Chorlton,Chorlton Place,2021,April,14,Friday,09 Apr 2021,17:00,117,125,242,117,125,242,No Group
Manchester City Council - Chorlton,Chorlton Place,2021,April,14,Friday,09 Apr 2021,18:00,86,80,166,86,80,166,No Group
Manchester City Council - Chorlton,Chorlton Place,2021,April,14,Friday,09 Apr 2021,19:00,67,63,130,67,63,130,No Group
Manchester City Council - Chorlton,Chorlton Place,2021,April,14,Friday,09 Apr 2021,20:00,61,30,91,61,30,91,No Group
Manchester City Council - Chorlton,Chorlton Place,2021,April,14,Friday,09 Apr 2021,21:00,6,24,30,6,24,30,No Group
Manchester City Council - Chorlton,Chorlton Place,2021,April,14,Friday,09 Apr 2021,22:00,10,16,26,10,16,26,No Group
Manchester City Council - Chorlton,Chorlton Place,2021,April,14,Friday,09 Apr 2021,23:00,8,10,18,8,10,18,No Group
Manchester City Council - Chorlton,Chorlton Place,2021,April,14,Saturday,10 Apr 2021,00:00,0,4,4,0,4,4,No Group
Manchester City Council - Chorlton,Chorlton Place,2021,April,14,Saturday,10 Apr 2021,01:00,1,1,2,1,1,2,No Group
Manchester City Council - Chorlton,Chorlton Place,2021,April,14,Saturday,10 Apr 2021,02:00,5,1,6,5,1,6,No Group
Manchester City Council - Chorlton,Chorlton Place,2021,April,14,Saturday,10 Apr 2021,03:00,1,2,3,1,2,3,No Group
Manchester City Council - Chorlton,Chorlton Place,2021,April,14,Saturday,10 Apr 2021,04:00,0,2,2,0,2,2,No Group
Manchester City Council - Chorlton,Chorlton Place,2021,April,14,Saturday,10 Apr 2021,05:00,1,3,4,1,3,4,No Group
Manchester City Council - Chorlton,Chorlton Place,2021,April,14,Saturday,10 Apr 2021,06:00,0,9,9,0,9,9,No Group
Manchester City Council - Chorlton,Chorlton Place,2021,April,14,Saturday,10 Apr 2021,07:00,11,12,23,11,12,23,No Group
Manchester City Council - Chorlton,Chorlton Place,2021,April,14,Saturday,10 Apr 2021,08:00,31,31,62,31,31,62,No Group
Manchester City Council - Chorlton,Chorlton Place,2021,April,14,Saturday,10 Apr 2021,09:00,82,108,190,82,108,190,No Group
Manchester City Council - Chorlton,Chorlton Place,2021,April,14,Saturday,10 Apr 2021,10:00,158,191,349,158,191,349,No Group
Manchester City Council - Chorlton,Chorlton Place,2021,April,14,Saturday,10 Apr 2021,11:00,245,281,526,245,281,526,No Group
Manchester City Council - Chorlton,Chorlton Place,2021,April,14,Saturday,10 Apr 2021,12:00,232,284,516,232,284,516,No Group
Manchester City Council - Chorlton,Chorlton Place,2021,April,14,Saturday,10 Apr 2021,13:00,336,340,676,336,340,676,No Group
Manchester City Council - Chorlton,Chorlton Place,2021,April,14,Saturday,10 Apr 2021,14:00,233,210,443,233,210,443,No Group
Manchester City Council - Chorlton,Chorlton Place,2021,April,14,Saturday,10 Apr 2021,15:00,143,149,292,143,149,292,No Group
Manchester City Council - Chorlton,Chorlton Place,2021,April,14,Saturday,10 Apr 2021,16:00,128,107,235,128,107,235,No Group
Manchester City Council - Chorlton,Chorlton Place,2021,April,14,Saturday,10 Apr 2021,17:00,65,60,125,65,60,125,No Group
Manchester City Council - Chorlton,Chorlton Place,2021,April,14,Saturday,10 Apr 2021,18:00,39,36,75,39,36,75,No Group
Manchester City Council - Chorlton,Chorlton Place,2021,April,14,Saturday,10 Apr 2021,19:00,31,50,81,31,50,81,No Group
Manchester City Council - Chorlton,Chorlton Place,2021,April,14,Saturday,10 Apr 2021,20:00,12,19,31,12,19,31,No Group
Manchester City Council - Chorlton,Chorlton Place,2021,April,14,Saturday,10 Apr 2021,21:00,8,20,28,8,20,28,No Group
Manchester City Council - Chorlton,Chorlton Place,2021,April,14,Saturday,10 Apr 2021,22:00,2,2,4,2,2,4,No Group
Manchester City Council - Chorlton,Chorlton Place,2021,April,14,Saturday,10 Apr 2021,23:00,5,3,8,5,3,8,No Group
Manchester City Council - Chorlton,Chorlton Place,2021,April,14,Sunday,11 Apr 2021,00:00,2,4,6,2,4,6,No Group
Manchester City Council - Chorlton,Chorlton Place,2021,April,14,Sunday,11 Apr 2021,01:00,6,10,16,6,10,16,No Group
Manchester City Council - Chorlton,Chorlton Place,2021,April,14,Sunday,11 Apr 2021,02:00,1,0,1,1,0,1,No Group
Manchester City Council - Chorlton,Chorlton Place,2021,April,14,Sunday,11 Apr 2021,03:00,0,1,1,0,1,1,No Group
Manchester City Council - Chorlton,Chorlton Place,2021,April,14,Sunday,11 Apr 2021,04:00,0,0,0,0,0,0,No Group
Manchester City Council - Chorlton,Chorlton Place,2021,April,14,Sunday,11 Apr 2021,05:00,0,0,0,0,0,0,No Group
Manchester City Council - Chorlton,Chorlton Place,2021,April,14,Sunday,11 Apr 2021,06:00,3,5,8,3,5,8,No Group
Manchester City Council - Chorlton,Chorlton Place,2021,April,14,Sunday,11 Apr 2021,07:00,4,10,14,4,10,14,No Group
Manchester City Council - Chorlton,Chorlton Place,2021,April,14,Sunday,11 Apr 2021,08:00,16,15,31,16,15,31,No Group
Manchester City Council - Chorlton,Chorlton Place,2021,April,14,Sunday,11 Apr 2021,09:00,35,33,68,35,33,68,No Group
Manchester City Council - Chorlton,Chorlton Place,2021,April,14,Sunday,11 Apr 2021,10:00,53,82,135,53,82,135,No Group
Manchester City Council - Chorlton,Chorlton Place,2021,April,14,Sunday,11 Apr 2021,11:00,130,117,247,130,117,247,No Group
Manchester City Council - Chorlton,Chorlton Place,2021,April,14,Sunday,11 Apr 2021,12:00,160,188,348,160,188,348,No Group
Manchester City Council - Chorlton,Chorlton Place,2021,April,14,Sunday,11 Apr 2021,13:00,173,218,391,173,218,391,No Group
Manchester City Council - Chorlton,Chorlton Place,2021,April,14,Sunday,11 Apr 2021,14:00,133,121,254,133,121,254,No Group
Manchester City Council - Chorlton,Chorlton Place,2021,April,14,Sunday,11 Apr 2021,15:00,91,97,188,91,97,188,No Group
Manchester City Council - Chorlton,Chorlton Place,2021,April,14,Sunday,11 Apr 2021,16:00,54,64,118,54,64,118,No Group
Manchester City Council - Chorlton,Chorlton Place,2021,April,14,Sunday,11 Apr 2021,17:00,46,47,93,46,47,93,No Group
Manchester City Council - Chorlton,Chorlton Place,2021,April,14,Sunday,11 Apr 2021,18:00,32,36,68,32,36,68,No Group
Manchester City Council - Chorlton,Chorlton Place,2021,April,14,Sunday,11 Apr 2021,19:00,24,28,52,24,28,52,No Group
Manchester City Council - Chorlton,Chorlton Place,2021,April,14,Sunday,11 Apr 2021,20:00,26,29,55,26,29,55,No Group
Manchester City Council - Chorlton,Chorlton Place,2021,April,14,Sunday,11 Apr 2021,21:00,8,7,15,8,7,15,No Group
Manchester City Council - Chorlton,Chorlton Place,2021,April,14,Sunday,11 Apr 2021,22:00,4,4,8,4,4,8,No Group
Manchester City Council - Chorlton,Chorlton Place,2021,April,14,Sunday,11 Apr 2021,23:00,9,1,10,9,1,10,No Group
Manchester City Council - Chorlton,Chorlton Place,2021,April,15,Monday,12 Apr 2021,00:00,3,0,3,3,0,3,No Group
Manchester City Council - Chorlton,Chorlton Place,2021,April,15,Monday,12 Apr 2021,01:00,0,0,0,0,0,0,No Group
Manchester City Council - Chorlton,Chorlton Place,2021,April,15,Monday,12 Apr 2021,02:00,1,1,2,1,1,2,No Group
Manchester City Council - Chorlton,Chorlton Place,2021,April,15,Monday,12 Apr 2021,03:00,1,1,2,1,1,2,No Group
Manchester City Council - Chorlton,Chorlton Place,2021,April,15,Monday,12 Apr 2021,04:00,0,0,0,0,0,0,No Group
Manchester City Council - Chorlton,Chorlton Place,2021,April,15,Monday,12 Apr 2021,05:00,2,8,10,2,8,10,No Group
Manchester City Council - Chorlton,Chorlton Place,2021,April,15,Monday,12 Apr 2021,06:00,7,16,23,7,16,23,No Group
Manchester City Council - Chorlton,Chorlton Place,2021,April,15,Monday,12 Apr 2021,07:00,20,32,52,20,32,52,No Group
Manchester City Council - Chorlton,Chorlton Place,2021,April,15,Monday,12 Apr 2021,08:00,35,60,95,35,60,95,No Group
Manchester City Council - Chorlton,Chorlton Place,2021,April,15,Monday,12 Apr 2021,09:00,91,139,230,91,139,230,No Group
Manchester City Council - Chorlton,Chorlton Place,2021,April,15,Monday,12 Apr 2021,10:00,178,173,351,178,173,351,No Group
Manchester City Council - Chorlton,Chorlton Place,2021,April,15,Monday,12 Apr 2021,11:00,169,231,400,169,231,400,No Group
Manchester City Council - Chorlton,Chorlton Place,2021,April,15,Monday,12 Apr 2021,12:00,238,322,560,238,322,560,No Group
Manchester City Council - Chorlton,Chorlton Place,2021,April,15,Monday,12 Apr 2021,13:00,315,403,718,315,403,718,No Group
Manchester City Council - Chorlton,Chorlton Place,2021,April,15,Monday,12 Apr 2021,14:00,235,304,539,235,304,539,No Group
Manchester City Council - Chorlton,Chorlton Place,2021,April,15,Monday,12 Apr 2021,15:00,212,194,406,212,194,406,No Group
Manchester City Council - Chorlton,Chorlton Place,2021,April,15,Monday,12 Apr 2021,16:00,171,196,367,171,196,367,No Group
Manchester City Council - Chorlton,Chorlton Place,2021,April,15,Monday,12 Apr 2021,17:00,144,148,292,144,148,292,No Group
Manchester City Council - Chorlton,Chorlton Place,2021,April,15,Monday,12 Apr 2021,18:00,120,92,212,120,92,212,No Group
Manchester City Council - Chorlton,Chorlton Place,2021,April,15,Monday,12 Apr 2021,19:00,57,64,121,57,64,121,No Group
Manchester City Council - Chorlton,Chorlton Place,2021,April,15,Monday,12 Apr 2021,20:00,38,36,74,38,36,74,No Group
Manchester City Council - Chorlton,Chorlton Place,2021,April,15,Monday,12 Apr 2021,21:00,24,34,58,24,34,58,No Group
Manchester City Council - Chorlton,Chorlton Place,2021,April,15,Monday,12 Apr 2021,22:00,27,16,43,27,16,43,No Group
Manchester City Council - Chorlton,Chorlton Place,2021,April,15,Monday,12 Apr 2021,23:00,5,2,7,5,2,7,No Group
Manchester City Council - Chorlton,Chorlton Place,2021,April,15,Tuesday,13 Apr 2021,00:00,3,3,6,3,3,6,No Group
Manchester City Council - Chorlton,Chorlton Place,2021,April,15,Tuesday,13 Apr 2021,01:00,2,1,3,2,1,3,No Group
Manchester City Council - Chorlton,Chorlton Place,2021,April,15,Tuesday,13 Apr 2021,02:00,3,2,5,3,2,5,No Group
Manchester City Council - Chorlton,Chorlton Place,2021,April,15,Tuesday,13 Apr 2021,03:00,2,5,7,2,5,7,No Group
Manchester City Council - Chorlton,Chorlton Place,2021,April,15,Tuesday,13 Apr 2021,04:00,3,0,3,3,0,3,No Group
Manchester City Council - Chorlton,Chorlton Place,2021,April,15,Tuesday,13 Apr 2021,05:00,3,7,10,3,7,10,No Group
Manchester City Council - Chorlton,Chorlton Place,2021,April,15,Tuesday,13 Apr 2021,06:00,4,15,19,4,15,19,No Group
Manchester City Council - Chorlton,Chorlton Place,2021,April,15,Tuesday,13 Apr 2021,07:00,13,37,50,13,37,50,No Group
Manchester City Council - Chorlton,Chorlton Place,2021,April,15,Tuesday,13 Apr 2021,08:00,32,47,79,32,47,79,No Group
Manchester City Council - Chorlton,Chorlton Place,2021,April,15,Tuesday,13 Apr 2021,09:00,94,109,203,94,109,203,No Group
Manchester City Council - Chorlton,Chorlton Place,2021,April,15,Tuesday,13 Apr 2021,10:00,118,167,285,118,167,285,No Group
Manchester City Council - Chorlton,Chorlton Place,2021,April,15,Tuesday,13 Apr 2021,11:00,139,160,299,139,160,299,No Group
Manchester City Council - Chorlton,Chorlton Place,2021,April,15,Tuesday,13 Apr 2021,12:00,152,159,311,152,159,311,No Group
Manchester City Council - Chorlton,Chorlton Place,2021,April,15,Tuesday,13 Apr 2021,13:00,190,235,425,190,235,425,No Group
Manchester City Council - Chorlton,Chorlton Place,2021,April,15,Tuesday,13 Apr 2021,14:00,142,150,292,142,150,292,No Group
Manchester City Council - Chorlton,Chorlton Place,2021,April,15,Tuesday,13 Apr 2021,15:00,126,161,287,126,161,287,No Group
Manchester City Council - Chorlton,Chorlton Place,2021,April,15,Tuesday,13 Apr 2021,16:00,140,144,284,140,144,284,No Group
Manchester City Council - Chorlton,Chorlton Place,2021,April,15,Tuesday,13 Apr 2021,17:00,97,99,196,97,99,196,No Group
Manchester City Council - Chorlton,Chorlton Place,2021,April,15,Tuesday,13 Apr 2021,18:00,66,62,128,66,62,128,No Group
Manchester City Council - Chorlton,Chorlton Place,2021,April,15,Tuesday,13 Apr 2021,19:00,61,55,116,61,55,116,No Group
Manchester City Council - Chorlton,Chorlton Place,2021,April,15,Tuesday,13 Apr 2021,20:00,34,31,65,34,31,65,No Group
Manchester City Council - Chorlton,Chorlton Place,2021,April,15,Tuesday,13 Apr 2021,21:00,17,9,26,17,9,26,No Group
Manchester City Council - Chorlton,Chorlton Place,2021,April,15,Tuesday,13 Apr 2021,22:00,8,4,12,8,4,12,No Group
Manchester City Council - Chorlton,Chorlton Place,2021,April,15,Tuesday,13 Apr 2021,23:00,7,4,11,7,4,11,No Group
Manchester City Council - Chorlton,Chorlton Place,2021,April,15,Wednesday,14 Apr 2021,00:00,2,3,5,2,3,5,No Group
Manchester City Council - Chorlton,Chorlton Place,2021,April,15,Wednesday,14 Apr 2021,01:00,0,1,1,0,1,1,No Group
Manchester City Council - Chorlton,Chorlton Place,2021,April,15,Wednesday,14 Apr 2021,02:00,3,0,3,3,0,3,No Group
Manchester City Council - Chorlton,Chorlton Place,2021,April,15,Wednesday,14 Apr 2021,03:00,0,1,1,0,1,1,No Group
Manchester City Council - Chorlton,Chorlton Place,2021,April,15,Wednesday,14 Apr 2021,04:00,0,0,0,0,0,0,No Group
Manchester City Council - Chorlton,Chorlton Place,2021,April,15,Wednesday,14 Apr 2021,05:00,1,4,5,1,4,5,No Group
Manchester City Council - Chorlton,Chorlton Place,2021,April,15,Wednesday,14 Apr 2021,06:00,4,10,14,4,10,14,No Group
Manchester City Council - Chorlton,Chorlton Place,2021,April,15,Wednesday,14 Apr 2021,07:00,16,37,53,16,37,53,No Group
Manchester City Council - Chorlton,Chorlton Place,2021,April,15,Wednesday,14 Apr 2021,08:00,27,55,82,27,55,82,No Group
Manchester City Council - Chorlton,Chorlton Place,2021,April,15,Wednesday,14 Apr 2021,09:00,63,94,157,63,94,157,No Group
Manchester City Council - Chorlton,Chorlton Place,2021,April,15,Wednesday,14 Apr 2021,10:00,125,141,266,125,141,266,No Group
Manchester City Council - Chorlton,Chorlton Place,2021,April,15,Wednesday,14 Apr 2021,11:00,128,174,302,128,174,302,No Group
Manchester City Council - Chorlton,Chorlton Place,2021,April,15,Wednesday,14 Apr 2021,12:00,170,202,372,170,202,372,No Group
Manchester City Council - Chorlton,Chorlton Place,2021,April,15,Wednesday,14 Apr 2021,13:00,174,177,351,174,177,351,No Group
Manchester City Council - Chorlton,Chorlton Place,2021,April,15,Wednesday,14 Apr 2021,14:00,174,166,340,174,166,340,No Group
Manchester City Council - Chorlton,Chorlton Place,2021,April,15,Wednesday,14 Apr 2021,15:00,135,140,275,135,140,275,No Group
Manchester City Council - Chorlton,Chorlton Place,2021,April,15,Wednesday,14 Apr 2021,16:00,121,110,231,121,110,231,No Group
Manchester City Council - Chorlton,Chorlton Place,2021,April,15,Wednesday,14 Apr 2021,17:00,95,117,212,95,117,212,No Group
Manchester City Council - Chorlton,Chorlton Place,2021,April,15,Wednesday,14 Apr 2021,18:00,87,74,161,87,74,161,No Group
Manchester City Council - Chorlton,Chorlton Place,2021,April,15,Wednesday,14 Apr 2021,19:00,34,53,87,34,53,87,No Group
Manchester City Council - Chorlton,Chorlton Place,2021,April,15,Wednesday,14 Apr 2021,20:00,31,26,57,31,26,57,No Group
Manchester City Council - Chorlton,Chorlton Place,2021,April,15,Wednesday,14 Apr 2021,21:00,17,25,42,17,25,42,No Group
Manchester City Council - Chorlton,Chorlton Place,2021,April,15,Wednesday,14 Apr 2021,22:00,21,15,36,21,15,36,No Group
Manchester City Council - Chorlton,Chorlton Place,2021,April,15,Wednesday,14 Apr 2021,23:00,9,10,19,9,10,19,No Group
Manchester City Council - Chorlton,Chorlton Place,2021,April,15,Thursday,15 Apr 2021,00:00,8,0,8,8,0,8,No Group
Manchester City Council - Chorlton,Chorlton Place,2021,April,15,Thursday,15 Apr 2021,01:00,3,4,7,3,4,7,No Group
Manchester City Council - Chorlton,Chorlton Place,2021,April,15,Thursday,15 Apr 2021,02:00,0,0,0,0,0,0,No Group
Manchester City Council - Chorlton,Chorlton Place,2021,April,15,Thursday,15 Apr 2021,03:00,0,2,2,0,2,2,No Group
Manchester City Council - Chorlton,Chorlton Place,2021,April,15,Thursday,15 Apr 2021,04:00,1,0,1,1,0,1,No Group
Manchester City Council - Chorlton,Chorlton Place,2021,April,15,Thursday,15 Apr 2021,05:00,2,3,5,2,3,5,No Group
Manchester City Council - Chorlton,Chorlton Place,2021,April,15,Thursday,15 Apr 2021,06:00,5,16,21,5,16,21,No Group
Manchester City Council - Chorlton,Chorlton Place,2021,April,15,Thursday,15 Apr 2021,07:00,31,48,79,31,48,79,No Group
Manchester City Council - Chorlton,Chorlton Place,2021,April,15,Thursday,15 Apr 2021,08:00,52,72,124,52,72,124,No Group
Manchester City Council - Chorlton,Chorlton Place,2021,April,15,Thursday,15 Apr 2021,09:00,100,118,218,100,118,218,No Group
Manchester City Council - Chorlton,Chorlton Place,2021,April,15,Thursday,15 Apr 2021,10:00,131,198,329,131,198,329,No Group
Manchester City Council - Chorlton,Chorlton Place,2021,April,15,Thursday,15 Apr 2021,11:00,200,223,423,200,223,423,No Group
Manchester City Council - Chorlton,Chorlton Place,2021,April,15,Thursday,15 Apr 2021,12:00,293,318,611,293,318,611,No Group
Manchester City Council - Chorlton,Chorlton Place,2021,April,15,Thursday,15 Apr 2021,13:00,374,405,779,374,405,779,No Group
Manchester City Council - Chorlton,Chorlton Place,2021,April,15,Thursday,15 Apr 2021,14:00,256,303,559,256,303,559,No Group
Manchester City Council - Chorlton,Chorlton Place,2021,April,15,Thursday,15 Apr 2021,15:00,160,191,351,160,191,351,No Group
Manchester City Council - Chorlton,Chorlton Place,2021,April,15,Thursday,15 Apr 2021,16:00,139,149,288,139,149,288,No Group
Manchester City Council - Chorlton,Chorlton Place,2021,April,15,Thursday,15 Apr 2021,17:00,93,76,169,93,76,169,No Group
Manchester City Council - Chorlton,Chorlton Place,2021,April,15,Thursday,15 Apr 2021,18:00,74,70,144,74,70,144,No Group
Manchester City Council - Chorlton,Chorlton Place,2021,April,15,Thursday,15 Apr 2021,19:00,44,58,102,44,58,102,No Group
Manchester City Council - Chorlton,Chorlton Place,2021,April,15,Thursday,15 Apr 2021,20:00,35,28,63,35,28,63,No Group
Manchester City Council - Chorlton,Chorlton Place,2021,April,15,Thursday,15 Apr 2021,21:00,23,23,46,23,23,46,No Group
Manchester City Council - Chorlton,Chorlton Place,2021,April,15,Thursday,15 Apr 2021,22:00,24,7,31,24,7,31,No Group
Manchester City Council - Chorlton,Chorlton Place,2021,April,15,Thursday,15 Apr 2021,23:00,12,10,22,12,10,22,No Group
Manchester City Council - Chorlton,Chorlton Place,2021,April,15,Friday,16 Apr 2021,00:00,5,9,14,5,9,14,No Group
Manchester City Council - Chorlton,Chorlton Place,2021,April,15,Friday,16 Apr 2021,01:00,1,3,4,1,3,4,No Group
Manchester City Council - Chorlton,Chorlton Place,2021,April,15,Friday,16 Apr 2021,02:00,0,0,0,0,0,0,No Group
Manchester City Council - Chorlton,Chorlton Place,2021,April,15,Friday,16 Apr 2021,03:00,1,0,1,1,0,1,No Group
Manchester City Council - Chorlton,Chorlton Place,2021,April,15,Friday,16 Apr 2021,04:00,1,2,3,1,2,3,No Group
Manchester City Council - Chorlton,Chorlton Place,2021,April,15,Friday,16 Apr 2021,05:00,1,2,3,1,2,3,No Group
Manchester City Council - Chorlton,Chorlton Place,2021,April,15,Friday,16 Apr 2021,06:00,7,14,21,7,14,21,No Group
Manchester City Council - Chorlton,Chorlton Place,2021,April,15,Friday,16 Apr 2021,07:00,20,40,60,20,40,60,No Group
Manchester City Council - Chorlton,Chorlton Place,2021,April,15,Friday,16 Apr 2021,08:00,40,64,104,40,64,104,No Group
Manchester City Council - Chorlton,Chorlton Place,2021,April,15,Friday,16 Apr 2021,09:00,82,102,184,82,102,184,No Group
Manchester City Council - Chorlton,Chorlton Place,2021,April,15,Friday,16 Apr 2021,10:00,159,228,387,159,228,387,No Group
Manchester City Council - Chorlton,Chorlton Place,2021,April,15,Friday,16 Apr 2021,11:00,205,243,448,205,243,448,No Group
Manchester City Council - Chorlton,Chorlton Place,2021,April,15,Friday,16 Apr 2021,12:00,337,348,685,337,348,685,No Group
Manchester City Council - Chorlton,Chorlton Place,2021,April,15,Friday,16 Apr 2021,13:00,328,396,724,328,396,724,No Group
Manchester City Council - Chorlton,Chorlton Place,2021,April,15,Friday,16 Apr 2021,14:00,244,250,494,244,250,494,No Group
Manchester City Council - Chorlton,Chorlton Place,2021,April,15,Friday,16 Apr 2021,15:00,166,153,319,166,153,319,No Group
Manchester City Council - Chorlton,Chorlton Place,2021,April,15,Friday,16 Apr 2021,16:00,146,136,282,146,136,282,No Group
Manchester City Council - Chorlton,Chorlton Place,2021,April,15,Friday,16 Apr 2021,17:00,84,86,170,84,86,170,No Group
Manchester City Council - Chorlton,Chorlton Place,2021,April,15,Friday,16 Apr 2021,18:00,75,73,148,75,73,148,No Group
Manchester City Council - Chorlton,Chorlton Place,2021,April,15,Friday,16 Apr 2021,19:00,77,77,154,77,77,154,No Group
Manchester City Council - Chorlton,Chorlton Place,2021,April,15,Friday,16 Apr 2021,20:00,63,44,107,63,44,107,No Group
Manchester City Council - Chorlton,Chorlton Place,2021,April,15,Friday,16 Apr 2021,21:00,23,23,46,23,23,46,No Group
Manchester City Council - Chorlton,Chorlton Place,2021,April,15,Friday,16 Apr 2021,22:00,22,26,48,22,26,48,No Group
Manchester City Council - Chorlton,Chorlton Place,2021,April,15,Friday,16 Apr 2021,23:00,17,21,38,17,21,38,No Group
Manchester City Council - Chorlton,Chorlton Place,2021,April,15,Saturday,17 Apr 2021,00:00,15,10,25,15,10,25,No Group
Manchester City Council - Chorlton,Chorlton Place,2021,April,15,Saturday,17 Apr 2021,01:00,1,2,3,1,2,3,No Group
Manchester City Council - Chorlton,Chorlton Place,2021,April,15,Saturday,17 Apr 2021,02:00,2,2,4,2,2,4,No Group
Manchester City Council - Chorlton,Chorlton Place,2021,April,15,Saturday,17 Apr 2021,03:00,0,1,1,0,1,1,No Group
Manchester City Council - Chorlton,Chorlton Place,2021,April,15,Saturday,17 Apr 2021,04:00,2,1,3,2,1,3,No Group
Manchester City Council - Chorlton,Chorlton Place,2021,April,15,Saturday,17 Apr 2021,05:00,1,0,1,1,0,1,No Group
Manchester City Council - Chorlton,Chorlton Place,2021,April,15,Saturday,17 Apr 2021,06:00,5,8,13,5,8,13,No Group
Manchester City Council - Chorlton,Chorlton Place,2021,April,15,Saturday,17 Apr 2021,07:00,10,25,35,10,25,35,No Group
Manchester City Council - Chorlton,Chorlton Place,2021,April,15,Saturday,17 Apr 2021,08:00,35,56,91,35,56,91,No Group
Manchester City Council - Chorlton,Chorlton Place,2021,April,15,Saturday,17 Apr 2021,09:00,115,122,237,115,122,237,No Group
Manchester City Council - Chorlton,Chorlton Place,2021,April,15,Saturday,17 Apr 2021,10:00,162,214,376,162,214,376,No Group
Manchester City Council - Chorlton,Chorlton Place,2021,April,15,Saturday,17 Apr 2021,11:00,256,297,553,256,297,553,No Group
Manchester City Council - Chorlton,Chorlton Place,2021,April,15,Saturday,17 Apr 2021,12:00,361,396,757,361,396,757,No Group
Manchester City Council - Chorlton,Chorlton Place,2021,April,15,Saturday,17 Apr 2021,13:00,419,456,875,419,456,875,No Group
Manchester City Council - Chorlton,Chorlton Place,2021,April,15,Saturday,17 Apr 2021,14:00,312,356,668,312,356,668,No Group
Manchester City Council - Chorlton,Chorlton Place,2021,April,15,Saturday,17 Apr 2021,15:00,274,255,529,274,255,529,No Group
Manchester City Council - Chorlton,Chorlton Place,2021,April,15,Saturday,17 Apr 2021,16:00,199,176,375,199,176,375,No Group
Manchester City Council - Chorlton,Chorlton Place,2021,April,15,Saturday,17 Apr 2021,17:00,108,101,209,108,101,209,No Group
Manchester City Council - Chorlton,Chorlton Place,2021,April,15,Saturday,17 Apr 2021,18:00,67,66,133,67,66,133,No Group
Manchester City Council - Chorlton,Chorlton Place,2021,April,15,Saturday,17 Apr 2021,19:00,45,42,87,45,42,87,No Group
Manchester City Council - Chorlton,Chorlton Place,2021,April,15,Saturday,17 Apr 2021,20:00,33,46,79,33,46,79,No Group
Manchester City Council - Chorlton,Chorlton Place,2021,April,15,Saturday,17 Apr 2021,21:00,27,14,41,27,14,41,No Group
Manchester City Council - Chorlton,Chorlton Place,2021,April,15,Saturday,17 Apr 2021,22:00,25,12,37,25,12,37,No Group
Manchester City Council - Chorlton,Chorlton Place,2021,April,15,Saturday,17 Apr 2021,23:00,25,17,42,25,17,42,No Group
Manchester City Council - Chorlton,Chorlton Place,2021,April,15,Sunday,18 Apr 2021,00:00,14,2,16,14,2,16,No Group
Manchester City Council - Chorlton,Chorlton Place,2021,April,15,Sunday,18 Apr 2021,01:00,7,6,13,7,6,13,No Group
Manchester City Council - Chorlton,Chorlton Place,2021,April,15,Sunday,18 Apr 2021,02:00,1,2,3,1,2,3,No Group
Manchester City Council - Chorlton,Chorlton Place,2021,April,15,Sunday,18 Apr 2021,03:00,0,0,0,0,0,0,No Group
Manchester City Council - Chorlton,Chorlton Place,2021,April,15,Sunday,18 Apr 2021,04:00,0,0,0,0,0,0,No Group
Manchester City Council - Chorlton,Chorlton Place,2021,April,15,Sunday,18 Apr 2021,05:00,1,1,2,1,1,2,No Group
Manchester City Council - Chorlton,Chorlton Place,2021,April,15,Sunday,18 Apr 2021,06:00,7,2,9,7,2,9,No Group
Manchester City Council - Chorlton,Chorlton Place,2021,April,15,Sunday,18 Apr 2021,07:00,0,7,7,0,7,7,No Group
Manchester City Council - Chorlton,Chorlton Place,2021,April,15,Sunday,18 Apr 2021,08:00,25,33,58,25,33,58,No Group
Manchester City Council - Chorlton,Chorlton Place,2021,April,15,Sunday,18 Apr 2021,09:00,40,41,81,40,41,81,No Group
Manchester City Council - Chorlton,Chorlton Place,2021,April,15,Sunday,18 Apr 2021,10:00,43,73,116,43,73,116,No Group
Manchester City Council - Chorlton,Chorlton Place,2021,April,15,Sunday,18 Apr 2021,11:00,88,110,198,88,110,198,No Group
Manchester City Council - Chorlton,Chorlton Place,2021,April,15,Sunday,18 Apr 2021,12:00,155,130,285,155,130,285,No Group
Manchester City Council - Chorlton,Chorlton Place,2021,April,15,Sunday,18 Apr 2021,13:00,144,160,304,144,160,304,No Group
Manchester City Council - Chorlton,Chorlton Place,2021,April,15,Sunday,18 Apr 2021,14:00,107,118,225,107,118,225,No Group
Manchester City Council - Chorlton,Chorlton Place,2021,April,15,Sunday,18 Apr 2021,15:00,75,90,165,75,90,165,No Group
Manchester City Council - Chorlton,Chorlton Place,2021,April,15,Sunday,18 Apr 2021,16:00,62,59,121,62,59,121,No Group
Manchester City Council - Chorlton,Chorlton Place,2021,April,15,Sunday,18 Apr 2021,17:00,49,48,97,49,48,97,No Group
Manchester City Council - Chorlton,Chorlton Place,2021,April,15,Sunday,18 Apr 2021,18:00,40,35,75,40,35,75,No Group
Manchester City Council - Chorlton,Chorlton Place,2021,April,15,Sunday,18 Apr 2021,19:00,24,31,55,24,31,55,No Group
Manchester City Council - Chorlton,Chorlton Place,2021,April,15,Sunday,18 Apr 2021,20:00,18,21,39,18,21,39,No Group
Manchester City Council - Chorlton,Chorlton Place,2021,April,15,Sunday,18 Apr 2021,21:00,12,14,26,12,14,26,No Group
Manchester City Council - Chorlton,Chorlton Place,2021,April,15,Sunday,18 Apr 2021,22:00,12,5,17,12,5,17,No Group
Manchester City Council - Chorlton,Chorlton Place,2021,April,15,Sunday,18 Apr 2021,23:00,3,3,6,3,3,6,No Group
Manchester City Council - Chorlton,Chorlton Place,2021,April,16,Monday,19 Apr 2021,00:00,2,1,3,2,1,3,No Group
Manchester City Council - Chorlton,Chorlton Place,2021,April,16,Monday,19 Apr 2021,01:00,2,1,3,2,1,3,No Group
Manchester City Council - Chorlton,Chorlton Place,2021,April,16,Monday,19 Apr 2021,02:00,0,0,0,0,0,0,No Group
Manchester City Council - Chorlton,Chorlton Place,2021,April,16,Monday,19 Apr 2021,03:00,0,0,0,0,0,0,No Group
Manchester City Council - Chorlton,Chorlton Place,2021,April,16,Monday,19 Apr 2021,04:00,4,2,6,4,2,6,No Group
Manchester City Council - Chorlton,Chorlton Place,2021,April,16,Monday,19 Apr 2021,05:00,1,2,3,1,2,3,No Group
Manchester City Council - Chorlton,Chorlton Place,2021,April,16,Monday,19 Apr 2021,06:00,4,16,20,4,16,20,No Group
Manchester City Council - Chorlton,Chorlton Place,2021,April,16,Monday,19 Apr 2021,07:00,22,31,53,22,31,53,No Group
Manchester City Council - Chorlton,Chorlton Place,2021,April,16,Monday,19 Apr 2021,08:00,38,76,114,38,76,114,No Group
Manchester City Council - Chorlton,Chorlton Place,2021,April,16,Monday,19 Apr 2021,09:00,68,91,159,68,91,159,No Group
Manchester City Council - Chorlton,Chorlton Place,2021,April,16,Monday,19 Apr 2021,10:00,140,164,304,140,164,304,No Group
Manchester City Council - Chorlton,Chorlton Place,2021,April,16,Monday,19 Apr 2021,11:00,139,161,300,139,161,300,No Group
Manchester City Council - Chorlton,Chorlton Place,2021,April,16,Monday,19 Apr 2021,12:00,267,314,581,267,314,581,No Group
Manchester City Council - Chorlton,Chorlton Place,2021,April,16,Monday,19 Apr 2021,13:00,247,313,560,247,313,560,No Group
Manchester City Council - Chorlton,Chorlton Place,2021,April,16,Monday,19 Apr 2021,14:00,234,256,490,234,256,490,No Group
Manchester City Council - Chorlton,Chorlton Place,2021,April,16,Monday,19 Apr 2021,15:00,142,178,320,142,178,320,No Group
Manchester City Council - Chorlton,Chorlton Place,2021,April,16,Monday,19 Apr 2021,16:00,149,141,290,149,141,290,No Group
Manchester City Council - Chorlton,Chorlton Place,2021,April,16,Monday,19 Apr 2021,17:00,98,118,216,98,118,216,No Group
Manchester City Council - Chorlton,Chorlton Place,2021,April,16,Monday,19 Apr 2021,18:00,54,65,119,54,65,119,No Group
Manchester City Council - Chorlton,Chorlton Place,2021,April,16,Monday,19 Apr 2021,19:00,48,41,89,48,41,89,No Group
Manchester City Council - Chorlton,Chorlton Place,2021,April,16,Monday,19 Apr 2021,20:00,29,27,56,29,27,56,No Group
Manchester City Council - Chorlton,Chorlton Place,2021,April,16,Monday,19 Apr 2021,21:00,14,18,32,14,18,32,No Group
Manchester City Council - Chorlton,Chorlton Place,2021,April,16,Monday,19 Apr 2021,22:00,12,10,22,12,10,22,No Group
Manchester City Council - Chorlton,Chorlton Place,2021,April,16,Monday,19 Apr 2021,23:00,10,8,18,10,8,18,No Group
Manchester City Council - Chorlton,Chorlton Place,2021,April,16,Tuesday,20 Apr 2021,00:00,1,1,2,1,1,2,No Group
Manchester City Council - Chorlton,Chorlton Place,2021,April,16,Tuesday,20 Apr 2021,01:00,2,2,4,2,2,4,No Group
Manchester City Council - Chorlton,Chorlton Place,2021,April,16,Tuesday,20 Apr 2021,02:00,3,3,6,3,3,6,No Group
Manchester City Council - Chorlton,Chorlton Place,2021,April,16,Tuesday,20 Apr 2021,03:00,0,0,0,0,0,0,No Group
Manchester City Council - Chorlton,Chorlton Place,2021,April,16,Tuesday,20 Apr 2021,04:00,0,4,4,0,4,4,No Group
Manchester City Council - Chorlton,Chorlton Place,2021,April,16,Tuesday,20 Apr 2021,05:00,1,5,6,1,5,6,No Group
Manchester City Council - Chorlton,Chorlton Place,2021,April,16,Tuesday,20 Apr 2021,06:00,7,21,28,7,21,28,No Group
Manchester City Council - Chorlton,Chorlton Place,2021,April,16,Tuesday,20 Apr 2021,07:00,12,37,49,12,37,49,No Group
Manchester City Council - Chorlton,Chorlton Place,2021,April,16,Tuesday,20 Apr 2021,08:00,50,80,130,50,80,130,No Group
Manchester City Council - Chorlton,Chorlton Place,2021,April,16,Tuesday,20 Apr 2021,09:00,80,97,177,80,97,177,No Group
Manchester City Council - Chorlton,Chorlton Place,2021,April,16,Tuesday,20 Apr 2021,10:00,116,137,253,116,137,253,No Group
Manchester City Council - Chorlton,Chorlton Place,2021,April,16,Tuesday,20 Apr 2021,11:00,149,189,338,149,189,338,No Group
Manchester City Council - Chorlton,Chorlton Place,2021,April,16,Tuesday,20 Apr 2021,12:00,249,280,529,249,280,529,No Group
Manchester City Council - Chorlton,Chorlton Place,2021,April,16,Tuesday,20 Apr 2021,13:00,205,241,446,205,241,446,No Group
Manchester City Council - Chorlton,Chorlton Place,2021,April,16,Tuesday,20 Apr 2021,14:00,149,142,291,149,142,291,No Group
Manchester City Council - Chorlton,Chorlton Place,2021,April,16,Tuesday,20 Apr 2021,15:00,111,99,210,111,99,210,No Group
Manchester City Council - Chorlton,Chorlton Place,2021,April,16,Tuesday,20 Apr 2021,16:00,84,98,182,84,98,182,No Group
Manchester City Council - Chorlton,Chorlton Place,2021,April,16,Tuesday,20 Apr 2021,17:00,82,83,165,82,83,165,No Group
Manchester City Council - Chorlton,Chorlton Place,2021,April,16,Tuesday,20 Apr 2021,18:00,67,51,118,67,51,118,No Group
Manchester City Council - Chorlton,Chorlton Place,2021,April,16,Tuesday,20 Apr 2021,19:00,43,44,87,43,44,87,No Group
Manchester City Council - Chorlton,Chorlton Place,2021,April,16,Tuesday,20 Apr 2021,20:00,21,26,47,21,26,47,No Group
Manchester City Council - Chorlton,Chorlton Place,2021,April,16,Tuesday,20 Apr 2021,21:00,29,19,48,29,19,48,No Group
Manchester City Council - Chorlton,Chorlton Place,2021,April,16,Tuesday,20 Apr 2021,22:00,16,10,26,16,10,26,No Group
Manchester City Council - Chorlton,Chorlton Place,2021,April,16,Tuesday,20 Apr 2021,23:00,7,3,10,7,3,10,No Group
Manchester City Council - Chorlton,Chorlton Place,2021,April,16,Wednesday,21 Apr 2021,00:00,1,1,2,1,1,2,No Group
Manchester City Council - Chorlton,Chorlton Place,2021,April,16,Wednesday,21 Apr 2021,01:00,2,0,2,2,0,2,No Group
Manchester City Council - Chorlton,Chorlton Place,2021,April,16,Wednesday,21 Apr 2021,02:00,0,2,2,0,2,2,No Group
Manchester City Council - Chorlton,Chorlton Place,2021,April,16,Wednesday,21 Apr 2021,03:00,0,0,0,0,0,0,No Group
Manchester City Council - Chorlton,Chorlton Place,2021,April,16,Wednesday,21 Apr 2021,04:00,0,0,0,0,0,0,No Group
Manchester City Council - Chorlton,Chorlton Place,2021,April,16,Wednesday,21 Apr 2021,05:00,1,3,4,1,3,4,No Group
Manchester City Council - Chorlton,Chorlton Place,2021,April,16,Wednesday,21 Apr 2021,06:00,3,20,23,3,20,23,No Group
Manchester City Council - Chorlton,Chorlton Place,2021,April,16,Wednesday,21 Apr 2021,07:00,18,43,61,18,43,61,No Group
Manchester City Council - Chorlton,Chorlton Place,2021,April,16,Wednesday,21 Apr 2021,08:00,35,69,104,35,69,104,No Group
Manchester City Council - Chorlton,Chorlton Place,2021,April,16,Wednesday,21 Apr 2021,09:00,60,72,132,60,72,132,No Group
Manchester City Council - Chorlton,Chorlton Place,2021,April,16,Wednesday,21 Apr 2021,10:00,95,89,184,95,89,184,No Group
Manchester City Council - Chorlton,Chorlton Place,2021,April,16,Wednesday,21 Apr 2021,11:00,99,128,227,99,128,227,No Group
Manchester City Council - Chorlton,Chorlton Place,2021,April,16,Wednesday,21 Apr 2021,12:00,136,144,280,136,144,280,No Group
Manchester City Council - Chorlton,Chorlton Place,2021,April,16,Wednesday,21 Apr 2021,13:00,167,191,358,167,191,358,No Group
Manchester City Council - Chorlton,Chorlton Place,2021,April,16,Wednesday,21 Apr 2021,14:00,123,129,252,123,129,252,No Group
Manchester City Council - Chorlton,Chorlton Place,2021,April,16,Wednesday,21 Apr 2021,15:00,119,134,253,119,134,253,No Group
Manchester City Council - Chorlton,Chorlton Place,2021,April,16,Wednesday,21 Apr 2021,16:00,102,99,201,102,99,201,No Group
Manchester City Council - Chorlton,Chorlton Place,2021,April,16,Wednesday,21 Apr 2021,17:00,97,74,171,97,74,171,No Group
Manchester City Council - Chorlton,Chorlton Place,2021,April,16,Wednesday,21 Apr 2021,18:00,62,52,114,62,52,114,No Group
Manchester City Council - Chorlton,Chorlton Place,2021,April,16,Wednesday,21 Apr 2021,19:00,69,58,127,69,58,127,No Group
Manchester City Council - Chorlton,Chorlton Place,2021,April,16,Wednesday,21 Apr 2021,20:00,33,36,69,33,36,69,No Group
Manchester City Council - Chorlton,Chorlton Place,2021,April,16,Wednesday,21 Apr 2021,21:00,13,11,24,13,11,24,No Group
Manchester City Council - Chorlton,Chorlton Place,2021,April,16,Wednesday,21 Apr 2021,22:00,20,7,27,20,7,27,No Group
Manchester City Council - Chorlton,Chorlton Place,2021,April,16,Wednesday,21 Apr 2021,23:00,13,6,19,13,6,19,No Group
Manchester City Council - Chorlton,Chorlton Place,2021,April,16,Thursday,22 Apr 2021,00:00,2,2,4,2,2,4,No Group
Manchester City Council - Chorlton,Chorlton Place,2021,April,16,Thursday,22 Apr 2021,01:00,2,3,5,2,3,5,No Group
Manchester City Council - Chorlton,Chorlton Place,2021,April,16,Thursday,22 Apr 2021,02:00,0,0,0,0,0,0,No Group
Manchester City Council - Chorlton,Chorlton Place,2021,April,16,Thursday,22 Apr 2021,03:00,0,0,0,0,0,0,No Group
Manchester City Council - Chorlton,Chorlton Place,2021,April,16,Thursday,22 Apr 2021,04:00,0,0,0,0,0,0,No Group
Manchester City Council - Chorlton,Chorlton Place,2021,April,16,Thursday,22 Apr 2021,05:00,1,3,4,1,3,4,No Group
Manchester City Council - Chorlton,Chorlton Place,2021,April,16,Thursday,22 Apr 2021,06:00,4,13,17,4,13,17,No Group
Manchester City Council - Chorlton,Chorlton Place,2021,April,16,Thursday,22 Apr 2021,07:00,24,45,69,24,45,69,No Group
Manchester City Council - Chorlton,Chorlton Place,2021,April,16,Thursday,22 Apr 2021,08:00,48,87,135,48,87,135,No Group
Manchester City Council - Chorlton,Chorlton Place,2021,April,16,Thursday,22 Apr 2021,09:00,84,118,202,84,118,202,No Group
Manchester City Council - Chorlton,Chorlton Place,2021,April,16,Thursday,22 Apr 2021,10:00,109,145,254,109,145,254,No Group
Manchester City Council - Chorlton,Chorlton Place,2021,April,16,Thursday,22 Apr 2021,11:00,137,180,317,137,180,317,No Group
Manchester City Council - Chorlton,Chorlton Place,2021,April,16,Thursday,22 Apr 2021,12:00,257,270,527,257,270,527,No Group
Manchester City Council - Chorlton,Chorlton Place,2021,April,16,Thursday,22 Apr 2021,13:00,287,324,611,287,324,611,No Group
Manchester City Council - Chorlton,Chorlton Place,2021,April,16,Thursday,22 Apr 2021,14:00,236,267,503,236,267,503,No Group
Manchester City Council - Chorlton,Chorlton Place,2021,April,16,Thursday,22 Apr 2021,15:00,173,205,378,173,205,378,No Group
Manchester City Council - Chorlton,Chorlton Place,2021,April,16,Thursday,22 Apr 2021,16:00,157,155,312,157,155,312,No Group
Manchester City Council - Chorlton,Chorlton Place,2021,April,16,Thursday,22 Apr 2021,17:00,99,117,216,99,117,216,No Group
Manchester City Council - Chorlton,Chorlton Place,2021,April,16,Thursday,22 Apr 2021,18:00,98,83,181,98,83,181,No Group
Manchester City Council - Chorlton,Chorlton Place,2021,April,16,Thursday,22 Apr 2021,19:00,63,65,128,63,65,128,No Group
Manchester City Council - Chorlton,Chorlton Place,2021,April,16,Thursday,22 Apr 2021,20:00,32,41,73,32,41,73,No Group
Manchester City Council - Chorlton,Chorlton Place,2021,April,16,Thursday,22 Apr 2021,21:00,40,11,51,40,11,51,No Group
Manchester City Council - Chorlton,Chorlton Place,2021,April,16,Thursday,22 Apr 2021,22:00,21,16,37,21,16,37,No Group
Manchester City Council - Chorlton,Chorlton Place,2021,April,16,Thursday,22 Apr 2021,23:00,18,7,25,18,7,25,No Group
Manchester City Council - Chorlton,Chorlton Place,2021,April,16,Friday,23 Apr 2021,00:00,8,4,12,8,4,12,No Group
Manchester City Council - Chorlton,Chorlton Place,2021,April,16,Friday,23 Apr 2021,01:00,0,1,1,0,1,1,No Group
Manchester City Council - Chorlton,Chorlton Place,2021,April,16,Friday,23 Apr 2021,02:00,0,0,0,0,0,0,No Group
Manchester City Council - Chorlton,Chorlton Place,2021,April,16,Friday,23 Apr 2021,03:00,0,0,0,0,0,0,No Group
Manchester City Council - Chorlton,Chorlton Place,2021,April,16,Friday,23 Apr 2021,04:00,0,2,2,0,2,2,No Group
Manchester City Council - Chorlton,Chorlton Place,2021,April,16,Friday,23 Apr 2021,05:00,5,5,10,5,5,10,No Group
Manchester City Council - Chorlton,Chorlton Place,2021,April,16,Friday,23 Apr 2021,06:00,5,13,18,5,13,18,No Group
Manchester City Council - Chorlton,Chorlton Place,2021,April,16,Friday,23 Apr 2021,07:00,24,50,74,24,50,74,No Group
Manchester City Council - Chorlton,Chorlton Place,2021,April,16,Friday,23 Apr 2021,08:00,51,71,122,51,71,122,No Group
Manchester City Council - Chorlton,Chorlton Place,2021,April,16,Friday,23 Apr 2021,09:00,85,114,199,85,114,199,No Group
Manchester City Council - Chorlton,Chorlton Place,2021,April,16,Friday,23 Apr 2021,10:00,140,167,307,140,167,307,No Group
Manchester City Council - Chorlton,Chorlton Place,2021,April,16,Friday,23 Apr 2021,11:00,150,206,356,150,206,356,No Group
Manchester City Council - Chorlton,Chorlton Place,2021,April,16,Friday,23 Apr 2021,12:00,309,373,682,309,373,682,No Group
Manchester City Council - Chorlton,Chorlton Place,2021,April,16,Friday,23 Apr 2021,13:00,285,407,692,285,407,692,No Group
Manchester City Council - Chorlton,Chorlton Place,2021,April,16,Friday,23 Apr 2021,14:00,267,286,553,267,286,553,No Group
Manchester City Council - Chorlton,Chorlton Place,2021,April,16,Friday,23 Apr 2021,15:00,185,200,385,185,200,385,No Group
Manchester City Council - Chorlton,Chorlton Place,2021,April,16,Friday,23 Apr 2021,16:00,152,127,279,152,127,279,No Group
Manchester City Council - Chorlton,Chorlton Place,2021,April,16,Friday,23 Apr 2021,17:00,96,86,182,96,86,182,No Group
Manchester City Council - Chorlton,Chorlton Place,2021,April,16,Friday,23 Apr 2021,18:00,73,65,138,73,65,138,No Group
Manchester City Council - Chorlton,Chorlton Place,2021,April,16,Friday,23 Apr 2021,19:00,59,68,127,59,68,127,No Group
Manchester City Council - Chorlton,Chorlton Place,2021,April,16,Friday,23 Apr 2021,20:00,55,51,106,55,51,106,No Group
Manchester City Council - Chorlton,Chorlton Place,2021,April,16,Friday,23 Apr 2021,21:00,22,23,45,22,23,45,No Group
Manchester City Council - Chorlton,Chorlton Place,2021,April,16,Friday,23 Apr 2021,22:00,31,14,45,31,14,45,No Group
Manchester City Council - Chorlton,Chorlton Place,2021,April,16,Friday,23 Apr 2021,23:00,19,9,28,19,9,28,No Group
Manchester City Council - Chorlton,Chorlton Place,2021,April,16,Saturday,24 Apr 2021,00:00,12,4,16,12,4,16,No Group
Manchester City Council - Chorlton,Chorlton Place,2021,April,16,Saturday,24 Apr 2021,01:00,4,6,10,4,6,10,No Group
Manchester City Council - Chorlton,Chorlton Place,2021,April,16,Saturday,24 Apr 2021,02:00,4,1,5,4,1,5,No Group
Manchester City Council - Chorlton,Chorlton Place,2021,April,16,Saturday,24 Apr 2021,03:00,0,0,0,0,0,0,No Group
Manchester City Council - Chorlton,Chorlton Place,2021,April,16,Saturday,24 Apr 2021,04:00,0,1,1,0,1,1,No Group
Manchester City Council - Chorlton,Chorlton Place,2021,April,16,Saturday,24 Apr 2021,05:00,2,3,5,2,3,5,No Group
Manchester City Council - Chorlton,Chorlton Place,2021,April,16,Saturday,24 Apr 2021,06:00,3,11,14,3,11,14,No Group
Manchester City Council - Chorlton,Chorlton Place,2021,April,16,Saturday,24 Apr 2021,07:00,13,18,31,13,18,31,No Group
Manchester City Council - Chorlton,Chorlton Place,2021,April,16,Saturday,24 Apr 2021,08:00,45,36,81,45,36,81,No Group
Manchester City Council - Chorlton,Chorlton Place,2021,April,16,Saturday,24 Apr 2021,09:00,90,122,212,90,122,212,No Group
Manchester City Council - Chorlton,Chorlton Place,2021,April,16,Saturday,24 Apr 2021,10:00,176,183,359,176,183,359,No Group
Manchester City Council - Chorlton,Chorlton Place,2021,April,16,Saturday,24 Apr 2021,11:00,207,213,420,207,213,420,No Group
Manchester City Council - Chorlton,Chorlton Place,2021,April,16,Saturday,24 Apr 2021,12:00,320,337,657,320,337,657,No Group
Manchester City Council - Chorlton,Chorlton Place,2021,April,16,Saturday,24 Apr 2021,13:00,360,405,765,360,405,765,No Group
Manchester City Council - Chorlton,Chorlton Place,2021,April,16,Saturday,24 Apr 2021,14:00,313,333,646,313,333,646,No Group
Manchester City Council - Chorlton,Chorlton Place,2021,April,16,Saturday,24 Apr 2021,15:00,275,272,547,275,272,547,No Group
Manchester City Council - Chorlton,Chorlton Place,2021,April,16,Saturday,24 Apr 2021,16:00,172,192,364,172,192,364,No Group
Manchester City Council - Chorlton,Chorlton Place,2021,April,16,Saturday,24 Apr 2021,17:00,115,145,260,115,145,260,No Group
Manchester City Council - Chorlton,Chorlton Place,2021,April,16,Saturday,24 Apr 2021,18:00,72,77,149,72,77,149,No Group
Manchester City Council - Chorlton,Chorlton Place,2021,April,16,Saturday,24 Apr 2021,19:00,57,64,121,57,64,121,No Group
Manchester City Council - Chorlton,Chorlton Place,2021,April,16,Saturday,24 Apr 2021,20:00,42,29,71,42,29,71,No Group
Manchester City Council - Chorlton,Chorlton Place,2021,April,16,Saturday,24 Apr 2021,21:00,33,29,62,33,29,62,No Group
Manchester City Council - Chorlton,Chorlton Place,2021,April,16,Saturday,24 Apr 2021,22:00,38,18,56,38,18,56,No Group
Manchester City Council - Chorlton,Chorlton Place,2021,April,16,Saturday,24 Apr 2021,23:00,15,4,19,15,4,19,No Group
Manchester City Council - Chorlton,Chorlton Place,2021,April,16,Sunday,25 Apr 2021,00:00,4,4,8,4,4,8,No Group
Manchester City Council - Chorlton,Chorlton Place,2021,April,16,Sunday,25 Apr 2021,01:00,0,4,4,0,4,4,No Group
Manchester City Council - Chorlton,Chorlton Place,2021,April,16,Sunday,25 Apr 2021,02:00,1,1,2,1,1,2,No Group
Manchester City Council - Chorlton,Chorlton Place,2021,April,16,Sunday,25 Apr 2021,03:00,1,0,1,1,0,1,No Group
Manchester City Council - Chorlton,Chorlton Place,2021,April,16,Sunday,25 Apr 2021,04:00,0,0,0,0,0,0,No Group
Manchester City Council - Chorlton,Chorlton Place,2021,April,16,Sunday,25 Apr 2021,05:00,0,3,3,0,3,3,No Group
Manchester City Council - Chorlton,Chorlton Place,2021,April,16,Sunday,25 Apr 2021,06:00,2,10,12,2,10,12,No Group
Manchester City Council - Chorlton,Chorlton Place,2021,April,16,Sunday,25 Apr 2021,07:00,5,8,13,5,8,13,No Group
Manchester City Council - Chorlton,Chorlton Place,2021,April,16,Sunday,25 Apr 2021,08:00,11,12,23,11,12,23,No Group
Manchester City Council - Chorlton,Chorlton Place,2021,April,16,Sunday,25 Apr 2021,09:00,40,40,80,40,40,80,No Group
Manchester City Council - Chorlton,Chorlton Place,2021,April,16,Sunday,25 Apr 2021,10:00,61,93,154,61,93,154,No Group
Manchester City Council - Chorlton,Chorlton Place,2021,April,16,Sunday,25 Apr 2021,11:00,106,114,220,106,114,220,No Group
Manchester City Council - Chorlton,Chorlton Place,2021,April,16,Sunday,25 Apr 2021,12:00,163,205,368,163,205,368,No Group
Manchester City Council - Chorlton,Chorlton Place,2021,April,16,Sunday,25 Apr 2021,13:00,152,191,343,152,191,343,No Group
Manchester City Council - Chorlton,Chorlton Place,2021,April,16,Sunday,25 Apr 2021,14:00,145,181,326,145,181,326,No Group
Manchester City Council - Chorlton,Chorlton Place,2021,April,16,Sunday,25 Apr 2021,15:00,116,123,239,116,123,239,No Group
Manchester City Council - Chorlton,Chorlton Place,2021,April,16,Sunday,25 Apr 2021,16:00,83,98,181,83,98,181,No Group
Manchester City Council - Chorlton,Chorlton Place,2021,April,16,Sunday,25 Apr 2021,17:00,51,58,109,51,58,109,No Group
Manchester City Council - Chorlton,Chorlton Place,2021,April,16,Sunday,25 Apr 2021,18:00,36,36,72,36,36,72,No Group
Manchester City Council - Chorlton,Chorlton Place,2021,April,16,Sunday,25 Apr 2021,19:00,32,42,74,32,42,74,No Group
Manchester City Council - Chorlton,Chorlton Place,2021,April,16,Sunday,25 Apr 2021,20:00,12,13,25,12,13,25,No Group
Manchester City Council - Chorlton,Chorlton Place,2021,April,16,Sunday,25 Apr 2021,21:00,8,17,25,8,17,25,No Group
Manchester City Council - Chorlton,Chorlton Place,2021,April,16,Sunday,25 Apr 2021,22:00,6,5,11,6,5,11,No Group
Manchester City Council - Chorlton,Chorlton Place,2021,April,16,Sunday,25 Apr 2021,23:00,8,4,12,8,4,12,No Group
Manchester City Council - Chorlton,Chorlton Place,2021,April,17,Monday,26 Apr 2021,00:00,5,1,6,5,1,6,No Group
Manchester City Council - Chorlton,Chorlton Place,2021,April,17,Monday,26 Apr 2021,01:00,0,0,0,0,0,0,No Group
Manchester City Council - Chorlton,Chorlton Place,2021,April,17,Monday,26 Apr 2021,02:00,1,2,3,1,2,3,No Group
Manchester City Council - Chorlton,Chorlton Place,2021,April,17,Monday,26 Apr 2021,03:00,0,0,0,0,0,0,No Group
Manchester City Council - Chorlton,Chorlton Place,2021,April,17,Monday,26 Apr 2021,04:00,3,4,7,3,4,7,No Group
Manchester City Council - Chorlton,Chorlton Place,2021,April,17,Monday,26 Apr 2021,05:00,0,5,5,0,5,5,No Group
Manchester City Council - Chorlton,Chorlton Place,2021,April,17,Monday,26 Apr 2021,06:00,5,21,26,5,21,26,No Group
Manchester City Council - Chorlton,Chorlton Place,2021,April,17,Monday,26 Apr 2021,07:00,17,36,53,17,36,53,No Group
Manchester City Council - Chorlton,Chorlton Place,2021,April,17,Monday,26 Apr 2021,08:00,42,68,110,42,68,110,No Group
Manchester City Council - Chorlton,Chorlton Place,2021,April,17,Monday,26 Apr 2021,09:00,69,78,147,69,78,147,No Group
Manchester City Council - Chorlton,Chorlton Place,2021,April,17,Monday,26 Apr 2021,10:00,97,132,229,97,132,229,No Group
Manchester City Council - Chorlton,Chorlton Place,2021,April,17,Monday,26 Apr 2021,11:00,143,157,300,143,157,300,No Group
Manchester City Council - Chorlton,Chorlton Place,2021,April,17,Monday,26 Apr 2021,12:00,204,242,446,204,242,446,No Group
Manchester City Council - Chorlton,Chorlton Place,2021,April,17,Monday,26 Apr 2021,13:00,231,288,519,231,288,519,No Group
Manchester City Council - Chorlton,Chorlton Place,2021,April,17,Monday,26 Apr 2021,14:00,191,183,374,191,183,374,No Group
Manchester City Council - Chorlton,Chorlton Place,2021,April,17,Monday,26 Apr 2021,15:00,160,153,313,160,153,313,No Group
Manchester City Council - Chorlton,Chorlton Place,2021,April,17,Monday,26 Apr 2021,16:00,112,108,220,112,108,220,No Group
Manchester City Council - Chorlton,Chorlton Place,2021,April,17,Monday,26 Apr 2021,17:00,62,70,132,62,70,132,No Group
Manchester City Council - Chorlton,Chorlton Place,2021,April,17,Monday,26 Apr 2021,18:00,41,40,81,41,40,81,No Group
Manchester City Council - Chorlton,Chorlton Place,2021,April,17,Monday,26 Apr 2021,19:00,22,38,60,22,38,60,No Group
Manchester City Council - Chorlton,Chorlton Place,2021,April,17,Monday,26 Apr 2021,20:00,32,23,55,32,23,55,No Group
Manchester City Council - Chorlton,Chorlton Place,2021,April,17,Monday,26 Apr 2021,21:00,21,17,38,21,17,38,No Group
Manchester City Council - Chorlton,Chorlton Place,2021,April,17,Monday,26 Apr 2021,22:00,7,5,12,7,5,12,No Group
Manchester City Council - Chorlton,Chorlton Place,2021,April,17,Monday,26 Apr 2021,23:00,5,4,9,5,4,9,No Group
Manchester City Council - Chorlton,Chorlton Place,2021,April,17,Tuesday,27 Apr 2021,00:00,1,1,2,1,1,2,No Group
Manchester City Council - Chorlton,Chorlton Place,2021,April,17,Tuesday,27 Apr 2021,01:00,4,5,9,4,5,9,No Group
Manchester City Council - Chorlton,Chorlton Place,2021,April,17,Tuesday,27 Apr 2021,02:00,1,0,1,1,0,1,No Group
Manchester City Council - Chorlton,Chorlton Place,2021,April,17,Tuesday,27 Apr 2021,03:00,1,0,1,1,0,1,No Group
Manchester City Council - Chorlton,Chorlton Place,2021,April,17,Tuesday,27 Apr 2021,04:00,0,2,2,0,2,2,No Group
Manchester City Council - Chorlton,Chorlton Place,2021,April,17,Tuesday,27 Apr 2021,05:00,1,8,9,1,8,9,No Group
Manchester City Council - Chorlton,Chorlton Place,2021,April,17,Tuesday,27 Apr 2021,06:00,3,16,19,3,16,19,No Group
Manchester City Council - Chorlton,Chorlton Place,2021,April,17,Tuesday,27 Apr 2021,07:00,18,39,57,18,39,57,No Group
Manchester City Council - Chorlton,Chorlton Place,2021,April,17,Tuesday,27 Apr 2021,08:00,40,67,107,40,67,107,No Group
Manchester City Council - Chorlton,Chorlton Place,2021,April,17,Tuesday,27 Apr 2021,09:00,66,82,148,66,82,148,No Group
Manchester City Council - Chorlton,Chorlton Place,2021,April,17,Tuesday,27 Apr 2021,10:00,95,114,209,95,114,209,No Group
Manchester City Council - Chorlton,Chorlton Place,2021,April,17,Tuesday,27 Apr 2021,11:00,106,95,201,106,95,201,No Group
Manchester City Council - Chorlton,Chorlton Place,2021,April,17,Tuesday,27 Apr 2021,12:00,137,151,288,137,151,288,No Group
Manchester City Council - Chorlton,Chorlton Place,2021,April,17,Tuesday,27 Apr 2021,13:00,115,124,239,115,124,239,No Group
Manchester City Council - Chorlton,Chorlton Place,2021,April,17,Tuesday,27 Apr 2021,14:00,126,143,269,126,143,269,No Group
Manchester City Council - Chorlton,Chorlton Place,2021,April,17,Tuesday,27 Apr 2021,15:00,126,109,235,126,109,235,No Group
Manchester City Council - Chorlton,Chorlton Place,2021,April,17,Tuesday,27 Apr 2021,16:00,85,76,161,85,76,161,No Group
Manchester City Council - Chorlton,Chorlton Place,2021,April,17,Tuesday,27 Apr 2021,17:00,52,62,114,52,62,114,No Group
Manchester City Council - Chorlton,Chorlton Place,2021,April,17,Tuesday,27 Apr 2021,18:00,56,46,102,56,46,102,No Group
Manchester City Council - Chorlton,Chorlton Place,2021,April,17,Tuesday,27 Apr 2021,19:00,35,45,80,35,45,80,No Group
Manchester City Council - Chorlton,Chorlton Place,2021,April,17,Tuesday,27 Apr 2021,20:00,20,22,42,20,22,42,No Group
Manchester City Council - Chorlton,Chorlton Place,2021,April,17,Tuesday,27 Apr 2021,21:00,10,10,20,10,10,20,No Group
Manchester City Council - Chorlton,Chorlton Place,2021,April,17,Tuesday,27 Apr 2021,22:00,3,9,12,3,9,12,No Group
Manchester City Council - Chorlton,Chorlton Place,2021,April,17,Tuesday,27 Apr 2021,23:00,3,8,11,3,8,11,No Group
Manchester City Council - Chorlton,Chorlton Place,2021,April,17,Wednesday,28 Apr 2021,00:00,1,1,2,1,1,2,No Group
Manchester City Council - Chorlton,Chorlton Place,2021,April,17,Wednesday,28 Apr 2021,01:00,0,0,0,0,0,0,No Group
Manchester City Council - Chorlton,Chorlton Place,2021,April,17,Wednesday,28 Apr 2021,02:00,0,0,0,0,0,0,No Group
Manchester City Council - Chorlton,Chorlton Place,2021,April,17,Wednesday,28 Apr 2021,03:00,0,0,0,0,0,0,No Group
Manchester City Council - Chorlton,Chorlton Place,2021,April,17,Wednesday,28 Apr 2021,04:00,1,1,2,1,1,2,No Group
Manchester City Council - Chorlton,Chorlton Place,2021,April,17,Wednesday,28 Apr 2021,05:00,0,5,5,0,5,5,No Group
Manchester City Council - Chorlton,Chorlton Place,2021,April,17,Wednesday,28 Apr 2021,06:00,7,15,22,7,15,22,No Group
Manchester City Council - Chorlton,Chorlton Place,2021,April,17,Wednesday,28 Apr 2021,07:00,19,47,66,19,47,66,No Group
Manchester City Council - Chorlton,Chorlton Place,2021,April,17,Wednesday,28 Apr 2021,08:00,38,73,111,38,73,111,No Group
Manchester City Council - Chorlton,Chorlton Place,2021,April,17,Wednesday,28 Apr 2021,09:00,59,84,143,59,84,143,No Group
Manchester City Council - Chorlton,Chorlton Place,2021,April,17,Wednesday,28 Apr 2021,10:00,115,122,237,115,122,237,No Group
Manchester City Council - Chorlton,Chorlton Place,2021,April,17,Wednesday,28 Apr 2021,11:00,112,123,235,112,123,235,No Group
Manchester City Council - Chorlton,Chorlton Place,2021,April,17,Wednesday,28 Apr 2021,12:00,144,135,279,144,135,279,No Group
Manchester City Council - Chorlton,Chorlton Place,2021,April,17,Wednesday,28 Apr 2021,13:00,120,127,247,120,127,247,No Group
Manchester City Council - Chorlton,Chorlton Place,2021,April,17,Wednesday,28 Apr 2021,14:00,130,139,269,130,139,269,No Group
Manchester City Council - Chorlton,Chorlton Place,2021,April,17,Wednesday,28 Apr 2021,15:00,118,133,251,118,133,251,No Group
Manchester City Council - Chorlton,Chorlton Place,2021,April,17,Wednesday,28 Apr 2021,16:00,92,119,211,92,119,211,No Group
Manchester City Council - Chorlton,Chorlton Place,2021,April,17,Wednesday,28 Apr 2021,17:00,78,58,136,78,58,136,No Group
Manchester City Council - Chorlton,Chorlton Place,2021,April,17,Wednesday,28 Apr 2021,18:00,67,61,128,67,61,128,No Group
Manchester City Council - Chorlton,Chorlton Place,2021,April,17,Wednesday,28 Apr 2021,19:00,33,37,70,33,37,70,No Group
Manchester City Council - Chorlton,Chorlton Place,2021,April,17,Wednesday,28 Apr 2021,20:00,32,43,75,32,43,75,No Group
Manchester City Council - Chorlton,Chorlton Place,2021,April,17,Wednesday,28 Apr 2021,21:00,22,22,44,22,22,44,No Group
Manchester City Council - Chorlton,Chorlton Place,2021,April,17,Wednesday,28 Apr 2021,22:00,11,10,21,11,10,21,No Group
Manchester City Council - Chorlton,Chorlton Place,2021,April,17,Wednesday,28 Apr 2021,23:00,10,3,13,10,3,13,No Group
Manchester City Council - Chorlton,Chorlton Place,2021,April,17,Thursday,29 Apr 2021,00:00,2,1,3,2,1,3,No Group
Manchester City Council - Chorlton,Chorlton Place,2021,April,17,Thursday,29 Apr 2021,01:00,3,0,3,3,0,3,No Group
Manchester City Council - Chorlton,Chorlton Place,2021,April,17,Thursday,29 Apr 2021,02:00,1,1,2,1,1,2,No Group
Manchester City Council - Chorlton,Chorlton Place,2021,April,17,Thursday,29 Apr 2021,03:00,0,0,0,0,0,0,No Group
Manchester City Council - Chorlton,Chorlton Place,2021,April,17,Thursday,29 Apr 2021,04:00,0,1,1,0,1,1,No Group
Manchester City Council - Chorlton,Chorlton Place,2021,April,17,Thursday,29 Apr 2021,05:00,1,4,5,1,4,5,No Group
Manchester City Council - Chorlton,Chorlton Place,2021,April,17,Thursday,29 Apr 2021,06:00,5,20,25,5,20,25,No Group
Manchester City Council - Chorlton,Chorlton Place,2021,April,17,Thursday,29 Apr 2021,07:00,17,42,59,17,42,59,No Group
Manchester City Council - Chorlton,Chorlton Place,2021,April,17,Thursday,29 Apr 2021,08:00,48,77,125,48,77,125,No Group
Manchester City Council - Chorlton,Chorlton Place,2021,April,17,Thursday,29 Apr 2021,09:00,90,106,196,90,106,196,No Group
Manchester City Council - Chorlton,Chorlton Place,2021,April,17,Thursday,29 Apr 2021,10:00,133,126,259,133,126,259,No Group
Manchester City Council - Chorlton,Chorlton Place,2021,April,17,Thursday,29 Apr 2021,11:00,130,174,304,130,174,304,No Group
Manchester City Council - Chorlton,Chorlton Place,2021,April,17,Thursday,29 Apr 2021,12:00,154,176,330,154,176,330,No Group
Manchester City Council - Chorlton,Chorlton Place,2021,April,17,Thursday,29 Apr 2021,13:00,140,161,301,140,161,301,No Group
Manchester City Council - Chorlton,Chorlton Place,2021,April,17,Thursday,29 Apr 2021,14:00,120,116,236,120,116,236,No Group
Manchester City Council - Chorlton,Chorlton Place,2021,April,17,Thursday,29 Apr 2021,15:00,136,163,299,136,163,299,No Group
Manchester City Council - Chorlton,Chorlton Place,2021,April,17,Thursday,29 Apr 2021,16:00,117,119,236,117,119,236,No Group
Manchester City Council - Chorlton,Chorlton Place,2021,April,17,Thursday,29 Apr 2021,17:00,90,81,171,90,81,171,No Group
Manchester City Council - Chorlton,Chorlton Place,2021,April,17,Thursday,29 Apr 2021,18:00,73,57,130,73,57,130,No Group
Manchester City Council - Chorlton,Chorlton Place,2021,April,17,Thursday,29 Apr 2021,19:00,51,40,91,51,40,91,No Group
Manchester City Council - Chorlton,Chorlton Place,2021,April,17,Thursday,29 Apr 2021,20:00,19,33,52,19,33,52,No Group
Manchester City Council - Chorlton,Chorlton Place,2021,April,17,Thursday,29 Apr 2021,21:00,13,10,23,13,10,23,No Group
Manchester City Council - Chorlton,Chorlton Place,2021,April,17,Thursday,29 Apr 2021,22:00,16,5,21,16,5,21,No Group
Manchester City Council - Chorlton,Chorlton Place,2021,April,17,Thursday,29 Apr 2021,23:00,8,1,9,8,1,9,No Group
Manchester City Council - Chorlton,Chorlton Place,2021,April,17,Friday,30 Apr 2021,00:00,2,2,4,2,2,4,No Group
Manchester City Council - Chorlton,Chorlton Place,2021,April,17,Friday,30 Apr 2021,01:00,0,1,1,0,1,1,No Group
Manchester City Council - Chorlton,Chorlton Place,2021,April,17,Friday,30 Apr 2021,02:00,1,0,1,1,0,1,No Group
Manchester City Council - Chorlton,Chorlton Place,2021,April,17,Friday,30 Apr 2021,03:00,1,2,3,1,2,3,No Group
Manchester City Council - Chorlton,Chorlton Place,2021,April,17,Friday,30 Apr 2021,04:00,1,3,4,1,3,4,No Group
Manchester City Council - Chorlton,Chorlton Place,2021,April,17,Friday,30 Apr 2021,05:00,1,5,6,1,5,6,No Group
Manchester City Council - Chorlton,Chorlton Place,2021,April,17,Friday,30 Apr 2021,06:00,9,18,27,9,18,27,No Group
Manchester City Council - Chorlton,Chorlton Place,2021,April,17,Friday,30 Apr 2021,07:00,19,49,68,19,49,68,No Group
Manchester City Council - Chorlton,Chorlton Place,2021,April,17,Friday,30 Apr 2021,08:00,41,66,107,41,66,107,No Group
Manchester City Council - Chorlton,Chorlton Place,2021,April,17,Friday,30 Apr 2021,09:00,93,136,229,93,136,229,No Group
Manchester City Council - Chorlton,Chorlton Place,2021,April,17,Friday,30 Apr 2021,10:00,119,151,270,119,151,270,No Group
Manchester City Council - Chorlton,Chorlton Place,2021,April,17,Friday,30 Apr 2021,11:00,142,144,286,142,144,286,No Group
Manchester City Council - Chorlton,Chorlton Place,2021,April,17,Friday,30 Apr 2021,12:00,152,175,327,152,175,327,No Group
Manchester City Council - Chorlton,Chorlton Place,2021,April,17,Friday,30 Apr 2021,13:00,150,147,297,150,147,297,No Group
Manchester City Council - Chorlton,Chorlton Place,2021,April,17,Friday,30 Apr 2021,14:00,167,159,326,167,159,326,No Group
Manchester City Council - Chorlton,Chorlton Place,2021,April,17,Friday,30 Apr 2021,15:00,143,146,289,143,146,289,No Group
Manchester City Council - Chorlton,Chorlton Place,2021,April,17,Friday,30 Apr 2021,16:00,175,162,337,175,162,337,No Group
Manchester City Council - Chorlton,Chorlton Place,2021,April,17,Friday,30 Apr 2021,17:00,102,94,196,102,94,196,No Group
Manchester City Council - Chorlton,Chorlton Place,2021,April,17,Friday,30 Apr 2021,18:00,74,64,138,74,64,138,No Group
Manchester City Council - Chorlton,Chorlton Place,2021,April,17,Friday,30 Apr 2021,19:00,67,63,130,67,63,130,No Group
Manchester City Council - Chorlton,Chorlton Place,2021,April,17,Friday,30 Apr 2021,20:00,55,40,95,55,40,95,No Group
Manchester City Council - Chorlton,Chorlton Place,2021,April,17,Friday,30 Apr 2021,21:00,39,18,57,39,18,57,No Group
Manchester City Council - Chorlton,Chorlton Place,2021,April,17,Friday,30 Apr 2021,22:00,18,11,29,18,11,29,No Group
Manchester City Council - Chorlton,Chorlton Place,2021,April,17,Friday,30 Apr 2021,23:00,10,14,24,10,14,24,No Group
Manchester City Council - Chorlton,Chorlton Place,2021,April,17,Saturday,01 May 2021,00:00,10,7,17,10,7,17,No Group
Manchester City Council - Chorlton,Chorlton Place,2021,April,17,Saturday,01 May 2021,01:00,5,4,9,5,4,9,No Group
Manchester City Council - Chorlton,Chorlton Place,2021,April,17,Saturday,01 May 2021,02:00,4,3,7,4,3,7,No Group
Manchester City Council - Chorlton,Chorlton Place,2021,April,17,Saturday,01 May 2021,03:00,3,0,3,3,0,3,No Group
Manchester City Council - Chorlton,Chorlton Place,2021,April,17,Saturday,01 May 2021,04:00,0,3,3,0,3,3,No Group
Manchester City Council - Chorlton,Chorlton Place,2021,April,17,Saturday,01 May 2021,05:00,2,7,9,2,7,9,No Group
Manchester City Council - Chorlton,Chorlton Place,2021,April,17,Saturday,01 May 2021,06:00,4,11,15,4,11,15,No Group
Manchester City Council - Chorlton,Chorlton Place,2021,April,17,Saturday,01 May 2021,07:00,12,15,27,12,15,27,No Group
Manchester City Council - Chorlton,Chorlton Place,2021,April,17,Saturday,01 May 2021,08:00,38,49,87,38,49,87,No Group
Manchester City Council - Chorlton,Chorlton Place,2021,April,17,Saturday,01 May 2021,09:00,89,96,185,89,96,185,No Group
Manchester City Council - Chorlton,Chorlton Place,2021,April,17,Saturday,01 May 2021,10:00,159,168,327,159,168,327,No Group
Manchester City Council - Chorlton,Chorlton Place,2021,April,17,Saturday,01 May 2021,11:00,221,213,434,221,213,434,No Group
Manchester City Council - Chorlton,Chorlton Place,2021,April,17,Saturday,01 May 2021,12:00,267,299,566,267,299,566,No Group
Manchester City Council - Chorlton,Chorlton Place,2021,April,17,Saturday,01 May 2021,13:00,229,266,495,229,266,495,No Group
Manchester City Council - Chorlton,Chorlton Place,2021,April,17,Saturday,01 May 2021,14:00,217,175,392,217,175,392,No Group
Manchester City Council - Chorlton,Chorlton Place,2021,April,17,Saturday,01 May 2021,15:00,205,195,400,205,195,400,No Group
Manchester City Council - Chorlton,Chorlton Place,2021,April,17,Saturday,01 May 2021,16:00,129,164,293,129,164,293,No Group
Manchester City Council - Chorlton,Chorlton Place,2021,April,17,Saturday,01 May 2021,17:00,88,77,165,88,77,165,No Group
Manchester City Council - Chorlton,Chorlton Place,2021,April,17,Saturday,01 May 2021,18:00,64,70,134,64,70,134,No Group
Manchester City Council - Chorlton,Chorlton Place,2021,April,17,Saturday,01 May 2021,19:00,46,61,107,46,61,107,No Group
Manchester City Council - Chorlton,Chorlton Place,2021,April,17,Saturday,01 May 2021,20:00,24,34,58,24,34,58,No Group
Manchester City Council - Chorlton,Chorlton Place,2021,April,17,Saturday,01 May 2021,21:00,18,22,40,18,22,40,No Group
Manchester City Council - Chorlton,Chorlton Place,2021,April,17,Saturday,01 May 2021,22:00,26,12,38,26,12,38,No Group
Manchester City Council - Chorlton,Chorlton Place,2021,April,17,Saturday,01 May 2021,23:00,9,4,13,9,4,13,No Group
Manchester City Council - Chorlton,Chorlton Place,2021,April,17,Sunday,02 May 2021,00:00,8,3,11,8,3,11,No Group
Manchester City Council - Chorlton,Chorlton Place,2021,April,17,Sunday,02 May 2021,01:00,5,1,6,5,1,6,No Group
Manchester City Council - Chorlton,Chorlton Place,2021,April,17,Sunday,02 May 2021,02:00,0,0,0,0,0,0,No Group
Manchester City Council - Chorlton,Chorlton Place,2021,April,17,Sunday,02 May 2021,03:00,0,0,0,0,0,0,No Group
Manchester City Council - Chorlton,Chorlton Place,2021,April,17,Sunday,02 May 2021,04:00,0,1,1,0,1,1,No Group
Manchester City Council - Chorlton,Chorlton Place,2021,April,17,Sunday,02 May 2021,05:00,1,2,3,1,2,3,No Group
Manchester City Council - Chorlton,Chorlton Place,2021,April,17,Sunday,02 May 2021,06:00,2,6,8,2,6,8,No Group
Manchester City Council - Chorlton,Chorlton Place,2021,April,17,Sunday,02 May 2021,07:00,7,9,16,7,9,16,No Group
Manchester City Council - Chorlton,Chorlton Place,2021,April,17,Sunday,02 May 2021,08:00,12,16,28,12,16,28,No Group
Manchester City Council - Chorlton,Chorlton Place,2021,April,17,Sunday,02 May 2021,09:00,23,38,61,23,38,61,No Group
Manchester City Council - Chorlton,Chorlton Place,2021,April,17,Sunday,02 May 2021,10:00,63,71,134,63,71,134,No Group
Manchester City Council - Chorlton,Chorlton Place,2021,April,17,Sunday,02 May 2021,11:00,73,87,160,73,87,160,No Group
Manchester City Council - Chorlton,Chorlton Place,2021,April,17,Sunday,02 May 2021,12:00,120,120,240,120,120,240,No Group
Manchester City Council - Chorlton,Chorlton Place,2021,April,17,Sunday,02 May 2021,13:00,90,116,206,90,116,206,No Group
Manchester City Council - Chorlton,Chorlton Place,2021,April,17,Sunday,02 May 2021,14:00,112,110,222,112,110,222,No Group
Manchester City Council - Chorlton,Chorlton Place,2021,April,17,Sunday,02 May 2021,15:00,92,72,164,92,72,164,No Group
Manchester City Council - Chorlton,Chorlton Place,2021,April,17,Sunday,02 May 2021,16:00,64,66,130,64,66,130,No Group
Manchester City Council - Chorlton,Chorlton Place,2021,April,17,Sunday,02 May 2021,17:00,43,55,98,43,55,98,No Group
Manchester City Council - Chorlton,Chorlton Place,2021,April,17,Sunday,02 May 2021,18:00,39,53,92,39,53,92,No Group
Manchester City Council - Chorlton,Chorlton Place,2021,April,17,Sunday,02 May 2021,19:00,45,34,79,45,34,79,No Group
Manchester City Council - Chorlton,Chorlton Place,2021,April,17,Sunday,02 May 2021,20:00,32,24,56,32,24,56,No Group
Manchester City Council - Chorlton,Chorlton Place,2021,April,17,Sunday,02 May 2021,21:00,14,13,27,14,13,27,No Group
Manchester City Council - Chorlton,Chorlton Place,2021,April,17,Sunday,02 May 2021,22:00,12,10,22,12,10,22,No Group
Manchester City Council - Chorlton,Chorlton Place,2021,April,17,Sunday,02 May 2021,23:00,8,13,21,8,13,21,No Group
Manchester City Council - Chorlton,Chorlton Place,2021,May,18,Monday,03 May 2021,00:00,4,5,9,4,5,9,No Group
Manchester City Council - Chorlton,Chorlton Place,2021,May,18,Monday,03 May 2021,01:00,0,0,0,0,0,0,No Group
Manchester City Council - Chorlton,Chorlton Place,2021,May,18,Monday,03 May 2021,02:00,0,2,2,0,2,2,No Group
Manchester City Council - Chorlton,Chorlton Place,2021,May,18,Monday,03 May 2021,03:00,1,1,2,1,1,2,No Group
Manchester City Council - Chorlton,Chorlton Place,2021,May,18,Monday,03 May 2021,04:00,3,2,5,3,2,5,No Group
Manchester City Council - Chorlton,Chorlton Place,2021,May,18,Monday,03 May 2021,05:00,1,3,4,1,3,4,No Group
Manchester City Council - Chorlton,Chorlton Place,2021,May,18,Monday,03 May 2021,06:00,3,3,6,3,3,6,No Group
Manchester City Council - Chorlton,Chorlton Place,2021,May,18,Monday,03 May 2021,07:00,8,15,23,8,15,23,No Group
Manchester City Council - Chorlton,Chorlton Place,2021,May,18,Monday,03 May 2021,08:00,19,28,47,19,28,47,No Group
Manchester City Council - Chorlton,Chorlton Place,2021,May,18,Monday,03 May 2021,09:00,23,41,64,23,41,64,No Group
Manchester City Council - Chorlton,Chorlton Place,2021,May,18,Monday,03 May 2021,10:00,61,84,145,61,84,145,No Group
Manchester City Council - Chorlton,Chorlton Place,2021,May,18,Monday,03 May 2021,11:00,91,101,192,91,101,192,No Group
Manchester City Council - Chorlton,Chorlton Place,2021,May,18,Monday,03 May 2021,12:00,121,103,224,121,103,224,No Group
Manchester City Council - Chorlton,Chorlton Place,2021,May,18,Monday,03 May 2021,13:00,80,82,162,80,82,162,No Group
Manchester City Council - Chorlton,Chorlton Place,2021,May,18,Monday,03 May 2021,14:00,76,87,163,76,87,163,No Group
Manchester City Council - Chorlton,Chorlton Place,2021,May,18,Monday,03 May 2021,15:00,88,62,150,88,62,150,No Group
Manchester City Council - Chorlton,Chorlton Place,2021,May,18,Monday,03 May 2021,16:00,52,63,115,52,63,115,No Group
Manchester City Council - Chorlton,Chorlton Place,2021,May,18,Monday,03 May 2021,17:00,61,69,130,61,69,130,No Group
Manchester City Council - Chorlton,Chorlton Place,2021,May,18,Monday,03 May 2021,18:00,19,24,43,19,24,43,No Group
Manchester City Council - Chorlton,Chorlton Place,2021,May,18,Monday,03 May 2021,19:00,26,25,51,26,25,51,No Group
Manchester City Council - Chorlton,Chorlton Place,2021,May,18,Monday,03 May 2021,20:00,14,15,29,14,15,29,No Group
Manchester City Council - Chorlton,Chorlton Place,2021,May,18,Monday,03 May 2021,21:00,9,15,24,9,15,24,No Group
Manchester City Council - Chorlton,Chorlton Place,2021,May,18,Monday,03 May 2021,22:00,14,14,28,14,14,28,No Group
Manchester City Council - Chorlton,Chorlton Place,2021,May,18,Monday,03 May 2021,23:00,12,3,15,12,3,15,No Group
Manchester City Council - Chorlton,Chorlton Place,2021,May,18,Tuesday,04 May 2021,00:00,2,2,4,2,2,4,No Group
Manchester City Council - Chorlton,Chorlton Place,2021,May,18,Tuesday,04 May 2021,01:00,5,2,7,5,2,7,No Group
Manchester City Council - Chorlton,Chorlton Place,2021,May,18,Tuesday,04 May 2021,02:00,0,0,0,0,0,0,No Group
Manchester City Council - Chorlton,Chorlton Place,2021,May,18,Tuesday,04 May 2021,03:00,0,1,1,0,1,1,No Group
Manchester City Council - Chorlton,Chorlton Place,2021,May,18,Tuesday,04 May 2021,04:00,0,2,2,0,2,2,No Group
Manchester City Council - Chorlton,Chorlton Place,2021,May,18,Tuesday,04 May 2021,05:00,0,8,8,0,8,8,No Group
Manchester City Council - Chorlton,Chorlton Place,2021,May,18,Tuesday,04 May 2021,06:00,9,29,38,9,29,38,No Group
Manchester City Council - Chorlton,Chorlton Place,2021,May,18,Tuesday,04 May 2021,07:00,22,64,86,22,64,86,No Group
Manchester City Council - Chorlton,Chorlton Place,2021,May,18,Tuesday,04 May 2021,08:00,55,97,152,55,97,152,No Group
Manchester City Council - Chorlton,Chorlton Place,2021,May,18,Tuesday,04 May 2021,09:00,90,106,196,90,106,196,No Group
Manchester City Council - Chorlton,Chorlton Place,2021,May,18,Tuesday,04 May 2021,10:00,107,101,208,107,101,208,No Group
Manchester City Council - Chorlton,Chorlton Place,2021,May,18,Tuesday,04 May 2021,11:00,84,121,205,84,121,205,No Group
Manchester City Council - Chorlton,Chorlton Place,2021,May,18,Tuesday,04 May 2021,12:00,128,152,280,128,152,280,No Group
Manchester City Council - Chorlton,Chorlton Place,2021,May,18,Tuesday,04 May 2021,13:00,148,146,294,148,146,294,No Group
Manchester City Council - Chorlton,Chorlton Place,2021,May,18,Tuesday,04 May 2021,14:00,118,139,257,118,139,257,No Group
Manchester City Council - Chorlton,Chorlton Place,2021,May,18,Tuesday,04 May 2021,15:00,122,121,243,122,121,243,No Group
Manchester City Council - Chorlton,Chorlton Place,2021,May,18,Tuesday,04 May 2021,16:00,123,116,239,123,116,239,No Group
Manchester City Council - Chorlton,Chorlton Place,2021,May,18,Tuesday,04 May 2021,17:00,93,89,182,93,89,182,No Group
Manchester City Council - Chorlton,Chorlton Place,2021,May,18,Tuesday,04 May 2021,18:00,55,55,110,55,55,110,No Group
Manchester City Council - Chorlton,Chorlton Place,2021,May,18,Tuesday,04 May 2021,19:00,41,35,76,41,35,76,No Group
Manchester City Council - Chorlton,Chorlton Place,2021,May,18,Tuesday,04 May 2021,20:00,16,20,36,16,20,36,No Group
Manchester City Council - Chorlton,Chorlton Place,2021,May,18,Tuesday,04 May 2021,21:00,15,9,24,15,9,24,No Group
Manchester City Council - Chorlton,Chorlton Place,2021,May,18,Tuesday,04 May 2021,22:00,8,7,15,8,7,15,No Group
Manchester City Council - Chorlton,Chorlton Place,2021,May,18,Tuesday,04 May 2021,23:00,6,3,9,6,3,9,No Group
Manchester City Council - Chorlton,Chorlton Place,2021,May,18,Wednesday,05 May 2021,00:00,1,3,4,1,3,4,No Group
Manchester City Council - Chorlton,Chorlton Place,2021,May,18,Wednesday,05 May 2021,01:00,1,1,2,1,1,2,No Group
Manchester City Council - Chorlton,Chorlton Place,2021,May,18,Wednesday,05 May 2021,02:00,0,0,0,0,0,0,No Group
Manchester City Council - Chorlton,Chorlton Place,2021,May,18,Wednesday,05 May 2021,03:00,0,0,0,0,0,0,No Group
Manchester City Council - Chorlton,Chorlton Place,2021,May,18,Wednesday,05 May 2021,04:00,0,2,2,0,2,2,No Group
Manchester City Council - Chorlton,Chorlton Place,2021,May,18,Wednesday,05 May 2021,05:00,3,11,14,3,11,14,No Group
Manchester City Council - Chorlton,Chorlton Place,2021,May,18,Wednesday,05 May 2021,06:00,4,18,22,4,18,22,No Group
Manchester City Council - Chorlton,Chorlton Place,2021,May,18,Wednesday,05 May 2021,07:00,16,59,75,16,59,75,No Group
Manchester City Council - Chorlton,Chorlton Place,2021,May,18,Wednesday,05 May 2021,08:00,48,80,128,48,80,128,No Group
Manchester City Council - Chorlton,Chorlton Place,2021,May,18,Wednesday,05 May 2021,09:00,70,85,155,70,85,155,No Group
Manchester City Council - Chorlton,Chorlton Place,2021,May,18,Wednesday,05 May 2021,10:00,104,121,225,104,121,225,No Group
Manchester City Council - Chorlton,Chorlton Place,2021,May,18,Wednesday,05 May 2021,11:00,150,161,311,150,161,311,No Group
Manchester City Council - Chorlton,Chorlton Place,2021,May,18,Wednesday,05 May 2021,12:00,163,170,333,163,170,333,No Group
Manchester City Council - Chorlton,Chorlton Place,2021,May,18,Wednesday,05 May 2021,13:00,151,172,323,151,172,323,No Group
Manchester City Council - Chorlton,Chorlton Place,2021,May,18,Wednesday,05 May 2021,14:00,173,190,363,173,190,363,No Group
Manchester City Council - Chorlton,Chorlton Place,2021,May,18,Wednesday,05 May 2021,15:00,114,140,254,114,140,254,No Group
Manchester City Council - Chorlton,Chorlton Place,2021,May,18,Wednesday,05 May 2021,16:00,109,108,217,109,108,217,No Group
Manchester City Council - Chorlton,Chorlton Place,2021,May,18,Wednesday,05 May 2021,17:00,99,85,184,99,85,184,No Group
Manchester City Council - Chorlton,Chorlton Place,2021,May,18,Wednesday,05 May 2021,18:00,60,58,118,60,58,118,No Group
Manchester City Council - Chorlton,Chorlton Place,2021,May,18,Wednesday,05 May 2021,19:00,29,41,70,29,41,70,No Group
Manchester City Council - Chorlton,Chorlton Place,2021,May,18,Wednesday,05 May 2021,20:00,26,24,50,26,24,50,No Group
Manchester City Council - Chorlton,Chorlton Place,2021,May,18,Wednesday,05 May 2021,21:00,21,15,36,21,15,36,No Group
Manchester City Council - Chorlton,Chorlton Place,2021,May,18,Wednesday,05 May 2021,22:00,9,1,10,9,1,10,No Group
Manchester City Council - Chorlton,Chorlton Place,2021,May,18,Wednesday,05 May 2021,23:00,8,1,9,8,1,9,No Group
Manchester City Council - Chorlton,Chorlton Place,2021,May,18,Thursday,06 May 2021,00:00,3,0,3,3,0,3,No Group
Manchester City Council - Chorlton,Chorlton Place,2021,May,18,Thursday,06 May 2021,01:00,0,0,0,0,0,0,No Group
Manchester City Council - Chorlton,Chorlton Place,2021,May,18,Thursday,06 May 2021,02:00,0,0,0,0,0,0,No Group
Manchester City Council - Chorlton,Chorlton Place,2021,May,18,Thursday,06 May 2021,03:00,1,0,1,1,0,1,No Group
Manchester City Council - Chorlton,Chorlton Place,2021,May,18,Thursday,06 May 2021,04:00,1,3,4,1,3,4,No Group
Manchester City Council - Chorlton,Chorlton Place,2021,May,18,Thursday,06 May 2021,05:00,0,5,5,0,5,5,No Group
Manchester City Council - Chorlton,Chorlton Place,2021,May,18,Thursday,06 May 2021,06:00,3,19,22,3,19,22,No Group
Manchester City Council - Chorlton,Chorlton Place,2021,May,18,Thursday,06 May 2021,07:00,17,41,58,17,41,58,No Group
Manchester City Council - Chorlton,Chorlton Place,2021,May,18,Thursday,06 May 2021,08:00,31,71,102,31,71,102,No Group
Manchester City Council - Chorlton,Chorlton Place,2021,May,18,Thursday,06 May 2021,09:00,91,110,201,91,110,201,No Group
Manchester City Council - Chorlton,Chorlton Place,2021,May,18,Thursday,06 May 2021,10:00,121,123,244,121,123,244,No Group
Manchester City Council - Chorlton,Chorlton Place,2021,May,18,Thursday,06 May 2021,11:00,130,165,295,130,165,295,No Group
Manchester City Council - Chorlton,Chorlton Place,2021,May,18,Thursday,06 May 2021,12:00,195,190,385,195,190,385,No Group
Manchester City Council - Chorlton,Chorlton Place,2021,May,18,Thursday,06 May 2021,13:00,146,171,317,146,171,317,No Group
Manchester City Council - Chorlton,Chorlton Place,2021,May,18,Thursday,06 May 2021,14:00,163,176,339,163,176,339,No Group
Manchester City Council - Chorlton,Chorlton Place,2021,May,18,Thursday,06 May 2021,15:00,126,111,237,126,111,237,No Group
Manchester City Council - Chorlton,Chorlton Place,2021,May,18,Thursday,06 May 2021,16:00,113,129,242,113,129,242,No Group
Manchester City Council - Chorlton,Chorlton Place,2021,May,18,Thursday,06 May 2021,17:00,72,75,147,72,75,147,No Group
Manchester City Council - Chorlton,Chorlton Place,2021,May,18,Thursday,06 May 2021,18:00,69,59,128,69,59,128,No Group
Manchester City Council - Chorlton,Chorlton Place,2021,May,18,Thursday,06 May 2021,19:00,46,40,86,46,40,86,No Group
Manchester City Council - Chorlton,Chorlton Place,2021,May,18,Thursday,06 May 2021,20:00,22,25,47,22,25,47,No Group
Manchester City Council - Chorlton,Chorlton Place,2021,May,18,Thursday,06 May 2021,21:00,15,13,28,15,13,28,No Group
Manchester City Council - Chorlton,Chorlton Place,2021,May,18,Thursday,06 May 2021,22:00,9,10,19,9,10,19,No Group
Manchester City Council - Chorlton,Chorlton Place,2021,May,18,Thursday,06 May 2021,23:00,6,6,12,6,6,12,No Group
Manchester City Council - Chorlton,Chorlton Place,2021,May,18,Friday,07 May 2021,00:00,3,4,7,3,4,7,No Group
Manchester City Council - Chorlton,Chorlton Place,2021,May,18,Friday,07 May 2021,01:00,2,2,4,2,2,4,No Group
Manchester City Council - Chorlton,Chorlton Place,2021,May,18,Friday,07 May 2021,02:00,1,0,1,1,0,1,No Group
Manchester City Council - Chorlton,Chorlton Place,2021,May,18,Friday,07 May 2021,03:00,0,0,0,0,0,0,No Group
Manchester City Council - Chorlton,Chorlton Place,2021,May,18,Friday,07 May 2021,04:00,0,2,2,0,2,2,No Group
Manchester City Council - Chorlton,Chorlton Place,2021,May,18,Friday,07 May 2021,05:00,0,7,7,0,7,7,No Group
Manchester City Council - Chorlton,Chorlton Place,2021,May,18,Friday,07 May 2021,06:00,4,20,24,4,20,24,No Group
Manchester City Council - Chorlton,Chorlton Place,2021,May,18,Friday,07 May 2021,07:00,12,29,41,12,29,41,No Group
Manchester City Council - Chorlton,Chorlton Place,2021,May,18,Friday,07 May 2021,08:00,49,73,122,49,73,122,No Group
Manchester City Council - Chorlton,Chorlton Place,2021,May,18,Friday,07 May 2021,09:00,88,113,201,88,113,201,No Group
Manchester City Council - Chorlton,Chorlton Place,2021,May,18,Friday,07 May 2021,10:00,116,157,273,116,157,273,No Group
Manchester City Council - Chorlton,Chorlton Place,2021,May,18,Friday,07 May 2021,11:00,138,192,330,138,192,330,No Group
Manchester City Council - Chorlton,Chorlton Place,2021,May,18,Friday,07 May 2021,12:00,208,210,418,208,210,418,No Group
Manchester City Council - Chorlton,Chorlton Place,2021,May,18,Friday,07 May 2021,13:00,220,243,463,220,243,463,No Group
Manchester City Council - Chorlton,Chorlton Place,2021,May,18,Friday,07 May 2021,14:00,155,161,316,155,161,316,No Group
Manchester City Council - Chorlton,Chorlton Place,2021,May,18,Friday,07 May 2021,15:00,133,142,275,133,142,275,No Group
Manchester City Council - Chorlton,Chorlton Place,2021,May,18,Friday,07 May 2021,16:00,129,161,290,129,161,290,No Group
Manchester City Council - Chorlton,Chorlton Place,2021,May,18,Friday,07 May 2021,17:00,95,101,196,95,101,196,No Group
Manchester City Council - Chorlton,Chorlton Place,2021,May,18,Friday,07 May 2021,18:00,88,80,168,88,80,168,No Group
Manchester City Council - Chorlton,Chorlton Place,2021,May,18,Friday,07 May 2021,19:00,60,82,142,60,82,142,No Group
Manchester City Council - Chorlton,Chorlton Place,2021,May,18,Friday,07 May 2021,20:00,59,58,117,59,58,117,No Group
Manchester City Council - Chorlton,Chorlton Place,2021,May,18,Friday,07 May 2021,21:00,30,21,51,30,21,51,No Group
Manchester City Council - Chorlton,Chorlton Place,2021,May,18,Friday,07 May 2021,22:00,28,9,37,28,9,37,No Group
Manchester City Council - Chorlton,Chorlton Place,2021,May,18,Friday,07 May 2021,23:00,24,15,39,24,15,39,No Group
Manchester City Council - Chorlton,Chorlton Place,2021,May,18,Saturday,08 May 2021,00:00,8,5,13,8,5,13,No Group
Manchester City Council - Chorlton,Chorlton Place,2021,May,18,Saturday,08 May 2021,01:00,3,3,6,3,3,6,No Group
Manchester City Council - Chorlton,Chorlton Place,2021,May,18,Saturday,08 May 2021,02:00,0,2,2,0,2,2,No Group
Manchester City Council - Chorlton,Chorlton Place,2021,May,18,Saturday,08 May 2021,03:00,0,1,1,0,1,1,No Group
Manchester City Council - Chorlton,Chorlton Place,2021,May,18,Saturday,08 May 2021,04:00,0,2,2,0,2,2,No Group
Manchester City Council - Chorlton,Chorlton Place,2021,May,18,Saturday,08 May 2021,05:00,1,2,3,1,2,3,No Group
Manchester City Council - Chorlton,Chorlton Place,2021,May,18,Saturday,08 May 2021,06:00,2,6,8,2,6,8,No Group
Manchester City Council - Chorlton,Chorlton Place,2021,May,18,Saturday,08 May 2021,07:00,8,16,24,8,16,24,No Group
Manchester City Council - Chorlton,Chorlton Place,2021,May,18,Saturday,08 May 2021,08:00,43,62,105,43,62,105,No Group
Manchester City Council - Chorlton,Chorlton Place,2021,May,18,Saturday,08 May 2021,09:00,101,129,230,101,129,230,No Group
Manchester City Council - Chorlton,Chorlton Place,2021,May,18,Saturday,08 May 2021,10:00,123,150,273,123,150,273,No Group
Manchester City Council - Chorlton,Chorlton Place,2021,May,18,Saturday,08 May 2021,11:00,142,217,359,142,217,359,No Group
Manchester City Council - Chorlton,Chorlton Place,2021,May,18,Saturday,08 May 2021,12:00,222,258,480,222,258,480,No Group
Manchester City Council - Chorlton,Chorlton Place,2021,May,18,Saturday,08 May 2021,13:00,204,186,390,204,186,390,No Group
Manchester City Council - Chorlton,Chorlton Place,2021,May,18,Saturday,08 May 2021,14:00,329,239,568,329,239,568,No Group
Manchester City Council - Chorlton,Chorlton Place,2021,May,18,Saturday,08 May 2021,15:00,375,244,619,375,244,619,No Group
Manchester City Council - Chorlton,Chorlton Place,2021,May,18,Saturday,08 May 2021,16:00,173,181,354,173,181,354,No Group
Manchester City Council - Chorlton,Chorlton Place,2021,May,18,Saturday,08 May 2021,17:00,84,102,186,84,102,186,No Group
Manchester City Council - Chorlton,Chorlton Place,2021,May,18,Saturday,08 May 2021,18:00,50,36,86,50,36,86,No Group
Manchester City Council - Chorlton,Chorlton Place,2021,May,18,Saturday,08 May 2021,19:00,34,48,82,34,48,82,No Group
Manchester City Council - Chorlton,Chorlton Place,2021,May,18,Saturday,08 May 2021,20:00,34,32,66,34,32,66,No Group
Manchester City Council - Chorlton,Chorlton Place,2021,May,18,Saturday,08 May 2021,21:00,12,15,27,12,15,27,No Group
Manchester City Council - Chorlton,Chorlton Place,2021,May,18,Saturday,08 May 2021,22:00,7,10,17,7,10,17,No Group
Manchester City Council - Chorlton,Chorlton Place,2021,May,18,Saturday,08 May 2021,23:00,15,5,20,15,5,20,No Group
Manchester City Council - Chorlton,Chorlton Place,2021,May,18,Sunday,09 May 2021,00:00,3,4,7,3,4,7,No Group
Manchester City Council - Chorlton,Chorlton Place,2021,May,18,Sunday,09 May 2021,01:00,1,1,2,1,1,2,No Group
Manchester City Council - Chorlton,Chorlton Place,2021,May,18,Sunday,09 May 2021,02:00,1,0,1,1,0,1,No Group
Manchester City Council - Chorlton,Chorlton Place,2021,May,18,Sunday,09 May 2021,03:00,1,7,8,1,7,8,No Group
Manchester City Council - Chorlton,Chorlton Place,2021,May,18,Sunday,09 May 2021,04:00,0,1,1,0,1,1,No Group
Manchester City Council - Chorlton,Chorlton Place,2021,May,18,Sunday,09 May 2021,05:00,5,4,9,5,4,9,No Group
Manchester City Council - Chorlton,Chorlton Place,2021,May,18,Sunday,09 May 2021,06:00,5,6,11,5,6,11,No Group
Manchester City Council - Chorlton,Chorlton Place,2021,May,18,Sunday,09 May 2021,07:00,9,14,23,9,14,23,No Group
Manchester City Council - Chorlton,Chorlton Place,2021,May,18,Sunday,09 May 2021,08:00,9,17,26,9,17,26,No Group
Manchester City Council - Chorlton,Chorlton Place,2021,May,18,Sunday,09 May 2021,09:00,31,31,62,31,31,62,No Group
Manchester City Council - Chorlton,Chorlton Place,2021,May,18,Sunday,09 May 2021,10:00,48,67,115,48,67,115,No Group
Manchester City Council - Chorlton,Chorlton Place,2021,May,18,Sunday,09 May 2021,11:00,57,82,139,57,82,139,No Group
Manchester City Council - Chorlton,Chorlton Place,2021,May,18,Sunday,09 May 2021,12:00,85,88,173,85,88,173,No Group
Manchester City Council - Chorlton,Chorlton Place,2021,May,18,Sunday,09 May 2021,13:00,112,128,240,112,128,240,No Group
Manchester City Council - Chorlton,Chorlton Place,2021,May,18,Sunday,09 May 2021,14:00,78,83,161,78,83,161,No Group
Manchester City Council - Chorlton,Chorlton Place,2021,May,18,Sunday,09 May 2021,15:00,67,81,148,67,81,148,No Group
Manchester City Council - Chorlton,Chorlton Place,2021,May,18,Sunday,09 May 2021,16:00,42,60,102,42,60,102,No Group
Manchester City Council - Chorlton,Chorlton Place,2021,May,18,Sunday,09 May 2021,17:00,42,54,96,42,54,96,No Group
Manchester City Council - Chorlton,Chorlton Place,2021,May,18,Sunday,09 May 2021,18:00,25,20,45,25,20,45,No Group
Manchester City Council - Chorlton,Chorlton Place,2021,May,18,Sunday,09 May 2021,19:00,30,46,76,30,46,76,No Group
Manchester City Council - Chorlton,Chorlton Place,2021,May,18,Sunday,09 May 2021,20:00,24,18,42,24,18,42,No Group
Manchester City Council - Chorlton,Chorlton Place,2021,May,18,Sunday,09 May 2021,21:00,19,18,37,19,18,37,No Group
Manchester City Council - Chorlton,Chorlton Place,2021,May,18,Sunday,09 May 2021,22:00,25,13,38,25,13,38,No Group
Manchester City Council - Chorlton,Chorlton Place,2021,May,18,Sunday,09 May 2021,23:00,4,1,5,4,1,5,No Group
Manchester City Council - Chorlton,Chorlton Place,2021,May,19,Monday,10 May 2021,00:00,2,0,2,2,0,2,No Group
Manchester City Council - Chorlton,Chorlton Place,2021,May,19,Monday,10 May 2021,01:00,0,0,0,0,0,0,No Group
Manchester City Council - Chorlton,Chorlton Place,2021,May,19,Monday,10 May 2021,02:00,1,0,1,1,0,1,No Group
Manchester City Council - Chorlton,Chorlton Place,2021,May,19,Monday,10 May 2021,03:00,0,0,0,0,0,0,No Group
Manchester City Council - Chorlton,Chorlton Place,2021,May,19,Monday,10 May 2021,04:00,3,5,8,3,5,8,No Group
Manchester City Council - Chorlton,Chorlton Place,2021,May,19,Monday,10 May 2021,05:00,1,5,6,1,5,6,No Group
Manchester City Council - Chorlton,Chorlton Place,2021,May,19,Monday,10 May 2021,06:00,4,21,25,4,21,25,No Group
Manchester City Council - Chorlton,Chorlton Place,2021,May,19,Monday,10 May 2021,07:00,15,36,51,15,36,51,No Group
Manchester City Council - Chorlton,Chorlton Place,2021,May,19,Monday,10 May 2021,08:00,29,67,96,29,67,96,No Group
Manchester City Council - Chorlton,Chorlton Place,2021,May,19,Monday,10 May 2021,09:00,67,92,159,67,92,159,No Group
Manchester City Council - Chorlton,Chorlton Place,2021,May,19,Monday,10 May 2021,10:00,90,112,202,90,112,202,No Group
Manchester City Council - Chorlton,Chorlton Place,2021,May,19,Monday,10 May 2021,11:00,96,104,200,96,104,200,No Group
Manchester City Council - Chorlton,Chorlton Place,2021,May,19,Monday,10 May 2021,12:00,142,173,315,142,173,315,No Group
Manchester City Council - Chorlton,Chorlton Place,2021,May,19,Monday,10 May 2021,13:00,175,227,402,175,227,402,No Group
Manchester City Council - Chorlton,Chorlton Place,2021,May,19,Monday,10 May 2021,14:00,135,124,259,135,124,259,No Group
Manchester City Council - Chorlton,Chorlton Place,2021,May,19,Monday,10 May 2021,15:00,116,106,222,116,106,222,No Group
Manchester City Council - Chorlton,Chorlton Place,2021,May,19,Monday,10 May 2021,16:00,88,103,191,88,103,191,No Group
Manchester City Council - Chorlton,Chorlton Place,2021,May,19,Monday,10 May 2021,17:00,132,126,258,132,126,258,No Group
Manchester City Council - Chorlton,Chorlton Place,2021,May,19,Monday,10 May 2021,18:00,61,50,111,61,50,111,No Group
Manchester City Council - Chorlton,Chorlton Place,2021,May,19,Monday,10 May 2021,19:00,36,40,76,36,40,76,No Group
Manchester City Council - Chorlton,Chorlton Place,2021,May,19,Monday,10 May 2021,20:00,21,26,47,21,26,47,No Group
Manchester City Council - Chorlton,Chorlton Place,2021,May,19,Monday,10 May 2021,21:00,14,19,33,14,19,33,No Group
Manchester City Council - Chorlton,Chorlton Place,2021,May,19,Monday,10 May 2021,22:00,8,9,17,8,9,17,No Group
Manchester City Council - Chorlton,Chorlton Place,2021,May,19,Monday,10 May 2021,23:00,9,2,11,9,2,11,No Group
Manchester City Council - Chorlton,Chorlton Place,2021,May,19,Tuesday,11 May 2021,00:00,5,1,6,5,1,6,No Group
Manchester City Council - Chorlton,Chorlton Place,2021,May,19,Tuesday,11 May 2021,01:00,0,0,0,0,0,0,No Group
Manchester City Council - Chorlton,Chorlton Place,2021,May,19,Tuesday,11 May 2021,02:00,3,2,5,3,2,5,No Group
Manchester City Council - Chorlton,Chorlton Place,2021,May,19,Tuesday,11 May 2021,03:00,1,0,1,1,0,1,No Group
Manchester City Council - Chorlton,Chorlton Place,2021,May,19,Tuesday,11 May 2021,04:00,3,5,8,3,5,8,No Group
Manchester City Council - Chorlton,Chorlton Place,2021,May,19,Tuesday,11 May 2021,05:00,2,7,9,2,7,9,No Group
Manchester City Council - Chorlton,Chorlton Place,2021,May,19,Tuesday,11 May 2021,06:00,2,12,14,2,12,14,No Group
Manchester City Council - Chorlton,Chorlton Place,2021,May,19,Tuesday,11 May 2021,07:00,19,56,75,19,56,75,No Group
Manchester City Council - Chorlton,Chorlton Place,2021,May,19,Tuesday,11 May 2021,08:00,42,81,123,42,81,123,No Group
Manchester City Council - Chorlton,Chorlton Place,2021,May,19,Tuesday,11 May 2021,09:00,92,95,187,92,95,187,No Group
Manchester City Council - Chorlton,Chorlton Place,2021,May,19,Tuesday,11 May 2021,10:00,110,113,223,110,113,223,No Group
Manchester City Council - Chorlton,Chorlton Place,2021,May,19,Tuesday,11 May 2021,11:00,113,146,259,113,146,259,No Group
Manchester City Council - Chorlton,Chorlton Place,2021,May,19,Tuesday,11 May 2021,12:00,140,169,309,140,169,309,No Group
Manchester City Council - Chorlton,Chorlton Place,2021,May,19,Tuesday,11 May 2021,13:00,141,173,314,141,173,314,No Group
Manchester City Council - Chorlton,Chorlton Place,2021,May,19,Tuesday,11 May 2021,14:00,132,110,242,132,110,242,No Group
Manchester City Council - Chorlton,Chorlton Place,2021,May,19,Tuesday,11 May 2021,15:00,107,115,222,107,115,222,No Group
Manchester City Council - Chorlton,Chorlton Place,2021,May,19,Tuesday,11 May 2021,16:00,116,109,225,116,109,225,No Group
Manchester City Council - Chorlton,Chorlton Place,2021,May,19,Tuesday,11 May 2021,17:00,80,76,156,80,76,156,No Group
Manchester City Council - Chorlton,Chorlton Place,2021,May,19,Tuesday,11 May 2021,18:00,67,44,111,67,44,111,No Group
Manchester City Council - Chorlton,Chorlton Place,2021,May,19,Tuesday,11 May 2021,19:00,36,35,71,36,35,71,No Group
Manchester City Council - Chorlton,Chorlton Place,2021,May,19,Tuesday,11 May 2021,20:00,26,29,55,26,29,55,No Group
Manchester City Council - Chorlton,Chorlton Place,2021,May,19,Tuesday,11 May 2021,21:00,19,16,35,19,16,35,No Group
Manchester City Council - Chorlton,Chorlton Place,2021,May,19,Tuesday,11 May 2021,22:00,5,9,14,5,9,14,No Group
Manchester City Council - Chorlton,Chorlton Place,2021,May,19,Tuesday,11 May 2021,23:00,4,6,10,4,6,10,No Group
Manchester City Council - Chorlton,Chorlton Place,2021,May,19,Wednesday,12 May 2021,00:00,2,4,6,2,4,6,No Group
Manchester City Council - Chorlton,Chorlton Place,2021,May,19,Wednesday,12 May 2021,01:00,0,0,0,0,0,0,No Group
Manchester City Council - Chorlton,Chorlton Place,2021,May,19,Wednesday,12 May 2021,02:00,0,1,1,0,1,1,No Group
Manchester City Council - Chorlton,Chorlton Place,2021,May,19,Wednesday,12 May 2021,03:00,1,2,3,1,2,3,No Group
Manchester City Council - Chorlton,Chorlton Place,2021,May,19,Wednesday,12 May 2021,04:00,0,1,1,0,1,1,No Group
Manchester City Council - Chorlton,Chorlton Place,2021,May,19,Wednesday,12 May 2021,05:00,2,5,7,2,5,7,No Group
Manchester City Council - Chorlton,Chorlton Place,2021,May,19,Wednesday,12 May 2021,06:00,5,17,22,5,17,22,No Group
Manchester City Council - Chorlton,Chorlton Place,2021,May,19,Wednesday,12 May 2021,07:00,27,44,71,27,44,71,No Group
Manchester City Council - Chorlton,Chorlton Place,2021,May,19,Wednesday,12 May 2021,08:00,35,89,124,35,89,124,No Group
Manchester City Council - Chorlton,Chorlton Place,2021,May,19,Wednesday,12 May 2021,09:00,66,89,155,66,89,155,No Group
Manchester City Council - Chorlton,Chorlton Place,2021,May,19,Wednesday,12 May 2021,10:00,104,108,212,104,108,212,No Group
Manchester City Council - Chorlton,Chorlton Place,2021,May,19,Wednesday,12 May 2021,11:00,115,119,234,115,119,234,No Group
Manchester City Council - Chorlton,Chorlton Place,2021,May,19,Wednesday,12 May 2021,12:00,161,166,327,161,166,327,No Group
Manchester City Council - Chorlton,Chorlton Place,2021,May,19,Wednesday,12 May 2021,13:00,161,171,332,161,171,332,No Group
Manchester City Council - Chorlton,Chorlton Place,2021,May,19,Wednesday,12 May 2021,14:00,179,162,341,179,162,341,No Group
Manchester City Council - Chorlton,Chorlton Place,2021,May,19,Wednesday,12 May 2021,15:00,120,146,266,120,146,266,No Group
Manchester City Council - Chorlton,Chorlton Place,2021,May,19,Wednesday,12 May 2021,16:00,137,130,267,137,130,267,No Group
Manchester City Council - Chorlton,Chorlton Place,2021,May,19,Wednesday,12 May 2021,17:00,72,86,158,72,86,158,No Group
Manchester City Council - Chorlton,Chorlton Place,2021,May,19,Wednesday,12 May 2021,18:00,75,77,152,75,77,152,No Group
Manchester City Council - Chorlton,Chorlton Place,2021,May,19,Wednesday,12 May 2021,19:00,60,39,99,60,39,99,No Group
Manchester City Council - Chorlton,Chorlton Place,2021,May,19,Wednesday,12 May 2021,20:00,37,38,75,37,38,75,No Group
Manchester City Council - Chorlton,Chorlton Place,2021,May,19,Wednesday,12 May 2021,21:00,25,22,47,25,22,47,No Group
Manchester City Council - Chorlton,Chorlton Place,2021,May,19,Wednesday,12 May 2021,22:00,26,10,36,26,10,36,No Group
Manchester City Council - Chorlton,Chorlton Place,2021,May,19,Wednesday,12 May 2021,23:00,6,4,10,6,4,10,No Group
Manchester City Council - Chorlton,Chorlton Place,2021,May,19,Thursday,13 May 2021,00:00,5,2,7,5,2,7,No Group
Manchester City Council - Chorlton,Chorlton Place,2021,May,19,Thursday,13 May 2021,01:00,0,2,2,0,2,2,No Group
Manchester City Council - Chorlton,Chorlton Place,2021,May,19,Thursday,13 May 2021,02:00,1,1,2,1,1,2,No Group
Manchester City Council - Chorlton,Chorlton Place,2021,May,19,Thursday,13 May 2021,03:00,0,0,0,0,0,0,No Group
Manchester City Council - Chorlton,Chorlton Place,2021,May,19,Thursday,13 May 2021,04:00,0,1,1,0,1,1,No Group
Manchester City Council - Chorlton,Chorlton Place,2021,May,19,Thursday,13 May 2021,05:00,4,2,6,4,2,6,No Group
Manchester City Council - Chorlton,Chorlton Place,2021,May,19,Thursday,13 May 2021,06:00,4,18,22,4,18,22,No Group
Manchester City Council - Chorlton,Chorlton Place,2021,May,19,Thursday,13 May 2021,07:00,22,51,73,22,51,73,No Group
Manchester City Council - Chorlton,Chorlton Place,2021,May,19,Thursday,13 May 2021,08:00,55,77,132,55,77,132,No Group
Manchester City Council - Chorlton,Chorlton Place,2021,May,19,Thursday,13 May 2021,09:00,65,90,155,65,90,155,No Group
Manchester City Council - Chorlton,Chorlton Place,2021,May,19,Thursday,13 May 2021,10:00,107,124,231,107,124,231,No Group
Manchester City Council - Chorlton,Chorlton Place,2021,May,19,Thursday,13 May 2021,11:00,110,119,229,110,119,229,No Group
Manchester City Council - Chorlton,Chorlton Place,2021,May,19,Thursday,13 May 2021,12:00,140,143,283,140,143,283,No Group
Manchester City Council - Chorlton,Chorlton Place,2021,May,19,Thursday,13 May 2021,13:00,164,154,318,164,154,318,No Group
Manchester City Council - Chorlton,Chorlton Place,2021,May,19,Thursday,13 May 2021,14:00,144,149,293,144,149,293,No Group
Manchester City Council - Chorlton,Chorlton Place,2021,May,19,Thursday,13 May 2021,15:00,150,151,301,150,151,301,No Group
Manchester City Council - Chorlton,Chorlton Place,2021,May,19,Thursday,13 May 2021,16:00,95,115,210,95,115,210,No Group
Manchester City Council - Chorlton,Chorlton Place,2021,May,19,Thursday,13 May 2021,17:00,70,64,134,70,64,134,No Group
Manchester City Council - Chorlton,Chorlton Place,2021,May,19,Thursday,13 May 2021,18:00,63,53,116,63,53,116,No Group
Manchester City Council - Chorlton,Chorlton Place,2021,May,19,Thursday,13 May 2021,19:00,50,58,108,50,58,108,No Group
Manchester City Council - Chorlton,Chorlton Place,2021,May,19,Thursday,13 May 2021,20:00,22,34,56,22,34,56,No Group
Manchester City Council - Chorlton,Chorlton Place,2021,May,19,Thursday,13 May 2021,21:00,18,13,31,18,13,31,No Group
Manchester City Council - Chorlton,Chorlton Place,2021,May,19,Thursday,13 May 2021,22:00,21,15,36,21,15,36,No Group
Manchester City Council - Chorlton,Chorlton Place,2021,May,19,Thursday,13 May 2021,23:00,10,8,18,10,8,18,No Group
Manchester City Council - Chorlton,Chorlton Place,2021,May,19,Friday,14 May 2021,00:00,5,0,5,5,0,5,No Group
Manchester City Council - Chorlton,Chorlton Place,2021,May,19,Friday,14 May 2021,01:00,0,2,2,0,2,2,No Group
Manchester City Council - Chorlton,Chorlton Place,2021,May,19,Friday,14 May 2021,02:00,1,0,1,1,0,1,No Group
Manchester City Council - Chorlton,Chorlton Place,2021,May,19,Friday,14 May 2021,03:00,3,2,5,3,2,5,No Group
Manchester City Council - Chorlton,Chorlton Place,2021,May,19,Friday,14 May 2021,04:00,1,1,2,1,1,2,No Group
Manchester City Council - Chorlton,Chorlton Place,2021,May,19,Friday,14 May 2021,05:00,2,6,8,2,6,8,No Group
Manchester City Council - Chorlton,Chorlton Place,2021,May,19,Friday,14 May 2021,06:00,8,17,25,8,17,25,No Group
Manchester City Council - Chorlton,Chorlton Place,2021,May,19,Friday,14 May 2021,07:00,17,37,54,17,37,54,No Group
Manchester City Council - Chorlton,Chorlton Place,2021,May,19,Friday,14 May 2021,08:00,41,73,114,41,73,114,No Group
Manchester City Council - Chorlton,Chorlton Place,2021,May,19,Friday,14 May 2021,09:00,85,83,168,85,83,168,No Group
Manchester City Council - Chorlton,Chorlton Place,2021,May,19,Friday,14 May 2021,10:00,109,134,243,109,134,243,No Group
Manchester City Council - Chorlton,Chorlton Place,2021,May,19,Friday,14 May 2021,11:00,165,165,330,165,165,330,No Group
Manchester City Council - Chorlton,Chorlton Place,2021,May,19,Friday,14 May 2021,12:00,142,154,296,142,154,296,No Group
Manchester City Council - Chorlton,Chorlton Place,2021,May,19,Friday,14 May 2021,13:00,166,164,330,166,164,330,No Group
Manchester City Council - Chorlton,Chorlton Place,2021,May,19,Friday,14 May 2021,14:00,171,179,350,171,179,350,No Group
Manchester City Council - Chorlton,Chorlton Place,2021,May,19,Friday,14 May 2021,15:00,162,158,320,162,158,320,No Group
Manchester City Council - Chorlton,Chorlton Place,2021,May,19,Friday,14 May 2021,16:00,122,132,254,122,132,254,No Group
Manchester City Council - Chorlton,Chorlton Place,2021,May,19,Friday,14 May 2021,17:00,98,84,182,98,84,182,No Group
Manchester City Council - Chorlton,Chorlton Place,2021,May,19,Friday,14 May 2021,18:00,72,66,138,72,66,138,No Group
Manchester City Council - Chorlton,Chorlton Place,2021,May,19,Friday,14 May 2021,19:00,57,68,125,57,68,125,No Group
Manchester City Council - Chorlton,Chorlton Place,2021,May,19,Friday,14 May 2021,20:00,47,45,92,47,45,92,No Group
Manchester City Council - Chorlton,Chorlton Place,2021,May,19,Friday,14 May 2021,21:00,46,37,83,46,37,83,No Group
Manchester City Council - Chorlton,Chorlton Place,2021,May,19,Friday,14 May 2021,22:00,28,8,36,28,8,36,No Group
Manchester City Council - Chorlton,Chorlton Place,2021,May,19,Friday,14 May 2021,23:00,11,22,33,11,22,33,No Group
Manchester City Council - Chorlton,Chorlton Place,2021,May,19,Saturday,15 May 2021,00:00,8,3,11,8,3,11,No Group
Manchester City Council - Chorlton,Chorlton Place,2021,May,19,Saturday,15 May 2021,01:00,5,9,14,5,9,14,No Group
Manchester City Council - Chorlton,Chorlton Place,2021,May,19,Saturday,15 May 2021,02:00,1,0,1,1,0,1,No Group
Manchester City Council - Chorlton,Chorlton Place,2021,May,19,Saturday,15 May 2021,03:00,2,2,4,2,2,4,No Group
Manchester City Council - Chorlton,Chorlton Place,2021,May,19,Saturday,15 May 2021,04:00,2,6,8,2,6,8,No Group
Manchester City Council - Chorlton,Chorlton Place,2021,May,19,Saturday,15 May 2021,05:00,2,5,7,2,5,7,No Group
Manchester City Council - Chorlton,Chorlton Place,2021,May,19,Saturday,15 May 2021,06:00,3,9,12,3,9,12,No Group
Manchester City Council - Chorlton,Chorlton Place,2021,May,19,Saturday,15 May 2021,07:00,4,19,23,4,19,23,No Group
Manchester City Council - Chorlton,Chorlton Place,2021,May,19,Saturday,15 May 2021,08:00,43,45,88,43,45,88,No Group
Manchester City Council - Chorlton,Chorlton Place,2021,May,19,Saturday,15 May 2021,09:00,91,89,180,91,89,180,No Group
Manchester City Council - Chorlton,Chorlton Place,2021,May,19,Saturday,15 May 2021,10:00,133,178,311,133,178,311,No Group
Manchester City Council - Chorlton,Chorlton Place,2021,May,19,Saturday,15 May 2021,11:00,227,249,476,227,249,476,No Group
Manchester City Council - Chorlton,Chorlton Place,2021,May,19,Saturday,15 May 2021,12:00,243,271,514,243,271,514,No Group
Manchester City Council - Chorlton,Chorlton Place,2021,May,19,Saturday,15 May 2021,13:00,235,242,477,235,242,477,No Group
Manchester City Council - Chorlton,Chorlton Place,2021,May,19,Saturday,15 May 2021,14:00,266,285,551,266,285,551,No Group
Manchester City Council - Chorlton,Chorlton Place,2021,May,19,Saturday,15 May 2021,15:00,246,266,512,246,266,512,No Group
Manchester City Council - Chorlton,Chorlton Place,2021,May,19,Saturday,15 May 2021,16:00,194,193,387,194,193,387,No Group
Manchester City Council - Chorlton,Chorlton Place,2021,May,19,Saturday,15 May 2021,17:00,93,79,172,93,79,172,No Group
Manchester City Council - Chorlton,Chorlton Place,2021,May,19,Saturday,15 May 2021,18:00,60,58,118,60,58,118,No Group
Manchester City Council - Chorlton,Chorlton Place,2021,May,19,Saturday,15 May 2021,19:00,50,57,107,50,57,107,No Group
Manchester City Council - Chorlton,Chorlton Place,2021,May,19,Saturday,15 May 2021,20:00,42,38,80,42,38,80,No Group
Manchester City Council - Chorlton,Chorlton Place,2021,May,19,Saturday,15 May 2021,21:00,26,26,52,26,26,52,No Group
Manchester City Council - Chorlton,Chorlton Place,2021,May,19,Saturday,15 May 2021,22:00,28,22,50,28,22,50,No Group
Manchester City Council - Chorlton,Chorlton Place,2021,May,19,Saturday,15 May 2021,23:00,8,11,19,8,11,19,No Group
Manchester City Council - Chorlton,Chorlton Place,2021,May,19,Sunday,16 May 2021,00:00,8,2,10,8,2,10,No Group
Manchester City Council - Chorlton,Chorlton Place,2021,May,19,Sunday,16 May 2021,01:00,3,1,4,3,1,4,No Group
Manchester City Council - Chorlton,Chorlton Place,2021,May,19,Sunday,16 May 2021,02:00,0,1,1,0,1,1,No Group
Manchester City Council - Chorlton,Chorlton Place,2021,May,19,Sunday,16 May 2021,03:00,2,0,2,2,0,2,No Group
Manchester City Council - Chorlton,Chorlton Place,2021,May,19,Sunday,16 May 2021,04:00,1,1,2,1,1,2,No Group
Manchester City Council - Chorlton,Chorlton Place,2021,May,19,Sunday,16 May 2021,05:00,1,2,3,1,2,3,No Group
Manchester City Council - Chorlton,Chorlton Place,2021,May,19,Sunday,16 May 2021,06:00,4,6,10,4,6,10,No Group
Manchester City Council - Chorlton,Chorlton Place,2021,May,19,Sunday,16 May 2021,07:00,3,11,14,3,11,14,No Group
Manchester City Council - Chorlton,Chorlton Place,2021,May,19,Sunday,16 May 2021,08:00,10,15,25,10,15,25,No Group
Manchester City Council - Chorlton,Chorlton Place,2021,May,19,Sunday,16 May 2021,09:00,20,28,48,20,28,48,No Group
Manchester City Council - Chorlton,Chorlton Place,2021,May,19,Sunday,16 May 2021,10:00,76,78,154,76,78,154,No Group
Manchester City Council - Chorlton,Chorlton Place,2021,May,19,Sunday,16 May 2021,11:00,117,124,241,117,124,241,No Group
Manchester City Council - Chorlton,Chorlton Place,2021,May,19,Sunday,16 May 2021,12:00,123,150,273,123,150,273,No Group
Manchester City Council - Chorlton,Chorlton Place,2021,May,19,Sunday,16 May 2021,13:00,142,222,364,142,222,364,No Group
Manchester City Council - Chorlton,Chorlton Place,2021,May,19,Sunday,16 May 2021,14:00,139,125,264,139,125,264,No Group
Manchester City Council - Chorlton,Chorlton Place,2021,May,19,Sunday,16 May 2021,15:00,102,100,202,102,100,202,No Group
Manchester City Council - Chorlton,Chorlton Place,2021,May,19,Sunday,16 May 2021,16:00,82,84,166,82,84,166,No Group
Manchester City Council - Chorlton,Chorlton Place,2021,May,19,Sunday,16 May 2021,17:00,46,49,95,46,49,95,No Group
Manchester City Council - Chorlton,Chorlton Place,2021,May,19,Sunday,16 May 2021,18:00,34,51,85,34,51,85,No Group
Manchester City Council - Chorlton,Chorlton Place,2021,May,19,Sunday,16 May 2021,19:00,26,30,56,26,30,56,No Group
Manchester City Council - Chorlton,Chorlton Place,2021,May,19,Sunday,16 May 2021,20:00,16,27,43,16,27,43,No Group
Manchester City Council - Chorlton,Chorlton Place,2021,May,19,Sunday,16 May 2021,21:00,10,13,23,10,13,23,No Group
Manchester City Council - Chorlton,Chorlton Place,2021,May,19,Sunday,16 May 2021,22:00,5,9,14,5,9,14,No Group
Manchester City Council - Chorlton,Chorlton Place,2021,May,19,Sunday,16 May 2021,23:00,4,3,7,4,3,7,No Group
Manchester City Council - Chorlton,Chorlton Place,2021,May,20,Monday,17 May 2021,00:00,4,0,4,4,0,4,No Group
Manchester City Council - Chorlton,Chorlton Place,2021,May,20,Monday,17 May 2021,01:00,0,0,0,0,0,0,No Group
Manchester City Council - Chorlton,Chorlton Place,2021,May,20,Monday,17 May 2021,02:00,1,0,1,1,0,1,No Group
Manchester City Council - Chorlton,Chorlton Place,2021,May,20,Monday,17 May 2021,03:00,1,0,1,1,0,1,No Group
Manchester City Council - Chorlton,Chorlton Place,2021,May,20,Monday,17 May 2021,04:00,0,1,1,0,1,1,No Group
Manchester City Council - Chorlton,Chorlton Place,2021,May,20,Monday,17 May 2021,05:00,3,9,12,3,9,12,No Group
Manchester City Council - Chorlton,Chorlton Place,2021,May,20,Monday,17 May 2021,06:00,8,14,22,8,14,22,No Group
Manchester City Council - Chorlton,Chorlton Place,2021,May,20,Monday,17 May 2021,07:00,18,37,55,18,37,55,No Group
Manchester City Council - Chorlton,Chorlton Place,2021,May,20,Monday,17 May 2021,08:00,54,69,123,54,69,123,No Group
Manchester City Council - Chorlton,Chorlton Place,2021,May,20,Monday,17 May 2021,09:00,83,103,186,83,103,186,No Group
Manchester City Council - Chorlton,Chorlton Place,2021,May,20,Monday,17 May 2021,10:00,96,121,217,96,121,217,No Group
Manchester City Council - Chorlton,Chorlton Place,2021,May,20,Monday,17 May 2021,11:00,106,105,211,106,105,211,No Group
Manchester City Council - Chorlton,Chorlton Place,2021,May,20,Monday,17 May 2021,12:00,130,132,262,130,132,262,No Group
Manchester City Council - Chorlton,Chorlton Place,2021,May,20,Monday,17 May 2021,13:00,130,162,292,130,162,292,No Group
Manchester City Council - Chorlton,Chorlton Place,2021,May,20,Monday,17 May 2021,14:00,122,158,280,122,158,280,No Group
Manchester City Council - Chorlton,Chorlton Place,2021,May,20,Monday,17 May 2021,15:00,118,123,241,118,123,241,No Group
Manchester City Council - Chorlton,Chorlton Place,2021,May,20,Monday,17 May 2021,16:00,100,89,189,100,89,189,No Group
Manchester City Council - Chorlton,Chorlton Place,2021,May,20,Monday,17 May 2021,17:00,81,96,177,81,96,177,No Group
Manchester City Council - Chorlton,Chorlton Place,2021,May,20,Monday,17 May 2021,18:00,57,62,119,57,62,119,No Group
Manchester City Council - Chorlton,Chorlton Place,2021,May,20,Monday,17 May 2021,19:00,49,69,118,49,69,118,No Group
Manchester City Council - Chorlton,Chorlton Place,2021,May,20,Monday,17 May 2021,20:00,42,48,90,42,48,90,No Group
Manchester City Council - Chorlton,Chorlton Place,2021,May,20,Monday,17 May 2021,21:00,26,27,53,26,27,53,No Group
Manchester City Council - Chorlton,Chorlton Place,2021,May,20,Monday,17 May 2021,22:00,21,21,42,21,21,42,No Group
Manchester City Council - Chorlton,Chorlton Place,2021,May,20,Monday,17 May 2021,23:00,8,6,14,8,6,14,No Group
Manchester City Council - Chorlton,Chorlton Place,2021,May,20,Tuesday,18 May 2021,00:00,2,1,3,2,1,3,No Group
Manchester City Council - Chorlton,Chorlton Place,2021,May,20,Tuesday,18 May 2021,01:00,0,0,0,0,0,0,No Group
Manchester City Council - Chorlton,Chorlton Place,2021,May,20,Tuesday,18 May 2021,02:00,0,0,0,0,0,0,No Group
Manchester City Council - Chorlton,Chorlton Place,2021,May,20,Tuesday,18 May 2021,03:00,0,0,0,0,0,0,No Group
Manchester City Council - Chorlton,Chorlton Place,2021,May,20,Tuesday,18 May 2021,04:00,2,4,6,2,4,6,No Group
Manchester City Council - Chorlton,Chorlton Place,2021,May,20,Tuesday,18 May 2021,05:00,6,10,16,6,10,16,No Group
Manchester City Council - Chorlton,Chorlton Place,2021,May,20,Tuesday,18 May 2021,06:00,9,16,25,9,16,25,No Group
Manchester City Council - Chorlton,Chorlton Place,2021,May,20,Tuesday,18 May 2021,07:00,17,51,68,17,51,68,No Group
Manchester City Council - Chorlton,Chorlton Place,2021,May,20,Tuesday,18 May 2021,08:00,56,73,129,56,73,129,No Group
Manchester City Council - Chorlton,Chorlton Place,2021,May,20,Tuesday,18 May 2021,09:00,79,92,171,79,92,171,No Group
Manchester City Council - Chorlton,Chorlton Place,2021,May,20,Tuesday,18 May 2021,10:00,95,119,214,95,119,214,No Group
Manchester City Council - Chorlton,Chorlton Place,2021,May,20,Tuesday,18 May 2021,11:00,155,150,305,155,150,305,No Group
Manchester City Council - Chorlton,Chorlton Place,2021,May,20,Tuesday,18 May 2021,12:00,230,206,436,230,206,436,No Group
Manchester City Council - Chorlton,Chorlton Place,2021,May,20,Tuesday,18 May 2021,13:00,228,234,462,228,234,462,No Group
Manchester City Council - Chorlton,Chorlton Place,2021,May,20,Tuesday,18 May 2021,14:00,156,161,317,156,161,317,No Group
Manchester City Council - Chorlton,Chorlton Place,2021,May,20,Tuesday,18 May 2021,15:00,112,128,240,112,128,240,No Group
Manchester City Council - Chorlton,Chorlton Place,2021,May,20,Tuesday,18 May 2021,16:00,130,113,243,130,113,243,No Group
Manchester City Council - Chorlton,Chorlton Place,2021,May,20,Tuesday,18 May 2021,17:00,94,86,180,94,86,180,No Group
Manchester City Council - Chorlton,Chorlton Place,2021,May,20,Tuesday,18 May 2021,18:00,72,58,130,72,58,130,No Group
Manchester City Council - Chorlton,Chorlton Place,2021,May,20,Tuesday,18 May 2021,19:00,42,44,86,42,44,86,No Group
Manchester City Council - Chorlton,Chorlton Place,2021,May,20,Tuesday,18 May 2021,20:00,32,32,64,32,32,64,No Group
Manchester City Council - Chorlton,Chorlton Place,2021,May,20,Tuesday,18 May 2021,21:00,23,39,62,23,39,62,No Group
Manchester City Council - Chorlton,Chorlton Place,2021,May,20,Tuesday,18 May 2021,22:00,24,28,52,24,28,52,No Group
Manchester City Council - Chorlton,Chorlton Place,2021,May,20,Tuesday,18 May 2021,23:00,14,6,20,14,6,20,No Group
Manchester City Council - Chorlton,Chorlton Place,2021,May,20,Wednesday,19 May 2021,00:00,4,4,8,4,4,8,No Group
Manchester City Council - Chorlton,Chorlton Place,2021,May,20,Wednesday,19 May 2021,01:00,1,4,5,1,4,5,No Group
Manchester City Council - Chorlton,Chorlton Place,2021,May,20,Wednesday,19 May 2021,02:00,0,1,1,0,1,1,No Group
Manchester City Council - Chorlton,Chorlton Place,2021,May,20,Wednesday,19 May 2021,03:00,0,0,0,0,0,0,No Group
Manchester City Council - Chorlton,Chorlton Place,2021,May,20,Wednesday,19 May 2021,04:00,0,1,1,0,1,1,No Group
Manchester City Council - Chorlton,Chorlton Place,2021,May,20,Wednesday,19 May 2021,05:00,0,6,6,0,6,6,No Group
Manchester City Council - Chorlton,Chorlton Place,2021,May,20,Wednesday,19 May 2021,06:00,2,17,19,2,17,19,No Group
Manchester City Council - Chorlton,Chorlton Place,2021,May,20,Wednesday,19 May 2021,07:00,18,47,65,18,47,65,No Group
Manchester City Council - Chorlton,Chorlton Place,2021,May,20,Wednesday,19 May 2021,08:00,50,76,126,50,76,126,No Group
Manchester City Council - Chorlton,Chorlton Place,2021,May,20,Wednesday,19 May 2021,09:00,74,96,170,74,96,170,No Group
Manchester City Council - Chorlton,Chorlton Place,2021,May,20,Wednesday,19 May 2021,10:00,97,106,203,97,106,203,No Group
Manchester City Council - Chorlton,Chorlton Place,2021,May,20,Wednesday,19 May 2021,11:00,114,111,225,114,111,225,No Group
Manchester City Council - Chorlton,Chorlton Place,2021,May,20,Wednesday,19 May 2021,12:00,125,143,268,125,143,268,No Group
Manchester City Council - Chorlton,Chorlton Place,2021,May,20,Wednesday,19 May 2021,13:00,194,177,371,194,177,371,No Group
Manchester City Council - Chorlton,Chorlton Place,2021,May,20,Wednesday,19 May 2021,14:00,179,201,380,179,201,380,No Group
Manchester City Council - Chorlton,Chorlton Place,2021,May,20,Wednesday,19 May 2021,15:00,144,148,292,144,148,292,No Group
Manchester City Council - Chorlton,Chorlton Place,2021,May,20,Wednesday,19 May 2021,16:00,118,115,233,118,115,233,No Group
Manchester City Council - Chorlton,Chorlton Place,2021,May,20,Wednesday,19 May 2021,17:00,96,76,172,96,76,172,No Group
Manchester City Council - Chorlton,Chorlton Place,2021,May,20,Wednesday,19 May 2021,18:00,61,66,127,61,66,127,No Group
Manchester City Council - Chorlton,Chorlton Place,2021,May,20,Wednesday,19 May 2021,19:00,58,46,104,58,46,104,No Group
Manchester City Council - Chorlton,Chorlton Place,2021,May,20,Wednesday,19 May 2021,20:00,35,44,79,35,44,79,No Group
Manchester City Council - Chorlton,Chorlton Place,2021,May,20,Wednesday,19 May 2021,21:00,17,26,43,17,26,43,No Group
Manchester City Council - Chorlton,Chorlton Place,2021,May,20,Wednesday,19 May 2021,22:00,18,21,39,18,21,39,No Group
Manchester City Council - Chorlton,Chorlton Place,2021,May,20,Wednesday,19 May 2021,23:00,17,7,24,17,7,24,No Group
Manchester City Council - Chorlton,Chorlton Place,2021,May,20,Thursday,20 May 2021,00:00,2,2,4,2,2,4,No Group
Manchester City Council - Chorlton,Chorlton Place,2021,May,20,Thursday,20 May 2021,01:00,0,1,1,0,1,1,No Group
Manchester City Council - Chorlton,Chorlton Place,2021,May,20,Thursday,20 May 2021,02:00,0,0,0,0,0,0,No Group
Manchester City Council - Chorlton,Chorlton Place,2021,May,20,Thursday,20 May 2021,03:00,3,1,4,3,1,4,No Group
Manchester City Council - Chorlton,Chorlton Place,2021,May,20,Thursday,20 May 2021,04:00,1,2,3,1,2,3,No Group
Manchester City Council - Chorlton,Chorlton Place,2021,May,20,Thursday,20 May 2021,05:00,1,4,5,1,4,5,No Group
Manchester City Council - Chorlton,Chorlton Place,2021,May,20,Thursday,20 May 2021,06:00,3,16,19,3,16,19,No Group
Manchester City Council - Chorlton,Chorlton Place,2021,May,20,Thursday,20 May 2021,07:00,30,50,80,30,50,80,No Group
Manchester City Council - Chorlton,Chorlton Place,2021,May,20,Thursday,20 May 2021,08:00,50,60,110,50,60,110,No Group
Manchester City Council - Chorlton,Chorlton Place,2021,May,20,Thursday,20 May 2021,09:00,76,103,179,76,103,179,No Group
Manchester City Council - Chorlton,Chorlton Place,2021,May,20,Thursday,20 May 2021,10:00,96,91,187,96,91,187,No Group
Manchester City Council - Chorlton,Chorlton Place,2021,May,20,Thursday,20 May 2021,11:00,91,131,222,91,131,222,No Group
Manchester City Council - Chorlton,Chorlton Place,2021,May,20,Thursday,20 May 2021,12:00,143,151,294,143,151,294,No Group
Manchester City Council - Chorlton,Chorlton Place,2021,May,20,Thursday,20 May 2021,13:00,144,154,298,144,154,298,No Group
Manchester City Council - Chorlton,Chorlton Place,2021,May,20,Thursday,20 May 2021,14:00,107,110,217,107,110,217,No Group
Manchester City Council - Chorlton,Chorlton Place,2021,May,20,Thursday,20 May 2021,15:00,127,111,238,127,111,238,No Group
Manchester City Council - Chorlton,Chorlton Place,2021,May,20,Thursday,20 May 2021,16:00,104,93,197,104,93,197,No Group
Manchester City Council - Chorlton,Chorlton Place,2021,May,20,Thursday,20 May 2021,17:00,118,108,226,118,108,226,No Group
Manchester City Council - Chorlton,Chorlton Place,2021,May,20,Thursday,20 May 2021,18:00,92,90,182,92,90,182,No Group
Manchester City Council - Chorlton,Chorlton Place,2021,May,20,Thursday,20 May 2021,19:00,64,52,116,64,52,116,No Group
Manchester City Council - Chorlton,Chorlton Place,2021,May,20,Thursday,20 May 2021,20:00,40,49,89,40,49,89,No Group
Manchester City Council - Chorlton,Chorlton Place,2021,May,20,Thursday,20 May 2021,21:00,25,38,63,25,38,63,No Group
Manchester City Council - Chorlton,Chorlton Place,2021,May,20,Thursday,20 May 2021,22:00,13,16,29,13,16,29,No Group
Manchester City Council - Chorlton,Chorlton Place,2021,May,20,Thursday,20 May 2021,23:00,11,3,14,11,3,14,No Group
Manchester City Council - Chorlton,Chorlton Place,2021,May,20,Friday,21 May 2021,00:00,3,2,5,3,2,5,No Group
Manchester City Council - Chorlton,Chorlton Place,2021,May,20,Friday,21 May 2021,01:00,1,1,2,1,1,2,No Group
Manchester City Council - Chorlton,Chorlton Place,2021,May,20,Friday,21 May 2021,02:00,0,0,0,0,0,0,No Group
Manchester City Council - Chorlton,Chorlton Place,2021,May,20,Friday,21 May 2021,03:00,0,3,3,0,3,3,No Group
Manchester City Council - Chorlton,Chorlton Place,2021,May,20,Friday,21 May 2021,04:00,2,5,7,2,5,7,No Group
Manchester City Council - Chorlton,Chorlton Place,2021,May,20,Friday,21 May 2021,05:00,6,14,20,6,14,20,No Group
Manchester City Council - Chorlton,Chorlton Place,2021,May,20,Friday,21 May 2021,06:00,17,45,62,17,45,62,No Group
Manchester City Council - Chorlton,Chorlton Place,2021,May,20,Friday,21 May 2021,07:00,23,56,79,23,56,79,No Group
Manchester City Council - Chorlton,Chorlton Place,2021,May,20,Friday,21 May 2021,08:00,43,70,113,43,70,113,No Group
Manchester City Council - Chorlton,Chorlton Place,2021,May,20,Friday,21 May 2021,09:00,114,124,238,114,124,238,No Group
Manchester City Council - Chorlton,Chorlton Place,2021,May,20,Friday,21 May 2021,10:00,139,144,283,139,144,283,No Group
Manchester City Council - Chorlton,Chorlton Place,2021,May,20,Friday,21 May 2021,11:00,122,150,272,122,150,272,No Group
Manchester City Council - Chorlton,Chorlton Place,2021,May,20,Friday,21 May 2021,12:00,178,213,391,178,213,391,No Group
Manchester City Council - Chorlton,Chorlton Place,2021,May,20,Friday,21 May 2021,13:00,178,205,383,178,205,383,No Group
Manchester City Council - Chorlton,Chorlton Place,2021,May,20,Friday,21 May 2021,14:00,178,178,356,178,178,356,No Group
Manchester City Council - Chorlton,Chorlton Place,2021,May,20,Friday,21 May 2021,15:00,147,145,292,147,145,292,No Group
Manchester City Council - Chorlton,Chorlton Place,2021,May,20,Friday,21 May 2021,16:00,131,145,276,131,145,276,No Group
Manchester City Council - Chorlton,Chorlton Place,2021,May,20,Friday,21 May 2021,17:00,92,64,156,92,64,156,No Group
Manchester City Council - Chorlton,Chorlton Place,2021,May,20,Friday,21 May 2021,18:00,86,98,184,86,98,184,No Group
Manchester City Council - Chorlton,Chorlton Place,2021,May,20,Friday,21 May 2021,19:00,72,67,139,72,67,139,No Group
Manchester City Council - Chorlton,Chorlton Place,2021,May,20,Friday,21 May 2021,20:00,39,35,74,39,35,74,No Group
Manchester City Council - Chorlton,Chorlton Place,2021,May,20,Friday,21 May 2021,21:00,30,43,73,30,43,73,No Group
Manchester City Council - Chorlton,Chorlton Place,2021,May,20,Friday,21 May 2021,22:00,22,26,48,22,26,48,No Group
Manchester City Council - Chorlton,Chorlton Place,2021,May,20,Friday,21 May 2021,23:00,14,22,36,14,22,36,No Group
Manchester City Council - Chorlton,Chorlton Place,2021,May,20,Saturday,22 May 2021,00:00,10,11,21,10,11,21,No Group
Manchester City Council - Chorlton,Chorlton Place,2021,May,20,Saturday,22 May 2021,01:00,3,2,5,3,2,5,No Group
Manchester City Council - Chorlton,Chorlton Place,2021,May,20,Saturday,22 May 2021,02:00,2,2,4,2,2,4,No Group
Manchester City Council - Chorlton,Chorlton Place,2021,May,20,Saturday,22 May 2021,03:00,0,1,1,0,1,1,No Group
Manchester City Council - Chorlton,Chorlton Place,2021,May,20,Saturday,22 May 2021,04:00,1,2,3,1,2,3,No Group
Manchester City Council - Chorlton,Chorlton Place,2021,May,20,Saturday,22 May 2021,05:00,2,8,10,2,8,10,No Group
Manchester City Council - Chorlton,Chorlton Place,2021,May,20,Saturday,22 May 2021,06:00,1,11,12,1,11,12,No Group
Manchester City Council - Chorlton,Chorlton Place,2021,May,20,Saturday,22 May 2021,07:00,9,9,18,9,9,18,No Group
Manchester City Council - Chorlton,Chorlton Place,2021,May,20,Saturday,22 May 2021,08:00,48,54,102,48,54,102,No Group
Manchester City Council - Chorlton,Chorlton Place,2021,May,20,Saturday,22 May 2021,09:00,65,74,139,65,74,139,No Group
Manchester City Council - Chorlton,Chorlton Place,2021,May,20,Saturday,22 May 2021,10:00,167,161,328,167,161,328,No Group
Manchester City Council - Chorlton,Chorlton Place,2021,May,20,Saturday,22 May 2021,11:00,165,179,344,165,179,344,No Group
Manchester City Council - Chorlton,Chorlton Place,2021,May,20,Saturday,22 May 2021,12:00,204,224,428,204,224,428,No Group
Manchester City Council - Chorlton,Chorlton Place,2021,May,20,Saturday,22 May 2021,13:00,200,229,429,200,229,429,No Group
Manchester City Council - Chorlton,Chorlton Place,2021,May,20,Saturday,22 May 2021,14:00,269,236,505,269,236,505,No Group
Manchester City Council - Chorlton,Chorlton Place,2021,May,20,Saturday,22 May 2021,15:00,247,246,493,247,246,493,No Group
Manchester City Council - Chorlton,Chorlton Place,2021,May,20,Saturday,22 May 2021,16:00,203,203,406,203,203,406,No Group
Manchester City Council - Chorlton,Chorlton Place,2021,May,20,Saturday,22 May 2021,17:00,94,109,203,94,109,203,No Group
Manchester City Council - Chorlton,Chorlton Place,2021,May,20,Saturday,22 May 2021,18:00,80,70,150,80,70,150,No Group
Manchester City Council - Chorlton,Chorlton Place,2021,May,20,Saturday,22 May 2021,19:00,60,51,111,60,51,111,No Group
Manchester City Council - Chorlton,Chorlton Place,2021,May,20,Saturday,22 May 2021,20:00,63,46,109,63,46,109,No Group
Manchester City Council - Chorlton,Chorlton Place,2021,May,20,Saturday,22 May 2021,21:00,26,44,70,26,44,70,No Group
Manchester City Council - Chorlton,Chorlton Place,2021,May,20,Saturday,22 May 2021,22:00,28,32,60,28,32,60,No Group
Manchester City Council - Chorlton,Chorlton Place,2021,May,20,Saturday,22 May 2021,23:00,14,33,47,14,33,47,No Group
Manchester City Council - Chorlton,Chorlton Place,2021,May,20,Sunday,23 May 2021,00:00,13,9,22,13,9,22,No Group
Manchester City Council - Chorlton,Chorlton Place,2021,May,20,Sunday,23 May 2021,01:00,9,3,12,9,3,12,No Group
Manchester City Council - Chorlton,Chorlton Place,2021,May,20,Sunday,23 May 2021,02:00,2,0,2,2,0,2,No Group
Manchester City Council - Chorlton,Chorlton Place,2021,May,20,Sunday,23 May 2021,03:00,3,5,8,3,5,8,No Group
Manchester City Council - Chorlton,Chorlton Place,2021,May,20,Sunday,23 May 2021,04:00,2,1,3,2,1,3,No Group
Manchester City Council - Chorlton,Chorlton Place,2021,May,20,Sunday,23 May 2021,05:00,0,0,0,0,0,0,No Group
Manchester City Council - Chorlton,Chorlton Place,2021,May,20,Sunday,23 May 2021,06:00,1,5,6,1,5,6,No Group
Manchester City Council - Chorlton,Chorlton Place,2021,May,20,Sunday,23 May 2021,07:00,5,9,14,5,9,14,No Group
Manchester City Council - Chorlton,Chorlton Place,2021,May,20,Sunday,23 May 2021,08:00,15,18,33,15,18,33,No Group
Manchester City Council - Chorlton,Chorlton Place,2021,May,20,Sunday,23 May 2021,09:00,25,28,53,25,28,53,No Group
Manchester City Council - Chorlton,Chorlton Place,2021,May,20,Sunday,23 May 2021,10:00,56,55,111,56,55,111,No Group
Manchester City Council - Chorlton,Chorlton Place,2021,May,20,Sunday,23 May 2021,11:00,85,95,180,85,95,180,No Group
Manchester City Council - Chorlton,Chorlton Place,2021,May,20,Sunday,23 May 2021,12:00,110,81,191,110,81,191,No Group
Manchester City Council - Chorlton,Chorlton Place,2021,May,20,Sunday,23 May 2021,13:00,83,111,194,83,111,194,No Group
Manchester City Council - Chorlton,Chorlton Place,2021,May,20,Sunday,23 May 2021,14:00,94,89,183,94,89,183,No Group
Manchester City Council - Chorlton,Chorlton Place,2021,May,20,Sunday,23 May 2021,15:00,81,89,170,81,89,170,No Group
Manchester City Council - Chorlton,Chorlton Place,2021,May,20,Sunday,23 May 2021,16:00,54,63,117,54,63,117,No Group
Manchester City Council - Chorlton,Chorlton Place,2021,May,20,Sunday,23 May 2021,17:00,79,72,151,79,72,151,No Group
Manchester City Council - Chorlton,Chorlton Place,2021,May,20,Sunday,23 May 2021,18:00,80,91,171,80,91,171,No Group
Manchester City Council - Chorlton,Chorlton Place,2021,May,20,Sunday,23 May 2021,19:00,38,46,84,38,46,84,No Group
Manchester City Council - Chorlton,Chorlton Place,2021,May,20,Sunday,23 May 2021,20:00,23,27,50,23,27,50,No Group
Manchester City Council - Chorlton,Chorlton Place,2021,May,20,Sunday,23 May 2021,21:00,13,14,27,13,14,27,No Group
Manchester City Council - Chorlton,Chorlton Place,2021,May,20,Sunday,23 May 2021,22:00,15,11,26,15,11,26,No Group
Manchester City Council - Chorlton,Chorlton Place,2021,May,20,Sunday,23 May 2021,23:00,3,7,10,3,7,10,No Group
Manchester City Council - Chorlton,Chorlton Place,2021,May,21,Monday,24 May 2021,00:00,4,2,6,4,2,6,No Group
Manchester City Council - Chorlton,Chorlton Place,2021,May,21,Monday,24 May 2021,01:00,0,0,0,0,0,0,No Group
Manchester City Council - Chorlton,Chorlton Place,2021,May,21,Monday,24 May 2021,02:00,1,0,1,1,0,1,No Group
Manchester City Council - Chorlton,Chorlton Place,2021,May,21,Monday,24 May 2021,03:00,0,1,1,0,1,1,No Group
Manchester City Council - Chorlton,Chorlton Place,2021,May,21,Monday,24 May 2021,04:00,0,2,2,0,2,2,No Group
Manchester City Council - Chorlton,Chorlton Place,2021,May,21,Monday,24 May 2021,05:00,1,6,7,1,6,7,No Group
Manchester City Council - Chorlton,Chorlton Place,2021,May,21,Monday,24 May 2021,06:00,4,20,24,4,20,24,No Group
Manchester City Council - Chorlton,Chorlton Place,2021,May,21,Monday,24 May 2021,07:00,16,41,57,16,41,57,No Group
Manchester City Council - Chorlton,Chorlton Place,2021,May,21,Monday,24 May 2021,08:00,58,78,136,58,78,136,No Group
Manchester City Council - Chorlton,Chorlton Place,2021,May,21,Monday,24 May 2021,09:00,69,91,160,69,91,160,No Group
Manchester City Council - Chorlton,Chorlton Place,2021,May,21,Monday,24 May 2021,10:00,94,108,202,94,108,202,No Group
Manchester City Council - Chorlton,Chorlton Place,2021,May,21,Monday,24 May 2021,11:00,90,104,194,90,104,194,No Group
Manchester City Council - Chorlton,Chorlton Place,2021,May,21,Monday,24 May 2021,12:00,118,124,242,118,124,242,No Group
Manchester City Council - Chorlton,Chorlton Place,2021,May,21,Monday,24 May 2021,13:00,135,130,265,135,130,265,No Group
Manchester City Council - Chorlton,Chorlton Place,2021,May,21,Monday,24 May 2021,14:00,101,121,222,101,121,222,No Group
Manchester City Council - Chorlton,Chorlton Place,2021,May,21,Monday,24 May 2021,15:00,100,116,216,100,116,216,No Group
Manchester City Council - Chorlton,Chorlton Place,2021,May,21,Monday,24 May 2021,16:00,116,114,230,116,114,230,No Group
Manchester City Council - Chorlton,Chorlton Place,2021,May,21,Monday,24 May 2021,17:00,85,88,173,85,88,173,No Group
Manchester City Council - Chorlton,Chorlton Place,2021,May,21,Monday,24 May 2021,18:00,80,48,128,80,48,128,No Group
Manchester City Council - Chorlton,Chorlton Place,2021,May,21,Monday,24 May 2021,19:00,54,64,118,54,64,118,No Group
Manchester City Council - Chorlton,Chorlton Place,2021,May,21,Monday,24 May 2021,20:00,34,47,81,34,47,81,No Group
Manchester City Council - Chorlton,Chorlton Place,2021,May,21,Monday,24 May 2021,21:00,27,27,54,27,27,54,No Group
Manchester City Council - Chorlton,Chorlton Place,2021,May,21,Monday,24 May 2021,22:00,17,17,34,17,17,34,No Group
Manchester City Council - Chorlton,Chorlton Place,2021,May,21,Monday,24 May 2021,23:00,8,4,12,8,4,12,No Group
Manchester City Council - Chorlton,Chorlton Place,2021,May,21,Tuesday,25 May 2021,00:00,1,3,4,1,3,4,No Group
Manchester City Council - Chorlton,Chorlton Place,2021,May,21,Tuesday,25 May 2021,01:00,2,1,3,2,1,3,No Group
Manchester City Council - Chorlton,Chorlton Place,2021,May,21,Tuesday,25 May 2021,02:00,0,1,1,0,1,1,No Group
Manchester City Council - Chorlton,Chorlton Place,2021,May,21,Tuesday,25 May 2021,03:00,15,15,30,15,15,30,No Group
Manchester City Council - Chorlton,Chorlton Place,2021,May,21,Tuesday,25 May 2021,04:00,7,7,14,7,7,14,No Group
Manchester City Council - Chorlton,Chorlton Place,2021,May,21,Tuesday,25 May 2021,05:00,4,9,13,4,9,13,No Group
Manchester City Council - Chorlton,Chorlton Place,2021,May,21,Tuesday,25 May 2021,06:00,6,23,29,6,23,29,No Group
Manchester City Council - Chorlton,Chorlton Place,2021,May,21,Tuesday,25 May 2021,07:00,29,65,94,29,65,94,No Group
Manchester City Council - Chorlton,Chorlton Place,2021,May,21,Tuesday,25 May 2021,08:00,49,62,111,49,62,111,No Group
Manchester City Council - Chorlton,Chorlton Place,2021,May,21,Tuesday,25 May 2021,09:00,71,81,152,71,81,152,No Group
Manchester City Council - Chorlton,Chorlton Place,2021,May,21,Tuesday,25 May 2021,10:00,74,86,160,74,86,160,No Group
Manchester City Council - Chorlton,Chorlton Place,2021,May,21,Tuesday,25 May 2021,11:00,108,117,225,108,117,225,No Group
Manchester City Council - Chorlton,Chorlton Place,2021,May,21,Tuesday,25 May 2021,12:00,111,109,220,111,109,220,No Group
Manchester City Council - Chorlton,Chorlton Place,2021,May,21,Tuesday,25 May 2021,13:00,129,138,267,129,138,267,No Group
Manchester City Council - Chorlton,Chorlton Place,2021,May,21,Tuesday,25 May 2021,14:00,112,126,238,112,126,238,No Group
Manchester City Council - Chorlton,Chorlton Place,2021,May,21,Tuesday,25 May 2021,15:00,117,125,242,117,125,242,No Group
Manchester City Council - Chorlton,Chorlton Place,2021,May,21,Tuesday,25 May 2021,16:00,107,96,203,107,96,203,No Group
Manchester City Council - Chorlton,Chorlton Place,2021,May,21,Tuesday,25 May 2021,17:00,99,73,172,99,73,172,No Group
Manchester City Council - Chorlton,Chorlton Place,2021,May,21,Tuesday,25 May 2021,18:00,67,75,142,67,75,142,No Group
Manchester City Council - Chorlton,Chorlton Place,2021,May,21,Tuesday,25 May 2021,19:00,59,42,101,59,42,101,No Group
Manchester City Council - Chorlton,Chorlton Place,2021,May,21,Tuesday,25 May 2021,20:00,30,28,58,30,28,58,No Group
Manchester City Council - Chorlton,Chorlton Place,2021,May,21,Tuesday,25 May 2021,21:00,23,34,57,23,34,57,No Group
Manchester City Council - Chorlton,Chorlton Place,2021,May,21,Tuesday,25 May 2021,22:00,13,18,31,13,18,31,No Group
Manchester City Council - Chorlton,Chorlton Place,2021,May,21,Tuesday,25 May 2021,23:00,8,7,15,8,7,15,No Group
Manchester City Council - Chorlton,Chorlton Place,2021,May,21,Wednesday,26 May 2021,00:00,2,0,2,2,0,2,No Group
Manchester City Council - Chorlton,Chorlton Place,2021,May,21,Wednesday,26 May 2021,01:00,0,1,1,0,1,1,No Group
Manchester City Council - Chorlton,Chorlton Place,2021,May,21,Wednesday,26 May 2021,02:00,1,0,1,1,0,1,No Group
Manchester City Council - Chorlton,Chorlton Place,2021,May,21,Wednesday,26 May 2021,03:00,0,0,0,0,0,0,No Group
Manchester City Council - Chorlton,Chorlton Place,2021,May,21,Wednesday,26 May 2021,04:00,0,1,1,0,1,1,No Group
Manchester City Council - Chorlton,Chorlton Place,2021,May,21,Wednesday,26 May 2021,05:00,3,7,10,3,7,10,No Group
Manchester City Council - Chorlton,Chorlton Place,2021,May,21,Wednesday,26 May 2021,06:00,12,24,36,12,24,36,No Group
Manchester City Council - Chorlton,Chorlton Place,2021,May,21,Wednesday,26 May 2021,07:00,17,40,57,17,40,57,No Group
Manchester City Council - Chorlton,Chorlton Place,2021,May,21,Wednesday,26 May 2021,08:00,41,72,113,41,72,113,No Group
Manchester City Council - Chorlton,Chorlton Place,2021,May,21,Wednesday,26 May 2021,09:00,63,78,141,63,78,141,No Group
Manchester City Council - Chorlton,Chorlton Place,2021,May,21,Wednesday,26 May 2021,10:00,82,90,172,82,90,172,No Group
Manchester City Council - Chorlton,Chorlton Place,2021,May,21,Wednesday,26 May 2021,11:00,101,97,198,101,97,198,No Group
Manchester City Council - Chorlton,Chorlton Place,2021,May,21,Wednesday,26 May 2021,12:00,133,155,288,133,155,288,No Group
Manchester City Council - Chorlton,Chorlton Place,2021,May,21,Wednesday,26 May 2021,13:00,123,147,270,123,147,270,No Group
Manchester City Council - Chorlton,Chorlton Place,2021,May,21,Wednesday,26 May 2021,14:00,130,131,261,130,131,261,No Group
Manchester City Council - Chorlton,Chorlton Place,2021,May,21,Wednesday,26 May 2021,15:00,140,128,268,140,128,268,No Group
Manchester City Council - Chorlton,Chorlton Place,2021,May,21,Wednesday,26 May 2021,16:00,122,102,224,122,102,224,No Group
Manchester City Council - Chorlton,Chorlton Place,2021,May,21,Wednesday,26 May 2021,17:00,93,94,187,93,94,187,No Group
Manchester City Council - Chorlton,Chorlton Place,2021,May,21,Wednesday,26 May 2021,18:00,76,58,134,76,58,134,No Group
Manchester City Council - Chorlton,Chorlton Place,2021,May,21,Wednesday,26 May 2021,19:00,65,68,133,65,68,133,No Group
Manchester City Council - Chorlton,Chorlton Place,2021,May,21,Wednesday,26 May 2021,20:00,48,32,80,48,32,80,No Group
Manchester City Council - Chorlton,Chorlton Place,2021,May,21,Wednesday,26 May 2021,21:00,27,29,56,27,29,56,No Group
Manchester City Council - Chorlton,Chorlton Place,2021,May,21,Wednesday,26 May 2021,22:00,24,39,63,24,39,63,No Group
Manchester City Council - Chorlton,Chorlton Place,2021,May,21,Wednesday,26 May 2021,23:00,24,41,65,24,41,65,No Group
Manchester City Council - Chorlton,Chorlton Place,2021,May,21,Thursday,27 May 2021,00:00,9,3,12,9,3,12,No Group
Manchester City Council - Chorlton,Chorlton Place,2021,May,21,Thursday,27 May 2021,01:00,0,0,0,0,0,0,No Group
Manchester City Council - Chorlton,Chorlton Place,2021,May,21,Thursday,27 May 2021,02:00,0,0,0,0,0,0,No Group
Manchester City Council - Chorlton,Chorlton Place,2021,May,21,Thursday,27 May 2021,03:00,0,0,0,0,0,0,No Group
Manchester City Council - Chorlton,Chorlton Place,2021,May,21,Thursday,27 May 2021,04:00,0,2,2,0,2,2,No Group
Manchester City Council - Chorlton,Chorlton Place,2021,May,21,Thursday,27 May 2021,05:00,2,5,7,2,5,7,No Group
Manchester City Council - Chorlton,Chorlton Place,2021,May,21,Thursday,27 May 2021,06:00,4,22,26,4,22,26,No Group
Manchester City Council - Chorlton,Chorlton Place,2021,May,21,Thursday,27 May 2021,07:00,13,37,50,13,37,50,No Group
Manchester City Council - Chorlton,Chorlton Place,2021,May,21,Thursday,27 May 2021,08:00,37,73,110,37,73,110,No Group
Manchester City Council - Chorlton,Chorlton Place,2021,May,21,Thursday,27 May 2021,09:00,90,103,193,90,103,193,No Group
Manchester City Council - Chorlton,Chorlton Place,2021,May,21,Thursday,27 May 2021,10:00,121,115,236,121,115,236,No Group
Manchester City Council - Chorlton,Chorlton Place,2021,May,21,Thursday,27 May 2021,11:00,115,153,268,115,153,268,No Group
Manchester City Council - Chorlton,Chorlton Place,2021,May,21,Thursday,27 May 2021,12:00,159,161,320,159,161,320,No Group
Manchester City Council - Chorlton,Chorlton Place,2021,May,21,Thursday,27 May 2021,13:00,133,153,286,133,153,286,No Group
Manchester City Council - Chorlton,Chorlton Place,2021,May,21,Thursday,27 May 2021,14:00,150,148,298,150,148,298,No Group
Manchester City Council - Chorlton,Chorlton Place,2021,May,21,Thursday,27 May 2021,15:00,137,126,263,137,126,263,No Group
Manchester City Council - Chorlton,Chorlton Place,2021,May,21,Thursday,27 May 2021,16:00,105,132,237,105,132,237,No Group
Manchester City Council - Chorlton,Chorlton Place,2021,May,21,Thursday,27 May 2021,17:00,89,101,190,89,101,190,No Group
Manchester City Council - Chorlton,Chorlton Place,2021,May,21,Thursday,27 May 2021,18:00,84,77,161,84,77,161,No Group
Manchester City Council - Chorlton,Chorlton Place,2021,May,21,Thursday,27 May 2021,19:00,47,59,106,47,59,106,No Group
Manchester City Council - Chorlton,Chorlton Place,2021,May,21,Thursday,27 May 2021,20:00,41,53,94,41,53,94,No Group
Manchester City Council - Chorlton,Chorlton Place,2021,May,21,Thursday,27 May 2021,21:00,25,16,41,25,16,41,No Group
Manchester City Council - Chorlton,Chorlton Place,2021,May,21,Thursday,27 May 2021,22:00,16,24,40,16,24,40,No Group
Manchester City Council - Chorlton,Chorlton Place,2021,May,21,Thursday,27 May 2021,23:00,17,10,27,17,10,27,No Group
Manchester City Council - Chorlton,Chorlton Place,2021,May,21,Friday,28 May 2021,00:00,7,5,12,7,5,12,No Group
Manchester City Council - Chorlton,Chorlton Place,2021,May,21,Friday,28 May 2021,01:00,2,0,2,2,0,2,No Group
Manchester City Council - Chorlton,Chorlton Place,2021,May,21,Friday,28 May 2021,02:00,3,2,5,3,2,5,No Group
Manchester City Council - Chorlton,Chorlton Place,2021,May,21,Friday,28 May 2021,03:00,0,0,0,0,0,0,No Group
Manchester City Council - Chorlton,Chorlton Place,2021,May,21,Friday,28 May 2021,04:00,1,3,4,1,3,4,No Group
Manchester City Council - Chorlton,Chorlton Place,2021,May,21,Friday,28 May 2021,05:00,2,8,10,2,8,10,No Group
Manchester City Council - Chorlton,Chorlton Place,2021,May,21,Friday,28 May 2021,06:00,3,12,15,3,12,15,No Group
Manchester City Council - Chorlton,Chorlton Place,2021,May,21,Friday,28 May 2021,07:00,24,57,81,24,57,81,No Group
Manchester City Council - Chorlton,Chorlton Place,2021,May,21,Friday,28 May 2021,08:00,58,74,132,58,74,132,No Group
Manchester City Council - Chorlton,Chorlton Place,2021,May,21,Friday,28 May 2021,09:00,72,85,157,72,85,157,No Group
Manchester City Council - Chorlton,Chorlton Place,2021,May,21,Friday,28 May 2021,10:00,117,129,246,117,129,246,No Group
Manchester City Council - Chorlton,Chorlton Place,2021,May,21,Friday,28 May 2021,11:00,171,156,327,171,156,327,No Group
Manchester City Council - Chorlton,Chorlton Place,2021,May,21,Friday,28 May 2021,12:00,161,174,335,161,174,335,No Group
Manchester City Council - Chorlton,Chorlton Place,2021,May,21,Friday,28 May 2021,13:00,150,160,310,150,160,310,No Group
Manchester City Council - Chorlton,Chorlton Place,2021,May,21,Friday,28 May 2021,14:00,164,172,336,164,172,336,No Group
Manchester City Council - Chorlton,Chorlton Place,2021,May,21,Friday,28 May 2021,15:00,154,130,284,154,130,284,No Group
Manchester City Council - Chorlton,Chorlton Place,2021,May,21,Friday,28 May 2021,16:00,116,136,252,116,136,252,No Group
Manchester City Council - Chorlton,Chorlton Place,2021,May,21,Friday,28 May 2021,17:00,89,98,187,89,98,187,No Group
Manchester City Council - Chorlton,Chorlton Place,2021,May,21,Friday,28 May 2021,18:00,83,66,149,83,66,149,No Group
Manchester City Council - Chorlton,Chorlton Place,2021,May,21,Friday,28 May 2021,19:00,75,79,154,75,79,154,No Group
Manchester City Council - Chorlton,Chorlton Place,2021,May,21,Friday,28 May 2021,20:00,47,45,92,47,45,92,No Group
Manchester City Council - Chorlton,Chorlton Place,2021,May,21,Friday,28 May 2021,21:00,47,52,99,47,52,99,No Group
Manchester City Council - Chorlton,Chorlton Place,2021,May,21,Friday,28 May 2021,22:00,43,28,71,43,28,71,No Group
Manchester City Council - Chorlton,Chorlton Place,2021,May,21,Friday,28 May 2021,23:00,29,45,74,29,45,74,No Group
Manchester City Council - Chorlton,Chorlton Place,2021,May,21,Saturday,29 May 2021,00:00,14,17,31,14,17,31,No Group
Manchester City Council - Chorlton,Chorlton Place,2021,May,21,Saturday,29 May 2021,01:00,16,10,26,16,10,26,No Group
Manchester City Council - Chorlton,Chorlton Place,2021,May,21,Saturday,29 May 2021,02:00,3,0,3,3,0,3,No Group
Manchester City Council - Chorlton,Chorlton Place,2021,May,21,Saturday,29 May 2021,03:00,0,1,1,0,1,1,No Group
Manchester City Council - Chorlton,Chorlton Place,2021,May,21,Saturday,29 May 2021,04:00,2,2,4,2,2,4,No Group
Manchester City Council - Chorlton,Chorlton Place,2021,May,21,Saturday,29 May 2021,05:00,2,4,6,2,4,6,No Group
Manchester City Council - Chorlton,Chorlton Place,2021,May,21,Saturday,29 May 2021,06:00,1,6,7,1,6,7,No Group
Manchester City Council - Chorlton,Chorlton Place,2021,May,21,Saturday,29 May 2021,07:00,10,14,24,10,14,24,No Group
Manchester City Council - Chorlton,Chorlton Place,2021,May,21,Saturday,29 May 2021,08:00,39,38,77,39,38,77,No Group
Manchester City Council - Chorlton,Chorlton Place,2021,May,21,Saturday,29 May 2021,09:00,91,122,213,91,122,213,No Group
Manchester City Council - Chorlton,Chorlton Place,2021,May,21,Saturday,29 May 2021,10:00,120,146,266,120,146,266,No Group
Manchester City Council - Chorlton,Chorlton Place,2021,May,21,Saturday,29 May 2021,11:00,156,183,339,156,183,339,No Group
Manchester City Council - Chorlton,Chorlton Place,2021,May,21,Saturday,29 May 2021,12:00,182,180,362,182,180,362,No Group
Manchester City Council - Chorlton,Chorlton Place,2021,May,21,Saturday,29 May 2021,13:00,179,209,388,179,209,388,No Group
Manchester City Council - Chorlton,Chorlton Place,2021,May,21,Saturday,29 May 2021,14:00,196,189,385,196,189,385,No Group
Manchester City Council - Chorlton,Chorlton Place,2021,May,21,Saturday,29 May 2021,15:00,183,187,370,183,187,370,No Group
Manchester City Council - Chorlton,Chorlton Place,2021,May,21,Saturday,29 May 2021,16:00,138,124,262,138,124,262,No Group
Manchester City Council - Chorlton,Chorlton Place,2021,May,21,Saturday,29 May 2021,17:00,111,78,189,111,78,189,No Group
Manchester City Council - Chorlton,Chorlton Place,2021,May,21,Saturday,29 May 2021,18:00,74,78,152,74,78,152,No Group
Manchester City Council - Chorlton,Chorlton Place,2021,May,21,Saturday,29 May 2021,19:00,83,84,167,83,84,167,No Group
Manchester City Council - Chorlton,Chorlton Place,2021,May,21,Saturday,29 May 2021,20:00,41,46,87,41,46,87,No Group
Manchester City Council - Chorlton,Chorlton Place,2021,May,21,Saturday,29 May 2021,21:00,28,44,72,28,44,72,No Group
Manchester City Council - Chorlton,Chorlton Place,2021,May,21,Saturday,29 May 2021,22:00,21,21,42,21,21,42,No Group
Manchester City Council - Chorlton,Chorlton Place,2021,May,21,Saturday,29 May 2021,23:00,27,34,61,27,34,61,No Group
Manchester City Council - Chorlton,Chorlton Place,2021,May,21,Sunday,30 May 2021,00:00,15,5,20,15,5,20,No Group
Manchester City Council - Chorlton,Chorlton Place,2021,May,21,Sunday,30 May 2021,01:00,16,4,20,16,4,20,No Group
Manchester City Council - Chorlton,Chorlton Place,2021,May,21,Sunday,30 May 2021,02:00,1,3,4,1,3,4,No Group
Manchester City Council - Chorlton,Chorlton Place,2021,May,21,Sunday,30 May 2021,03:00,1,1,2,1,1,2,No Group
Manchester City Council - Chorlton,Chorlton Place,2021,May,21,Sunday,30 May 2021,04:00,2,5,7,2,5,7,No Group
Manchester City Council - Chorlton,Chorlton Place,2021,May,21,Sunday,30 May 2021,05:00,0,1,1,0,1,1,No Group
Manchester City Council - Chorlton,Chorlton Place,2021,May,21,Sunday,30 May 2021,06:00,2,1,3,2,1,3,No Group
Manchester City Council - Chorlton,Chorlton Place,2021,May,21,Sunday,30 May 2021,07:00,1,13,14,1,13,14,No Group
Manchester City Council - Chorlton,Chorlton Place,2021,May,21,Sunday,30 May 2021,08:00,23,26,49,23,26,49,No Group
Manchester City Council - Chorlton,Chorlton Place,2021,May,21,Sunday,30 May 2021,09:00,36,28,64,36,28,64,No Group
Manchester City Council - Chorlton,Chorlton Place,2021,May,21,Sunday,30 May 2021,10:00,55,71,126,55,71,126,No Group
Manchester City Council - Chorlton,Chorlton Place,2021,May,21,Sunday,30 May 2021,11:00,88,77,165,88,77,165,No Group
Manchester City Council - Chorlton,Chorlton Place,2021,May,21,Sunday,30 May 2021,12:00,129,159,288,129,159,288,No Group
Manchester City Council - Chorlton,Chorlton Place,2021,May,21,Sunday,30 May 2021,13:00,145,174,319,145,174,319,No Group
Manchester City Council - Chorlton,Chorlton Place,2021,May,21,Sunday,30 May 2021,14:00,117,126,243,117,126,243,No Group
Manchester City Council - Chorlton,Chorlton Place,2021,May,21,Sunday,30 May 2021,15:00,110,91,201,110,91,201,No Group
Manchester City Council - Chorlton,Chorlton Place,2021,May,21,Sunday,30 May 2021,16:00,82,82,164,82,82,164,No Group
Manchester City Council - Chorlton,Chorlton Place,2021,May,21,Sunday,30 May 2021,17:00,61,65,126,61,65,126,No Group
Manchester City Council - Chorlton,Chorlton Place,2021,May,21,Sunday,30 May 2021,18:00,56,71,127,56,71,127,No Group
Manchester City Council - Chorlton,Chorlton Place,2021,May,21,Sunday,30 May 2021,19:00,53,65,118,53,65,118,No Group
Manchester City Council - Chorlton,Chorlton Place,2021,May,21,Sunday,30 May 2021,20:00,31,52,83,31,52,83,No Group
Manchester City Council - Chorlton,Chorlton Place,2021,May,21,Sunday,30 May 2021,21:00,32,37,69,32,37,69,No Group
Manchester City Council - Chorlton,Chorlton Place,2021,May,21,Sunday,30 May 2021,22:00,22,19,41,22,19,41,No Group
Manchester City Council - Chorlton,Chorlton Place,2021,May,21,Sunday,30 May 2021,23:00,17,8,25,17,8,25,No Group
Manchester City Council - Chorlton,Chorlton Place,2021,June,22,Monday,31 May 2021,00:00,25,10,35,25,10,35,No Group
Manchester City Council - Chorlton,Chorlton Place,2021,June,22,Monday,31 May 2021,01:00,2,5,7,2,5,7,No Group
Manchester City Council - Chorlton,Chorlton Place,2021,June,22,Monday,31 May 2021,02:00,1,0,1,1,0,1,No Group
Manchester City Council - Chorlton,Chorlton Place,2021,June,22,Monday,31 May 2021,03:00,5,0,5,5,0,5,No Group
Manchester City Council - Chorlton,Chorlton Place,2021,June,22,Monday,31 May 2021,04:00,3,4,7,3,4,7,No Group
Manchester City Council - Chorlton,Chorlton Place,2021,June,22,Monday,31 May 2021,05:00,7,7,14,7,7,14,No Group
Manchester City Council - Chorlton,Chorlton Place,2021,June,22,Monday,31 May 2021,06:00,1,7,8,1,7,8,No Group
Manchester City Council - Chorlton,Chorlton Place,2021,June,22,Monday,31 May 2021,07:00,2,11,13,2,11,13,No Group
Manchester City Council - Chorlton,Chorlton Place,2021,June,22,Monday,31 May 2021,08:00,11,21,32,11,21,32,No Group
Manchester City Council - Chorlton,Chorlton Place,2021,June,22,Monday,31 May 2021,09:00,39,51,90,39,51,90,No Group
Manchester City Council - Chorlton,Chorlton Place,2021,June,22,Monday,31 May 2021,10:00,83,97,180,83,97,180,No Group
Manchester City Council - Chorlton,Chorlton Place,2021,June,22,Monday,31 May 2021,11:00,121,115,236,121,115,236,No Group
Manchester City Council - Chorlton,Chorlton Place,2021,June,22,Monday,31 May 2021,12:00,130,130,260,130,130,260,No Group
Manchester City Council - Chorlton,Chorlton Place,2021,June,22,Monday,31 May 2021,13:00,179,170,349,179,170,349,No Group
Manchester City Council - Chorlton,Chorlton Place,2021,June,22,Monday,31 May 2021,14:00,170,145,315,170,145,315,No Group
Manchester City Council - Chorlton,Chorlton Place,2021,June,22,Monday,31 May 2021,15:00,112,116,228,112,116,228,No Group
Manchester City Council - Chorlton,Chorlton Place,2021,June,22,Monday,31 May 2021,16:00,104,76,180,104,76,180,No Group
Manchester City Council - Chorlton,Chorlton Place,2021,June,22,Monday,31 May 2021,17:00,80,55,135,80,55,135,No Group
Manchester City Council - Chorlton,Chorlton Place,2021,June,22,Monday,31 May 2021,18:00,62,62,124,62,62,124,No Group
Manchester City Council - Chorlton,Chorlton Place,2021,June,22,Monday,31 May 2021,19:00,62,69,131,62,69,131,No Group
Manchester City Council - Chorlton,Chorlton Place,2021,June,22,Monday,31 May 2021,20:00,29,43,72,29,43,72,No Group
Manchester City Council - Chorlton,Chorlton Place,2021,June,22,Monday,31 May 2021,21:00,21,42,63,21,42,63,No Group
Manchester City Council - Chorlton,Chorlton Place,2021,June,22,Monday,31 May 2021,22:00,18,37,55,18,37,55,No Group
Manchester City Council - Chorlton,Chorlton Place,2021,June,22,Monday,31 May 2021,23:00,16,5,21,16,5,21,No Group
Manchester City Council - Chorlton,Chorlton Place,2021,June,22,Tuesday,01 Jun 2021,00:00,4,5,9,4,5,9,No Group
Manchester City Council - Chorlton,Chorlton Place,2021,June,22,Tuesday,01 Jun 2021,01:00,2,2,4,2,2,4,No Group
Manchester City Council - Chorlton,Chorlton Place,2021,June,22,Tuesday,01 Jun 2021,02:00,0,0,0,0,0,0,No Group
Manchester City Council - Chorlton,Chorlton Place,2021,June,22,Tuesday,01 Jun 2021,03:00,1,1,2,1,1,2,No Group
Manchester City Council - Chorlton,Chorlton Place,2021,June,22,Tuesday,01 Jun 2021,04:00,0,4,4,0,4,4,No Group
Manchester City Council - Chorlton,Chorlton Place,2021,June,22,Tuesday,01 Jun 2021,05:00,4,7,11,4,7,11,No Group
Manchester City Council - Chorlton,Chorlton Place,2021,June,22,Tuesday,01 Jun 2021,06:00,7,11,18,7,11,18,No Group
Manchester City Council - Chorlton,Chorlton Place,2021,June,22,Tuesday,01 Jun 2021,07:00,16,33,49,16,33,49,No Group
Manchester City Council - Chorlton,Chorlton Place,2021,June,22,Tuesday,01 Jun 2021,08:00,33,53,86,33,53,86,No Group
Manchester City Council - Chorlton,Chorlton Place,2021,June,22,Tuesday,01 Jun 2021,09:00,75,109,184,75,109,184,No Group
Manchester City Council - Chorlton,Chorlton Place,2021,June,22,Tuesday,01 Jun 2021,10:00,107,113,220,107,113,220,No Group
Manchester City Council - Chorlton,Chorlton Place,2021,June,22,Tuesday,01 Jun 2021,11:00,117,142,259,117,142,259,No Group
Manchester City Council - Chorlton,Chorlton Place,2021,June,22,Tuesday,01 Jun 2021,12:00,219,227,446,219,227,446,No Group
Manchester City Council - Chorlton,Chorlton Place,2021,June,22,Tuesday,01 Jun 2021,13:00,204,256,460,204,256,460,No Group
Manchester City Council - Chorlton,Chorlton Place,2021,June,22,Tuesday,01 Jun 2021,14:00,207,196,403,207,196,403,No Group
Manchester City Council - Chorlton,Chorlton Place,2021,June,22,Tuesday,01 Jun 2021,15:00,131,130,261,131,130,261,No Group
Manchester City Council - Chorlton,Chorlton Place,2021,June,22,Tuesday,01 Jun 2021,16:00,114,131,245,114,131,245,No Group
Manchester City Council - Chorlton,Chorlton Place,2021,June,22,Tuesday,01 Jun 2021,17:00,115,85,200,115,85,200,No Group
Manchester City Council - Chorlton,Chorlton Place,2021,June,22,Tuesday,01 Jun 2021,18:00,77,76,153,77,76,153,No Group
Manchester City Council - Chorlton,Chorlton Place,2021,June,22,Tuesday,01 Jun 2021,19:00,49,59,108,49,59,108,No Group
Manchester City Council - Chorlton,Chorlton Place,2021,June,22,Tuesday,01 Jun 2021,20:00,46,50,96,46,50,96,No Group
Manchester City Council - Chorlton,Chorlton Place,2021,June,22,Tuesday,01 Jun 2021,21:00,27,20,47,27,20,47,No Group
Manchester City Council - Chorlton,Chorlton Place,2021,June,22,Tuesday,01 Jun 2021,22:00,26,19,45,26,19,45,No Group
Manchester City Council - Chorlton,Chorlton Place,2021,June,22,Tuesday,01 Jun 2021,23:00,9,7,16,9,7,16,No Group
Manchester City Council - Chorlton,Chorlton Place,2021,June,22,Wednesday,02 Jun 2021,00:00,9,6,15,9,6,15,No Group
Manchester City Council - Chorlton,Chorlton Place,2021,June,22,Wednesday,02 Jun 2021,01:00,1,0,1,1,0,1,No Group
Manchester City Council - Chorlton,Chorlton Place,2021,June,22,Wednesday,02 Jun 2021,02:00,0,0,0,0,0,0,No Group
Manchester City Council - Chorlton,Chorlton Place,2021,June,22,Wednesday,02 Jun 2021,03:00,1,1,2,1,1,2,No Group
Manchester City Council - Chorlton,Chorlton Place,2021,June,22,Wednesday,02 Jun 2021,04:00,0,3,3,0,3,3,No Group
Manchester City Council - Chorlton,Chorlton Place,2021,June,22,Wednesday,02 Jun 2021,05:00,1,6,7,1,6,7,No Group
Manchester City Council - Chorlton,Chorlton Place,2021,June,22,Wednesday,02 Jun 2021,06:00,3,9,12,3,9,12,No Group
Manchester City Council - Chorlton,Chorlton Place,2021,June,22,Wednesday,02 Jun 2021,07:00,16,36,52,16,36,52,No Group
Manchester City Council - Chorlton,Chorlton Place,2021,June,22,Wednesday,02 Jun 2021,08:00,41,70,111,41,70,111,No Group
Manchester City Council - Chorlton,Chorlton Place,2021,June,22,Wednesday,02 Jun 2021,09:00,59,87,146,59,87,146,No Group
Manchester City Council - Chorlton,Chorlton Place,2021,June,22,Wednesday,02 Jun 2021,10:00,123,128,251,123,128,251,No Group
Manchester City Council - Chorlton,Chorlton Place,2021,June,22,Wednesday,02 Jun 2021,11:00,167,161,328,167,161,328,No Group
Manchester City Council - Chorlton,Chorlton Place,2021,June,22,Wednesday,02 Jun 2021,12:00,226,236,462,226,236,462,No Group
Manchester City Council - Chorlton,Chorlton Place,2021,June,22,Wednesday,02 Jun 2021,13:00,220,243,463,220,243,463,No Group
Manchester City Council - Chorlton,Chorlton Place,2021,June,22,Wednesday,02 Jun 2021,14:00,172,178,350,172,178,350,No Group
Manchester City Council - Chorlton,Chorlton Place,2021,June,22,Wednesday,02 Jun 2021,15:00,118,143,261,118,143,261,No Group
Manchester City Council - Chorlton,Chorlton Place,2021,June,22,Wednesday,02 Jun 2021,16:00,110,104,214,110,104,214,No Group
Manchester City Council - Chorlton,Chorlton Place,2021,June,22,Wednesday,02 Jun 2021,17:00,74,95,169,74,95,169,No Group
Manchester City Council - Chorlton,Chorlton Place,2021,June,22,Wednesday,02 Jun 2021,18:00,73,79,152,73,79,152,No Group
Manchester City Council - Chorlton,Chorlton Place,2021,June,22,Wednesday,02 Jun 2021,19:00,45,47,92,45,47,92,No Group
Manchester City Council - Chorlton,Chorlton Place,2021,June,22,Wednesday,02 Jun 2021,20:00,28,36,64,28,36,64,No Group
Manchester City Council - Chorlton,Chorlton Place,2021,June,22,Wednesday,02 Jun 2021,21:00,28,29,57,28,29,57,No Group
Manchester City Council - Chorlton,Chorlton Place,2021,June,22,Wednesday,02 Jun 2021,22:00,19,22,41,19,22,41,No Group
Manchester City Council - Chorlton,Chorlton Place,2021,June,22,Wednesday,02 Jun 2021,23:00,9,5,14,9,5,14,No Group
Manchester City Council - Chorlton,Chorlton Place,2021,June,22,Thursday,03 Jun 2021,00:00,0,0,0,0,0,0,No Group
Manchester City Council - Chorlton,Chorlton Place,2021,June,22,Thursday,03 Jun 2021,01:00,2,1,3,2,1,3,No Group
Manchester City Council - Chorlton,Chorlton Place,2021,June,22,Thursday,03 Jun 2021,02:00,1,2,3,1,2,3,No Group
Manchester City Council - Chorlton,Chorlton Place,2021,June,22,Thursday,03 Jun 2021,03:00,0,1,1,0,1,1,No Group
Manchester City Council - Chorlton,Chorlton Place,2021,June,22,Thursday,03 Jun 2021,04:00,0,1,1,0,1,1,No Group
Manchester City Council - Chorlton,Chorlton Place,2021,June,22,Thursday,03 Jun 2021,05:00,0,4,4,0,4,4,No Group
Manchester City Council - Chorlton,Chorlton Place,2021,June,22,Thursday,03 Jun 2021,06:00,3,10,13,3,10,13,No Group
Manchester City Council - Chorlton,Chorlton Place,2021,June,22,Thursday,03 Jun 2021,07:00,18,48,66,18,48,66,No Group
Manchester City Council - Chorlton,Chorlton Place,2021,June,22,Thursday,03 Jun 2021,08:00,31,49,80,31,49,80,No Group
Manchester City Council - Chorlton,Chorlton Place,2021,June,22,Thursday,03 Jun 2021,09:00,89,75,164,89,75,164,No Group
Manchester City Council - Chorlton,Chorlton Place,2021,June,22,Thursday,03 Jun 2021,10:00,128,123,251,128,123,251,No Group
Manchester City Council - Chorlton,Chorlton Place,2021,June,22,Thursday,03 Jun 2021,11:00,147,123,270,147,123,270,No Group
Manchester City Council - Chorlton,Chorlton Place,2021,June,22,Thursday,03 Jun 2021,12:00,147,189,336,147,189,336,No Group
Manchester City Council - Chorlton,Chorlton Place,2021,June,22,Thursday,03 Jun 2021,13:00,150,146,296,150,146,296,No Group
Manchester City Council - Chorlton,Chorlton Place,2021,June,22,Thursday,03 Jun 2021,14:00,159,157,316,159,157,316,No Group
Manchester City Council - Chorlton,Chorlton Place,2021,June,22,Thursday,03 Jun 2021,15:00,145,123,268,145,123,268,No Group
Manchester City Council - Chorlton,Chorlton Place,2021,June,22,Thursday,03 Jun 2021,16:00,114,131,245,114,131,245,No Group
Manchester City Council - Chorlton,Chorlton Place,2021,June,22,Thursday,03 Jun 2021,17:00,102,86,188,102,86,188,No Group
Manchester City Council - Chorlton,Chorlton Place,2021,June,22,Thursday,03 Jun 2021,18:00,92,66,158,92,66,158,No Group
Manchester City Council - Chorlton,Chorlton Place,2021,June,22,Thursday,03 Jun 2021,19:00,61,52,113,61,52,113,No Group
Manchester City Council - Chorlton,Chorlton Place,2021,June,22,Thursday,03 Jun 2021,20:00,46,51,97,46,51,97,No Group
Manchester City Council - Chorlton,Chorlton Place,2021,June,22,Thursday,03 Jun 2021,21:00,20,40,60,20,40,60,No Group
Manchester City Council - Chorlton,Chorlton Place,2021,June,22,Thursday,03 Jun 2021,22:00,19,18,37,19,18,37,No Group
Manchester City Council - Chorlton,Chorlton Place,2021,June,22,Thursday,03 Jun 2021,23:00,33,16,49,33,16,49,No Group
Manchester City Council - Chorlton,Chorlton Place,2021,June,22,Friday,04 Jun 2021,00:00,7,4,11,7,4,11,No Group
Manchester City Council - Chorlton,Chorlton Place,2021,June,22,Friday,04 Jun 2021,01:00,4,1,5,4,1,5,No Group
Manchester City Council - Chorlton,Chorlton Place,2021,June,22,Friday,04 Jun 2021,02:00,1,3,4,1,3,4,No Group
Manchester City Council - Chorlton,Chorlton Place,2021,June,22,Friday,04 Jun 2021,03:00,0,3,3,0,3,3,No Group
Manchester City Council - Chorlton,Chorlton Place,2021,June,22,Friday,04 Jun 2021,04:00,1,2,3,1,2,3,No Group
Manchester City Council - Chorlton,Chorlton Place,2021,June,22,Friday,04 Jun 2021,05:00,4,10,14,4,10,14,No Group
Manchester City Council - Chorlton,Chorlton Place,2021,June,22,Friday,04 Jun 2021,06:00,3,15,18,3,15,18,No Group
Manchester City Council - Chorlton,Chorlton Place,2021,June,22,Friday,04 Jun 2021,07:00,21,37,58,21,37,58,No Group
Manchester City Council - Chorlton,Chorlton Place,2021,June,22,Friday,04 Jun 2021,08:00,45,62,107,45,62,107,No Group
Manchester City Council - Chorlton,Chorlton Place,2021,June,22,Friday,04 Jun 2021,09:00,75,94,169,75,94,169,No Group
Manchester City Council - Chorlton,Chorlton Place,2021,June,22,Friday,04 Jun 2021,10:00,118,145,263,118,145,263,No Group
Manchester City Council - Chorlton,Chorlton Place,2021,June,22,Friday,04 Jun 2021,11:00,164,166,330,164,166,330,No Group
Manchester City Council - Chorlton,Chorlton Place,2021,June,22,Friday,04 Jun 2021,12:00,213,212,425,213,212,425,No Group
Manchester City Council - Chorlton,Chorlton Place,2021,June,22,Friday,04 Jun 2021,13:00,246,284,530,246,284,530,No Group
Manchester City Council - Chorlton,Chorlton Place,2021,June,22,Friday,04 Jun 2021,14:00,178,212,390,178,212,390,No Group
Manchester City Council - Chorlton,Chorlton Place,2021,June,22,Friday,04 Jun 2021,15:00,154,165,319,154,165,319,No Group
Manchester City Council - Chorlton,Chorlton Place,2021,June,22,Friday,04 Jun 2021,16:00,154,134,288,154,134,288,No Group
Manchester City Council - Chorlton,Chorlton Place,2021,June,22,Friday,04 Jun 2021,17:00,100,90,190,100,90,190,No Group
Manchester City Council - Chorlton,Chorlton Place,2021,June,22,Friday,04 Jun 2021,18:00,68,110,178,68,110,178,No Group
Manchester City Council - Chorlton,Chorlton Place,2021,June,22,Friday,04 Jun 2021,19:00,54,94,148,54,94,148,No Group
Manchester City Council - Chorlton,Chorlton Place,2021,June,22,Friday,04 Jun 2021,20:00,63,50,113,63,50,113,No Group
Manchester City Council - Chorlton,Chorlton Place,2021,June,22,Friday,04 Jun 2021,21:00,45,45,90,45,45,90,No Group
Manchester City Council - Chorlton,Chorlton Place,2021,June,22,Friday,04 Jun 2021,22:00,41,52,93,41,52,93,No Group
Manchester City Council - Chorlton,Chorlton Place,2021,June,22,Friday,04 Jun 2021,23:00,33,18,51,33,18,51,No Group
Manchester City Council - Chorlton,Chorlton Place,2021,June,22,Saturday,05 Jun 2021,00:00,21,2,23,21,2,23,No Group
Manchester City Council - Chorlton,Chorlton Place,2021,June,22,Saturday,05 Jun 2021,01:00,7,4,11,7,4,11,No Group
Manchester City Council - Chorlton,Chorlton Place,2021,June,22,Saturday,05 Jun 2021,02:00,5,2,7,5,2,7,No Group
Manchester City Council - Chorlton,Chorlton Place,2021,June,22,Saturday,05 Jun 2021,03:00,4,2,6,4,2,6,No Group
Manchester City Council - Chorlton,Chorlton Place,2021,June,22,Saturday,05 Jun 2021,04:00,1,2,3,1,2,3,No Group
Manchester City Council - Chorlton,Chorlton Place,2021,June,22,Saturday,05 Jun 2021,05:00,1,4,5,1,4,5,No Group
Manchester City Council - Chorlton,Chorlton Place,2021,June,22,Saturday,05 Jun 2021,06:00,5,7,12,5,7,12,No Group
Manchester City Council - Chorlton,Chorlton Place,2021,June,22,Saturday,05 Jun 2021,07:00,9,19,28,9,19,28,No Group
Manchester City Council - Chorlton,Chorlton Place,2021,June,22,Saturday,05 Jun 2021,08:00,70,63,133,70,63,133,No Group
Manchester City Council - Chorlton,Chorlton Place,2021,June,22,Saturday,05 Jun 2021,09:00,89,103,192,89,103,192,No Group
Manchester City Council - Chorlton,Chorlton Place,2021,June,22,Saturday,05 Jun 2021,10:00,140,162,302,140,162,302,No Group
Manchester City Council - Chorlton,Chorlton Place,2021,June,22,Saturday,05 Jun 2021,11:00,209,235,444,209,235,444,No Group
Manchester City Council - Chorlton,Chorlton Place,2021,June,22,Saturday,05 Jun 2021,12:00,273,300,573,273,300,573,No Group
Manchester City Council - Chorlton,Chorlton Place,2021,June,22,Saturday,05 Jun 2021,13:00,224,253,477,224,253,477,No Group
Manchester City Council - Chorlton,Chorlton Place,2021,June,22,Saturday,05 Jun 2021,14:00,253,238,491,253,238,491,No Group
Manchester City Council - Chorlton,Chorlton Place,2021,June,22,Saturday,05 Jun 2021,15:00,212,186,398,212,186,398,No Group
Manchester City Council - Chorlton,Chorlton Place,2021,June,22,Saturday,05 Jun 2021,16:00,154,171,325,154,171,325,No Group
Manchester City Council - Chorlton,Chorlton Place,2021,June,22,Saturday,05 Jun 2021,17:00,79,98,177,79,98,177,No Group
Manchester City Council - Chorlton,Chorlton Place,2021,June,22,Saturday,05 Jun 2021,18:00,67,66,133,67,66,133,No Group
Manchester City Council - Chorlton,Chorlton Place,2021,June,22,Saturday,05 Jun 2021,19:00,56,52,108,56,52,108,No Group
Manchester City Council - Chorlton,Chorlton Place,2021,June,22,Saturday,05 Jun 2021,20:00,48,53,101,48,53,101,No Group
Manchester City Council - Chorlton,Chorlton Place,2021,June,22,Saturday,05 Jun 2021,21:00,32,34,66,32,34,66,No Group
Manchester City Council - Chorlton,Chorlton Place,2021,June,22,Saturday,05 Jun 2021,22:00,27,21,48,27,21,48,No Group
Manchester City Council - Chorlton,Chorlton Place,2021,June,22,Saturday,05 Jun 2021,23:00,17,16,33,17,16,33,No Group
Manchester City Council - Chorlton,Chorlton Place,2021,June,22,Sunday,06 Jun 2021,00:00,12,8,20,12,8,20,No Group
Manchester City Council - Chorlton,Chorlton Place,2021,June,22,Sunday,06 Jun 2021,01:00,9,2,11,9,2,11,No Group
Manchester City Council - Chorlton,Chorlton Place,2021,June,22,Sunday,06 Jun 2021,02:00,2,2,4,2,2,4,No Group
Manchester City Council - Chorlton,Chorlton Place,2021,June,22,Sunday,06 Jun 2021,03:00,3,2,5,3,2,5,No Group
Manchester City Council - Chorlton,Chorlton Place,2021,June,22,Sunday,06 Jun 2021,04:00,0,0,0,0,0,0,No Group
Manchester City Council - Chorlton,Chorlton Place,2021,June,22,Sunday,06 Jun 2021,05:00,3,6,9,3,6,9,No Group
Manchester City Council - Chorlton,Chorlton Place,2021,June,22,Sunday,06 Jun 2021,06:00,1,5,6,1,5,6,No Group
Manchester City Council - Chorlton,Chorlton Place,2021,June,22,Sunday,06 Jun 2021,07:00,3,6,9,3,6,9,No Group
Manchester City Council - Chorlton,Chorlton Place,2021,June,22,Sunday,06 Jun 2021,08:00,15,22,37,15,22,37,No Group
Manchester City Council - Chorlton,Chorlton Place,2021,June,22,Sunday,06 Jun 2021,09:00,30,36,66,30,36,66,No Group
Manchester City Council - Chorlton,Chorlton Place,2021,June,22,Sunday,06 Jun 2021,10:00,50,60,110,50,60,110,No Group
Manchester City Council - Chorlton,Chorlton Place,2021,June,22,Sunday,06 Jun 2021,11:00,84,83,167,84,83,167,No Group
Manchester City Council - Chorlton,Chorlton Place,2021,June,22,Sunday,06 Jun 2021,12:00,90,94,184,90,94,184,No Group
Manchester City Council - Chorlton,Chorlton Place,2021,June,22,Sunday,06 Jun 2021,13:00,87,89,176,87,89,176,No Group
Manchester City Council - Chorlton,Chorlton Place,2021,June,22,Sunday,06 Jun 2021,14:00,89,85,174,89,85,174,No Group
Manchester City Council - Chorlton,Chorlton Place,2021,June,22,Sunday,06 Jun 2021,15:00,101,91,192,101,91,192,No Group
Manchester City Council - Chorlton,Chorlton Place,2021,June,22,Sunday,06 Jun 2021,16:00,72,82,154,72,82,154,No Group
Manchester City Council - Chorlton,Chorlton Place,2021,June,22,Sunday,06 Jun 2021,17:00,49,57,106,49,57,106,No Group
Manchester City Council - Chorlton,Chorlton Place,2021,June,22,Sunday,06 Jun 2021,18:00,40,55,95,40,55,95,No Group
Manchester City Council - Chorlton,Chorlton Place,2021,June,22,Sunday,06 Jun 2021,19:00,34,52,86,34,52,86,No Group
Manchester City Council - Chorlton,Chorlton Place,2021,June,22,Sunday,06 Jun 2021,20:00,26,29,55,26,29,55,No Group
Manchester City Council - Chorlton,Chorlton Place,2021,June,22,Sunday,06 Jun 2021,21:00,20,21,41,20,21,41,No Group
Manchester City Council - Chorlton,Chorlton Place,2021,June,22,Sunday,06 Jun 2021,22:00,17,19,36,17,19,36,No Group
Manchester City Council - Chorlton,Chorlton Place,2021,June,22,Sunday,06 Jun 2021,23:00,4,4,8,4,4,8,No Group
Manchester City Council - Chorlton,Chorlton Place,2021,June,23,Monday,07 Jun 2021,00:00,4,0,4,4,0,4,No Group
Manchester City Council - Chorlton,Chorlton Place,2021,June,23,Monday,07 Jun 2021,01:00,0,0,0,0,0,0,No Group
Manchester City Council - Chorlton,Chorlton Place,2021,June,23,Monday,07 Jun 2021,02:00,0,0,0,0,0,0,No Group
Manchester City Council - Chorlton,Chorlton Place,2021,June,23,Monday,07 Jun 2021,03:00,0,1,1,0,1,1,No Group
Manchester City Council - Chorlton,Chorlton Place,2021,June,23,Monday,07 Jun 2021,04:00,6,2,8,6,2,8,No Group
Manchester City Council - Chorlton,Chorlton Place,2021,June,23,Monday,07 Jun 2021,05:00,0,5,5,0,5,5,No Group
Manchester City Council - Chorlton,Chorlton Place,2021,June,23,Monday,07 Jun 2021,06:00,5,10,15,5,10,15,No Group
Manchester City Council - Chorlton,Chorlton Place,2021,June,23,Monday,07 Jun 2021,07:00,10,31,41,10,31,41,No Group
Manchester City Council - Chorlton,Chorlton Place,2021,June,23,Monday,07 Jun 2021,08:00,36,63,99,36,63,99,No Group
Manchester City Council - Chorlton,Chorlton Place,2021,June,23,Monday,07 Jun 2021,09:00,66,88,154,66,88,154,No Group
Manchester City Council - Chorlton,Chorlton Place,2021,June,23,Monday,07 Jun 2021,10:00,89,122,211,89,122,211,No Group
Manchester City Council - Chorlton,Chorlton Place,2021,June,23,Monday,07 Jun 2021,11:00,122,112,234,122,112,234,No Group
Manchester City Council - Chorlton,Chorlton Place,2021,June,23,Monday,07 Jun 2021,12:00,123,135,258,123,135,258,No Group
Manchester City Council - Chorlton,Chorlton Place,2021,June,23,Monday,07 Jun 2021,13:00,143,151,294,143,151,294,No Group
Manchester City Council - Chorlton,Chorlton Place,2021,June,23,Monday,07 Jun 2021,14:00,160,153,313,160,153,313,No Group
Manchester City Council - Chorlton,Chorlton Place,2021,June,23,Monday,07 Jun 2021,15:00,123,116,239,123,116,239,No Group
Manchester City Council - Chorlton,Chorlton Place,2021,June,23,Monday,07 Jun 2021,16:00,113,130,243,113,130,243,No Group
Manchester City Council - Chorlton,Chorlton Place,2021,June,23,Monday,07 Jun 2021,17:00,77,84,161,77,84,161,No Group
Manchester City Council - Chorlton,Chorlton Place,2021,June,23,Monday,07 Jun 2021,18:00,69,64,133,69,64,133,No Group
Manchester City Council - Chorlton,Chorlton Place,2021,June,23,Monday,07 Jun 2021,19:00,32,57,89,32,57,89,No Group
Manchester City Council - Chorlton,Chorlton Place,2021,June,23,Monday,07 Jun 2021,20:00,41,29,70,41,29,70,No Group
Manchester City Council - Chorlton,Chorlton Place,2021,June,23,Monday,07 Jun 2021,21:00,12,28,40,12,28,40,No Group
Manchester City Council - Chorlton,Chorlton Place,2021,June,23,Monday,07 Jun 2021,22:00,18,16,34,18,16,34,No Group
Manchester City Council - Chorlton,Chorlton Place,2021,June,23,Monday,07 Jun 2021,23:00,12,4,16,12,4,16,No Group
Manchester City Council - Chorlton,Chorlton Place,2021,June,23,Tuesday,08 Jun 2021,00:00,6,3,9,6,3,9,No Group
Manchester City Council - Chorlton,Chorlton Place,2021,June,23,Tuesday,08 Jun 2021,01:00,4,1,5,4,1,5,No Group
Manchester City Council - Chorlton,Chorlton Place,2021,June,23,Tuesday,08 Jun 2021,02:00,0,0,0,0,0,0,No Group
Manchester City Council - Chorlton,Chorlton Place,2021,June,23,Tuesday,08 Jun 2021,03:00,4,6,10,4,6,10,No Group
Manchester City Council - Chorlton,Chorlton Place,2021,June,23,Tuesday,08 Jun 2021,04:00,1,4,5,1,4,5,No Group
Manchester City Council - Chorlton,Chorlton Place,2021,June,23,Tuesday,08 Jun 2021,05:00,1,9,10,1,9,10,No Group
Manchester City Council - Chorlton,Chorlton Place,2021,June,23,Tuesday,08 Jun 2021,06:00,7,19,26,7,19,26,No Group
Manchester City Council - Chorlton,Chorlton Place,2021,June,23,Tuesday,08 Jun 2021,07:00,18,32,50,18,32,50,No Group
Manchester City Council - Chorlton,Chorlton Place,2021,June,23,Tuesday,08 Jun 2021,08:00,40,61,101,40,61,101,No Group
Manchester City Council - Chorlton,Chorlton Place,2021,June,23,Tuesday,08 Jun 2021,09:00,62,81,143,62,81,143,No Group
Manchester City Council - Chorlton,Chorlton Place,2021,June,23,Tuesday,08 Jun 2021,10:00,93,104,197,93,104,197,No Group
Manchester City Council - Chorlton,Chorlton Place,2021,June,23,Tuesday,08 Jun 2021,11:00,132,127,259,132,127,259,No Group
Manchester City Council - Chorlton,Chorlton Place,2021,June,23,Tuesday,08 Jun 2021,12:00,186,214,400,186,214,400,No Group
Manchester City Council - Chorlton,Chorlton Place,2021,June,23,Tuesday,08 Jun 2021,13:00,206,208,414,206,208,414,No Group
Manchester City Council - Chorlton,Chorlton Place,2021,June,23,Tuesday,08 Jun 2021,14:00,226,229,455,226,229,455,No Group
Manchester City Council - Chorlton,Chorlton Place,2021,June,23,Tuesday,08 Jun 2021,15:00,128,146,274,128,146,274,No Group
Manchester City Council - Chorlton,Chorlton Place,2021,June,23,Tuesday,08 Jun 2021,16:00,117,123,240,117,123,240,No Group
Manchester City Council - Chorlton,Chorlton Place,2021,June,23,Tuesday,08 Jun 2021,17:00,59,73,132,59,73,132,No Group
Manchester City Council - Chorlton,Chorlton Place,2021,June,23,Tuesday,08 Jun 2021,18:00,75,51,126,75,51,126,No Group
Manchester City Council - Chorlton,Chorlton Place,2021,June,23,Tuesday,08 Jun 2021,19:00,52,51,103,52,51,103,No Group
Manchester City Council - Chorlton,Chorlton Place,2021,June,23,Tuesday,08 Jun 2021,20:00,37,49,86,37,49,86,No Group
Manchester City Council - Chorlton,Chorlton Place,2021,June,23,Tuesday,08 Jun 2021,21:00,24,32,56,24,32,56,No Group
Manchester City Council - Chorlton,Chorlton Place,2021,June,23,Tuesday,08 Jun 2021,22:00,18,16,34,18,16,34,No Group
Manchester City Council - Chorlton,Chorlton Place,2021,June,23,Tuesday,08 Jun 2021,23:00,15,11,26,15,11,26,No Group
Manchester City Council - Chorlton,Chorlton Place,2021,June,23,Wednesday,09 Jun 2021,00:00,10,3,13,10,3,13,No Group
Manchester City Council - Chorlton,Chorlton Place,2021,June,23,Wednesday,09 Jun 2021,01:00,0,0,0,0,0,0,No Group
Manchester City Council - Chorlton,Chorlton Place,2021,June,23,Wednesday,09 Jun 2021,02:00,1,1,2,1,1,2,No Group
Manchester City Council - Chorlton,Chorlton Place,2021,June,23,Wednesday,09 Jun 2021,03:00,3,2,5,3,2,5,No Group
Manchester City Council - Chorlton,Chorlton Place,2021,June,23,Wednesday,09 Jun 2021,04:00,5,3,8,5,3,8,No Group
Manchester City Council - Chorlton,Chorlton Place,2021,June,23,Wednesday,09 Jun 2021,05:00,7,13,20,7,13,20,No Group
Manchester City Council - Chorlton,Chorlton Place,2021,June,23,Wednesday,09 Jun 2021,06:00,4,15,19,4,15,19,No Group
Manchester City Council - Chorlton,Chorlton Place,2021,June,23,Wednesday,09 Jun 2021,07:00,19,37,56,19,37,56,No Group
Manchester City Council - Chorlton,Chorlton Place,2021,June,23,Wednesday,09 Jun 2021,08:00,39,51,90,39,51,90,No Group
Manchester City Council - Chorlton,Chorlton Place,2021,June,23,Wednesday,09 Jun 2021,09:00,80,77,157,80,77,157,No Group
Manchester City Council - Chorlton,Chorlton Place,2021,June,23,Wednesday,09 Jun 2021,10:00,104,101,205,104,101,205,No Group
Manchester City Council - Chorlton,Chorlton Place,2021,June,23,Wednesday,09 Jun 2021,11:00,128,120,248,128,120,248,No Group
Manchester City Council - Chorlton,Chorlton Place,2021,June,23,Wednesday,09 Jun 2021,12:00,141,163,304,141,163,304,No Group
Manchester City Council - Chorlton,Chorlton Place,2021,June,23,Wednesday,09 Jun 2021,13:00,131,128,259,131,128,259,No Group
Manchester City Council - Chorlton,Chorlton Place,2021,June,23,Wednesday,09 Jun 2021,14:00,127,149,276,127,149,276,No Group
Manchester City Council - Chorlton,Chorlton Place,2021,June,23,Wednesday,09 Jun 2021,15:00,120,120,240,120,120,240,No Group
Manchester City Council - Chorlton,Chorlton Place,2021,June,23,Wednesday,09 Jun 2021,16:00,109,111,220,109,111,220,No Group
Manchester City Council - Chorlton,Chorlton Place,2021,June,23,Wednesday,09 Jun 2021,17:00,81,101,182,81,101,182,No Group
Manchester City Council - Chorlton,Chorlton Place,2021,June,23,Wednesday,09 Jun 2021,18:00,74,53,127,74,53,127,No Group
Manchester City Council - Chorlton,Chorlton Place,2021,June,23,Wednesday,09 Jun 2021,19:00,41,40,81,41,40,81,No Group
Manchester City Council - Chorlton,Chorlton Place,2021,June,23,Wednesday,09 Jun 2021,20:00,33,41,74,33,41,74,No Group
Manchester City Council - Chorlton,Chorlton Place,2021,June,23,Wednesday,09 Jun 2021,21:00,19,40,59,19,40,59,No Group
Manchester City Council - Chorlton,Chorlton Place,2021,June,23,Wednesday,09 Jun 2021,22:00,28,24,52,28,24,52,No Group
Manchester City Council - Chorlton,Chorlton Place,2021,June,23,Wednesday,09 Jun 2021,23:00,14,10,24,14,10,24,No Group
Manchester City Council - Chorlton,Chorlton Place,2021,June,23,Thursday,10 Jun 2021,00:00,6,2,8,6,2,8,No Group
Manchester City Council - Chorlton,Chorlton Place,2021,June,23,Thursday,10 Jun 2021,01:00,0,0,0,0,0,0,No Group
Manchester City Council - Chorlton,Chorlton Place,2021,June,23,Thursday,10 Jun 2021,02:00,1,0,1,1,0,1,No Group
Manchester City Council - Chorlton,Chorlton Place,2021,June,23,Thursday,10 Jun 2021,03:00,1,1,2,1,1,2,No Group
Manchester City Council - Chorlton,Chorlton Place,2021,June,23,Thursday,10 Jun 2021,04:00,1,4,5,1,4,5,No Group
Manchester City Council - Chorlton,Chorlton Place,2021,June,23,Thursday,10 Jun 2021,05:00,4,11,15,4,11,15,No Group
Manchester City Council - Chorlton,Chorlton Place,2021,June,23,Thursday,10 Jun 2021,06:00,7,20,27,7,20,27,No Group
Manchester City Council - Chorlton,Chorlton Place,2021,June,23,Thursday,10 Jun 2021,07:00,16,42,58,16,42,58,No Group
Manchester City Council - Chorlton,Chorlton Place,2021,June,23,Thursday,10 Jun 2021,08:00,40,62,102,40,62,102,No Group
Manchester City Council - Chorlton,Chorlton Place,2021,June,23,Thursday,10 Jun 2021,09:00,75,70,145,75,70,145,No Group
Manchester City Council - Chorlton,Chorlton Place,2021,June,23,Thursday,10 Jun 2021,10:00,87,97,184,87,97,184,No Group
Manchester City Council - Chorlton,Chorlton Place,2021,June,23,Thursday,10 Jun 2021,11:00,120,135,255,120,135,255,No Group
Manchester City Council - Chorlton,Chorlton Place,2021,June,23,Thursday,10 Jun 2021,12:00,133,131,264,133,131,264,No Group
Manchester City Council - Chorlton,Chorlton Place,2021,June,23,Thursday,10 Jun 2021,13:00,149,140,289,149,140,289,No Group
Manchester City Council - Chorlton,Chorlton Place,2021,June,23,Thursday,10 Jun 2021,14:00,128,153,281,128,153,281,No Group
Manchester City Council - Chorlton,Chorlton Place,2021,June,23,Thursday,10 Jun 2021,15:00,136,111,247,136,111,247,No Group
Manchester City Council - Chorlton,Chorlton Place,2021,June,23,Thursday,10 Jun 2021,16:00,110,100,210,110,100,210,No Group
Manchester City Council - Chorlton,Chorlton Place,2021,June,23,Thursday,10 Jun 2021,17:00,63,79,142,63,79,142,No Group
Manchester City Council - Chorlton,Chorlton Place,2021,June,23,Thursday,10 Jun 2021,18:00,68,72,140,68,72,140,No Group
Manchester City Council - Chorlton,Chorlton Place,2021,June,23,Thursday,10 Jun 2021,19:00,57,51,108,57,51,108,No Group
Manchester City Council - Chorlton,Chorlton Place,2021,June,23,Thursday,10 Jun 2021,20:00,43,36,79,43,36,79,No Group
Manchester City Council - Chorlton,Chorlton Place,2021,June,23,Thursday,10 Jun 2021,21:00,17,28,45,17,28,45,No Group
Manchester City Council - Chorlton,Chorlton Place,2021,June,23,Thursday,10 Jun 2021,22:00,21,18,39,21,18,39,No Group
Manchester City Council - Chorlton,Chorlton Place,2021,June,23,Thursday,10 Jun 2021,23:00,14,8,22,14,8,22,No Group
Manchester City Council - Chorlton,Chorlton Place,2021,June,23,Friday,11 Jun 2021,00:00,4,4,8,4,4,8,No Group
Manchester City Council - Chorlton,Chorlton Place,2021,June,23,Friday,11 Jun 2021,01:00,3,1,4,3,1,4,No Group
Manchester City Council - Chorlton,Chorlton Place,2021,June,23,Friday,11 Jun 2021,02:00,0,0,0,0,0,0,No Group
Manchester City Council - Chorlton,Chorlton Place,2021,June,23,Friday,11 Jun 2021,03:00,1,2,3,1,2,3,No Group
Manchester City Council - Chorlton,Chorlton Place,2021,June,23,Friday,11 Jun 2021,04:00,1,1,2,1,1,2,No Group
Manchester City Council - Chorlton,Chorlton Place,2021,June,23,Friday,11 Jun 2021,05:00,0,3,3,0,3,3,No Group
Manchester City Council - Chorlton,Chorlton Place,2021,June,23,Friday,11 Jun 2021,06:00,6,20,26,6,20,26,No Group
Manchester City Council - Chorlton,Chorlton Place,2021,June,23,Friday,11 Jun 2021,07:00,20,34,54,20,34,54,No Group
Manchester City Council - Chorlton,Chorlton Place,2021,June,23,Friday,11 Jun 2021,08:00,66,75,141,66,75,141,No Group
Manchester City Council - Chorlton,Chorlton Place,2021,June,23,Friday,11 Jun 2021,09:00,89,105,194,89,105,194,No Group
Manchester City Council - Chorlton,Chorlton Place,2021,June,23,Friday,11 Jun 2021,10:00,112,134,246,112,134,246,No Group
Manchester City Council - Chorlton,Chorlton Place,2021,June,23,Friday,11 Jun 2021,11:00,123,131,254,123,131,254,No Group
Manchester City Council - Chorlton,Chorlton Place,2021,June,23,Friday,11 Jun 2021,12:00,160,167,327,160,167,327,No Group
Manchester City Council - Chorlton,Chorlton Place,2021,June,23,Friday,11 Jun 2021,13:00,212,196,408,212,196,408,No Group
Manchester City Council - Chorlton,Chorlton Place,2021,June,23,Friday,11 Jun 2021,14:00,144,169,313,144,169,313,No Group
Manchester City Council - Chorlton,Chorlton Place,2021,June,23,Friday,11 Jun 2021,15:00,156,148,304,156,148,304,No Group
Manchester City Council - Chorlton,Chorlton Place,2021,June,23,Friday,11 Jun 2021,16:00,123,117,240,123,117,240,No Group
Manchester City Council - Chorlton,Chorlton Place,2021,June,23,Friday,11 Jun 2021,17:00,86,99,185,86,99,185,No Group
Manchester City Council - Chorlton,Chorlton Place,2021,June,23,Friday,11 Jun 2021,18:00,79,67,146,79,67,146,No Group
Manchester City Council - Chorlton,Chorlton Place,2021,June,23,Friday,11 Jun 2021,19:00,72,61,133,72,61,133,No Group
Manchester City Council - Chorlton,Chorlton Place,2021,June,23,Friday,11 Jun 2021,20:00,47,38,85,47,38,85,No Group
Manchester City Council - Chorlton,Chorlton Place,2021,June,23,Friday,11 Jun 2021,21:00,38,43,81,38,43,81,No Group
Manchester City Council - Chorlton,Chorlton Place,2021,June,23,Friday,11 Jun 2021,22:00,23,28,51,23,28,51,No Group
Manchester City Council - Chorlton,Chorlton Place,2021,June,23,Friday,11 Jun 2021,23:00,15,28,43,15,28,43,No Group
Manchester City Council - Chorlton,Chorlton Place,2021,June,23,Saturday,12 Jun 2021,00:00,13,5,18,13,5,18,No Group
Manchester City Council - Chorlton,Chorlton Place,2021,June,23,Saturday,12 Jun 2021,01:00,18,16,34,18,16,34,No Group
Manchester City Council - Chorlton,Chorlton Place,2021,June,23,Saturday,12 Jun 2021,02:00,4,1,5,4,1,5,No Group
Manchester City Council - Chorlton,Chorlton Place,2021,June,23,Saturday,12 Jun 2021,03:00,1,1,2,1,1,2,No Group
Manchester City Council - Chorlton,Chorlton Place,2021,June,23,Saturday,12 Jun 2021,04:00,2,6,8,2,6,8,No Group
Manchester City Council - Chorlton,Chorlton Place,2021,June,23,Saturday,12 Jun 2021,05:00,3,4,7,3,4,7,No Group
Manchester City Council - Chorlton,Chorlton Place,2021,June,23,Saturday,12 Jun 2021,06:00,1,7,8,1,7,8,No Group
Manchester City Council - Chorlton,Chorlton Place,2021,June,23,Saturday,12 Jun 2021,07:00,11,18,29,11,18,29,No Group
Manchester City Council - Chorlton,Chorlton Place,2021,June,23,Saturday,12 Jun 2021,08:00,34,46,80,34,46,80,No Group
Manchester City Council - Chorlton,Chorlton Place,2021,June,23,Saturday,12 Jun 2021,09:00,105,105,210,105,105,210,No Group
Manchester City Council - Chorlton,Chorlton Place,2021,June,23,Saturday,12 Jun 2021,10:00,132,161,293,132,161,293,No Group
Manchester City Council - Chorlton,Chorlton Place,2021,June,23,Saturday,12 Jun 2021,11:00,169,198,367,169,198,367,No Group
Manchester City Council - Chorlton,Chorlton Place,2021,June,23,Saturday,12 Jun 2021,12:00,213,246,459,213,246,459,No Group
Manchester City Council - Chorlton,Chorlton Place,2021,June,23,Saturday,12 Jun 2021,13:00,274,312,586,274,312,586,No Group
Manchester City Council - Chorlton,Chorlton Place,2021,June,23,Saturday,12 Jun 2021,14:00,267,230,497,267,230,497,No Group
Manchester City Council - Chorlton,Chorlton Place,2021,June,23,Saturday,12 Jun 2021,15:00,229,242,471,229,242,471,No Group
Manchester City Council - Chorlton,Chorlton Place,2021,June,23,Saturday,12 Jun 2021,16:00,168,172,340,168,172,340,No Group
Manchester City Council - Chorlton,Chorlton Place,2021,June,23,Saturday,12 Jun 2021,17:00,99,94,193,99,94,193,No Group
Manchester City Council - Chorlton,Chorlton Place,2021,June,23,Saturday,12 Jun 2021,18:00,91,100,191,91,100,191,No Group
Manchester City Council - Chorlton,Chorlton Place,2021,June,23,Saturday,12 Jun 2021,19:00,68,53,121,68,53,121,No Group
Manchester City Council - Chorlton,Chorlton Place,2021,June,23,Saturday,12 Jun 2021,20:00,54,47,101,54,47,101,No Group
Manchester City Council - Chorlton,Chorlton Place,2021,June,23,Saturday,12 Jun 2021,21:00,25,29,54,25,29,54,No Group
Manchester City Council - Chorlton,Chorlton Place,2021,June,23,Saturday,12 Jun 2021,22:00,38,32,70,38,32,70,No Group
Manchester City Council - Chorlton,Chorlton Place,2021,June,23,Saturday,12 Jun 2021,23:00,35,26,61,35,26,61,No Group
Manchester City Council - Chorlton,Chorlton Place,2021,June,23,Sunday,13 Jun 2021,00:00,12,14,26,12,14,26,No Group
Manchester City Council - Chorlton,Chorlton Place,2021,June,23,Sunday,13 Jun 2021,01:00,9,4,13,9,4,13,No Group
Manchester City Council - Chorlton,Chorlton Place,2021,June,23,Sunday,13 Jun 2021,02:00,0,0,0,0,0,0,No Group
Manchester City Council - Chorlton,Chorlton Place,2021,June,23,Sunday,13 Jun 2021,03:00,1,4,5,1,4,5,No Group
Manchester City Council - Chorlton,Chorlton Place,2021,June,23,Sunday,13 Jun 2021,04:00,0,3,3,0,3,3,No Group
Manchester City Council - Chorlton,Chorlton Place,2021,June,23,Sunday,13 Jun 2021,05:00,3,5,8,3,5,8,No Group
Manchester City Council - Chorlton,Chorlton Place,2021,June,23,Sunday,13 Jun 2021,06:00,0,5,5,0,5,5,No Group
Manchester City Council - Chorlton,Chorlton Place,2021,June,23,Sunday,13 Jun 2021,07:00,2,15,17,2,15,17,No Group
Manchester City Council - Chorlton,Chorlton Place,2021,June,23,Sunday,13 Jun 2021,08:00,16,21,37,16,21,37,No Group
Manchester City Council - Chorlton,Chorlton Place,2021,June,23,Sunday,13 Jun 2021,09:00,28,38,66,28,38,66,No Group
Manchester City Council - Chorlton,Chorlton Place,2021,June,23,Sunday,13 Jun 2021,10:00,50,60,110,50,60,110,No Group
Manchester City Council - Chorlton,Chorlton Place,2021,June,23,Sunday,13 Jun 2021,11:00,77,80,157,77,80,157,No Group
Manchester City Council - Chorlton,Chorlton Place,2021,June,23,Sunday,13 Jun 2021,12:00,97,108,205,97,108,205,No Group
Manchester City Council - Chorlton,Chorlton Place,2021,June,23,Sunday,13 Jun 2021,13:00,114,106,220,114,106,220,No Group
Manchester City Council - Chorlton,Chorlton Place,2021,June,23,Sunday,13 Jun 2021,14:00,82,82,164,82,82,164,No Group
Manchester City Council - Chorlton,Chorlton Place,2021,June,23,Sunday,13 Jun 2021,15:00,52,58,110,52,58,110,No Group
Manchester City Council - Chorlton,Chorlton Place,2021,June,23,Sunday,13 Jun 2021,16:00,70,70,140,70,70,140,No Group
Manchester City Council - Chorlton,Chorlton Place,2021,June,23,Sunday,13 Jun 2021,17:00,48,63,111,48,63,111,No Group
Manchester City Council - Chorlton,Chorlton Place,2021,June,23,Sunday,13 Jun 2021,18:00,51,44,95,51,44,95,No Group
Manchester City Council - Chorlton,Chorlton Place,2021,June,23,Sunday,13 Jun 2021,19:00,20,50,70,20,50,70,No Group
Manchester City Council - Chorlton,Chorlton Place,2021,June,23,Sunday,13 Jun 2021,20:00,35,37,72,35,37,72,No Group
Manchester City Council - Chorlton,Chorlton Place,2021,June,23,Sunday,13 Jun 2021,21:00,28,23,51,28,23,51,No Group
Manchester City Council - Chorlton,Chorlton Place,2021,June,23,Sunday,13 Jun 2021,22:00,16,19,35,16,19,35,No Group
Manchester City Council - Chorlton,Chorlton Place,2021,June,23,Sunday,13 Jun 2021,23:00,6,3,9,6,3,9,No Group
Manchester City Council - Chorlton,Chorlton Place,2021,June,24,Monday,14 Jun 2021,00:00,2,4,6,2,4,6,No Group
Manchester City Council - Chorlton,Chorlton Place,2021,June,24,Monday,14 Jun 2021,01:00,1,0,1,1,0,1,No Group
Manchester City Council - Chorlton,Chorlton Place,2021,June,24,Monday,14 Jun 2021,02:00,0,0,0,0,0,0,No Group
Manchester City Council - Chorlton,Chorlton Place,2021,June,24,Monday,14 Jun 2021,03:00,0,2,2,0,2,2,No Group
Manchester City Council - Chorlton,Chorlton Place,2021,June,24,Monday,14 Jun 2021,04:00,4,5,9,4,5,9,No Group
Manchester City Council - Chorlton,Chorlton Place,2021,June,24,Monday,14 Jun 2021,05:00,3,7,10,3,7,10,No Group
Manchester City Council - Chorlton,Chorlton Place,2021,June,24,Monday,14 Jun 2021,06:00,5,15,20,5,15,20,No Group
Manchester City Council - Chorlton,Chorlton Place,2021,June,24,Monday,14 Jun 2021,07:00,14,28,42,14,28,42,No Group
Manchester City Council - Chorlton,Chorlton Place,2021,June,24,Monday,14 Jun 2021,08:00,37,55,92,37,55,92,No Group
Manchester City Council - Chorlton,Chorlton Place,2021,June,24,Monday,14 Jun 2021,09:00,64,84,148,64,84,148,No Group
Manchester City Council - Chorlton,Chorlton Place,2021,June,24,Monday,14 Jun 2021,10:00,74,78,152,74,78,152,No Group
Manchester City Council - Chorlton,Chorlton Place,2021,June,24,Monday,14 Jun 2021,11:00,97,115,212,97,115,212,No Group
Manchester City Council - Chorlton,Chorlton Place,2021,June,24,Monday,14 Jun 2021,12:00,149,169,318,149,169,318,No Group
Manchester City Council - Chorlton,Chorlton Place,2021,June,24,Monday,14 Jun 2021,13:00,185,199,384,185,199,384,No Group
Manchester City Council - Chorlton,Chorlton Place,2021,June,24,Monday,14 Jun 2021,14:00,133,137,270,133,137,270,No Group
Manchester City Council - Chorlton,Chorlton Place,2021,June,24,Monday,14 Jun 2021,15:00,116,133,249,116,133,249,No Group
Manchester City Council - Chorlton,Chorlton Place,2021,June,24,Monday,14 Jun 2021,16:00,111,104,215,111,104,215,No Group
Manchester City Council - Chorlton,Chorlton Place,2021,June,24,Monday,14 Jun 2021,17:00,92,86,178,92,86,178,No Group
Manchester City Council - Chorlton,Chorlton Place,2021,June,24,Monday,14 Jun 2021,18:00,55,54,109,55,54,109,No Group
Manchester City Council - Chorlton,Chorlton Place,2021,June,24,Monday,14 Jun 2021,19:00,59,38,97,59,38,97,No Group
Manchester City Council - Chorlton,Chorlton Place,2021,June,24,Monday,14 Jun 2021,20:00,35,43,78,35,43,78,No Group
Manchester City Council - Chorlton,Chorlton Place,2021,June,24,Monday,14 Jun 2021,21:00,31,24,55,31,24,55,No Group
Manchester City Council - Chorlton,Chorlton Place,2021,June,24,Monday,14 Jun 2021,22:00,16,16,32,16,16,32,No Group
Manchester City Council - Chorlton,Chorlton Place,2021,June,24,Monday,14 Jun 2021,23:00,10,7,17,10,7,17,No Group
Manchester City Council - Chorlton,Chorlton Place,2021,June,24,Tuesday,15 Jun 2021,00:00,1,1,2,1,1,2,No Group
Manchester City Council - Chorlton,Chorlton Place,2021,June,24,Tuesday,15 Jun 2021,01:00,1,2,3,1,2,3,No Group
Manchester City Council - Chorlton,Chorlton Place,2021,June,24,Tuesday,15 Jun 2021,02:00,4,5,9,4,5,9,No Group
Manchester City Council - Chorlton,Chorlton Place,2021,June,24,Tuesday,15 Jun 2021,03:00,0,1,1,0,1,1,No Group
Manchester City Council - Chorlton,Chorlton Place,2021,June,24,Tuesday,15 Jun 2021,04:00,2,7,9,2,7,9,No Group
Manchester City Council - Chorlton,Chorlton Place,2021,June,24,Tuesday,15 Jun 2021,05:00,1,6,7,1,6,7,No Group
Manchester City Council - Chorlton,Chorlton Place,2021,June,24,Tuesday,15 Jun 2021,06:00,10,23,33,10,23,33,No Group
Manchester City Council - Chorlton,Chorlton Place,2021,June,24,Tuesday,15 Jun 2021,07:00,24,50,74,24,50,74,No Group
Manchester City Council - Chorlton,Chorlton Place,2021,June,24,Tuesday,15 Jun 2021,08:00,44,62,106,44,62,106,No Group
Manchester City Council - Chorlton,Chorlton Place,2021,June,24,Tuesday,15 Jun 2021,09:00,76,86,162,76,86,162,No Group
Manchester City Council - Chorlton,Chorlton Place,2021,June,24,Tuesday,15 Jun 2021,10:00,77,93,170,77,93,170,No Group
Manchester City Council - Chorlton,Chorlton Place,2021,June,24,Tuesday,15 Jun 2021,11:00,141,129,270,141,129,270,No Group
Manchester City Council - Chorlton,Chorlton Place,2021,June,24,Tuesday,15 Jun 2021,12:00,161,184,345,161,184,345,No Group
Manchester City Council - Chorlton,Chorlton Place,2021,June,24,Tuesday,15 Jun 2021,13:00,191,210,401,191,210,401,No Group
Manchester City Council - Chorlton,Chorlton Place,2021,June,24,Tuesday,15 Jun 2021,14:00,185,194,379,185,194,379,No Group
Manchester City Council - Chorlton,Chorlton Place,2021,June,24,Tuesday,15 Jun 2021,15:00,141,141,282,141,141,282,No Group
Manchester City Council - Chorlton,Chorlton Place,2021,June,24,Tuesday,15 Jun 2021,16:00,111,126,237,111,126,237,No Group
Manchester City Council - Chorlton,Chorlton Place,2021,June,24,Tuesday,15 Jun 2021,17:00,90,89,179,90,89,179,No Group
Manchester City Council - Chorlton,Chorlton Place,2021,June,24,Tuesday,15 Jun 2021,18:00,80,77,157,80,77,157,No Group
Manchester City Council - Chorlton,Chorlton Place,2021,June,24,Tuesday,15 Jun 2021,19:00,48,53,101,48,53,101,No Group
Manchester City Council - Chorlton,Chorlton Place,2021,June,24,Tuesday,15 Jun 2021,20:00,28,37,65,28,37,65,No Group
Manchester City Council - Chorlton,Chorlton Place,2021,June,24,Tuesday,15 Jun 2021,21:00,26,28,54,26,28,54,No Group
Manchester City Council - Chorlton,Chorlton Place,2021,June,24,Tuesday,15 Jun 2021,22:00,16,27,43,16,27,43,No Group
Manchester City Council - Chorlton,Chorlton Place,2021,June,24,Tuesday,15 Jun 2021,23:00,9,11,20,9,11,20,No Group
Manchester City Council - Chorlton,Chorlton Place,2021,June,24,Wednesday,16 Jun 2021,00:00,6,0,6,6,0,6,No Group
Manchester City Council - Chorlton,Chorlton Place,2021,June,24,Wednesday,16 Jun 2021,01:00,3,0,3,3,0,3,No Group
Manchester City Council - Chorlton,Chorlton Place,2021,June,24,Wednesday,16 Jun 2021,02:00,0,0,0,0,0,0,No Group
Manchester City Council - Chorlton,Chorlton Place,2021,June,24,Wednesday,16 Jun 2021,03:00,0,0,0,0,0,0,No Group
Manchester City Council - Chorlton,Chorlton Place,2021,June,24,Wednesday,16 Jun 2021,04:00,0,2,2,0,2,2,No Group
Manchester City Council - Chorlton,Chorlton Place,2021,June,24,Wednesday,16 Jun 2021,05:00,4,17,21,4,17,21,No Group
Manchester City Council - Chorlton,Chorlton Place,2021,June,24,Wednesday,16 Jun 2021,06:00,4,18,22,4,18,22,No Group
Manchester City Council - Chorlton,Chorlton Place,2021,June,24,Wednesday,16 Jun 2021,07:00,16,38,54,16,38,54,No Group
Manchester City Council - Chorlton,Chorlton Place,2021,June,24,Wednesday,16 Jun 2021,08:00,38,96,134,38,96,134,No Group
Manchester City Council - Chorlton,Chorlton Place,2021,June,24,Wednesday,16 Jun 2021,09:00,91,89,180,91,89,180,No Group
Manchester City Council - Chorlton,Chorlton Place,2021,June,24,Wednesday,16 Jun 2021,10:00,98,106,204,98,106,204,No Group
Manchester City Council - Chorlton,Chorlton Place,2021,June,24,Wednesday,16 Jun 2021,11:00,112,98,210,112,98,210,No Group
Manchester City Council - Chorlton,Chorlton Place,2021,June,24,Wednesday,16 Jun 2021,12:00,154,166,320,154,166,320,No Group
Manchester City Council - Chorlton,Chorlton Place,2021,June,24,Wednesday,16 Jun 2021,13:00,133,147,280,133,147,280,No Group
Manchester City Council - Chorlton,Chorlton Place,2021,June,24,Wednesday,16 Jun 2021,14:00,130,139,269,130,139,269,No Group
Manchester City Council - Chorlton,Chorlton Place,2021,June,24,Wednesday,16 Jun 2021,15:00,124,128,252,124,128,252,No Group
Manchester City Council - Chorlton,Chorlton Place,2021,June,24,Wednesday,16 Jun 2021,16:00,112,104,216,112,104,216,No Group
Manchester City Council - Chorlton,Chorlton Place,2021,June,24,Wednesday,16 Jun 2021,17:00,84,86,170,84,86,170,No Group
Manchester City Council - Chorlton,Chorlton Place,2021,June,24,Wednesday,16 Jun 2021,18:00,71,63,134,71,63,134,No Group
Manchester City Council - Chorlton,Chorlton Place,2021,June,24,Wednesday,16 Jun 2021,19:00,47,65,112,47,65,112,No Group
Manchester City Council - Chorlton,Chorlton Place,2021,June,24,Wednesday,16 Jun 2021,20:00,53,55,108,53,55,108,No Group
Manchester City Council - Chorlton,Chorlton Place,2021,June,24,Wednesday,16 Jun 2021,21:00,28,30,58,28,30,58,No Group
Manchester City Council - Chorlton,Chorlton Place,2021,June,24,Wednesday,16 Jun 2021,22:00,17,30,47,17,30,47,No Group
Manchester City Council - Chorlton,Chorlton Place,2021,June,24,Wednesday,16 Jun 2021,23:00,21,5,26,21,5,26,No Group
Manchester City Council - Chorlton,Chorlton Place,2021,June,24,Thursday,17 Jun 2021,00:00,2,1,3,2,1,3,No Group
Manchester City Council - Chorlton,Chorlton Place,2021,June,24,Thursday,17 Jun 2021,01:00,0,1,1,0,1,1,No Group
Manchester City Council - Chorlton,Chorlton Place,2021,June,24,Thursday,17 Jun 2021,02:00,0,0,0,0,0,0,No Group
Manchester City Council - Chorlton,Chorlton Place,2021,June,24,Thursday,17 Jun 2021,03:00,0,1,1,0,1,1,No Group
Manchester City Council - Chorlton,Chorlton Place,2021,June,24,Thursday,17 Jun 2021,04:00,2,2,4,2,2,4,No Group
Manchester City Council - Chorlton,Chorlton Place,2021,June,24,Thursday,17 Jun 2021,05:00,5,12,17,5,12,17,No Group
Manchester City Council - Chorlton,Chorlton Place,2021,June,24,Thursday,17 Jun 2021,06:00,3,18,21,3,18,21,No Group
Manchester City Council - Chorlton,Chorlton Place,2021,June,24,Thursday,17 Jun 2021,07:00,15,41,56,15,41,56,No Group
Manchester City Council - Chorlton,Chorlton Place,2021,June,24,Thursday,17 Jun 2021,08:00,51,66,117,51,66,117,No Group
Manchester City Council - Chorlton,Chorlton Place,2021,June,24,Thursday,17 Jun 2021,09:00,70,98,168,70,98,168,No Group
Manchester City Council - Chorlton,Chorlton Place,2021,June,24,Thursday,17 Jun 2021,10:00,89,118,207,89,118,207,No Group
Manchester City Council - Chorlton,Chorlton Place,2021,June,24,Thursday,17 Jun 2021,11:00,143,133,276,143,133,276,No Group
Manchester City Council - Chorlton,Chorlton Place,2021,June,24,Thursday,17 Jun 2021,12:00,138,172,310,138,172,310,No Group
Manchester City Council - Chorlton,Chorlton Place,2021,June,24,Thursday,17 Jun 2021,13:00,166,152,318,166,152,318,No Group
Manchester City Council - Chorlton,Chorlton Place,2021,June,24,Thursday,17 Jun 2021,14:00,142,145,287,142,145,287,No Group
Manchester City Council - Chorlton,Chorlton Place,2021,June,24,Thursday,17 Jun 2021,15:00,113,136,249,113,136,249,No Group
Manchester City Council - Chorlton,Chorlton Place,2021,June,24,Thursday,17 Jun 2021,16:00,108,114,222,108,114,222,No Group
Manchester City Council - Chorlton,Chorlton Place,2021,June,24,Thursday,17 Jun 2021,17:00,102,97,199,102,97,199,No Group
Manchester City Council - Chorlton,Chorlton Place,2021,June,24,Thursday,17 Jun 2021,18:00,75,72,147,75,72,147,No Group
Manchester City Council - Chorlton,Chorlton Place,2021,June,24,Thursday,17 Jun 2021,19:00,63,58,121,63,58,121,No Group
Manchester City Council - Chorlton,Chorlton Place,2021,June,24,Thursday,17 Jun 2021,20:00,36,41,77,36,41,77,No Group
Manchester City Council - Chorlton,Chorlton Place,2021,June,24,Thursday,17 Jun 2021,21:00,17,25,42,17,25,42,No Group
Manchester City Council - Chorlton,Chorlton Place,2021,June,24,Thursday,17 Jun 2021,22:00,24,12,36,24,12,36,No Group
Manchester City Council - Chorlton,Chorlton Place,2021,June,24,Thursday,17 Jun 2021,23:00,18,10,28,18,10,28,No Group
Manchester City Council - Chorlton,Chorlton Place,2021,June,24,Friday,18 Jun 2021,00:00,5,6,11,5,6,11,No Group
Manchester City Council - Chorlton,Chorlton Place,2021,June,24,Friday,18 Jun 2021,01:00,4,4,8,4,4,8,No Group
Manchester City Council - Chorlton,Chorlton Place,2021,June,24,Friday,18 Jun 2021,02:00,1,0,1,1,0,1,No Group
Manchester City Council - Chorlton,Chorlton Place,2021,June,24,Friday,18 Jun 2021,03:00,0,1,1,0,1,1,No Group
Manchester City Council - Chorlton,Chorlton Place,2021,June,24,Friday,18 Jun 2021,04:00,0,3,3,0,3,3,No Group
Manchester City Council - Chorlton,Chorlton Place,2021,June,24,Friday,18 Jun 2021,05:00,2,9,11,2,9,11,No Group
Manchester City Council - Chorlton,Chorlton Place,2021,June,24,Friday,18 Jun 2021,06:00,3,16,19,3,16,19,No Group
Manchester City Council - Chorlton,Chorlton Place,2021,June,24,Friday,18 Jun 2021,07:00,28,47,75,28,47,75,No Group
Manchester City Council - Chorlton,Chorlton Place,2021,June,24,Friday,18 Jun 2021,08:00,37,59,96,37,59,96,No Group
Manchester City Council - Chorlton,Chorlton Place,2021,June,24,Friday,18 Jun 2021,09:00,91,94,185,91,94,185,No Group
Manchester City Council - Chorlton,Chorlton Place,2021,June,24,Friday,18 Jun 2021,10:00,112,117,229,112,117,229,No Group
Manchester City Council - Chorlton,Chorlton Place,2021,June,24,Friday,18 Jun 2021,11:00,137,140,277,137,140,277,No Group
Manchester City Council - Chorlton,Chorlton Place,2021,June,24,Friday,18 Jun 2021,12:00,162,185,347,162,185,347,No Group
Manchester City Council - Chorlton,Chorlton Place,2021,June,24,Friday,18 Jun 2021,13:00,160,175,335,160,175,335,No Group
Manchester City Council - Chorlton,Chorlton Place,2021,June,24,Friday,18 Jun 2021,14:00,149,172,321,149,172,321,No Group
Manchester City Council - Chorlton,Chorlton Place,2021,June,24,Friday,18 Jun 2021,15:00,159,133,292,159,133,292,No Group
Manchester City Council - Chorlton,Chorlton Place,2021,June,24,Friday,18 Jun 2021,16:00,143,139,282,143,139,282,No Group
Manchester City Council - Chorlton,Chorlton Place,2021,June,24,Friday,18 Jun 2021,17:00,81,81,162,81,81,162,No Group
Manchester City Council - Chorlton,Chorlton Place,2021,June,24,Friday,18 Jun 2021,18:00,81,94,175,81,94,175,No Group
Manchester City Council - Chorlton,Chorlton Place,2021,June,24,Friday,18 Jun 2021,19:00,91,99,190,91,99,190,No Group
Manchester City Council - Chorlton,Chorlton Place,2021,June,24,Friday,18 Jun 2021,20:00,30,33,63,30,33,63,No Group
Manchester City Council - Chorlton,Chorlton Place,2021,June,24,Friday,18 Jun 2021,21:00,26,32,58,26,32,58,No Group
Manchester City Council - Chorlton,Chorlton Place,2021,June,24,Friday,18 Jun 2021,22:00,40,69,109,40,69,109,No Group
Manchester City Council - Chorlton,Chorlton Place,2021,June,24,Friday,18 Jun 2021,23:00,17,32,49,17,32,49,No Group
Manchester City Council - Chorlton,Chorlton Place,2021,June,24,Saturday,19 Jun 2021,00:00,24,8,32,24,8,32,No Group
Manchester City Council - Chorlton,Chorlton Place,2021,June,24,Saturday,19 Jun 2021,01:00,14,8,22,14,8,22,No Group
Manchester City Council - Chorlton,Chorlton Place,2021,June,24,Saturday,19 Jun 2021,02:00,0,1,1,0,1,1,No Group
Manchester City Council - Chorlton,Chorlton Place,2021,June,24,Saturday,19 Jun 2021,03:00,4,3,7,4,3,7,No Group
Manchester City Council - Chorlton,Chorlton Place,2021,June,24,Saturday,19 Jun 2021,04:00,1,3,4,1,3,4,No Group
Manchester City Council - Chorlton,Chorlton Place,2021,June,24,Saturday,19 Jun 2021,05:00,4,5,9,4,5,9,No Group
Manchester City Council - Chorlton,Chorlton Place,2021,June,24,Saturday,19 Jun 2021,06:00,4,8,12,4,8,12,No Group
Manchester City Council - Chorlton,Chorlton Place,2021,June,24,Saturday,19 Jun 2021,07:00,5,12,17,5,12,17,No Group
Manchester City Council - Chorlton,Chorlton Place,2021,June,24,Saturday,19 Jun 2021,08:00,33,44,77,33,44,77,No Group
Manchester City Council - Chorlton,Chorlton Place,2021,June,24,Saturday,19 Jun 2021,09:00,102,114,216,102,114,216,No Group
Manchester City Council - Chorlton,Chorlton Place,2021,June,24,Saturday,19 Jun 2021,10:00,121,163,284,121,163,284,No Group
Manchester City Council - Chorlton,Chorlton Place,2021,June,24,Saturday,19 Jun 2021,11:00,243,248,491,243,248,491,No Group
Manchester City Council - Chorlton,Chorlton Place,2021,June,24,Saturday,19 Jun 2021,12:00,263,248,511,263,248,511,No Group
Manchester City Council - Chorlton,Chorlton Place,2021,June,24,Saturday,19 Jun 2021,13:00,317,314,631,317,314,631,No Group
Manchester City Council - Chorlton,Chorlton Place,2021,June,24,Saturday,19 Jun 2021,14:00,248,260,508,248,260,508,No Group
Manchester City Council - Chorlton,Chorlton Place,2021,June,24,Saturday,19 Jun 2021,15:00,207,208,415,207,208,415,No Group
Manchester City Council - Chorlton,Chorlton Place,2021,June,24,Saturday,19 Jun 2021,16:00,208,189,397,208,189,397,No Group
Manchester City Council - Chorlton,Chorlton Place,2021,June,24,Saturday,19 Jun 2021,17:00,75,102,177,75,102,177,No Group
Manchester City Council - Chorlton,Chorlton Place,2021,June,24,Saturday,19 Jun 2021,18:00,69,66,135,69,66,135,No Group
Manchester City Council - Chorlton,Chorlton Place,2021,June,24,Saturday,19 Jun 2021,19:00,65,64,129,65,64,129,No Group
Manchester City Council - Chorlton,Chorlton Place,2021,June,24,Saturday,19 Jun 2021,20:00,34,34,68,34,34,68,No Group
Manchester City Council - Chorlton,Chorlton Place,2021,June,24,Saturday,19 Jun 2021,21:00,31,49,80,31,49,80,No Group
Manchester City Council - Chorlton,Chorlton Place,2021,June,24,Saturday,19 Jun 2021,22:00,27,35,62,27,35,62,No Group
Manchester City Council - Chorlton,Chorlton Place,2021,June,24,Saturday,19 Jun 2021,23:00,27,24,51,27,24,51,No Group
Manchester City Council - Chorlton,Chorlton Place,2021,June,24,Sunday,20 Jun 2021,00:00,7,4,11,7,4,11,No Group
Manchester City Council - Chorlton,Chorlton Place,2021,June,24,Sunday,20 Jun 2021,01:00,1,2,3,1,2,3,No Group
Manchester City Council - Chorlton,Chorlton Place,2021,June,24,Sunday,20 Jun 2021,02:00,4,1,5,4,1,5,No Group
Manchester City Council - Chorlton,Chorlton Place,2021,June,24,Sunday,20 Jun 2021,03:00,0,3,3,0,3,3,No Group
Manchester City Council - Chorlton,Chorlton Place,2021,June,24,Sunday,20 Jun 2021,04:00,0,1,1,0,1,1,No Group
Manchester City Council - Chorlton,Chorlton Place,2021,June,24,Sunday,20 Jun 2021,05:00,2,1,3,2,1,3,No Group
Manchester City Council - Chorlton,Chorlton Place,2021,June,24,Sunday,20 Jun 2021,06:00,1,4,5,1,4,5,No Group
Manchester City Council - Chorlton,Chorlton Place,2021,June,24,Sunday,20 Jun 2021,07:00,5,7,12,5,7,12,No Group
Manchester City Council - Chorlton,Chorlton Place,2021,June,24,Sunday,20 Jun 2021,08:00,13,18,31,13,18,31,No Group
Manchester City Council - Chorlton,Chorlton Place,2021,June,24,Sunday,20 Jun 2021,09:00,39,38,77,39,38,77,No Group
Manchester City Council - Chorlton,Chorlton Place,2021,June,24,Sunday,20 Jun 2021,10:00,48,51,99,48,51,99,No Group
Manchester City Council - Chorlton,Chorlton Place,2021,June,24,Sunday,20 Jun 2021,11:00,102,98,200,102,98,200,No Group
Manchester City Council - Chorlton,Chorlton Place,2021,June,24,Sunday,20 Jun 2021,12:00,94,111,205,94,111,205,No Group
Manchester City Council - Chorlton,Chorlton Place,2021,June,24,Sunday,20 Jun 2021,13:00,104,115,219,104,115,219,No Group
Manchester City Council - Chorlton,Chorlton Place,2021,June,24,Sunday,20 Jun 2021,14:00,94,94,188,94,94,188,No Group
Manchester City Council - Chorlton,Chorlton Place,2021,June,24,Sunday,20 Jun 2021,15:00,97,111,208,97,111,208,No Group
Manchester City Council - Chorlton,Chorlton Place,2021,June,24,Sunday,20 Jun 2021,16:00,77,79,156,77,79,156,No Group
Manchester City Council - Chorlton,Chorlton Place,2021,June,24,Sunday,20 Jun 2021,17:00,60,61,121,60,61,121,No Group
Manchester City Council - Chorlton,Chorlton Place,2021,June,24,Sunday,20 Jun 2021,18:00,35,59,94,35,59,94,No Group
Manchester City Council - Chorlton,Chorlton Place,2021,June,24,Sunday,20 Jun 2021,19:00,29,41,70,29,41,70,No Group
Manchester City Council - Chorlton,Chorlton Place,2021,June,24,Sunday,20 Jun 2021,20:00,29,30,59,29,30,59,No Group
Manchester City Council - Chorlton,Chorlton Place,2021,June,24,Sunday,20 Jun 2021,21:00,20,25,45,20,25,45,No Group
Manchester City Council - Chorlton,Chorlton Place,2021,June,24,Sunday,20 Jun 2021,22:00,9,12,21,9,12,21,No Group
Manchester City Council - Chorlton,Chorlton Place,2021,June,24,Sunday,20 Jun 2021,23:00,17,3,20,17,3,20,No Group
Manchester City Council - Chorlton,Chorlton Place,2021,June,25,Monday,21 Jun 2021,00:00,4,1,5,4,1,5,No Group
Manchester City Council - Chorlton,Chorlton Place,2021,June,25,Monday,21 Jun 2021,01:00,0,0,0,0,0,0,No Group
Manchester City Council - Chorlton,Chorlton Place,2021,June,25,Monday,21 Jun 2021,02:00,0,0,0,0,0,0,No Group
Manchester City Council - Chorlton,Chorlton Place,2021,June,25,Monday,21 Jun 2021,03:00,0,1,1,0,1,1,No Group
Manchester City Council - Chorlton,Chorlton Place,2021,June,25,Monday,21 Jun 2021,04:00,1,3,4,1,3,4,No Group
Manchester City Council - Chorlton,Chorlton Place,2021,June,25,Monday,21 Jun 2021,05:00,1,6,7,1,6,7,No Group
Manchester City Council - Chorlton,Chorlton Place,2021,June,25,Monday,21 Jun 2021,06:00,4,15,19,4,15,19,No Group
Manchester City Council - Chorlton,Chorlton Place,2021,June,25,Monday,21 Jun 2021,07:00,14,37,51,14,37,51,No Group
Manchester City Council - Chorlton,Chorlton Place,2021,June,25,Monday,21 Jun 2021,08:00,54,72,126,54,72,126,No Group
Manchester City Council - Chorlton,Chorlton Place,2021,June,25,Monday,21 Jun 2021,09:00,73,80,153,73,80,153,No Group
Manchester City Council - Chorlton,Chorlton Place,2021,June,25,Monday,21 Jun 2021,10:00,81,92,173,81,92,173,No Group
Manchester City Council - Chorlton,Chorlton Place,2021,June,25,Monday,21 Jun 2021,11:00,119,130,249,119,130,249,No Group
Manchester City Council - Chorlton,Chorlton Place,2021,June,25,Monday,21 Jun 2021,12:00,126,128,254,126,128,254,No Group
Manchester City Council - Chorlton,Chorlton Place,2021,June,25,Monday,21 Jun 2021,13:00,128,128,256,128,128,256,No Group
Manchester City Council - Chorlton,Chorlton Place,2021,June,25,Monday,21 Jun 2021,14:00,121,134,255,121,134,255,No Group
Manchester City Council - Chorlton,Chorlton Place,2021,June,25,Monday,21 Jun 2021,15:00,115,103,218,115,103,218,No Group
Manchester City Council - Chorlton,Chorlton Place,2021,June,25,Monday,21 Jun 2021,16:00,96,103,199,96,103,199,No Group
Manchester City Council - Chorlton,Chorlton Place,2021,June,25,Monday,21 Jun 2021,17:00,70,76,146,70,76,146,No Group
Manchester City Council - Chorlton,Chorlton Place,2021,June,25,Monday,21 Jun 2021,18:00,74,68,142,74,68,142,No Group
Manchester City Council - Chorlton,Chorlton Place,2021,June,25,Monday,21 Jun 2021,19:00,32,43,75,32,43,75,No Group
Manchester City Council - Chorlton,Chorlton Place,2021,June,25,Monday,21 Jun 2021,20:00,30,27,57,30,27,57,No Group
Manchester City Council - Chorlton,Chorlton Place,2021,June,25,Monday,21 Jun 2021,21:00,13,23,36,13,23,36,No Group
Manchester City Council - Chorlton,Chorlton Place,2021,June,25,Monday,21 Jun 2021,22:00,13,15,28,13,15,28,No Group
Manchester City Council - Chorlton,Chorlton Place,2021,June,25,Monday,21 Jun 2021,23:00,10,4,14,10,4,14,No Group
Manchester City Council - Chorlton,Chorlton Place,2021,June,25,Tuesday,22 Jun 2021,00:00,7,4,11,7,4,11,No Group
Manchester City Council - Chorlton,Chorlton Place,2021,June,25,Tuesday,22 Jun 2021,01:00,2,0,2,2,0,2,No Group
Manchester City Council - Chorlton,Chorlton Place,2021,June,25,Tuesday,22 Jun 2021,02:00,0,0,0,0,0,0,No Group
Manchester City Council - Chorlton,Chorlton Place,2021,June,25,Tuesday,22 Jun 2021,03:00,1,2,3,1,2,3,No Group
Manchester City Council - Chorlton,Chorlton Place,2021,June,25,Tuesday,22 Jun 2021,04:00,1,3,4,1,3,4,No Group
Manchester City Council - Chorlton,Chorlton Place,2021,June,25,Tuesday,22 Jun 2021,05:00,8,12,20,8,12,20,No Group
Manchester City Council - Chorlton,Chorlton Place,2021,June,25,Tuesday,22 Jun 2021,06:00,7,13,20,7,13,20,No Group
Manchester City Council - Chorlton,Chorlton Place,2021,June,25,Tuesday,22 Jun 2021,07:00,19,39,58,19,39,58,No Group
Manchester City Council - Chorlton,Chorlton Place,2021,June,25,Tuesday,22 Jun 2021,08:00,50,67,117,50,67,117,No Group
Manchester City Council - Chorlton,Chorlton Place,2021,June,25,Tuesday,22 Jun 2021,09:00,95,105,200,95,105,200,No Group
Manchester City Council - Chorlton,Chorlton Place,2021,June,25,Tuesday,22 Jun 2021,10:00,81,94,175,81,94,175,No Group
Manchester City Council - Chorlton,Chorlton Place,2021,June,25,Tuesday,22 Jun 2021,11:00,114,116,230,114,116,230,No Group
Manchester City Council - Chorlton,Chorlton Place,2021,June,25,Tuesday,22 Jun 2021,12:00,164,159,323,164,159,323,No Group
Manchester City Council - Chorlton,Chorlton Place,2021,June,25,Tuesday,22 Jun 2021,13:00,181,178,359,181,178,359,No Group
Manchester City Council - Chorlton,Chorlton Place,2021,June,25,Tuesday,22 Jun 2021,14:00,161,172,333,161,172,333,No Group
Manchester City Council - Chorlton,Chorlton Place,2021,June,25,Tuesday,22 Jun 2021,15:00,159,164,323,159,164,323,No Group
Manchester City Council - Chorlton,Chorlton Place,2021,June,25,Tuesday,22 Jun 2021,16:00,151,146,297,151,146,297,No Group
Manchester City Council - Chorlton,Chorlton Place,2021,June,25,Tuesday,22 Jun 2021,17:00,87,82,169,87,82,169,No Group
Manchester City Council - Chorlton,Chorlton Place,2021,June,25,Tuesday,22 Jun 2021,18:00,73,59,132,73,59,132,No Group
Manchester City Council - Chorlton,Chorlton Place,2021,June,25,Tuesday,22 Jun 2021,19:00,74,63,137,74,63,137,No Group
Manchester City Council - Chorlton,Chorlton Place,2021,June,25,Tuesday,22 Jun 2021,20:00,29,32,61,29,32,61,No Group
Manchester City Council - Chorlton,Chorlton Place,2021,June,25,Tuesday,22 Jun 2021,21:00,22,28,50,22,28,50,No Group
Manchester City Council - Chorlton,Chorlton Place,2021,June,25,Tuesday,22 Jun 2021,22:00,32,55,87,32,55,87,No Group
Manchester City Council - Chorlton,Chorlton Place,2021,June,25,Tuesday,22 Jun 2021,23:00,10,27,37,10,27,37,No Group
Manchester City Council - Chorlton,Chorlton Place,2021,June,25,Wednesday,23 Jun 2021,00:00,4,2,6,4,2,6,No Group
Manchester City Council - Chorlton,Chorlton Place,2021,June,25,Wednesday,23 Jun 2021,01:00,2,1,3,2,1,3,No Group
Manchester City Council - Chorlton,Chorlton Place,2021,June,25,Wednesday,23 Jun 2021,02:00,0,1,1,0,1,1,No Group
Manchester City Council - Chorlton,Chorlton Place,2021,June,25,Wednesday,23 Jun 2021,03:00,2,0,2,2,0,2,No Group
Manchester City Council - Chorlton,Chorlton Place,2021,June,25,Wednesday,23 Jun 2021,04:00,1,1,2,1,1,2,No Group
Manchester City Council - Chorlton,Chorlton Place,2021,June,25,Wednesday,23 Jun 2021,05:00,4,9,13,4,9,13,No Group
Manchester City Council - Chorlton,Chorlton Place,2021,June,25,Wednesday,23 Jun 2021,06:00,3,19,22,3,19,22,No Group
Manchester City Council - Chorlton,Chorlton Place,2021,June,25,Wednesday,23 Jun 2021,07:00,11,36,47,11,36,47,No Group
Manchester City Council - Chorlton,Chorlton Place,2021,June,25,Wednesday,23 Jun 2021,08:00,57,69,126,57,69,126,No Group
Manchester City Council - Chorlton,Chorlton Place,2021,June,25,Wednesday,23 Jun 2021,09:00,72,90,162,72,90,162,No Group
Manchester City Council - Chorlton,Chorlton Place,2021,June,25,Wednesday,23 Jun 2021,10:00,92,99,191,92,99,191,No Group
Manchester City Council - Chorlton,Chorlton Place,2021,June,25,Wednesday,23 Jun 2021,11:00,117,106,223,117,106,223,No Group
Manchester City Council - Chorlton,Chorlton Place,2021,June,25,Wednesday,23 Jun 2021,12:00,145,131,276,145,131,276,No Group
Manchester City Council - Chorlton,Chorlton Place,2021,June,25,Wednesday,23 Jun 2021,13:00,170,176,346,170,176,346,No Group
Manchester City Council - Chorlton,Chorlton Place,2021,June,25,Wednesday,23 Jun 2021,14:00,149,187,336,149,187,336,No Group
Manchester City Council - Chorlton,Chorlton Place,2021,June,25,Wednesday,23 Jun 2021,15:00,142,147,289,142,147,289,No Group
Manchester City Council - Chorlton,Chorlton Place,2021,June,25,Wednesday,23 Jun 2021,16:00,123,118,241,123,118,241,No Group
Manchester City Council - Chorlton,Chorlton Place,2021,June,25,Wednesday,23 Jun 2021,17:00,77,91,168,77,91,168,No Group
Manchester City Council - Chorlton,Chorlton Place,2021,June,25,Wednesday,23 Jun 2021,18:00,65,63,128,65,63,128,No Group
Manchester City Council - Chorlton,Chorlton Place,2021,June,25,Wednesday,23 Jun 2021,19:00,56,82,138,56,82,138,No Group
Manchester City Council - Chorlton,Chorlton Place,2021,June,25,Wednesday,23 Jun 2021,20:00,27,31,58,27,31,58,No Group
Manchester City Council - Chorlton,Chorlton Place,2021,June,25,Wednesday,23 Jun 2021,21:00,25,28,53,25,28,53,No Group
Manchester City Council - Chorlton,Chorlton Place,2021,June,25,Wednesday,23 Jun 2021,22:00,13,18,31,13,18,31,No Group
Manchester City Council - Chorlton,Chorlton Place,2021,June,25,Wednesday,23 Jun 2021,23:00,13,12,25,13,12,25,No Group
Manchester City Council - Chorlton,Chorlton Place,2021,June,25,Thursday,24 Jun 2021,00:00,6,0,6,6,0,6,No Group
Manchester City Council - Chorlton,Chorlton Place,2021,June,25,Thursday,24 Jun 2021,01:00,1,0,1,1,0,1,No Group
Manchester City Council - Chorlton,Chorlton Place,2021,June,25,Thursday,24 Jun 2021,02:00,1,1,2,1,1,2,No Group
Manchester City Council - Chorlton,Chorlton Place,2021,June,25,Thursday,24 Jun 2021,03:00,0,2,2,0,2,2,No Group
Manchester City Council - Chorlton,Chorlton Place,2021,June,25,Thursday,24 Jun 2021,04:00,0,1,1,0,1,1,No Group
Manchester City Council - Chorlton,Chorlton Place,2021,June,25,Thursday,24 Jun 2021,05:00,4,8,12,4,8,12,No Group
Manchester City Council - Chorlton,Chorlton Place,2021,June,25,Thursday,24 Jun 2021,06:00,8,19,27,8,19,27,No Group
Manchester City Council - Chorlton,Chorlton Place,2021,June,25,Thursday,24 Jun 2021,07:00,11,49,60,11,49,60,No Group
Manchester City Council - Chorlton,Chorlton Place,2021,June,25,Thursday,24 Jun 2021,08:00,32,27,59,32,27,59,No Group
Manchester City Council - Chorlton,Chorlton Place,2021,June,25,Thursday,24 Jun 2021,09:00,41,29,70,41,29,70,No Group
Manchester City Council - Chorlton,Chorlton Place,2021,June,25,Thursday,24 Jun 2021,10:00,39,40,79,39,40,79,No Group
Manchester City Council - Chorlton,Chorlton Place,2021,June,25,Thursday,24 Jun 2021,11:00,87,72,159,87,72,159,No Group
Manchester City Council - Chorlton,Chorlton Place,2021,June,25,Thursday,24 Jun 2021,12:00,126,134,260,126,134,260,No Group
Manchester City Council - Chorlton,Chorlton Place,2021,June,25,Thursday,24 Jun 2021,13:00,145,145,290,145,145,290,No Group
Manchester City Council - Chorlton,Chorlton Place,2021,June,25,Thursday,24 Jun 2021,14:00,129,118,247,129,118,247,No Group
Manchester City Council - Chorlton,Chorlton Place,2021,June,25,Thursday,24 Jun 2021,15:00,127,140,267,127,140,267,No Group
Manchester City Council - Chorlton,Chorlton Place,2021,June,25,Thursday,24 Jun 2021,16:00,113,112,225,113,112,225,No Group
Manchester City Council - Chorlton,Chorlton Place,2021,June,25,Thursday,24 Jun 2021,17:00,113,110,223,113,110,223,No Group
Manchester City Council - Chorlton,Chorlton Place,2021,June,25,Thursday,24 Jun 2021,18:00,61,63,124,61,63,124,No Group
Manchester City Council - Chorlton,Chorlton Place,2021,June,25,Thursday,24 Jun 2021,19:00,69,48,117,69,48,117,No Group
Manchester City Council - Chorlton,Chorlton Place,2021,June,25,Thursday,24 Jun 2021,20:00,47,62,109,47,62,109,No Group
Manchester City Council - Chorlton,Chorlton Place,2021,June,25,Thursday,24 Jun 2021,21:00,29,46,75,29,46,75,No Group
Manchester City Council - Chorlton,Chorlton Place,2021,June,25,Thursday,24 Jun 2021,22:00,12,15,27,12,15,27,No Group
Manchester City Council - Chorlton,Chorlton Place,2021,June,25,Thursday,24 Jun 2021,23:00,12,4,16,12,4,16,No Group
Manchester City Council - Chorlton,Chorlton Place,2021,June,25,Friday,25 Jun 2021,00:00,2,0,2,2,0,2,No Group
Manchester City Council - Chorlton,Chorlton Place,2021,June,25,Friday,25 Jun 2021,01:00,0,0,0,0,0,0,No Group
Manchester City Council - Chorlton,Chorlton Place,2021,June,25,Friday,25 Jun 2021,02:00,0,0,0,0,0,0,No Group
Manchester City Council - Chorlton,Chorlton Place,2021,June,25,Friday,25 Jun 2021,03:00,0,1,1,0,1,1,No Group
Manchester City Council - Chorlton,Chorlton Place,2021,June,25,Friday,25 Jun 2021,04:00,1,5,6,1,5,6,No Group
Manchester City Council - Chorlton,Chorlton Place,2021,June,25,Friday,25 Jun 2021,05:00,4,9,13,4,9,13,No Group
Manchester City Council - Chorlton,Chorlton Place,2021,June,25,Friday,25 Jun 2021,06:00,5,11,16,5,11,16,No Group
Manchester City Council - Chorlton,Chorlton Place,2021,June,25,Friday,25 Jun 2021,07:00,18,42,60,18,42,60,No Group
Manchester City Council - Chorlton,Chorlton Place,2021,June,25,Friday,25 Jun 2021,08:00,64,94,158,64,94,158,No Group
Manchester City Council - Chorlton,Chorlton Place,2021,June,25,Friday,25 Jun 2021,09:00,89,87,176,89,87,176,No Group
Manchester City Council - Chorlton,Chorlton Place,2021,June,25,Friday,25 Jun 2021,10:00,151,182,333,151,182,333,No Group
Manchester City Council - Chorlton,Chorlton Place,2021,June,25,Friday,25 Jun 2021,11:00,161,147,308,161,147,308,No Group
Manchester City Council - Chorlton,Chorlton Place,2021,June,25,Friday,25 Jun 2021,12:00,157,172,329,157,172,329,No Group
Manchester City Council - Chorlton,Chorlton Place,2021,June,25,Friday,25 Jun 2021,13:00,161,167,328,161,167,328,No Group
Manchester City Council - Chorlton,Chorlton Place,2021,June,25,Friday,25 Jun 2021,14:00,138,153,291,138,153,291,No Group
Manchester City Council - Chorlton,Chorlton Place,2021,June,25,Friday,25 Jun 2021,15:00,147,154,301,147,154,301,No Group
Manchester City Council - Chorlton,Chorlton Place,2021,June,25,Friday,25 Jun 2021,16:00,131,113,244,131,113,244,No Group
Manchester City Council - Chorlton,Chorlton Place,2021,June,25,Friday,25 Jun 2021,17:00,104,116,220,104,116,220,No Group
Manchester City Council - Chorlton,Chorlton Place,2021,June,25,Friday,25 Jun 2021,18:00,78,71,149,78,71,149,No Group
Manchester City Council - Chorlton,Chorlton Place,2021,June,25,Friday,25 Jun 2021,19:00,62,65,127,62,65,127,No Group
Manchester City Council - Chorlton,Chorlton Place,2021,June,25,Friday,25 Jun 2021,20:00,50,38,88,50,38,88,No Group
Manchester City Council - Chorlton,Chorlton Place,2021,June,25,Friday,25 Jun 2021,21:00,35,40,75,35,40,75,No Group
Manchester City Council - Chorlton,Chorlton Place,2021,June,25,Friday,25 Jun 2021,22:00,37,33,70,37,33,70,No Group
Manchester City Council - Chorlton,Chorlton Place,2021,June,25,Friday,25 Jun 2021,23:00,19,7,26,19,7,26,No Group
Manchester City Council - Chorlton,Chorlton Place,2021,June,25,Saturday,26 Jun 2021,00:00,14,6,20,14,6,20,No Group
Manchester City Council - Chorlton,Chorlton Place,2021,June,25,Saturday,26 Jun 2021,01:00,4,5,9,4,5,9,No Group
Manchester City Council - Chorlton,Chorlton Place,2021,June,25,Saturday,26 Jun 2021,02:00,1,1,2,1,1,2,No Group
Manchester City Council - Chorlton,Chorlton Place,2021,June,25,Saturday,26 Jun 2021,03:00,2,1,3,2,1,3,No Group
Manchester City Council - Chorlton,Chorlton Place,2021,June,25,Saturday,26 Jun 2021,04:00,2,4,6,2,4,6,No Group
Manchester City Council - Chorlton,Chorlton Place,2021,June,25,Saturday,26 Jun 2021,05:00,1,2,3,1,2,3,No Group
Manchester City Council - Chorlton,Chorlton Place,2021,June,25,Saturday,26 Jun 2021,06:00,2,7,9,2,7,9,No Group
Manchester City Council - Chorlton,Chorlton Place,2021,June,25,Saturday,26 Jun 2021,07:00,5,21,26,5,21,26,No Group
Manchester City Council - Chorlton,Chorlton Place,2021,June,25,Saturday,26 Jun 2021,08:00,24,38,62,24,38,62,No Group
Manchester City Council - Chorlton,Chorlton Place,2021,June,25,Saturday,26 Jun 2021,09:00,84,91,175,84,91,175,No Group
Manchester City Council - Chorlton,Chorlton Place,2021,June,25,Saturday,26 Jun 2021,10:00,131,143,274,131,143,274,No Group
Manchester City Council - Chorlton,Chorlton Place,2021,June,25,Saturday,26 Jun 2021,11:00,182,205,387,182,205,387,No Group
Manchester City Council - Chorlton,Chorlton Place,2021,June,25,Saturday,26 Jun 2021,12:00,272,248,520,272,248,520,No Group
Manchester City Council - Chorlton,Chorlton Place,2021,June,25,Saturday,26 Jun 2021,13:00,260,303,563,260,303,563,No Group
Manchester City Council - Chorlton,Chorlton Place,2021,June,25,Saturday,26 Jun 2021,14:00,231,204,435,231,204,435,No Group
Manchester City Council - Chorlton,Chorlton Place,2021,June,25,Saturday,26 Jun 2021,15:00,217,206,423,217,206,423,No Group
Manchester City Council - Chorlton,Chorlton Place,2021,June,25,Saturday,26 Jun 2021,16:00,178,202,380,178,202,380,No Group
Manchester City Council - Chorlton,Chorlton Place,2021,June,25,Saturday,26 Jun 2021,17:00,101,108,209,101,108,209,No Group
Manchester City Council - Chorlton,Chorlton Place,2021,June,25,Saturday,26 Jun 2021,18:00,47,71,118,47,71,118,No Group
Manchester City Council - Chorlton,Chorlton Place,2021,June,25,Saturday,26 Jun 2021,19:00,58,68,126,58,68,126,No Group
Manchester City Council - Chorlton,Chorlton Place,2021,June,25,Saturday,26 Jun 2021,20:00,39,52,91,39,52,91,No Group
Manchester City Council - Chorlton,Chorlton Place,2021,June,25,Saturday,26 Jun 2021,21:00,41,35,76,41,35,76,No Group
Manchester City Council - Chorlton,Chorlton Place,2021,June,25,Saturday,26 Jun 2021,22:00,33,47,80,33,47,80,No Group
Manchester City Council - Chorlton,Chorlton Place,2021,June,25,Saturday,26 Jun 2021,23:00,16,32,48,16,32,48,No Group
Manchester City Council - Chorlton,Chorlton Place,2021,June,25,Sunday,27 Jun 2021,00:00,14,9,23,14,9,23,No Group
Manchester City Council - Chorlton,Chorlton Place,2021,June,25,Sunday,27 Jun 2021,01:00,14,3,17,14,3,17,No Group
Manchester City Council - Chorlton,Chorlton Place,2021,June,25,Sunday,27 Jun 2021,02:00,3,3,6,3,3,6,No Group
Manchester City Council - Chorlton,Chorlton Place,2021,June,25,Sunday,27 Jun 2021,03:00,2,0,2,2,0,2,No Group
Manchester City Council - Chorlton,Chorlton Place,2021,June,25,Sunday,27 Jun 2021,04:00,1,4,5,1,4,5,No Group
Manchester City Council - Chorlton,Chorlton Place,2021,June,25,Sunday,27 Jun 2021,05:00,6,5,11,6,5,11,No Group
Manchester City Council - Chorlton,Chorlton Place,2021,June,25,Sunday,27 Jun 2021,06:00,1,7,8,1,7,8,No Group
Manchester City Council - Chorlton,Chorlton Place,2021,June,25,Sunday,27 Jun 2021,07:00,3,10,13,3,10,13,No Group
Manchester City Council - Chorlton,Chorlton Place,2021,June,25,Sunday,27 Jun 2021,08:00,16,18,34,16,18,34,No Group
Manchester City Council - Chorlton,Chorlton Place,2021,June,25,Sunday,27 Jun 2021,09:00,28,47,75,28,47,75,No Group
Manchester City Council - Chorlton,Chorlton Place,2021,June,25,Sunday,27 Jun 2021,10:00,38,59,97,38,59,97,No Group
Manchester City Council - Chorlton,Chorlton Place,2021,June,25,Sunday,27 Jun 2021,11:00,85,71,156,85,71,156,No Group
Manchester City Council - Chorlton,Chorlton Place,2021,June,25,Sunday,27 Jun 2021,12:00,88,95,183,88,95,183,No Group
Manchester City Council - Chorlton,Chorlton Place,2021,June,25,Sunday,27 Jun 2021,13:00,81,90,171,81,90,171,No Group
Manchester City Council - Chorlton,Chorlton Place,2021,June,25,Sunday,27 Jun 2021,14:00,109,85,194,109,85,194,No Group
Manchester City Council - Chorlton,Chorlton Place,2021,June,25,Sunday,27 Jun 2021,15:00,86,66,152,86,66,152,No Group
Manchester City Council - Chorlton,Chorlton Place,2021,June,25,Sunday,27 Jun 2021,16:00,78,74,152,78,74,152,No Group
Manchester City Council - Chorlton,Chorlton Place,2021,June,25,Sunday,27 Jun 2021,17:00,48,59,107,48,59,107,No Group
Manchester City Council - Chorlton,Chorlton Place,2021,June,25,Sunday,27 Jun 2021,18:00,39,58,97,39,58,97,No Group
Manchester City Council - Chorlton,Chorlton Place,2021,June,25,Sunday,27 Jun 2021,19:00,22,26,48,22,26,48,No Group
Manchester City Council - Chorlton,Chorlton Place,2021,June,25,Sunday,27 Jun 2021,20:00,28,28,56,28,28,56,No Group
Manchester City Council - Chorlton,Chorlton Place,2021,June,25,Sunday,27 Jun 2021,21:00,27,29,56,27,29,56,No Group
Manchester City Council - Chorlton,Chorlton Place,2021,June,25,Sunday,27 Jun 2021,22:00,13,21,34,13,21,34,No Group
Manchester City Council - Chorlton,Chorlton Place,2021,June,25,Sunday,27 Jun 2021,23:00,7,1,8,7,1,8,No Group
Manchester City Council - Chorlton,Chorlton Place,2021,June,26,Monday,28 Jun 2021,00:00,5,2,7,5,2,7,No Group
Manchester City Council - Chorlton,Chorlton Place,2021,June,26,Monday,28 Jun 2021,01:00,7,1,8,7,1,8,No Group
Manchester City Council - Chorlton,Chorlton Place,2021,June,26,Monday,28 Jun 2021,02:00,0,1,1,0,1,1,No Group
Manchester City Council - Chorlton,Chorlton Place,2021,June,26,Monday,28 Jun 2021,03:00,0,2,2,0,2,2,No Group
Manchester City Council - Chorlton,Chorlton Place,2021,June,26,Monday,28 Jun 2021,04:00,0,1,1,0,1,1,No Group
Manchester City Council - Chorlton,Chorlton Place,2021,June,26,Monday,28 Jun 2021,05:00,3,5,8,3,5,8,No Group
Manchester City Council - Chorlton,Chorlton Place,2021,June,26,Monday,28 Jun 2021,06:00,3,20,23,3,20,23,No Group
Manchester City Council - Chorlton,Chorlton Place,2021,June,26,Monday,28 Jun 2021,07:00,13,31,44,13,31,44,No Group
Manchester City Council - Chorlton,Chorlton Place,2021,June,26,Monday,28 Jun 2021,08:00,41,57,98,41,57,98,No Group
Manchester City Council - Chorlton,Chorlton Place,2021,June,26,Monday,28 Jun 2021,09:00,75,87,162,75,87,162,No Group
Manchester City Council - Chorlton,Chorlton Place,2021,June,26,Monday,28 Jun 2021,10:00,63,92,155,63,92,155,No Group
Manchester City Council - Chorlton,Chorlton Place,2021,June,26,Monday,28 Jun 2021,11:00,105,100,205,105,100,205,No Group
Manchester City Council - Chorlton,Chorlton Place,2021,June,26,Monday,28 Jun 2021,12:00,149,158,307,149,158,307,No Group
Manchester City Council - Chorlton,Chorlton Place,2021,June,26,Monday,28 Jun 2021,13:00,164,135,299,164,135,299,No Group
Manchester City Council - Chorlton,Chorlton Place,2021,June,26,Monday,28 Jun 2021,14:00,130,111,241,130,111,241,No Group
Manchester City Council - Chorlton,Chorlton Place,2021,June,26,Monday,28 Jun 2021,15:00,98,129,227,98,129,227,No Group
Manchester City Council - Chorlton,Chorlton Place,2021,June,26,Monday,28 Jun 2021,16:00,117,110,227,117,110,227,No Group
Manchester City Council - Chorlton,Chorlton Place,2021,June,26,Monday,28 Jun 2021,17:00,81,58,139,81,58,139,No Group
Manchester City Council - Chorlton,Chorlton Place,2021,June,26,Monday,28 Jun 2021,18:00,57,53,110,57,53,110,No Group
Manchester City Council - Chorlton,Chorlton Place,2021,June,26,Monday,28 Jun 2021,19:00,51,42,93,51,42,93,No Group
Manchester City Council - Chorlton,Chorlton Place,2021,June,26,Monday,28 Jun 2021,20:00,31,30,61,31,30,61,No Group
Manchester City Council - Chorlton,Chorlton Place,2021,June,26,Monday,28 Jun 2021,21:00,30,23,53,30,23,53,No Group
Manchester City Council - Chorlton,Chorlton Place,2021,June,26,Monday,28 Jun 2021,22:00,9,18,27,9,18,27,No Group
Manchester City Council - Chorlton,Chorlton Place,2021,June,26,Monday,28 Jun 2021,23:00,6,2,8,6,2,8,No Group
Manchester City Council - Chorlton,Chorlton Place,2021,June,26,Tuesday,29 Jun 2021,00:00,0,1,1,0,1,1,No Group
Manchester City Council - Chorlton,Chorlton Place,2021,June,26,Tuesday,29 Jun 2021,01:00,0,0,0,0,0,0,No Group
Manchester City Council - Chorlton,Chorlton Place,2021,June,26,Tuesday,29 Jun 2021,02:00,0,0,0,0,0,0,No Group
Manchester City Council - Chorlton,Chorlton Place,2021,June,26,Tuesday,29 Jun 2021,03:00,2,4,6,2,4,6,No Group
Manchester City Council - Chorlton,Chorlton Place,2021,June,26,Tuesday,29 Jun 2021,04:00,4,5,9,4,5,9,No Group
Manchester City Council - Chorlton,Chorlton Place,2021,June,26,Tuesday,29 Jun 2021,05:00,3,9,12,3,9,12,No Group
Manchester City Council - Chorlton,Chorlton Place,2021,June,26,Tuesday,29 Jun 2021,06:00,4,16,20,4,16,20,No Group
Manchester City Council - Chorlton,Chorlton Place,2021,June,26,Tuesday,29 Jun 2021,07:00,8,50,58,8,50,58,No Group
Manchester City Council - Chorlton,Chorlton Place,2021,June,26,Tuesday,29 Jun 2021,08:00,36,61,97,36,61,97,No Group
Manchester City Council - Chorlton,Chorlton Place,2021,June,26,Tuesday,29 Jun 2021,09:00,89,112,201,89,112,201,No Group
Manchester City Council - Chorlton,Chorlton Place,2021,June,26,Tuesday,29 Jun 2021,10:00,110,122,232,110,122,232,No Group
Manchester City Council - Chorlton,Chorlton Place,2021,June,26,Tuesday,29 Jun 2021,11:00,131,136,267,131,136,267,No Group
Manchester City Council - Chorlton,Chorlton Place,2021,June,26,Tuesday,29 Jun 2021,12:00,170,183,353,170,183,353,No Group
Manchester City Council - Chorlton,Chorlton Place,2021,June,26,Tuesday,29 Jun 2021,13:00,233,225,458,233,225,458,No Group
Manchester City Council - Chorlton,Chorlton Place,2021,June,26,Tuesday,29 Jun 2021,14:00,156,149,305,156,149,305,No Group
Manchester City Council - Chorlton,Chorlton Place,2021,June,26,Tuesday,29 Jun 2021,15:00,114,137,251,114,137,251,No Group
Manchester City Council - Chorlton,Chorlton Place,2021,June,26,Tuesday,29 Jun 2021,16:00,136,116,252,136,116,252,No Group
Manchester City Council - Chorlton,Chorlton Place,2021,June,26,Tuesday,29 Jun 2021,17:00,89,70,159,89,70,159,No Group
Manchester City Council - Chorlton,Chorlton Place,2021,June,26,Tuesday,29 Jun 2021,18:00,35,38,73,35,38,73,No Group
Manchester City Council - Chorlton,Chorlton Place,2021,June,26,Tuesday,29 Jun 2021,19:00,72,81,153,72,81,153,No Group
Manchester City Council - Chorlton,Chorlton Place,2021,June,26,Tuesday,29 Jun 2021,20:00,49,44,93,49,44,93,No Group
Manchester City Council - Chorlton,Chorlton Place,2021,June,26,Tuesday,29 Jun 2021,21:00,30,44,74,30,44,74,No Group
Manchester City Council - Chorlton,Chorlton Place,2021,June,26,Tuesday,29 Jun 2021,22:00,17,13,30,17,13,30,No Group
Manchester City Council - Chorlton,Chorlton Place,2021,June,26,Tuesday,29 Jun 2021,23:00,15,8,23,15,8,23,No Group
Manchester City Council - Chorlton,Chorlton Place,2021,June,26,Wednesday,30 Jun 2021,00:00,9,0,9,9,0,9,No Group
Manchester City Council - Chorlton,Chorlton Place,2021,June,26,Wednesday,30 Jun 2021,01:00,8,1,9,8,1,9,No Group
Manchester City Council - Chorlton,Chorlton Place,2021,June,26,Wednesday,30 Jun 2021,02:00,1,0,1,1,0,1,No Group
Manchester City Council - Chorlton,Chorlton Place,2021,June,26,Wednesday,30 Jun 2021,03:00,0,1,1,0,1,1,No Group
Manchester City Council - Chorlton,Chorlton Place,2021,June,26,Wednesday,30 Jun 2021,04:00,0,3,3,0,3,3,No Group
Manchester City Council - Chorlton,Chorlton Place,2021,June,26,Wednesday,30 Jun 2021,05:00,5,11,16,5,11,16,No Group
Manchester City Council - Chorlton,Chorlton Place,2021,June,26,Wednesday,30 Jun 2021,06:00,4,21,25,4,21,25,No Group
Manchester City Council - Chorlton,Chorlton Place,2021,June,26,Wednesday,30 Jun 2021,07:00,18,34,52,18,34,52,No Group
Manchester City Council - Chorlton,Chorlton Place,2021,June,26,Wednesday,30 Jun 2021,08:00,45,70,115,45,70,115,No Group
Manchester City Council - Chorlton,Chorlton Place,2021,June,26,Wednesday,30 Jun 2021,09:00,75,95,170,75,95,170,No Group
Manchester City Council - Chorlton,Chorlton Place,2021,June,26,Wednesday,30 Jun 2021,10:00,66,70,136,66,70,136,No Group
Manchester City Council - Chorlton,Chorlton Place,2021,June,26,Wednesday,30 Jun 2021,11:00,15,69,84,15,69,84,No Group
Manchester City Council - Chorlton,Chorlton Place,2021,June,26,Wednesday,30 Jun 2021,12:00,25,63,88,25,63,88,No Group
Manchester City Council - Chorlton,Chorlton Place,2021,June,26,Wednesday,30 Jun 2021,13:00,37,94,131,37,94,131,No Group
Manchester City Council - Chorlton,Chorlton Place,2021,June,26,Wednesday,30 Jun 2021,14:00,128,150,278,128,150,278,No Group
Manchester City Council - Chorlton,Chorlton Place,2021,June,26,Wednesday,30 Jun 2021,15:00,144,131,275,144,131,275,No Group
Manchester City Council - Chorlton,Chorlton Place,2021,June,26,Wednesday,30 Jun 2021,16:00,119,125,244,119,125,244,No Group
Manchester City Council - Chorlton,Chorlton Place,2021,June,26,Wednesday,30 Jun 2021,17:00,80,81,161,80,81,161,No Group
Manchester City Council - Chorlton,Chorlton Place,2021,June,26,Wednesday,30 Jun 2021,18:00,70,64,134,70,64,134,No Group
Manchester City Council - Chorlton,Chorlton Place,2021,June,26,Wednesday,30 Jun 2021,19:00,59,45,104,59,45,104,No Group
Manchester City Council - Chorlton,Chorlton Place,2021,June,26,Wednesday,30 Jun 2021,20:00,37,41,78,37,41,78,No Group
Manchester City Council - Chorlton,Chorlton Place,2021,June,26,Wednesday,30 Jun 2021,21:00,18,33,51,18,33,51,No Group
Manchester City Council - Chorlton,Chorlton Place,2021,June,26,Wednesday,30 Jun 2021,22:00,13,14,27,13,14,27,No Group
Manchester City Council - Chorlton,Chorlton Place,2021,June,26,Wednesday,30 Jun 2021,23:00,15,9,24,15,9,24,No Group
Manchester City Council - Chorlton,Chorlton Place,2021,June,26,Thursday,01 Jul 2021,00:00,5,1,6,5,1,6,No Group
Manchester City Council - Chorlton,Chorlton Place,2021,June,26,Thursday,01 Jul 2021,01:00,2,1,3,2,1,3,No Group
Manchester City Council - Chorlton,Chorlton Place,2021,June,26,Thursday,01 Jul 2021,02:00,0,0,0,0,0,0,No Group
Manchester City Council - Chorlton,Chorlton Place,2021,June,26,Thursday,01 Jul 2021,03:00,0,1,1,0,1,1,No Group
Manchester City Council - Chorlton,Chorlton Place,2021,June,26,Thursday,01 Jul 2021,04:00,4,4,8,4,4,8,No Group
Manchester City Council - Chorlton,Chorlton Place,2021,June,26,Thursday,01 Jul 2021,05:00,2,9,11,2,9,11,No Group
Manchester City Council - Chorlton,Chorlton Place,2021,June,26,Thursday,01 Jul 2021,06:00,9,18,27,9,18,27,No Group
Manchester City Council - Chorlton,Chorlton Place,2021,June,26,Thursday,01 Jul 2021,07:00,15,43,58,15,43,58,No Group
Manchester City Council - Chorlton,Chorlton Place,2021,June,26,Thursday,01 Jul 2021,08:00,39,80,119,39,80,119,No Group
Manchester City Council - Chorlton,Chorlton Place,2021,June,26,Thursday,01 Jul 2021,09:00,80,92,172,80,92,172,No Group
Manchester City Council - Chorlton,Chorlton Place,2021,June,26,Thursday,01 Jul 2021,10:00,94,95,189,94,95,189,No Group
Manchester City Council - Chorlton,Chorlton Place,2021,June,26,Thursday,01 Jul 2021,11:00,141,140,281,141,140,281,No Group
Manchester City Council - Chorlton,Chorlton Place,2021,June,26,Thursday,01 Jul 2021,12:00,161,169,330,161,169,330,No Group
Manchester City Council - Chorlton,Chorlton Place,2021,June,26,Thursday,01 Jul 2021,13:00,186,212,398,186,212,398,No Group
Manchester City Council - Chorlton,Chorlton Place,2021,June,26,Thursday,01 Jul 2021,14:00,139,152,291,139,152,291,No Group
Manchester City Council - Chorlton,Chorlton Place,2021,June,26,Thursday,01 Jul 2021,15:00,116,132,248,116,132,248,No Group
Manchester City Council - Chorlton,Chorlton Place,2021,June,26,Thursday,01 Jul 2021,16:00,109,101,210,109,101,210,No Group
Manchester City Council - Chorlton,Chorlton Place,2021,June,26,Thursday,01 Jul 2021,17:00,96,94,190,96,94,190,No Group
Manchester City Council - Chorlton,Chorlton Place,2021,June,26,Thursday,01 Jul 2021,18:00,73,78,151,73,78,151,No Group
Manchester City Council - Chorlton,Chorlton Place,2021,June,26,Thursday,01 Jul 2021,19:00,62,52,114,62,52,114,No Group
Manchester City Council - Chorlton,Chorlton Place,2021,June,26,Thursday,01 Jul 2021,20:00,43,44,87,43,44,87,No Group
Manchester City Council - Chorlton,Chorlton Place,2021,June,26,Thursday,01 Jul 2021,21:00,26,34,60,26,34,60,No Group
Manchester City Council - Chorlton,Chorlton Place,2021,June,26,Thursday,01 Jul 2021,22:00,25,30,55,25,30,55,No Group
Manchester City Council - Chorlton,Chorlton Place,2021,June,26,Thursday,01 Jul 2021,23:00,13,7,20,13,7,20,No Group
Manchester City Council - Chorlton,Chorlton Place,2021,June,26,Friday,02 Jul 2021,00:00,9,1,10,9,1,10,No Group
Manchester City Council - Chorlton,Chorlton Place,2021,June,26,Friday,02 Jul 2021,01:00,0,0,0,0,0,0,No Group
Manchester City Council - Chorlton,Chorlton Place,2021,June,26,Friday,02 Jul 2021,02:00,1,0,1,1,0,1,No Group
Manchester City Council - Chorlton,Chorlton Place,2021,June,26,Friday,02 Jul 2021,03:00,0,1,1,0,1,1,No Group
Manchester City Council - Chorlton,Chorlton Place,2021,June,26,Friday,02 Jul 2021,04:00,2,4,6,2,4,6,No Group
Manchester City Council - Chorlton,Chorlton Place,2021,June,26,Friday,02 Jul 2021,05:00,0,5,5,0,5,5,No Group
Manchester City Council - Chorlton,Chorlton Place,2021,June,26,Friday,02 Jul 2021,06:00,4,15,19,4,15,19,No Group
Manchester City Council - Chorlton,Chorlton Place,2021,June,26,Friday,02 Jul 2021,07:00,20,43,63,20,43,63,No Group
Manchester City Council - Chorlton,Chorlton Place,2021,June,26,Friday,02 Jul 2021,08:00,34,55,89,34,55,89,No Group
Manchester City Council - Chorlton,Chorlton Place,2021,June,26,Friday,02 Jul 2021,09:00,79,78,157,79,78,157,No Group
Manchester City Council - Chorlton,Chorlton Place,2021,June,26,Friday,02 Jul 2021,10:00,114,143,257,114,143,257,No Group
Manchester City Council - Chorlton,Chorlton Place,2021,June,26,Friday,02 Jul 2021,11:00,150,139,289,150,139,289,No Group
Manchester City Council - Chorlton,Chorlton Place,2021,June,26,Friday,02 Jul 2021,12:00,142,153,295,142,153,295,No Group
Manchester City Council - Chorlton,Chorlton Place,2021,June,26,Friday,02 Jul 2021,13:00,156,176,332,156,176,332,No Group
Manchester City Council - Chorlton,Chorlton Place,2021,June,26,Friday,02 Jul 2021,14:00,172,144,316,172,144,316,No Group
Manchester City Council - Chorlton,Chorlton Place,2021,June,26,Friday,02 Jul 2021,15:00,123,137,260,123,137,260,No Group
Manchester City Council - Chorlton,Chorlton Place,2021,June,26,Friday,02 Jul 2021,16:00,123,131,254,123,131,254,No Group
Manchester City Council - Chorlton,Chorlton Place,2021,June,26,Friday,02 Jul 2021,17:00,76,103,179,76,103,179,No Group
Manchester City Council - Chorlton,Chorlton Place,2021,June,26,Friday,02 Jul 2021,18:00,80,74,154,80,74,154,No Group
Manchester City Council - Chorlton,Chorlton Place,2021,June,26,Friday,02 Jul 2021,19:00,66,48,114,66,48,114,No Group
Manchester City Council - Chorlton,Chorlton Place,2021,June,26,Friday,02 Jul 2021,20:00,72,70,142,72,70,142,No Group
Manchester City Council - Chorlton,Chorlton Place,2021,June,26,Friday,02 Jul 2021,21:00,20,39,59,20,39,59,No Group
Manchester City Council - Chorlton,Chorlton Place,2021,June,26,Friday,02 Jul 2021,22:00,38,33,71,38,33,71,No Group
Manchester City Council - Chorlton,Chorlton Place,2021,June,26,Friday,02 Jul 2021,23:00,20,17,37,20,17,37,No Group
Manchester City Council - Chorlton,Chorlton Place,2021,June,26,Saturday,03 Jul 2021,00:00,12,9,21,12,9,21,No Group
Manchester City Council - Chorlton,Chorlton Place,2021,June,26,Saturday,03 Jul 2021,01:00,6,7,13,6,7,13,No Group
Manchester City Council - Chorlton,Chorlton Place,2021,June,26,Saturday,03 Jul 2021,02:00,0,2,2,0,2,2,No Group
Manchester City Council - Chorlton,Chorlton Place,2021,June,26,Saturday,03 Jul 2021,03:00,1,3,4,1,3,4,No Group
Manchester City Council - Chorlton,Chorlton Place,2021,June,26,Saturday,03 Jul 2021,04:00,3,8,11,3,8,11,No Group
Manchester City Council - Chorlton,Chorlton Place,2021,June,26,Saturday,03 Jul 2021,05:00,2,5,7,2,5,7,No Group
Manchester City Council - Chorlton,Chorlton Place,2021,June,26,Saturday,03 Jul 2021,06:00,5,6,11,5,6,11,No Group
Manchester City Council - Chorlton,Chorlton Place,2021,June,26,Saturday,03 Jul 2021,07:00,16,24,40,16,24,40,No Group
Manchester City Council - Chorlton,Chorlton Place,2021,June,26,Saturday,03 Jul 2021,08:00,47,58,105,47,58,105,No Group
Manchester City Council - Chorlton,Chorlton Place,2021,June,26,Saturday,03 Jul 2021,09:00,128,128,256,128,128,256,No Group
Manchester City Council - Chorlton,Chorlton Place,2021,June,26,Saturday,03 Jul 2021,10:00,123,175,298,123,175,298,No Group
Manchester City Council - Chorlton,Chorlton Place,2021,June,26,Saturday,03 Jul 2021,11:00,158,167,325,158,167,325,No Group
Manchester City Council - Chorlton,Chorlton Place,2021,June,26,Saturday,03 Jul 2021,12:00,199,197,396,199,197,396,No Group
Manchester City Council - Chorlton,Chorlton Place,2021,June,26,Saturday,03 Jul 2021,13:00,193,159,352,193,159,352,No Group
Manchester City Council - Chorlton,Chorlton Place,2021,June,26,Saturday,03 Jul 2021,14:00,198,181,379,198,181,379,No Group
Manchester City Council - Chorlton,Chorlton Place,2021,June,26,Saturday,03 Jul 2021,15:00,227,215,442,227,215,442,No Group
Manchester City Council - Chorlton,Chorlton Place,2021,June,26,Saturday,03 Jul 2021,16:00,135,158,293,135,158,293,No Group
Manchester City Council - Chorlton,Chorlton Place,2021,June,26,Saturday,03 Jul 2021,17:00,103,97,200,103,97,200,No Group
Manchester City Council - Chorlton,Chorlton Place,2021,June,26,Saturday,03 Jul 2021,18:00,71,79,150,71,79,150,No Group
Manchester City Council - Chorlton,Chorlton Place,2021,June,26,Saturday,03 Jul 2021,19:00,59,79,138,59,79,138,No Group
Manchester City Council - Chorlton,Chorlton Place,2021,June,26,Saturday,03 Jul 2021,20:00,19,30,49,19,30,49,No Group
Manchester City Council - Chorlton,Chorlton Place,2021,June,26,Saturday,03 Jul 2021,21:00,25,28,53,25,28,53,No Group
Manchester City Council - Chorlton,Chorlton Place,2021,June,26,Saturday,03 Jul 2021,22:00,52,70,122,52,70,122,No Group
Manchester City Council - Chorlton,Chorlton Place,2021,June,26,Saturday,03 Jul 2021,23:00,34,22,56,34,22,56,No Group
Manchester City Council - Chorlton,Chorlton Place,2021,June,26,Sunday,04 Jul 2021,00:00,18,6,24,18,6,24,No Group
Manchester City Council - Chorlton,Chorlton Place,2021,June,26,Sunday,04 Jul 2021,01:00,17,8,25,17,8,25,No Group
Manchester City Council - Chorlton,Chorlton Place,2021,June,26,Sunday,04 Jul 2021,02:00,6,3,9,6,3,9,No Group
Manchester City Council - Chorlton,Chorlton Place,2021,June,26,Sunday,04 Jul 2021,03:00,1,2,3,1,2,3,No Group
Manchester City Council - Chorlton,Chorlton Place,2021,June,26,Sunday,04 Jul 2021,04:00,1,1,2,1,1,2,No Group
Manchester City Council - Chorlton,Chorlton Place,2021,June,26,Sunday,04 Jul 2021,05:00,0,2,2,0,2,2,No Group
Manchester City Council - Chorlton,Chorlton Place,2021,June,26,Sunday,04 Jul 2021,06:00,2,9,11,2,9,11,No Group
Manchester City Council - Chorlton,Chorlton Place,2021,June,26,Sunday,04 Jul 2021,07:00,8,13,21,8,13,21,No Group
Manchester City Council - Chorlton,Chorlton Place,2021,June,26,Sunday,04 Jul 2021,08:00,15,26,41,15,26,41,No Group
Manchester City Council - Chorlton,Chorlton Place,2021,June,26,Sunday,04 Jul 2021,09:00,25,29,54,25,29,54,No Group
Manchester City Council - Chorlton,Chorlton Place,2021,June,26,Sunday,04 Jul 2021,10:00,78,66,144,78,66,144,No Group
Manchester City Council - Chorlton,Chorlton Place,2021,June,26,Sunday,04 Jul 2021,11:00,70,105,175,70,105,175,No Group
Manchester City Council - Chorlton,Chorlton Place,2021,June,26,Sunday,04 Jul 2021,12:00,91,100,191,91,100,191,No Group
Manchester City Council - Chorlton,Chorlton Place,2021,June,26,Sunday,04 Jul 2021,13:00,80,98,178,80,98,178,No Group
Manchester City Council - Chorlton,Chorlton Place,2021,June,26,Sunday,04 Jul 2021,14:00,110,95,205,110,95,205,No Group
Manchester City Council - Chorlton,Chorlton Place,2021,June,26,Sunday,04 Jul 2021,15:00,103,119,222,103,119,222,No Group
Manchester City Council - Chorlton,Chorlton Place,2021,June,26,Sunday,04 Jul 2021,16:00,72,83,155,72,83,155,No Group
Manchester City Council - Chorlton,Chorlton Place,2021,June,26,Sunday,04 Jul 2021,17:00,66,65,131,66,65,131,No Group
Manchester City Council - Chorlton,Chorlton Place,2021,June,26,Sunday,04 Jul 2021,18:00,66,32,98,66,32,98,No Group
Manchester City Council - Chorlton,Chorlton Place,2021,June,26,Sunday,04 Jul 2021,19:00,35,33,68,35,33,68,No Group
Manchester City Council - Chorlton,Chorlton Place,2021,June,26,Sunday,04 Jul 2021,20:00,26,24,50,26,24,50,No Group
Manchester City Council - Chorlton,Chorlton Place,2021,June,26,Sunday,04 Jul 2021,21:00,25,22,47,25,22,47,No Group
Manchester City Council - Chorlton,Chorlton Place,2021,June,26,Sunday,04 Jul 2021,22:00,14,9,23,14,9,23,No Group
Manchester City Council - Chorlton,Chorlton Place,2021,June,26,Sunday,04 Jul 2021,23:00,3,6,9,3,6,9,No Group
Manchester City Council - Chorlton,Chorlton Place,2021,July,27,Monday,05 Jul 2021,00:00,0,1,1,0,1,1,No Group
Manchester City Council - Chorlton,Chorlton Place,2021,July,27,Monday,05 Jul 2021,01:00,2,2,4,2,2,4,No Group
Manchester City Council - Chorlton,Chorlton Place,2021,July,27,Monday,05 Jul 2021,02:00,1,2,3,1,2,3,No Group
Manchester City Council - Chorlton,Chorlton Place,2021,July,27,Monday,05 Jul 2021,03:00,0,2,2,0,2,2,No Group
Manchester City Council - Chorlton,Chorlton Place,2021,July,27,Monday,05 Jul 2021,04:00,4,5,9,4,5,9,No Group
Manchester City Council - Chorlton,Chorlton Place,2021,July,27,Monday,05 Jul 2021,05:00,0,5,5,0,5,5,No Group
Manchester City Council - Chorlton,Chorlton Place,2021,July,27,Monday,05 Jul 2021,06:00,3,12,15,3,12,15,No Group
Manchester City Council - Chorlton,Chorlton Place,2021,July,27,Monday,05 Jul 2021,07:00,13,33,46,13,33,46,No Group
Manchester City Council - Chorlton,Chorlton Place,2021,July,27,Monday,05 Jul 2021,08:00,40,49,89,40,49,89,No Group
Manchester City Council - Chorlton,Chorlton Place,2021,July,27,Monday,05 Jul 2021,09:00,69,84,153,69,84,153,No Group
Manchester City Council - Chorlton,Chorlton Place,2021,July,27,Monday,05 Jul 2021,10:00,55,63,118,55,63,118,No Group
Manchester City Council - Chorlton,Chorlton Place,2021,July,27,Monday,05 Jul 2021,11:00,92,98,190,92,98,190,No Group
Manchester City Council - Chorlton,Chorlton Place,2021,July,27,Monday,05 Jul 2021,12:00,128,141,269,128,141,269,No Group
Manchester City Council - Chorlton,Chorlton Place,2021,July,27,Monday,05 Jul 2021,13:00,162,180,342,162,180,342,No Group
Manchester City Council - Chorlton,Chorlton Place,2021,July,27,Monday,05 Jul 2021,14:00,118,137,255,118,137,255,No Group
Manchester City Council - Chorlton,Chorlton Place,2021,July,27,Monday,05 Jul 2021,15:00,119,111,230,119,111,230,No Group
Manchester City Council - Chorlton,Chorlton Place,2021,July,27,Monday,05 Jul 2021,16:00,110,105,215,110,105,215,No Group
Manchester City Council - Chorlton,Chorlton Place,2021,July,27,Monday,05 Jul 2021,17:00,75,88,163,75,88,163,No Group
Manchester City Council - Chorlton,Chorlton Place,2021,July,27,Monday,05 Jul 2021,18:00,59,47,106,59,47,106,No Group
Manchester City Council - Chorlton,Chorlton Place,2021,July,27,Monday,05 Jul 2021,19:00,52,55,107,52,55,107,No Group
Manchester City Council - Chorlton,Chorlton Place,2021,July,27,Monday,05 Jul 2021,20:00,46,44,90,46,44,90,No Group
Manchester City Council - Chorlton,Chorlton Place,2021,July,27,Monday,05 Jul 2021,21:00,10,18,28,10,18,28,No Group
Manchester City Council - Chorlton,Chorlton Place,2021,July,27,Monday,05 Jul 2021,22:00,9,18,27,9,18,27,No Group
Manchester City Council - Chorlton,Chorlton Place,2021,July,27,Monday,05 Jul 2021,23:00,11,7,18,11,7,18,No Group
Manchester City Council - Chorlton,Chorlton Place,2021,July,27,Tuesday,06 Jul 2021,00:00,4,4,8,4,4,8,No Group
Manchester City Council - Chorlton,Chorlton Place,2021,July,27,Tuesday,06 Jul 2021,01:00,1,0,1,1,0,1,No Group
Manchester City Council - Chorlton,Chorlton Place,2021,July,27,Tuesday,06 Jul 2021,02:00,0,0,0,0,0,0,No Group
Manchester City Council - Chorlton,Chorlton Place,2021,July,27,Tuesday,06 Jul 2021,03:00,4,6,10,4,6,10,No Group
Manchester City Council - Chorlton,Chorlton Place,2021,July,27,Tuesday,06 Jul 2021,04:00,0,5,5,0,5,5,No Group
Manchester City Council - Chorlton,Chorlton Place,2021,July,27,Tuesday,06 Jul 2021,05:00,6,9,15,6,9,15,No Group
Manchester City Council - Chorlton,Chorlton Place,2021,July,27,Tuesday,06 Jul 2021,06:00,13,19,32,13,19,32,No Group
Manchester City Council - Chorlton,Chorlton Place,2021,July,27,Tuesday,06 Jul 2021,07:00,13,47,60,13,47,60,No Group
Manchester City Council - Chorlton,Chorlton Place,2021,July,27,Tuesday,06 Jul 2021,08:00,27,50,77,27,50,77,No Group
Manchester City Council - Chorlton,Chorlton Place,2021,July,27,Tuesday,06 Jul 2021,09:00,73,93,166,73,93,166,No Group
Manchester City Council - Chorlton,Chorlton Place,2021,July,27,Tuesday,06 Jul 2021,10:00,91,112,203,91,112,203,No Group
Manchester City Council - Chorlton,Chorlton Place,2021,July,27,Tuesday,06 Jul 2021,11:00,104,119,223,104,119,223,No Group
Manchester City Council - Chorlton,Chorlton Place,2021,July,27,Tuesday,06 Jul 2021,12:00,126,113,239,126,113,239,No Group
Manchester City Council - Chorlton,Chorlton Place,2021,July,27,Tuesday,06 Jul 2021,13:00,154,184,338,154,184,338,No Group
Manchester City Council - Chorlton,Chorlton Place,2021,July,27,Tuesday,06 Jul 2021,14:00,155,152,307,155,152,307,No Group
Manchester City Council - Chorlton,Chorlton Place,2021,July,27,Tuesday,06 Jul 2021,15:00,131,152,283,131,152,283,No Group
Manchester City Council - Chorlton,Chorlton Place,2021,July,27,Tuesday,06 Jul 2021,16:00,87,101,188,87,101,188,No Group
Manchester City Council - Chorlton,Chorlton Place,2021,July,27,Tuesday,06 Jul 2021,17:00,62,85,147,62,85,147,No Group
Manchester City Council - Chorlton,Chorlton Place,2021,July,27,Tuesday,06 Jul 2021,18:00,78,61,139,78,61,139,No Group
Manchester City Council - Chorlton,Chorlton Place,2021,July,27,Tuesday,06 Jul 2021,19:00,70,58,128,70,58,128,No Group
Manchester City Council - Chorlton,Chorlton Place,2021,July,27,Tuesday,06 Jul 2021,20:00,25,33,58,25,33,58,No Group
Manchester City Council - Chorlton,Chorlton Place,2021,July,27,Tuesday,06 Jul 2021,21:00,24,29,53,24,29,53,No Group
Manchester City Council - Chorlton,Chorlton Place,2021,July,27,Tuesday,06 Jul 2021,22:00,17,12,29,17,12,29,No Group
Manchester City Council - Chorlton,Chorlton Place,2021,July,27,Tuesday,06 Jul 2021,23:00,13,12,25,13,12,25,No Group
Manchester City Council - Chorlton,Chorlton Place,2021,July,27,Wednesday,07 Jul 2021,00:00,1,3,4,1,3,4,No Group
Manchester City Council - Chorlton,Chorlton Place,2021,July,27,Wednesday,07 Jul 2021,01:00,3,0,3,3,0,3,No Group
Manchester City Council - Chorlton,Chorlton Place,2021,July,27,Wednesday,07 Jul 2021,02:00,0,2,2,0,2,2,No Group
Manchester City Council - Chorlton,Chorlton Place,2021,July,27,Wednesday,07 Jul 2021,03:00,0,1,1,0,1,1,No Group
Manchester City Council - Chorlton,Chorlton Place,2021,July,27,Wednesday,07 Jul 2021,04:00,0,2,2,0,2,2,No Group
Manchester City Council - Chorlton,Chorlton Place,2021,July,27,Wednesday,07 Jul 2021,05:00,1,0,1,1,0,1,No Group
Manchester City Council - Chorlton,Chorlton Place,2021,July,27,Wednesday,07 Jul 2021,06:00,2,16,18,2,16,18,No Group
Manchester City Council - Chorlton,Chorlton Place,2021,July,27,Wednesday,07 Jul 2021,07:00,21,45,66,21,45,66,No Group
Manchester City Council - Chorlton,Chorlton Place,2021,July,27,Wednesday,07 Jul 2021,08:00,39,66,105,39,66,105,No Group
Manchester City Council - Chorlton,Chorlton Place,2021,July,27,Wednesday,07 Jul 2021,09:00,115,162,277,115,162,277,No Group
Manchester City Council - Chorlton,Chorlton Place,2021,July,27,Wednesday,07 Jul 2021,10:00,108,104,212,108,104,212,No Group
Manchester City Council - Chorlton,Chorlton Place,2021,July,27,Wednesday,07 Jul 2021,11:00,105,127,232,105,127,232,No Group
Manchester City Council - Chorlton,Chorlton Place,2021,July,27,Wednesday,07 Jul 2021,12:00,133,157,290,133,157,290,No Group
Manchester City Council - Chorlton,Chorlton Place,2021,July,27,Wednesday,07 Jul 2021,13:00,146,156,302,146,156,302,No Group
Manchester City Council - Chorlton,Chorlton Place,2021,July,27,Wednesday,07 Jul 2021,14:00,148,131,279,148,131,279,No Group
Manchester City Council - Chorlton,Chorlton Place,2021,July,27,Wednesday,07 Jul 2021,15:00,137,138,275,137,138,275,No Group
Manchester City Council - Chorlton,Chorlton Place,2021,July,27,Wednesday,07 Jul 2021,16:00,109,128,237,109,128,237,No Group
Manchester City Council - Chorlton,Chorlton Place,2021,July,27,Wednesday,07 Jul 2021,17:00,99,96,195,99,96,195,No Group
Manchester City Council - Chorlton,Chorlton Place,2021,July,27,Wednesday,07 Jul 2021,18:00,83,69,152,83,69,152,No Group
Manchester City Council - Chorlton,Chorlton Place,2021,July,27,Wednesday,07 Jul 2021,19:00,67,51,118,67,51,118,No Group
Manchester City Council - Chorlton,Chorlton Place,2021,July,27,Wednesday,07 Jul 2021,20:00,24,19,43,24,19,43,No Group
Manchester City Council - Chorlton,Chorlton Place,2021,July,27,Wednesday,07 Jul 2021,21:00,15,8,23,15,8,23,No Group
Manchester City Council - Chorlton,Chorlton Place,2021,July,27,Wednesday,07 Jul 2021,22:00,16,56,72,16,56,72,No Group
Manchester City Council - Chorlton,Chorlton Place,2021,July,27,Wednesday,07 Jul 2021,23:00,40,27,67,40,27,67,No Group
Manchester City Council - Chorlton,Chorlton Place,2021,July,27,Thursday,08 Jul 2021,00:00,11,11,22,11,11,22,No Group
Manchester City Council - Chorlton,Chorlton Place,2021,July,27,Thursday,08 Jul 2021,01:00,6,2,8,6,2,8,No Group
Manchester City Council - Chorlton,Chorlton Place,2021,July,27,Thursday,08 Jul 2021,02:00,1,0,1,1,0,1,No Group
Manchester City Council - Chorlton,Chorlton Place,2021,July,27,Thursday,08 Jul 2021,03:00,0,1,1,0,1,1,No Group
Manchester City Council - Chorlton,Chorlton Place,2021,July,27,Thursday,08 Jul 2021,04:00,0,0,0,0,0,0,No Group
Manchester City Council - Chorlton,Chorlton Place,2021,July,27,Thursday,08 Jul 2021,05:00,3,17,20,3,17,20,No Group
Manchester City Council - Chorlton,Chorlton Place,2021,July,27,Thursday,08 Jul 2021,06:00,3,16,19,3,16,19,No Group
Manchester City Council - Chorlton,Chorlton Place,2021,July,27,Thursday,08 Jul 2021,07:00,22,41,63,22,41,63,No Group
Manchester City Council - Chorlton,Chorlton Place,2021,July,27,Thursday,08 Jul 2021,08:00,49,75,124,49,75,124,No Group
Manchester City Council - Chorlton,Chorlton Place,2021,July,27,Thursday,08 Jul 2021,09:00,92,110,202,92,110,202,No Group
Manchester City Council - Chorlton,Chorlton Place,2021,July,27,Thursday,08 Jul 2021,10:00,114,105,219,114,105,219,No Group
Manchester City Council - Chorlton,Chorlton Place,2021,July,27,Thursday,08 Jul 2021,11:00,103,134,237,103,134,237,No Group
Manchester City Council - Chorlton,Chorlton Place,2021,July,27,Thursday,08 Jul 2021,12:00,154,147,301,154,147,301,No Group
Manchester City Council - Chorlton,Chorlton Place,2021,July,27,Thursday,08 Jul 2021,13:00,206,213,419,206,213,419,No Group
Manchester City Council - Chorlton,Chorlton Place,2021,July,27,Thursday,08 Jul 2021,14:00,122,145,267,122,145,267,No Group
Manchester City Council - Chorlton,Chorlton Place,2021,July,27,Thursday,08 Jul 2021,15:00,155,155,310,155,155,310,No Group
Manchester City Council - Chorlton,Chorlton Place,2021,July,27,Thursday,08 Jul 2021,16:00,121,143,264,121,143,264,No Group
Manchester City Council - Chorlton,Chorlton Place,2021,July,27,Thursday,08 Jul 2021,17:00,84,87,171,84,87,171,No Group
Manchester City Council - Chorlton,Chorlton Place,2021,July,27,Thursday,08 Jul 2021,18:00,52,65,117,52,65,117,No Group
Manchester City Council - Chorlton,Chorlton Place,2021,July,27,Thursday,08 Jul 2021,19:00,61,53,114,61,53,114,No Group
Manchester City Council - Chorlton,Chorlton Place,2021,July,27,Thursday,08 Jul 2021,20:00,51,53,104,51,53,104,No Group
Manchester City Council - Chorlton,Chorlton Place,2021,July,27,Thursday,08 Jul 2021,21:00,31,27,58,31,27,58,No Group
Manchester City Council - Chorlton,Chorlton Place,2021,July,27,Thursday,08 Jul 2021,22:00,20,23,43,20,23,43,No Group
Manchester City Council - Chorlton,Chorlton Place,2021,July,27,Thursday,08 Jul 2021,23:00,23,9,32,23,9,32,No Group
Manchester City Council - Chorlton,Chorlton Place,2021,July,27,Friday,09 Jul 2021,00:00,7,5,12,7,5,12,No Group
Manchester City Council - Chorlton,Chorlton Place,2021,July,27,Friday,09 Jul 2021,01:00,2,1,3,2,1,3,No Group
Manchester City Council - Chorlton,Chorlton Place,2021,July,27,Friday,09 Jul 2021,02:00,2,2,4,2,2,4,No Group
Manchester City Council - Chorlton,Chorlton Place,2021,July,27,Friday,09 Jul 2021,03:00,1,1,2,1,1,2,No Group
Manchester City Council - Chorlton,Chorlton Place,2021,July,27,Friday,09 Jul 2021,04:00,0,1,1,0,1,1,No Group
Manchester City Council - Chorlton,Chorlton Place,2021,July,27,Friday,09 Jul 2021,05:00,4,8,12,4,8,12,No Group
Manchester City Council - Chorlton,Chorlton Place,2021,July,27,Friday,09 Jul 2021,06:00,6,13,19,6,13,19,No Group
Manchester City Council - Chorlton,Chorlton Place,2021,July,27,Friday,09 Jul 2021,07:00,12,35,47,12,35,47,No Group
Manchester City Council - Chorlton,Chorlton Place,2021,July,27,Friday,09 Jul 2021,08:00,57,79,136,57,79,136,No Group
Manchester City Council - Chorlton,Chorlton Place,2021,July,27,Friday,09 Jul 2021,09:00,86,88,174,86,88,174,No Group
Manchester City Council - Chorlton,Chorlton Place,2021,July,27,Friday,09 Jul 2021,10:00,117,147,264,117,147,264,No Group
Manchester City Council - Chorlton,Chorlton Place,2021,July,27,Friday,09 Jul 2021,11:00,147,163,310,147,163,310,No Group
Manchester City Council - Chorlton,Chorlton Place,2021,July,27,Friday,09 Jul 2021,12:00,130,136,266,130,136,266,No Group
Manchester City Council - Chorlton,Chorlton Place,2021,July,27,Friday,09 Jul 2021,13:00,185,189,374,185,189,374,No Group
Manchester City Council - Chorlton,Chorlton Place,2021,July,27,Friday,09 Jul 2021,14:00,151,136,287,151,136,287,No Group
Manchester City Council - Chorlton,Chorlton Place,2021,July,27,Friday,09 Jul 2021,15:00,134,157,291,134,157,291,No Group
Manchester City Council - Chorlton,Chorlton Place,2021,July,27,Friday,09 Jul 2021,16:00,134,132,266,134,132,266,No Group
Manchester City Council - Chorlton,Chorlton Place,2021,July,27,Friday,09 Jul 2021,17:00,87,105,192,87,105,192,No Group
Manchester City Council - Chorlton,Chorlton Place,2021,July,27,Friday,09 Jul 2021,18:00,90,69,159,90,69,159,No Group
Manchester City Council - Chorlton,Chorlton Place,2021,July,27,Friday,09 Jul 2021,19:00,69,62,131,69,62,131,No Group
Manchester City Council - Chorlton,Chorlton Place,2021,July,27,Friday,09 Jul 2021,20:00,35,54,89,35,54,89,No Group
Manchester City Council - Chorlton,Chorlton Place,2021,July,27,Friday,09 Jul 2021,21:00,29,46,75,29,46,75,No Group
Manchester City Council - Chorlton,Chorlton Place,2021,July,27,Friday,09 Jul 2021,22:00,26,20,46,26,20,46,No Group
Manchester City Council - Chorlton,Chorlton Place,2021,July,27,Friday,09 Jul 2021,23:00,26,23,49,26,23,49,No Group
Manchester City Council - Chorlton,Chorlton Place,2021,July,27,Saturday,10 Jul 2021,00:00,6,9,15,6,9,15,No Group
Manchester City Council - Chorlton,Chorlton Place,2021,July,27,Saturday,10 Jul 2021,01:00,6,10,16,6,10,16,No Group
Manchester City Council - Chorlton,Chorlton Place,2021,July,27,Saturday,10 Jul 2021,02:00,2,1,3,2,1,3,No Group
Manchester City Council - Chorlton,Chorlton Place,2021,July,27,Saturday,10 Jul 2021,03:00,1,1,2,1,1,2,No Group
Manchester City Council - Chorlton,Chorlton Place,2021,July,27,Saturday,10 Jul 2021,04:00,2,1,3,2,1,3,No Group
Manchester City Council - Chorlton,Chorlton Place,2021,July,27,Saturday,10 Jul 2021,05:00,4,3,7,4,3,7,No Group
Manchester City Council - Chorlton,Chorlton Place,2021,July,27,Saturday,10 Jul 2021,06:00,1,7,8,1,7,8,No Group
Manchester City Council - Chorlton,Chorlton Place,2021,July,27,Saturday,10 Jul 2021,07:00,12,20,32,12,20,32,No Group
Manchester City Council - Chorlton,Chorlton Place,2021,July,27,Saturday,10 Jul 2021,08:00,39,31,70,39,31,70,No Group
Manchester City Council - Chorlton,Chorlton Place,2021,July,27,Saturday,10 Jul 2021,09:00,69,103,172,69,103,172,No Group
Manchester City Council - Chorlton,Chorlton Place,2021,July,27,Saturday,10 Jul 2021,10:00,110,121,231,110,121,231,No Group
Manchester City Council - Chorlton,Chorlton Place,2021,July,27,Saturday,10 Jul 2021,11:00,200,179,379,200,179,379,No Group
Manchester City Council - Chorlton,Chorlton Place,2021,July,27,Saturday,10 Jul 2021,12:00,202,219,421,202,219,421,No Group
Manchester City Council - Chorlton,Chorlton Place,2021,July,27,Saturday,10 Jul 2021,13:00,200,243,443,200,243,443,No Group
Manchester City Council - Chorlton,Chorlton Place,2021,July,27,Saturday,10 Jul 2021,14:00,204,191,395,204,191,395,No Group
Manchester City Council - Chorlton,Chorlton Place,2021,July,27,Saturday,10 Jul 2021,15:00,188,186,374,188,186,374,No Group
Manchester City Council - Chorlton,Chorlton Place,2021,July,27,Saturday,10 Jul 2021,16:00,153,155,308,153,155,308,No Group
Manchester City Council - Chorlton,Chorlton Place,2021,July,27,Saturday,10 Jul 2021,17:00,81,83,164,81,83,164,No Group
Manchester City Council - Chorlton,Chorlton Place,2021,July,27,Saturday,10 Jul 2021,18:00,58,55,113,58,55,113,No Group
Manchester City Council - Chorlton,Chorlton Place,2021,July,27,Saturday,10 Jul 2021,19:00,57,47,104,57,47,104,No Group
Manchester City Council - Chorlton,Chorlton Place,2021,July,27,Saturday,10 Jul 2021,20:00,47,49,96,47,49,96,No Group
Manchester City Council - Chorlton,Chorlton Place,2021,July,27,Saturday,10 Jul 2021,21:00,30,41,71,30,41,71,No Group
Manchester City Council - Chorlton,Chorlton Place,2021,July,27,Saturday,10 Jul 2021,22:00,30,34,64,30,34,64,No Group
Manchester City Council - Chorlton,Chorlton Place,2021,July,27,Saturday,10 Jul 2021,23:00,25,26,51,25,26,51,No Group
Manchester City Council - Chorlton,Chorlton Place,2021,July,27,Sunday,11 Jul 2021,00:00,10,4,14,10,4,14,No Group
Manchester City Council - Chorlton,Chorlton Place,2021,July,27,Sunday,11 Jul 2021,01:00,7,7,14,7,7,14,No Group
Manchester City Council - Chorlton,Chorlton Place,2021,July,27,Sunday,11 Jul 2021,02:00,8,10,18,8,10,18,No Group
Manchester City Council - Chorlton,Chorlton Place,2021,July,27,Sunday,11 Jul 2021,03:00,1,4,5,1,4,5,No Group
Manchester City Council - Chorlton,Chorlton Place,2021,July,27,Sunday,11 Jul 2021,04:00,1,4,5,1,4,5,No Group
Manchester City Council - Chorlton,Chorlton Place,2021,July,27,Sunday,11 Jul 2021,05:00,0,2,2,0,2,2,No Group
Manchester City Council - Chorlton,Chorlton Place,2021,July,27,Sunday,11 Jul 2021,06:00,2,7,9,2,7,9,No Group
Manchester City Council - Chorlton,Chorlton Place,2021,July,27,Sunday,11 Jul 2021,07:00,6,13,19,6,13,19,No Group
Manchester City Council - Chorlton,Chorlton Place,2021,July,27,Sunday,11 Jul 2021,08:00,23,26,49,23,26,49,No Group
Manchester City Council - Chorlton,Chorlton Place,2021,July,27,Sunday,11 Jul 2021,09:00,40,42,82,40,42,82,No Group
Manchester City Council - Chorlton,Chorlton Place,2021,July,27,Sunday,11 Jul 2021,10:00,55,69,124,55,69,124,No Group
Manchester City Council - Chorlton,Chorlton Place,2021,July,27,Sunday,11 Jul 2021,11:00,81,113,194,81,113,194,No Group
Manchester City Council - Chorlton,Chorlton Place,2021,July,27,Sunday,11 Jul 2021,12:00,74,106,180,74,106,180,No Group
Manchester City Council - Chorlton,Chorlton Place,2021,July,27,Sunday,11 Jul 2021,13:00,126,132,258,126,132,258,No Group
Manchester City Council - Chorlton,Chorlton Place,2021,July,27,Sunday,11 Jul 2021,14:00,97,103,200,97,103,200,No Group
Manchester City Council - Chorlton,Chorlton Place,2021,July,27,Sunday,11 Jul 2021,15:00,75,92,167,75,92,167,No Group
Manchester City Council - Chorlton,Chorlton Place,2021,July,27,Sunday,11 Jul 2021,16:00,98,77,175,98,77,175,No Group
Manchester City Council - Chorlton,Chorlton Place,2021,July,27,Sunday,11 Jul 2021,17:00,58,61,119,58,61,119,No Group
Manchester City Council - Chorlton,Chorlton Place,2021,July,27,Sunday,11 Jul 2021,18:00,74,70,144,74,70,144,No Group
Manchester City Council - Chorlton,Chorlton Place,2021,July,27,Sunday,11 Jul 2021,19:00,61,49,110,61,49,110,No Group
Manchester City Council - Chorlton,Chorlton Place,2021,July,27,Sunday,11 Jul 2021,20:00,18,26,44,18,26,44,No Group
Manchester City Council - Chorlton,Chorlton Place,2021,July,27,Sunday,11 Jul 2021,21:00,23,18,41,23,18,41,No Group
Manchester City Council - Chorlton,Chorlton Place,2021,July,27,Sunday,11 Jul 2021,22:00,6,19,25,6,19,25,No Group
Manchester City Council - Chorlton,Chorlton Place,2021,July,27,Sunday,11 Jul 2021,23:00,48,99,147,48,99,147,No Group
Manchester City Council - Chorlton,Chorlton Place,2021,July,28,Monday,12 Jul 2021,00:00,28,22,50,28,22,50,No Group
Manchester City Council - Chorlton,Chorlton Place,2021,July,28,Monday,12 Jul 2021,01:00,11,4,15,11,4,15,No Group
Manchester City Council - Chorlton,Chorlton Place,2021,July,28,Monday,12 Jul 2021,02:00,0,2,2,0,2,2,No Group
Manchester City Council - Chorlton,Chorlton Place,2021,July,28,Monday,12 Jul 2021,03:00,3,2,5,3,2,5,No Group
Manchester City Council - Chorlton,Chorlton Place,2021,July,28,Monday,12 Jul 2021,04:00,5,6,11,5,6,11,No Group
Manchester City Council - Chorlton,Chorlton Place,2021,July,28,Monday,12 Jul 2021,05:00,2,10,12,2,10,12,No Group
Manchester City Council - Chorlton,Chorlton Place,2021,July,28,Monday,12 Jul 2021,06:00,6,20,26,6,20,26,No Group
Manchester City Council - Chorlton,Chorlton Place,2021,July,28,Monday,12 Jul 2021,07:00,13,33,46,13,33,46,No Group
Manchester City Council - Chorlton,Chorlton Place,2021,July,28,Monday,12 Jul 2021,08:00,50,60,110,50,60,110,No Group
Manchester City Council - Chorlton,Chorlton Place,2021,July,28,Monday,12 Jul 2021,09:00,76,80,156,76,80,156,No Group
Manchester City Council - Chorlton,Chorlton Place,2021,July,28,Monday,12 Jul 2021,10:00,102,89,191,102,89,191,No Group
Manchester City Council - Chorlton,Chorlton Place,2021,July,28,Monday,12 Jul 2021,11:00,132,145,277,132,145,277,No Group
Manchester City Council - Chorlton,Chorlton Place,2021,July,28,Monday,12 Jul 2021,12:00,110,156,266,110,156,266,No Group
Manchester City Council - Chorlton,Chorlton Place,2021,July,28,Monday,12 Jul 2021,13:00,145,148,293,145,148,293,No Group
Manchester City Council - Chorlton,Chorlton Place,2021,July,28,Monday,12 Jul 2021,14:00,147,158,305,147,158,305,No Group
Manchester City Council - Chorlton,Chorlton Place,2021,July,28,Monday,12 Jul 2021,15:00,138,122,260,138,122,260,No Group
Manchester City Council - Chorlton,Chorlton Place,2021,July,28,Monday,12 Jul 2021,16:00,99,111,210,99,111,210,No Group
Manchester City Council - Chorlton,Chorlton Place,2021,July,28,Monday,12 Jul 2021,17:00,101,101,202,101,101,202,No Group
Manchester City Council - Chorlton,Chorlton Place,2021,July,28,Monday,12 Jul 2021,18:00,67,36,103,67,36,103,No Group
Manchester City Council - Chorlton,Chorlton Place,2021,July,28,Monday,12 Jul 2021,19:00,61,49,110,61,49,110,No Group
Manchester City Council - Chorlton,Chorlton Place,2021,July,28,Monday,12 Jul 2021,20:00,34,31,65,34,31,65,No Group
Manchester City Council - Chorlton,Chorlton Place,2021,July,28,Monday,12 Jul 2021,21:00,32,19,51,32,19,51,No Group
Manchester City Council - Chorlton,Chorlton Place,2021,July,28,Monday,12 Jul 2021,22:00,14,8,22,14,8,22,No Group
Manchester City Council - Chorlton,Chorlton Place,2021,July,28,Monday,12 Jul 2021,23:00,7,5,12,7,5,12,No Group
Manchester City Council - Chorlton,Chorlton Place,2021,July,28,Tuesday,13 Jul 2021,00:00,3,3,6,3,3,6,No Group
Manchester City Council - Chorlton,Chorlton Place,2021,July,28,Tuesday,13 Jul 2021,01:00,1,0,1,1,0,1,No Group
Manchester City Council - Chorlton,Chorlton Place,2021,July,28,Tuesday,13 Jul 2021,02:00,0,0,0,0,0,0,No Group
Manchester City Council - Chorlton,Chorlton Place,2021,July,28,Tuesday,13 Jul 2021,03:00,0,1,1,0,1,1,No Group
Manchester City Council - Chorlton,Chorlton Place,2021,July,28,Tuesday,13 Jul 2021,04:00,0,2,2,0,2,2,No Group
Manchester City Council - Chorlton,Chorlton Place,2021,July,28,Tuesday,13 Jul 2021,05:00,0,7,7,0,7,7,No Group
Manchester City Council - Chorlton,Chorlton Place,2021,July,28,Tuesday,13 Jul 2021,06:00,8,18,26,8,18,26,No Group
Manchester City Council - Chorlton,Chorlton Place,2021,July,28,Tuesday,13 Jul 2021,07:00,18,39,57,18,39,57,No Group
Manchester City Council - Chorlton,Chorlton Place,2021,July,28,Tuesday,13 Jul 2021,08:00,41,54,95,41,54,95,No Group
Manchester City Council - Chorlton,Chorlton Place,2021,July,28,Tuesday,13 Jul 2021,09:00,66,84,150,66,84,150,No Group
Manchester City Council - Chorlton,Chorlton Place,2021,July,28,Tuesday,13 Jul 2021,10:00,99,89,188,99,89,188,No Group
Manchester City Council - Chorlton,Chorlton Place,2021,July,28,Tuesday,13 Jul 2021,11:00,94,113,207,94,113,207,No Group
Manchester City Council - Chorlton,Chorlton Place,2021,July,28,Tuesday,13 Jul 2021,12:00,139,149,288,139,149,288,No Group
Manchester City Council - Chorlton,Chorlton Place,2021,July,28,Tuesday,13 Jul 2021,13:00,156,174,330,156,174,330,No Group
Manchester City Council - Chorlton,Chorlton Place,2021,July,28,Tuesday,13 Jul 2021,14:00,135,150,285,135,150,285,No Group
Manchester City Council - Chorlton,Chorlton Place,2021,July,28,Tuesday,13 Jul 2021,15:00,124,116,240,124,116,240,No Group
Manchester City Council - Chorlton,Chorlton Place,2021,July,28,Tuesday,13 Jul 2021,16:00,98,102,200,98,102,200,No Group
Manchester City Council - Chorlton,Chorlton Place,2021,July,28,Tuesday,13 Jul 2021,17:00,85,83,168,85,83,168,No Group
Manchester City Council - Chorlton,Chorlton Place,2021,July,28,Tuesday,13 Jul 2021,18:00,58,62,120,58,62,120,No Group
Manchester City Council - Chorlton,Chorlton Place,2021,July,28,Tuesday,13 Jul 2021,19:00,58,60,118,58,60,118,No Group
Manchester City Council - Chorlton,Chorlton Place,2021,July,28,Tuesday,13 Jul 2021,20:00,37,26,63,37,26,63,No Group
Manchester City Council - Chorlton,Chorlton Place,2021,July,28,Tuesday,13 Jul 2021,21:00,27,43,70,27,43,70,No Group
Manchester City Council - Chorlton,Chorlton Place,2021,July,28,Tuesday,13 Jul 2021,22:00,23,14,37,23,14,37,No Group
Manchester City Council - Chorlton,Chorlton Place,2021,July,28,Tuesday,13 Jul 2021,23:00,12,2,14,12,2,14,No Group
Manchester City Council - Chorlton,Chorlton Place,2021,July,28,Wednesday,14 Jul 2021,00:00,5,2,7,5,2,7,No Group
Manchester City Council - Chorlton,Chorlton Place,2021,July,28,Wednesday,14 Jul 2021,01:00,3,4,7,3,4,7,No Group
Manchester City Council - Chorlton,Chorlton Place,2021,July,28,Wednesday,14 Jul 2021,02:00,0,1,1,0,1,1,No Group
Manchester City Council - Chorlton,Chorlton Place,2021,July,28,Wednesday,14 Jul 2021,03:00,0,1,1,0,1,1,No Group
Manchester City Council - Chorlton,Chorlton Place,2021,July,28,Wednesday,14 Jul 2021,04:00,1,0,1,1,0,1,No Group
Manchester City Council - Chorlton,Chorlton Place,2021,July,28,Wednesday,14 Jul 2021,05:00,3,6,9,3,6,9,No Group
Manchester City Council - Chorlton,Chorlton Place,2021,July,28,Wednesday,14 Jul 2021,06:00,6,21,27,6,21,27,No Group
Manchester City Council - Chorlton,Chorlton Place,2021,July,28,Wednesday,14 Jul 2021,07:00,18,31,49,18,31,49,No Group
Manchester City Council - Chorlton,Chorlton Place,2021,July,28,Wednesday,14 Jul 2021,08:00,39,64,103,39,64,103,No Group
Manchester City Council - Chorlton,Chorlton Place,2021,July,28,Wednesday,14 Jul 2021,09:00,56,78,134,56,78,134,No Group
Manchester City Council - Chorlton,Chorlton Place,2021,July,28,Wednesday,14 Jul 2021,10:00,103,109,212,103,109,212,No Group
Manchester City Council - Chorlton,Chorlton Place,2021,July,28,Wednesday,14 Jul 2021,11:00,97,134,231,97,134,231,No Group
Manchester City Council - Chorlton,Chorlton Place,2021,July,28,Wednesday,14 Jul 2021,12:00,134,154,288,134,154,288,No Group
Manchester City Council - Chorlton,Chorlton Place,2021,July,28,Wednesday,14 Jul 2021,13:00,166,199,365,166,199,365,No Group
Manchester City Council - Chorlton,Chorlton Place,2021,July,28,Wednesday,14 Jul 2021,14:00,145,169,314,145,169,314,No Group
Manchester City Council - Chorlton,Chorlton Place,2021,July,28,Wednesday,14 Jul 2021,15:00,132,137,269,132,137,269,No Group
Manchester City Council - Chorlton,Chorlton Place,2021,July,28,Wednesday,14 Jul 2021,16:00,119,108,227,119,108,227,No Group
Manchester City Council - Chorlton,Chorlton Place,2021,July,28,Wednesday,14 Jul 2021,17:00,88,82,170,88,82,170,No Group
Manchester City Council - Chorlton,Chorlton Place,2021,July,28,Wednesday,14 Jul 2021,18:00,61,69,130,61,69,130,No Group
Manchester City Council - Chorlton,Chorlton Place,2021,July,28,Wednesday,14 Jul 2021,19:00,49,53,102,49,53,102,No Group
Manchester City Council - Chorlton,Chorlton Place,2021,July,28,Wednesday,14 Jul 2021,20:00,28,37,65,28,37,65,No Group
Manchester City Council - Chorlton,Chorlton Place,2021,July,28,Wednesday,14 Jul 2021,21:00,30,23,53,30,23,53,No Group
Manchester City Council - Chorlton,Chorlton Place,2021,July,28,Wednesday,14 Jul 2021,22:00,20,21,41,20,21,41,No Group
Manchester City Council - Chorlton,Chorlton Place,2021,July,28,Wednesday,14 Jul 2021,23:00,17,10,27,17,10,27,No Group
Manchester City Council - Chorlton,Chorlton Place,2021,July,28,Thursday,15 Jul 2021,00:00,3,2,5,3,2,5,No Group
Manchester City Council - Chorlton,Chorlton Place,2021,July,28,Thursday,15 Jul 2021,01:00,1,1,2,1,1,2,No Group
Manchester City Council - Chorlton,Chorlton Place,2021,July,28,Thursday,15 Jul 2021,02:00,0,0,0,0,0,0,No Group
Manchester City Council - Chorlton,Chorlton Place,2021,July,28,Thursday,15 Jul 2021,03:00,0,1,1,0,1,1,No Group
Manchester City Council - Chorlton,Chorlton Place,2021,July,28,Thursday,15 Jul 2021,04:00,0,0,0,0,0,0,No Group
Manchester City Council - Chorlton,Chorlton Place,2021,July,28,Thursday,15 Jul 2021,05:00,3,7,10,3,7,10,No Group
Manchester City Council - Chorlton,Chorlton Place,2021,July,28,Thursday,15 Jul 2021,06:00,4,17,21,4,17,21,No Group
Manchester City Council - Chorlton,Chorlton Place,2021,July,28,Thursday,15 Jul 2021,07:00,21,32,53,21,32,53,No Group
Manchester City Council - Chorlton,Chorlton Place,2021,July,28,Thursday,15 Jul 2021,08:00,38,66,104,38,66,104,No Group
Manchester City Council - Chorlton,Chorlton Place,2021,July,28,Thursday,15 Jul 2021,09:00,63,90,153,63,90,153,No Group
Manchester City Council - Chorlton,Chorlton Place,2021,July,28,Thursday,15 Jul 2021,10:00,119,115,234,119,115,234,No Group
Manchester City Council - Chorlton,Chorlton Place,2021,July,28,Thursday,15 Jul 2021,11:00,141,150,291,141,150,291,No Group
Manchester City Council - Chorlton,Chorlton Place,2021,July,28,Thursday,15 Jul 2021,12:00,174,186,360,174,186,360,No Group
Manchester City Council - Chorlton,Chorlton Place,2021,July,28,Thursday,15 Jul 2021,13:00,197,236,433,197,236,433,No Group
Manchester City Council - Chorlton,Chorlton Place,2021,July,28,Thursday,15 Jul 2021,14:00,214,224,438,214,224,438,No Group
Manchester City Council - Chorlton,Chorlton Place,2021,July,28,Thursday,15 Jul 2021,15:00,168,179,347,168,179,347,No Group
Manchester City Council - Chorlton,Chorlton Place,2021,July,28,Thursday,15 Jul 2021,16:00,131,139,270,131,139,270,No Group
Manchester City Council - Chorlton,Chorlton Place,2021,July,28,Thursday,15 Jul 2021,17:00,84,87,171,84,87,171,No Group
Manchester City Council - Chorlton,Chorlton Place,2021,July,28,Thursday,15 Jul 2021,18:00,70,73,143,70,73,143,No Group
Manchester City Council - Chorlton,Chorlton Place,2021,July,28,Thursday,15 Jul 2021,19:00,64,69,133,64,69,133,No Group
Manchester City Council - Chorlton,Chorlton Place,2021,July,28,Thursday,15 Jul 2021,20:00,43,44,87,43,44,87,No Group
Manchester City Council - Chorlton,Chorlton Place,2021,July,28,Thursday,15 Jul 2021,21:00,19,32,51,19,32,51,No Group
Manchester City Council - Chorlton,Chorlton Place,2021,July,28,Thursday,15 Jul 2021,22:00,30,33,63,30,33,63,No Group
Manchester City Council - Chorlton,Chorlton Place,2021,July,28,Thursday,15 Jul 2021,23:00,9,12,21,9,12,21,No Group
Manchester City Council - Chorlton,Chorlton Place,2021,July,28,Friday,16 Jul 2021,00:00,12,1,13,12,1,13,No Group
Manchester City Council - Chorlton,Chorlton Place,2021,July,28,Friday,16 Jul 2021,01:00,10,3,13,10,3,13,No Group
Manchester City Council - Chorlton,Chorlton Place,2021,July,28,Friday,16 Jul 2021,02:00,4,3,7,4,3,7,No Group
Manchester City Council - Chorlton,Chorlton Place,2021,July,28,Friday,16 Jul 2021,03:00,0,3,3,0,3,3,No Group
Manchester City Council - Chorlton,Chorlton Place,2021,July,28,Friday,16 Jul 2021,04:00,0,1,1,0,1,1,No Group
Manchester City Council - Chorlton,Chorlton Place,2021,July,28,Friday,16 Jul 2021,05:00,1,9,10,1,9,10,No Group
Manchester City Council - Chorlton,Chorlton Place,2021,July,28,Friday,16 Jul 2021,06:00,3,15,18,3,15,18,No Group
Manchester City Council - Chorlton,Chorlton Place,2021,July,28,Friday,16 Jul 2021,07:00,16,38,54,16,38,54,No Group
Manchester City Council - Chorlton,Chorlton Place,2021,July,28,Friday,16 Jul 2021,08:00,38,63,101,38,63,101,No Group
Manchester City Council - Chorlton,Chorlton Place,2021,July,28,Friday,16 Jul 2021,09:00,98,101,199,98,101,199,No Group
Manchester City Council - Chorlton,Chorlton Place,2021,July,28,Friday,16 Jul 2021,10:00,119,132,251,119,132,251,No Group
Manchester City Council - Chorlton,Chorlton Place,2021,July,28,Friday,16 Jul 2021,11:00,148,170,318,148,170,318,No Group
Manchester City Council - Chorlton,Chorlton Place,2021,July,28,Friday,16 Jul 2021,12:00,168,191,359,168,191,359,No Group
Manchester City Council - Chorlton,Chorlton Place,2021,July,28,Friday,16 Jul 2021,13:00,147,174,321,147,174,321,No Group
Manchester City Council - Chorlton,Chorlton Place,2021,July,28,Friday,16 Jul 2021,14:00,135,145,280,135,145,280,No Group
Manchester City Council - Chorlton,Chorlton Place,2021,July,28,Friday,16 Jul 2021,15:00,149,156,305,149,156,305,No Group
Manchester City Council - Chorlton,Chorlton Place,2021,July,28,Friday,16 Jul 2021,16:00,96,117,213,96,117,213,No Group
Manchester City Council - Chorlton,Chorlton Place,2021,July,28,Friday,16 Jul 2021,17:00,83,100,183,83,100,183,No Group
Manchester City Council - Chorlton,Chorlton Place,2021,July,28,Friday,16 Jul 2021,18:00,63,73,136,63,73,136,No Group
Manchester City Council - Chorlton,Chorlton Place,2021,July,28,Friday,16 Jul 2021,19:00,53,70,123,53,70,123,No Group
Manchester City Council - Chorlton,Chorlton Place,2021,July,28,Friday,16 Jul 2021,20:00,55,49,104,55,49,104,No Group
Manchester City Council - Chorlton,Chorlton Place,2021,July,28,Friday,16 Jul 2021,21:00,39,40,79,39,40,79,No Group
Manchester City Council - Chorlton,Chorlton Place,2021,July,28,Friday,16 Jul 2021,22:00,29,34,63,29,34,63,No Group
Manchester City Council - Chorlton,Chorlton Place,2021,July,28,Friday,16 Jul 2021,23:00,24,14,38,24,14,38,No Group
Manchester City Council - Chorlton,Chorlton Place,2021,July,28,Saturday,17 Jul 2021,00:00,30,11,41,30,11,41,No Group
Manchester City Council - Chorlton,Chorlton Place,2021,July,28,Saturday,17 Jul 2021,01:00,9,2,11,9,2,11,No Group
Manchester City Council - Chorlton,Chorlton Place,2021,July,28,Saturday,17 Jul 2021,02:00,2,1,3,2,1,3,No Group
Manchester City Council - Chorlton,Chorlton Place,2021,July,28,Saturday,17 Jul 2021,03:00,0,1,1,0,1,1,No Group
Manchester City Council - Chorlton,Chorlton Place,2021,July,28,Saturday,17 Jul 2021,04:00,1,5,6,1,5,6,No Group
Manchester City Council - Chorlton,Chorlton Place,2021,July,28,Saturday,17 Jul 2021,05:00,3,7,10,3,7,10,No Group
Manchester City Council - Chorlton,Chorlton Place,2021,July,28,Saturday,17 Jul 2021,06:00,2,6,8,2,6,8,No Group
Manchester City Council - Chorlton,Chorlton Place,2021,July,28,Saturday,17 Jul 2021,07:00,4,16,20,4,16,20,No Group
Manchester City Council - Chorlton,Chorlton Place,2021,July,28,Saturday,17 Jul 2021,08:00,41,65,106,41,65,106,No Group
Manchester City Council - Chorlton,Chorlton Place,2021,July,28,Saturday,17 Jul 2021,09:00,91,107,198,91,107,198,No Group
Manchester City Council - Chorlton,Chorlton Place,2021,July,28,Saturday,17 Jul 2021,10:00,141,159,300,141,159,300,No Group
Manchester City Council - Chorlton,Chorlton Place,2021,July,28,Saturday,17 Jul 2021,11:00,171,232,403,171,232,403,No Group
Manchester City Council - Chorlton,Chorlton Place,2021,July,28,Saturday,17 Jul 2021,12:00,246,286,532,246,286,532,No Group
Manchester City Council - Chorlton,Chorlton Place,2021,July,28,Saturday,17 Jul 2021,13:00,286,322,608,286,322,608,No Group
Manchester City Council - Chorlton,Chorlton Place,2021,July,28,Saturday,17 Jul 2021,14:00,264,245,509,264,245,509,No Group
Manchester City Council - Chorlton,Chorlton Place,2021,July,28,Saturday,17 Jul 2021,15:00,180,207,387,180,207,387,No Group
Manchester City Council - Chorlton,Chorlton Place,2021,July,28,Saturday,17 Jul 2021,16:00,153,135,288,153,135,288,No Group
Manchester City Council - Chorlton,Chorlton Place,2021,July,28,Saturday,17 Jul 2021,17:00,66,75,141,66,75,141,No Group
Manchester City Council - Chorlton,Chorlton Place,2021,July,28,Saturday,17 Jul 2021,18:00,59,79,138,59,79,138,No Group
Manchester City Council - Chorlton,Chorlton Place,2021,July,28,Saturday,17 Jul 2021,19:00,75,56,131,75,56,131,No Group
Manchester City Council - Chorlton,Chorlton Place,2021,July,28,Saturday,17 Jul 2021,20:00,42,43,85,42,43,85,No Group
Manchester City Council - Chorlton,Chorlton Place,2021,July,28,Saturday,17 Jul 2021,21:00,31,45,76,31,45,76,No Group
Manchester City Council - Chorlton,Chorlton Place,2021,July,28,Saturday,17 Jul 2021,22:00,28,25,53,28,25,53,No Group
Manchester City Council - Chorlton,Chorlton Place,2021,July,28,Saturday,17 Jul 2021,23:00,23,11,34,23,11,34,No Group
Manchester City Council - Chorlton,Chorlton Place,2021,July,28,Sunday,18 Jul 2021,00:00,18,12,30,18,12,30,No Group
Manchester City Council - Chorlton,Chorlton Place,2021,July,28,Sunday,18 Jul 2021,01:00,5,2,7,5,2,7,No Group
Manchester City Council - Chorlton,Chorlton Place,2021,July,28,Sunday,18 Jul 2021,02:00,5,2,7,5,2,7,No Group
Manchester City Council - Chorlton,Chorlton Place,2021,July,28,Sunday,18 Jul 2021,03:00,3,5,8,3,5,8,No Group
Manchester City Council - Chorlton,Chorlton Place,2021,July,28,Sunday,18 Jul 2021,04:00,2,8,10,2,8,10,No Group
Manchester City Council - Chorlton,Chorlton Place,2021,July,28,Sunday,18 Jul 2021,05:00,1,3,4,1,3,4,No Group
Manchester City Council - Chorlton,Chorlton Place,2021,July,28,Sunday,18 Jul 2021,06:00,7,7,14,7,7,14,No Group
Manchester City Council - Chorlton,Chorlton Place,2021,July,28,Sunday,18 Jul 2021,07:00,3,12,15,3,12,15,No Group
Manchester City Council - Chorlton,Chorlton Place,2021,July,28,Sunday,18 Jul 2021,08:00,12,20,32,12,20,32,No Group
Manchester City Council - Chorlton,Chorlton Place,2021,July,28,Sunday,18 Jul 2021,09:00,27,32,59,27,32,59,No Group
Manchester City Council - Chorlton,Chorlton Place,2021,July,28,Sunday,18 Jul 2021,10:00,52,77,129,52,77,129,No Group
Manchester City Council - Chorlton,Chorlton Place,2021,July,28,Sunday,18 Jul 2021,11:00,89,108,197,89,108,197,No Group
Manchester City Council - Chorlton,Chorlton Place,2021,July,28,Sunday,18 Jul 2021,12:00,110,125,235,110,125,235,No Group
Manchester City Council - Chorlton,Chorlton Place,2021,July,28,Sunday,18 Jul 2021,13:00,149,152,301,149,152,301,No Group
Manchester City Council - Chorlton,Chorlton Place,2021,July,28,Sunday,18 Jul 2021,14:00,132,129,261,132,129,261,No Group
Manchester City Council - Chorlton,Chorlton Place,2021,July,28,Sunday,18 Jul 2021,15:00,96,82,178,96,82,178,No Group
Manchester City Council - Chorlton,Chorlton Place,2021,July,28,Sunday,18 Jul 2021,16:00,45,69,114,45,69,114,No Group
Manchester City Council - Chorlton,Chorlton Place,2021,July,28,Sunday,18 Jul 2021,17:00,46,53,99,46,53,99,No Group
Manchester City Council - Chorlton,Chorlton Place,2021,July,28,Sunday,18 Jul 2021,18:00,37,43,80,37,43,80,No Group
Manchester City Council - Chorlton,Chorlton Place,2021,July,28,Sunday,18 Jul 2021,19:00,37,40,77,37,40,77,No Group
Manchester City Council - Chorlton,Chorlton Place,2021,July,28,Sunday,18 Jul 2021,20:00,27,32,59,27,32,59,No Group
Manchester City Council - Chorlton,Chorlton Place,2021,July,28,Sunday,18 Jul 2021,21:00,19,23,42,19,23,42,No Group
Manchester City Council - Chorlton,Chorlton Place,2021,July,28,Sunday,18 Jul 2021,22:00,18,24,42,18,24,42,No Group
Manchester City Council - Chorlton,Chorlton Place,2021,July,28,Sunday,18 Jul 2021,23:00,14,8,22,14,8,22,No Group
Manchester City Council - Chorlton,Chorlton Place,2021,July,29,Monday,19 Jul 2021,00:00,4,4,8,4,4,8,No Group
Manchester City Council - Chorlton,Chorlton Place,2021,July,29,Monday,19 Jul 2021,01:00,3,1,4,3,1,4,No Group
Manchester City Council - Chorlton,Chorlton Place,2021,July,29,Monday,19 Jul 2021,02:00,1,0,1,1,0,1,No Group
Manchester City Council - Chorlton,Chorlton Place,2021,July,29,Monday,19 Jul 2021,03:00,3,4,7,3,4,7,No Group
Manchester City Council - Chorlton,Chorlton Place,2021,July,29,Monday,19 Jul 2021,04:00,0,2,2,0,2,2,No Group
Manchester City Council - Chorlton,Chorlton Place,2021,July,29,Monday,19 Jul 2021,05:00,5,8,13,5,8,13,No Group
Manchester City Council - Chorlton,Chorlton Place,2021,July,29,Monday,19 Jul 2021,06:00,11,19,30,11,19,30,No Group
Manchester City Council - Chorlton,Chorlton Place,2021,July,29,Monday,19 Jul 2021,07:00,14,30,44,14,30,44,No Group
Manchester City Council - Chorlton,Chorlton Place,2021,July,29,Monday,19 Jul 2021,08:00,41,57,98,41,57,98,No Group
Manchester City Council - Chorlton,Chorlton Place,2021,July,29,Monday,19 Jul 2021,09:00,63,74,137,63,74,137,No Group
Manchester City Council - Chorlton,Chorlton Place,2021,July,29,Monday,19 Jul 2021,10:00,97,95,192,97,95,192,No Group
Manchester City Council - Chorlton,Chorlton Place,2021,July,29,Monday,19 Jul 2021,11:00,117,126,243,117,126,243,No Group
Manchester City Council - Chorlton,Chorlton Place,2021,July,29,Monday,19 Jul 2021,12:00,195,177,372,195,177,372,No Group
Manchester City Council - Chorlton,Chorlton Place,2021,July,29,Monday,19 Jul 2021,13:00,184,205,389,184,205,389,No Group
Manchester City Council - Chorlton,Chorlton Place,2021,July,29,Monday,19 Jul 2021,14:00,169,150,319,169,150,319,No Group
Manchester City Council - Chorlton,Chorlton Place,2021,July,29,Monday,19 Jul 2021,15:00,105,132,237,105,132,237,No Group
Manchester City Council - Chorlton,Chorlton Place,2021,July,29,Monday,19 Jul 2021,16:00,128,117,245,128,117,245,No Group
Manchester City Council - Chorlton,Chorlton Place,2021,July,29,Monday,19 Jul 2021,17:00,80,82,162,80,82,162,No Group
Manchester City Council - Chorlton,Chorlton Place,2021,July,29,Monday,19 Jul 2021,18:00,66,51,117,66,51,117,No Group
Manchester City Council - Chorlton,Chorlton Place,2021,July,29,Monday,19 Jul 2021,19:00,60,69,129,60,69,129,No Group
Manchester City Council - Chorlton,Chorlton Place,2021,July,29,Monday,19 Jul 2021,20:00,43,47,90,43,47,90,No Group
Manchester City Council - Chorlton,Chorlton Place,2021,July,29,Monday,19 Jul 2021,21:00,22,32,54,22,32,54,No Group
Manchester City Council - Chorlton,Chorlton Place,2021,July,29,Monday,19 Jul 2021,22:00,28,49,77,28,49,77,No Group
Manchester City Council - Chorlton,Chorlton Place,2021,July,29,Monday,19 Jul 2021,23:00,12,4,16,12,4,16,No Group
Manchester City Council - Chorlton,Chorlton Place,2021,July,29,Tuesday,20 Jul 2021,00:00,6,2,8,6,2,8,No Group
Manchester City Council - Chorlton,Chorlton Place,2021,July,29,Tuesday,20 Jul 2021,01:00,2,1,3,2,1,3,No Group
Manchester City Council - Chorlton,Chorlton Place,2021,July,29,Tuesday,20 Jul 2021,02:00,0,1,1,0,1,1,No Group
Manchester City Council - Chorlton,Chorlton Place,2021,July,29,Tuesday,20 Jul 2021,03:00,7,4,11,7,4,11,No Group
Manchester City Council - Chorlton,Chorlton Place,2021,July,29,Tuesday,20 Jul 2021,04:00,3,3,6,3,3,6,No Group
Manchester City Council - Chorlton,Chorlton Place,2021,July,29,Tuesday,20 Jul 2021,05:00,0,5,5,0,5,5,No Group
Manchester City Council - Chorlton,Chorlton Place,2021,July,29,Tuesday,20 Jul 2021,06:00,11,19,30,11,19,30,No Group
Manchester City Council - Chorlton,Chorlton Place,2021,July,29,Tuesday,20 Jul 2021,07:00,20,53,73,20,53,73,No Group
Manchester City Council - Chorlton,Chorlton Place,2021,July,29,Tuesday,20 Jul 2021,08:00,31,59,90,31,59,90,No Group
Manchester City Council - Chorlton,Chorlton Place,2021,July,29,Tuesday,20 Jul 2021,09:00,82,86,168,82,86,168,No Group
Manchester City Council - Chorlton,Chorlton Place,2021,July,29,Tuesday,20 Jul 2021,10:00,109,86,195,109,86,195,No Group
Manchester City Council - Chorlton,Chorlton Place,2021,July,29,Tuesday,20 Jul 2021,11:00,103,137,240,103,137,240,No Group
Manchester City Council - Chorlton,Chorlton Place,2021,July,29,Tuesday,20 Jul 2021,12:00,179,207,386,179,207,386,No Group
Manchester City Council - Chorlton,Chorlton Place,2021,July,29,Tuesday,20 Jul 2021,13:00,226,216,442,226,216,442,No Group
Manchester City Council - Chorlton,Chorlton Place,2021,July,29,Tuesday,20 Jul 2021,14:00,149,164,313,149,164,313,No Group
Manchester City Council - Chorlton,Chorlton Place,2021,July,29,Tuesday,20 Jul 2021,15:00,130,126,256,130,126,256,No Group
Manchester City Council - Chorlton,Chorlton Place,2021,July,29,Tuesday,20 Jul 2021,16:00,123,103,226,123,103,226,No Group
Manchester City Council - Chorlton,Chorlton Place,2021,July,29,Tuesday,20 Jul 2021,17:00,73,77,150,73,77,150,No Group
Manchester City Council - Chorlton,Chorlton Place,2021,July,29,Tuesday,20 Jul 2021,18:00,55,50,105,55,50,105,No Group
Manchester City Council - Chorlton,Chorlton Place,2021,July,29,Tuesday,20 Jul 2021,19:00,63,47,110,63,47,110,No Group
Manchester City Council - Chorlton,Chorlton Place,2021,July,29,Tuesday,20 Jul 2021,20:00,32,31,63,32,31,63,No Group
Manchester City Council - Chorlton,Chorlton Place,2021,July,29,Tuesday,20 Jul 2021,21:00,33,32,65,33,32,65,No Group
Manchester City Council - Chorlton,Chorlton Place,2021,July,29,Tuesday,20 Jul 2021,22:00,18,28,46,18,28,46,No Group
Manchester City Council - Chorlton,Chorlton Place,2021,July,29,Tuesday,20 Jul 2021,23:00,18,9,27,18,9,27,No Group
Manchester City Council - Chorlton,Chorlton Place,2021,July,29,Wednesday,21 Jul 2021,00:00,13,8,21,13,8,21,No Group
Manchester City Council - Chorlton,Chorlton Place,2021,July,29,Wednesday,21 Jul 2021,01:00,5,2,7,5,2,7,No Group
Manchester City Council - Chorlton,Chorlton Place,2021,July,29,Wednesday,21 Jul 2021,02:00,0,1,1,0,1,1,No Group
Manchester City Council - Chorlton,Chorlton Place,2021,July,29,Wednesday,21 Jul 2021,03:00,1,4,5,1,4,5,No Group
Manchester City Council - Chorlton,Chorlton Place,2021,July,29,Wednesday,21 Jul 2021,04:00,0,1,1,0,1,1,No Group
Manchester City Council - Chorlton,Chorlton Place,2021,July,29,Wednesday,21 Jul 2021,05:00,0,5,5,0,5,5,No Group
Manchester City Council - Chorlton,Chorlton Place,2021,July,29,Wednesday,21 Jul 2021,06:00,9,18,27,9,18,27,No Group
Manchester City Council - Chorlton,Chorlton Place,2021,July,29,Wednesday,21 Jul 2021,07:00,16,27,43,16,27,43,No Group
Manchester City Council - Chorlton,Chorlton Place,2021,July,29,Wednesday,21 Jul 2021,08:00,39,75,114,39,75,114,No Group
Manchester City Council - Chorlton,Chorlton Place,2021,July,29,Wednesday,21 Jul 2021,09:00,75,106,181,75,106,181,No Group
Manchester City Council - Chorlton,Chorlton Place,2021,July,29,Wednesday,21 Jul 2021,10:00,91,105,196,91,105,196,No Group
Manchester City Council - Chorlton,Chorlton Place,2021,July,29,Wednesday,21 Jul 2021,11:00,85,113,198,85,113,198,No Group
Manchester City Council - Chorlton,Chorlton Place,2021,July,29,Wednesday,21 Jul 2021,12:00,127,128,255,127,128,255,No Group
Manchester City Council - Chorlton,Chorlton Place,2021,July,29,Wednesday,21 Jul 2021,13:00,169,187,356,169,187,356,No Group
Manchester City Council - Chorlton,Chorlton Place,2021,July,29,Wednesday,21 Jul 2021,14:00,159,166,325,159,166,325,No Group
Manchester City Council - Chorlton,Chorlton Place,2021,July,29,Wednesday,21 Jul 2021,15:00,97,115,212,97,115,212,No Group
Manchester City Council - Chorlton,Chorlton Place,2021,July,29,Wednesday,21 Jul 2021,16:00,109,108,217,109,108,217,No Group
Manchester City Council - Chorlton,Chorlton Place,2021,July,29,Wednesday,21 Jul 2021,17:00,81,88,169,81,88,169,No Group
Manchester City Council - Chorlton,Chorlton Place,2021,July,29,Wednesday,21 Jul 2021,18:00,65,79,144,65,79,144,No Group
Manchester City Council - Chorlton,Chorlton Place,2021,July,29,Wednesday,21 Jul 2021,19:00,66,38,104,66,38,104,No Group
Manchester City Council - Chorlton,Chorlton Place,2021,July,29,Wednesday,21 Jul 2021,20:00,44,32,76,44,32,76,No Group
Manchester City Council - Chorlton,Chorlton Place,2021,July,29,Wednesday,21 Jul 2021,21:00,32,42,74,32,42,74,No Group
Manchester City Council - Chorlton,Chorlton Place,2021,July,29,Wednesday,21 Jul 2021,22:00,22,28,50,22,28,50,No Group
Manchester City Council - Chorlton,Chorlton Place,2021,July,29,Wednesday,21 Jul 2021,23:00,26,13,39,26,13,39,No Group
Manchester City Council - Chorlton,Chorlton Place,2021,July,29,Thursday,22 Jul 2021,00:00,8,4,12,8,4,12,No Group
Manchester City Council - Chorlton,Chorlton Place,2021,July,29,Thursday,22 Jul 2021,01:00,1,2,3,1,2,3,No Group
Manchester City Council - Chorlton,Chorlton Place,2021,July,29,Thursday,22 Jul 2021,02:00,1,3,4,1,3,4,No Group
Manchester City Council - Chorlton,Chorlton Place,2021,July,29,Thursday,22 Jul 2021,03:00,0,1,1,0,1,1,No Group
Manchester City Council - Chorlton,Chorlton Place,2021,July,29,Thursday,22 Jul 2021,04:00,1,3,4,1,3,4,No Group
Manchester City Council - Chorlton,Chorlton Place,2021,July,29,Thursday,22 Jul 2021,05:00,2,8,10,2,8,10,No Group
Manchester City Council - Chorlton,Chorlton Place,2021,July,29,Thursday,22 Jul 2021,06:00,10,18,28,10,18,28,No Group
Manchester City Council - Chorlton,Chorlton Place,2021,July,29,Thursday,22 Jul 2021,07:00,20,30,50,20,30,50,No Group
Manchester City Council - Chorlton,Chorlton Place,2021,July,29,Thursday,22 Jul 2021,08:00,36,67,103,36,67,103,No Group
Manchester City Council - Chorlton,Chorlton Place,2021,July,29,Thursday,22 Jul 2021,09:00,71,89,160,71,89,160,No Group
Manchester City Council - Chorlton,Chorlton Place,2021,July,29,Thursday,22 Jul 2021,10:00,118,106,224,118,106,224,No Group
Manchester City Council - Chorlton,Chorlton Place,2021,July,29,Thursday,22 Jul 2021,11:00,110,144,254,110,144,254,No Group
Manchester City Council - Chorlton,Chorlton Place,2021,July,29,Thursday,22 Jul 2021,12:00,181,223,404,181,223,404,No Group
Manchester City Council - Chorlton,Chorlton Place,2021,July,29,Thursday,22 Jul 2021,13:00,194,226,420,194,226,420,No Group
Manchester City Council - Chorlton,Chorlton Place,2021,July,29,Thursday,22 Jul 2021,14:00,175,183,358,175,183,358,No Group
Manchester City Council - Chorlton,Chorlton Place,2021,July,29,Thursday,22 Jul 2021,15:00,123,103,226,123,103,226,No Group
Manchester City Council - Chorlton,Chorlton Place,2021,July,29,Thursday,22 Jul 2021,16:00,71,83,154,71,83,154,No Group
Manchester City Council - Chorlton,Chorlton Place,2021,July,29,Thursday,22 Jul 2021,17:00,95,100,195,95,100,195,No Group
Manchester City Council - Chorlton,Chorlton Place,2021,July,29,Thursday,22 Jul 2021,18:00,75,60,135,75,60,135,No Group
Manchester City Council - Chorlton,Chorlton Place,2021,July,29,Thursday,22 Jul 2021,19:00,62,58,120,62,58,120,No Group
Manchester City Council - Chorlton,Chorlton Place,2021,July,29,Thursday,22 Jul 2021,20:00,81,87,168,81,87,168,No Group
Manchester City Council - Chorlton,Chorlton Place,2021,July,29,Thursday,22 Jul 2021,21:00,19,41,60,19,41,60,No Group
Manchester City Council - Chorlton,Chorlton Place,2021,July,29,Thursday,22 Jul 2021,22:00,30,50,80,30,50,80,No Group
Manchester City Council - Chorlton,Chorlton Place,2021,July,29,Thursday,22 Jul 2021,23:00,17,8,25,17,8,25,No Group
Manchester City Council - Chorlton,Chorlton Place,2021,July,29,Friday,23 Jul 2021,00:00,3,2,5,3,2,5,No Group
Manchester City Council - Chorlton,Chorlton Place,2021,July,29,Friday,23 Jul 2021,01:00,2,1,3,2,1,3,No Group
Manchester City Council - Chorlton,Chorlton Place,2021,July,29,Friday,23 Jul 2021,02:00,3,2,5,3,2,5,No Group
Manchester City Council - Chorlton,Chorlton Place,2021,July,29,Friday,23 Jul 2021,03:00,2,5,7,2,5,7,No Group
Manchester City Council - Chorlton,Chorlton Place,2021,July,29,Friday,23 Jul 2021,04:00,0,3,3,0,3,3,No Group
Manchester City Council - Chorlton,Chorlton Place,2021,July,29,Friday,23 Jul 2021,05:00,4,6,10,4,6,10,No Group
Manchester City Council - Chorlton,Chorlton Place,2021,July,29,Friday,23 Jul 2021,06:00,9,16,25,9,16,25,No Group
Manchester City Council - Chorlton,Chorlton Place,2021,July,29,Friday,23 Jul 2021,07:00,23,35,58,23,35,58,No Group
Manchester City Council - Chorlton,Chorlton Place,2021,July,29,Friday,23 Jul 2021,08:00,38,68,106,38,68,106,No Group
Manchester City Council - Chorlton,Chorlton Place,2021,July,29,Friday,23 Jul 2021,09:00,106,120,226,106,120,226,No Group
Manchester City Council - Chorlton,Chorlton Place,2021,July,29,Friday,23 Jul 2021,10:00,95,137,232,95,137,232,No Group
Manchester City Council - Chorlton,Chorlton Place,2021,July,29,Friday,23 Jul 2021,11:00,146,163,309,146,163,309,No Group
Manchester City Council - Chorlton,Chorlton Place,2021,July,29,Friday,23 Jul 2021,12:00,188,204,392,188,204,392,No Group
Manchester City Council - Chorlton,Chorlton Place,2021,July,29,Friday,23 Jul 2021,13:00,176,177,353,176,177,353,No Group
Manchester City Council - Chorlton,Chorlton Place,2021,July,29,Friday,23 Jul 2021,14:00,181,199,380,181,199,380,No Group
Manchester City Council - Chorlton,Chorlton Place,2021,July,29,Friday,23 Jul 2021,15:00,136,154,290,136,154,290,No Group
Manchester City Council - Chorlton,Chorlton Place,2021,July,29,Friday,23 Jul 2021,16:00,118,124,242,118,124,242,No Group
Manchester City Council - Chorlton,Chorlton Place,2021,July,29,Friday,23 Jul 2021,17:00,90,88,178,90,88,178,No Group
Manchester City Council - Chorlton,Chorlton Place,2021,July,29,Friday,23 Jul 2021,18:00,88,118,206,88,118,206,No Group
Manchester City Council - Chorlton,Chorlton Place,2021,July,29,Friday,23 Jul 2021,19:00,68,81,149,68,81,149,No Group
Manchester City Council - Chorlton,Chorlton Place,2021,July,29,Friday,23 Jul 2021,20:00,52,38,90,52,38,90,No Group
Manchester City Council - Chorlton,Chorlton Place,2021,July,29,Friday,23 Jul 2021,21:00,40,42,82,40,42,82,No Group
Manchester City Council - Chorlton,Chorlton Place,2021,July,29,Friday,23 Jul 2021,22:00,35,36,71,35,36,71,No Group
Manchester City Council - Chorlton,Chorlton Place,2021,July,29,Friday,23 Jul 2021,23:00,22,45,67,22,45,67,No Group
Manchester City Council - Chorlton,Chorlton Place,2021,July,29,Saturday,24 Jul 2021,00:00,22,39,61,22,39,61,No Group
Manchester City Council - Chorlton,Chorlton Place,2021,July,29,Saturday,24 Jul 2021,01:00,13,5,18,13,5,18,No Group
Manchester City Council - Chorlton,Chorlton Place,2021,July,29,Saturday,24 Jul 2021,02:00,3,1,4,3,1,4,No Group
Manchester City Council - Chorlton,Chorlton Place,2021,July,29,Saturday,24 Jul 2021,03:00,4,1,5,4,1,5,No Group
Manchester City Council - Chorlton,Chorlton Place,2021,July,29,Saturday,24 Jul 2021,04:00,0,1,1,0,1,1,No Group
Manchester City Council - Chorlton,Chorlton Place,2021,July,29,Saturday,24 Jul 2021,05:00,5,5,10,5,5,10,No Group
Manchester City Council - Chorlton,Chorlton Place,2021,July,29,Saturday,24 Jul 2021,06:00,3,4,7,3,4,7,No Group
Manchester City Council - Chorlton,Chorlton Place,2021,July,29,Saturday,24 Jul 2021,07:00,7,7,14,7,7,14,No Group
Manchester City Council - Chorlton,Chorlton Place,2021,July,29,Saturday,24 Jul 2021,08:00,33,47,80,33,47,80,No Group
Manchester City Council - Chorlton,Chorlton Place,2021,July,29,Saturday,24 Jul 2021,09:00,96,99,195,96,99,195,No Group
Manchester City Council - Chorlton,Chorlton Place,2021,July,29,Saturday,24 Jul 2021,10:00,97,118,215,97,118,215,No Group
Manchester City Council - Chorlton,Chorlton Place,2021,July,29,Saturday,24 Jul 2021,11:00,158,183,341,158,183,341,No Group
Manchester City Council - Chorlton,Chorlton Place,2021,July,29,Saturday,24 Jul 2021,12:00,188,204,392,188,204,392,No Group
Manchester City Council - Chorlton,Chorlton Place,2021,July,29,Saturday,24 Jul 2021,13:00,188,183,371,188,183,371,No Group
Manchester City Council - Chorlton,Chorlton Place,2021,July,29,Saturday,24 Jul 2021,14:00,202,224,426,202,224,426,No Group
Manchester City Council - Chorlton,Chorlton Place,2021,July,29,Saturday,24 Jul 2021,15:00,173,229,402,173,229,402,No Group
Manchester City Council - Chorlton,Chorlton Place,2021,July,29,Saturday,24 Jul 2021,16:00,142,173,315,142,173,315,No Group
Manchester City Council - Chorlton,Chorlton Place,2021,July,29,Saturday,24 Jul 2021,17:00,80,96,176,80,96,176,No Group
Manchester City Council - Chorlton,Chorlton Place,2021,July,29,Saturday,24 Jul 2021,18:00,52,54,106,52,54,106,No Group
Manchester City Council - Chorlton,Chorlton Place,2021,July,29,Saturday,24 Jul 2021,19:00,68,60,128,68,60,128,No Group
Manchester City Council - Chorlton,Chorlton Place,2021,July,29,Saturday,24 Jul 2021,20:00,42,53,95,42,53,95,No Group
Manchester City Council - Chorlton,Chorlton Place,2021,July,29,Saturday,24 Jul 2021,21:00,25,47,72,25,47,72,No Group
Manchester City Council - Chorlton,Chorlton Place,2021,July,29,Saturday,24 Jul 2021,22:00,33,35,68,33,35,68,No Group
Manchester City Council - Chorlton,Chorlton Place,2021,July,29,Saturday,24 Jul 2021,23:00,25,24,49,25,24,49,No Group
Manchester City Council - Chorlton,Chorlton Place,2021,July,29,Sunday,25 Jul 2021,00:00,10,14,24,10,14,24,No Group
Manchester City Council - Chorlton,Chorlton Place,2021,July,29,Sunday,25 Jul 2021,01:00,12,1,13,12,1,13,No Group
Manchester City Council - Chorlton,Chorlton Place,2021,July,29,Sunday,25 Jul 2021,02:00,6,2,8,6,2,8,No Group
Manchester City Council - Chorlton,Chorlton Place,2021,July,29,Sunday,25 Jul 2021,03:00,1,3,4,1,3,4,No Group
Manchester City Council - Chorlton,Chorlton Place,2021,July,29,Sunday,25 Jul 2021,04:00,0,0,0,0,0,0,No Group
Manchester City Council - Chorlton,Chorlton Place,2021,July,29,Sunday,25 Jul 2021,05:00,3,2,5,3,2,5,No Group
Manchester City Council - Chorlton,Chorlton Place,2021,July,29,Sunday,25 Jul 2021,06:00,3,5,8,3,5,8,No Group
Manchester City Council - Chorlton,Chorlton Place,2021,July,29,Sunday,25 Jul 2021,07:00,4,10,14,4,10,14,No Group
Manchester City Council - Chorlton,Chorlton Place,2021,July,29,Sunday,25 Jul 2021,08:00,8,20,28,8,20,28,No Group
Manchester City Council - Chorlton,Chorlton Place,2021,July,29,Sunday,25 Jul 2021,09:00,31,41,72,31,41,72,No Group
Manchester City Council - Chorlton,Chorlton Place,2021,July,29,Sunday,25 Jul 2021,10:00,42,49,91,42,49,91,No Group
Manchester City Council - Chorlton,Chorlton Place,2021,July,29,Sunday,25 Jul 2021,11:00,80,96,176,80,96,176,No Group
Manchester City Council - Chorlton,Chorlton Place,2021,July,29,Sunday,25 Jul 2021,12:00,70,85,155,70,85,155,No Group
Manchester City Council - Chorlton,Chorlton Place,2021,July,29,Sunday,25 Jul 2021,13:00,161,161,322,161,161,322,No Group
Manchester City Council - Chorlton,Chorlton Place,2021,July,29,Sunday,25 Jul 2021,14:00,127,123,250,127,123,250,No Group
Manchester City Council - Chorlton,Chorlton Place,2021,July,29,Sunday,25 Jul 2021,15:00,80,92,172,80,92,172,No Group
Manchester City Council - Chorlton,Chorlton Place,2021,July,29,Sunday,25 Jul 2021,16:00,78,56,134,78,56,134,No Group
Manchester City Council - Chorlton,Chorlton Place,2021,July,29,Sunday,25 Jul 2021,17:00,47,45,92,47,45,92,No Group
Manchester City Council - Chorlton,Chorlton Place,2021,July,29,Sunday,25 Jul 2021,18:00,36,47,83,36,47,83,No Group
Manchester City Council - Chorlton,Chorlton Place,2021,July,29,Sunday,25 Jul 2021,19:00,45,41,86,45,41,86,No Group
Manchester City Council - Chorlton,Chorlton Place,2021,July,29,Sunday,25 Jul 2021,20:00,25,28,53,25,28,53,No Group
Manchester City Council - Chorlton,Chorlton Place,2021,July,29,Sunday,25 Jul 2021,21:00,13,28,41,13,28,41,No Group
Manchester City Council - Chorlton,Chorlton Place,2021,July,29,Sunday,25 Jul 2021,22:00,12,17,29,12,17,29,No Group
Manchester City Council - Chorlton,Chorlton Place,2021,July,29,Sunday,25 Jul 2021,23:00,21,37,58,21,37,58,No Group
Manchester City Council - Chorlton,Chorlton Place,2021,July,30,Monday,26 Jul 2021,00:00,4,8,12,4,8,12,No Group
Manchester City Council - Chorlton,Chorlton Place,2021,July,30,Monday,26 Jul 2021,01:00,3,1,4,3,1,4,No Group
Manchester City Council - Chorlton,Chorlton Place,2021,July,30,Monday,26 Jul 2021,02:00,3,2,5,3,2,5,No Group
Manchester City Council - Chorlton,Chorlton Place,2021,July,30,Monday,26 Jul 2021,03:00,1,3,4,1,3,4,No Group
Manchester City Council - Chorlton,Chorlton Place,2021,July,30,Monday,26 Jul 2021,04:00,0,3,3,0,3,3,No Group
Manchester City Council - Chorlton,Chorlton Place,2021,July,30,Monday,26 Jul 2021,05:00,0,6,6,0,6,6,No Group
Manchester City Council - Chorlton,Chorlton Place,2021,July,30,Monday,26 Jul 2021,06:00,8,18,26,8,18,26,No Group
Manchester City Council - Chorlton,Chorlton Place,2021,July,30,Monday,26 Jul 2021,07:00,18,29,47,18,29,47,No Group
Manchester City Council - Chorlton,Chorlton Place,2021,July,30,Monday,26 Jul 2021,08:00,32,47,79,32,47,79,No Group
Manchester City Council - Chorlton,Chorlton Place,2021,July,30,Monday,26 Jul 2021,09:00,69,84,153,69,84,153,No Group
Manchester City Council - Chorlton,Chorlton Place,2021,July,30,Monday,26 Jul 2021,10:00,89,96,185,89,96,185,No Group
Manchester City Council - Chorlton,Chorlton Place,2021,July,30,Monday,26 Jul 2021,11:00,105,122,227,105,122,227,No Group
Manchester City Council - Chorlton,Chorlton Place,2021,July,30,Monday,26 Jul 2021,12:00,203,204,407,203,204,407,No Group
Manchester City Council - Chorlton,Chorlton Place,2021,July,30,Monday,26 Jul 2021,13:00,173,194,367,173,194,367,No Group
Manchester City Council - Chorlton,Chorlton Place,2021,July,30,Monday,26 Jul 2021,14:00,181,187,368,181,187,368,No Group
Manchester City Council - Chorlton,Chorlton Place,2021,July,30,Monday,26 Jul 2021,15:00,118,126,244,118,126,244,No Group
Manchester City Council - Chorlton,Chorlton Place,2021,July,30,Monday,26 Jul 2021,16:00,104,99,203,104,99,203,No Group
Manchester City Council - Chorlton,Chorlton Place,2021,July,30,Monday,26 Jul 2021,17:00,83,67,150,83,67,150,No Group
Manchester City Council - Chorlton,Chorlton Place,2021,July,30,Monday,26 Jul 2021,18:00,76,78,154,76,78,154,No Group
Manchester City Council - Chorlton,Chorlton Place,2021,July,30,Monday,26 Jul 2021,19:00,58,47,105,58,47,105,No Group
Manchester City Council - Chorlton,Chorlton Place,2021,July,30,Monday,26 Jul 2021,20:00,39,34,73,39,34,73,No Group
Manchester City Council - Chorlton,Chorlton Place,2021,July,30,Monday,26 Jul 2021,21:00,29,21,50,29,21,50,No Group
Manchester City Council - Chorlton,Chorlton Place,2021,July,30,Monday,26 Jul 2021,22:00,13,20,33,13,20,33,No Group
Manchester City Council - Chorlton,Chorlton Place,2021,July,30,Monday,26 Jul 2021,23:00,13,13,26,13,13,26,No Group
Manchester City Council - Chorlton,Chorlton Place,2021,July,30,Tuesday,27 Jul 2021,00:00,2,4,6,2,4,6,No Group
Manchester City Council - Chorlton,Chorlton Place,2021,July,30,Tuesday,27 Jul 2021,01:00,1,2,3,1,2,3,No Group
Manchester City Council - Chorlton,Chorlton Place,2021,July,30,Tuesday,27 Jul 2021,02:00,0,0,0,0,0,0,No Group
Manchester City Council - Chorlton,Chorlton Place,2021,July,30,Tuesday,27 Jul 2021,03:00,8,5,13,8,5,13,No Group
Manchester City Council - Chorlton,Chorlton Place,2021,July,30,Tuesday,27 Jul 2021,04:00,0,3,3,0,3,3,No Group
Manchester City Council - Chorlton,Chorlton Place,2021,July,30,Tuesday,27 Jul 2021,05:00,1,3,4,1,3,4,No Group
Manchester City Council - Chorlton,Chorlton Place,2021,July,30,Tuesday,27 Jul 2021,06:00,6,19,25,6,19,25,No Group
Manchester City Council - Chorlton,Chorlton Place,2021,July,30,Tuesday,27 Jul 2021,07:00,19,39,58,19,39,58,No Group
Manchester City Council - Chorlton,Chorlton Place,2021,July,30,Tuesday,27 Jul 2021,08:00,34,50,84,34,50,84,No Group
Manchester City Council - Chorlton,Chorlton Place,2021,July,30,Tuesday,27 Jul 2021,09:00,60,75,135,60,75,135,No Group
Manchester City Council - Chorlton,Chorlton Place,2021,July,30,Tuesday,27 Jul 2021,10:00,79,113,192,79,113,192,No Group
Manchester City Council - Chorlton,Chorlton Place,2021,July,30,Tuesday,27 Jul 2021,11:00,134,132,266,134,132,266,No Group
Manchester City Council - Chorlton,Chorlton Place,2021,July,30,Tuesday,27 Jul 2021,12:00,167,187,354,167,187,354,No Group
Manchester City Council - Chorlton,Chorlton Place,2021,July,30,Tuesday,27 Jul 2021,13:00,122,142,264,122,142,264,No Group
Manchester City Council - Chorlton,Chorlton Place,2021,July,30,Tuesday,27 Jul 2021,14:00,118,129,247,118,129,247,No Group
Manchester City Council - Chorlton,Chorlton Place,2021,July,30,Tuesday,27 Jul 2021,15:00,107,93,200,107,93,200,No Group
Manchester City Council - Chorlton,Chorlton Place,2021,July,30,Tuesday,27 Jul 2021,16:00,117,115,232,117,115,232,No Group
Manchester City Council - Chorlton,Chorlton Place,2021,July,30,Tuesday,27 Jul 2021,17:00,80,68,148,80,68,148,No Group
Manchester City Council - Chorlton,Chorlton Place,2021,July,30,Tuesday,27 Jul 2021,18:00,64,59,123,64,59,123,No Group
Manchester City Council - Chorlton,Chorlton Place,2021,July,30,Tuesday,27 Jul 2021,19:00,48,51,99,48,51,99,No Group
Manchester City Council - Chorlton,Chorlton Place,2021,July,30,Tuesday,27 Jul 2021,20:00,55,40,95,55,40,95,No Group
Manchester City Council - Chorlton,Chorlton Place,2021,July,30,Tuesday,27 Jul 2021,21:00,24,20,44,24,20,44,No Group
Manchester City Council - Chorlton,Chorlton Place,2021,July,30,Tuesday,27 Jul 2021,22:00,9,24,33,9,24,33,No Group
Manchester City Council - Chorlton,Chorlton Place,2021,July,30,Tuesday,27 Jul 2021,23:00,4,2,6,4,2,6,No Group
Manchester City Council - Chorlton,Chorlton Place,2021,July,30,Wednesday,28 Jul 2021,00:00,5,1,6,5,1,6,No Group
Manchester City Council - Chorlton,Chorlton Place,2021,July,30,Wednesday,28 Jul 2021,01:00,1,1,2,1,1,2,No Group
Manchester City Council - Chorlton,Chorlton Place,2021,July,30,Wednesday,28 Jul 2021,02:00,0,0,0,0,0,0,No Group
Manchester City Council - Chorlton,Chorlton Place,2021,July,30,Wednesday,28 Jul 2021,03:00,1,1,2,1,1,2,No Group
Manchester City Council - Chorlton,Chorlton Place,2021,July,30,Wednesday,28 Jul 2021,04:00,0,0,0,0,0,0,No Group
Manchester City Council - Chorlton,Chorlton Place,2021,July,30,Wednesday,28 Jul 2021,05:00,3,9,12,3,9,12,No Group
Manchester City Council - Chorlton,Chorlton Place,2021,July,30,Wednesday,28 Jul 2021,06:00,6,10,16,6,10,16,No Group
Manchester City Council - Chorlton,Chorlton Place,2021,July,30,Wednesday,28 Jul 2021,07:00,11,33,44,11,33,44,No Group
Manchester City Council - Chorlton,Chorlton Place,2021,July,30,Wednesday,28 Jul 2021,08:00,30,57,87,30,57,87,No Group
Manchester City Council - Chorlton,Chorlton Place,2021,July,30,Wednesday,28 Jul 2021,09:00,61,93,154,61,93,154,No Group
Manchester City Council - Chorlton,Chorlton Place,2021,July,30,Wednesday,28 Jul 2021,10:00,96,110,206,96,110,206,No Group
Manchester City Council - Chorlton,Chorlton Place,2021,July,30,Wednesday,28 Jul 2021,11:00,114,131,245,114,131,245,No Group
Manchester City Council - Chorlton,Chorlton Place,2021,July,30,Wednesday,28 Jul 2021,12:00,127,150,277,127,150,277,No Group
Manchester City Council - Chorlton,Chorlton Place,2021,July,30,Wednesday,28 Jul 2021,13:00,142,125,267,142,125,267,No Group
Manchester City Council - Chorlton,Chorlton Place,2021,July,30,Wednesday,28 Jul 2021,14:00,103,129,232,103,129,232,No Group
Manchester City Council - Chorlton,Chorlton Place,2021,July,30,Wednesday,28 Jul 2021,15:00,94,112,206,94,112,206,No Group
Manchester City Council - Chorlton,Chorlton Place,2021,July,30,Wednesday,28 Jul 2021,16:00,110,93,203,110,93,203,No Group
Manchester City Council - Chorlton,Chorlton Place,2021,July,30,Wednesday,28 Jul 2021,17:00,91,91,182,91,91,182,No Group
Manchester City Council - Chorlton,Chorlton Place,2021,July,30,Wednesday,28 Jul 2021,18:00,80,73,153,80,73,153,No Group
Manchester City Council - Chorlton,Chorlton Place,2021,July,30,Wednesday,28 Jul 2021,19:00,72,49,121,72,49,121,No Group
Manchester City Council - Chorlton,Chorlton Place,2021,July,30,Wednesday,28 Jul 2021,20:00,33,28,61,33,28,61,No Group
Manchester City Council - Chorlton,Chorlton Place,2021,July,30,Wednesday,28 Jul 2021,21:00,17,38,55,17,38,55,No Group
Manchester City Council - Chorlton,Chorlton Place,2021,July,30,Wednesday,28 Jul 2021,22:00,14,20,34,14,20,34,No Group
Manchester City Council - Chorlton,Chorlton Place,2021,July,30,Wednesday,28 Jul 2021,23:00,3,4,7,3,4,7,No Group
Manchester City Council - Chorlton,Chorlton Place,2021,July,30,Thursday,29 Jul 2021,00:00,2,5,7,2,5,7,No Group
Manchester City Council - Chorlton,Chorlton Place,2021,July,30,Thursday,29 Jul 2021,01:00,1,6,7,1,6,7,No Group
Manchester City Council - Chorlton,Chorlton Place,2021,July,30,Thursday,29 Jul 2021,02:00,0,1,1,0,1,1,No Group
Manchester City Council - Chorlton,Chorlton Place,2021,July,30,Thursday,29 Jul 2021,03:00,0,0,0,0,0,0,No Group
Manchester City Council - Chorlton,Chorlton Place,2021,July,30,Thursday,29 Jul 2021,04:00,0,1,1,0,1,1,No Group
Manchester City Council - Chorlton,Chorlton Place,2021,July,30,Thursday,29 Jul 2021,05:00,2,3,5,2,3,5,No Group
Manchester City Council - Chorlton,Chorlton Place,2021,July,30,Thursday,29 Jul 2021,06:00,5,15,20,5,15,20,No Group
Manchester City Council - Chorlton,Chorlton Place,2021,July,30,Thursday,29 Jul 2021,07:00,19,34,53,19,34,53,No Group
Manchester City Council - Chorlton,Chorlton Place,2021,July,30,Thursday,29 Jul 2021,08:00,35,63,98,35,63,98,No Group
Manchester City Council - Chorlton,Chorlton Place,2021,July,30,Thursday,29 Jul 2021,09:00,71,93,164,71,93,164,No Group
Manchester City Council - Chorlton,Chorlton Place,2021,July,30,Thursday,29 Jul 2021,10:00,100,115,215,100,115,215,No Group
Manchester City Council - Chorlton,Chorlton Place,2021,July,30,Thursday,29 Jul 2021,11:00,128,139,267,128,139,267,No Group
Manchester City Council - Chorlton,Chorlton Place,2021,July,30,Thursday,29 Jul 2021,12:00,129,147,276,129,147,276,No Group
Manchester City Council - Chorlton,Chorlton Place,2021,July,30,Thursday,29 Jul 2021,13:00,166,179,345,166,179,345,No Group
Manchester City Council - Chorlton,Chorlton Place,2021,July,30,Thursday,29 Jul 2021,14:00,158,181,339,158,181,339,No Group
Manchester City Council - Chorlton,Chorlton Place,2021,July,30,Thursday,29 Jul 2021,15:00,137,140,277,137,140,277,No Group
Manchester City Council - Chorlton,Chorlton Place,2021,July,30,Thursday,29 Jul 2021,16:00,152,147,299,152,147,299,No Group
Manchester City Council - Chorlton,Chorlton Place,2021,July,30,Thursday,29 Jul 2021,17:00,94,94,188,94,94,188,No Group
Manchester City Council - Chorlton,Chorlton Place,2021,July,30,Thursday,29 Jul 2021,18:00,75,76,151,75,76,151,No Group
Manchester City Council - Chorlton,Chorlton Place,2021,July,30,Thursday,29 Jul 2021,19:00,58,56,114,58,56,114,No Group
Manchester City Council - Chorlton,Chorlton Place,2021,July,30,Thursday,29 Jul 2021,20:00,44,53,97,44,53,97,No Group
Manchester City Council - Chorlton,Chorlton Place,2021,July,30,Thursday,29 Jul 2021,21:00,30,42,72,30,42,72,No Group
Manchester City Council - Chorlton,Chorlton Place,2021,July,30,Thursday,29 Jul 2021,22:00,24,24,48,24,24,48,No Group
Manchester City Council - Chorlton,Chorlton Place,2021,July,30,Thursday,29 Jul 2021,23:00,10,13,23,10,13,23,No Group
Manchester City Council - Chorlton,Chorlton Place,2021,July,30,Friday,30 Jul 2021,00:00,8,5,13,8,5,13,No Group
Manchester City Council - Chorlton,Chorlton Place,2021,July,30,Friday,30 Jul 2021,01:00,1,0,1,1,0,1,No Group
Manchester City Council - Chorlton,Chorlton Place,2021,July,30,Friday,30 Jul 2021,02:00,3,3,6,3,3,6,No Group
Manchester City Council - Chorlton,Chorlton Place,2021,July,30,Friday,30 Jul 2021,03:00,0,1,1,0,1,1,No Group
Manchester City Council - Chorlton,Chorlton Place,2021,July,30,Friday,30 Jul 2021,04:00,1,3,4,1,3,4,No Group
Manchester City Council - Chorlton,Chorlton Place,2021,July,30,Friday,30 Jul 2021,05:00,1,5,6,1,5,6,No Group
Manchester City Council - Chorlton,Chorlton Place,2021,July,30,Friday,30 Jul 2021,06:00,4,11,15,4,11,15,No Group
Manchester City Council - Chorlton,Chorlton Place,2021,July,30,Friday,30 Jul 2021,07:00,35,66,101,35,66,101,No Group
Manchester City Council - Chorlton,Chorlton Place,2021,July,30,Friday,30 Jul 2021,08:00,34,39,73,34,39,73,No Group
Manchester City Council - Chorlton,Chorlton Place,2021,July,30,Friday,30 Jul 2021,09:00,84,92,176,84,92,176,No Group
Manchester City Council - Chorlton,Chorlton Place,2021,July,30,Friday,30 Jul 2021,10:00,129,132,261,129,132,261,No Group
Manchester City Council - Chorlton,Chorlton Place,2021,July,30,Friday,30 Jul 2021,11:00,122,128,250,122,128,250,No Group
Manchester City Council - Chorlton,Chorlton Place,2021,July,30,Friday,30 Jul 2021,12:00,140,171,311,140,171,311,No Group
Manchester City Council - Chorlton,Chorlton Place,2021,July,30,Friday,30 Jul 2021,13:00,155,161,316,155,161,316,No Group
Manchester City Council - Chorlton,Chorlton Place,2021,July,30,Friday,30 Jul 2021,14:00,157,194,351,157,194,351,No Group
Manchester City Council - Chorlton,Chorlton Place,2021,July,30,Friday,30 Jul 2021,15:00,150,144,294,150,144,294,No Group
Manchester City Council - Chorlton,Chorlton Place,2021,July,30,Friday,30 Jul 2021,16:00,132,138,270,132,138,270,No Group
Manchester City Council - Chorlton,Chorlton Place,2021,July,30,Friday,30 Jul 2021,17:00,75,105,180,75,105,180,No Group
Manchester City Council - Chorlton,Chorlton Place,2021,July,30,Friday,30 Jul 2021,18:00,64,66,130,64,66,130,No Group
Manchester City Council - Chorlton,Chorlton Place,2021,July,30,Friday,30 Jul 2021,19:00,69,71,140,69,71,140,No Group
Manchester City Council - Chorlton,Chorlton Place,2021,July,30,Friday,30 Jul 2021,20:00,46,55,101,46,55,101,No Group
Manchester City Council - Chorlton,Chorlton Place,2021,July,30,Friday,30 Jul 2021,21:00,53,44,97,53,44,97,No Group
Manchester City Council - Chorlton,Chorlton Place,2021,July,30,Friday,30 Jul 2021,22:00,45,34,79,45,34,79,No Group
Manchester City Council - Chorlton,Chorlton Place,2021,July,30,Friday,30 Jul 2021,23:00,23,30,53,23,30,53,No Group
Manchester City Council - Chorlton,Chorlton Place,2021,July,30,Saturday,31 Jul 2021,00:00,14,28,42,14,28,42,No Group
Manchester City Council - Chorlton,Chorlton Place,2021,July,30,Saturday,31 Jul 2021,01:00,15,5,20,15,5,20,No Group
Manchester City Council - Chorlton,Chorlton Place,2021,July,30,Saturday,31 Jul 2021,02:00,3,2,5,3,2,5,No Group
Manchester City Council - Chorlton,Chorlton Place,2021,July,30,Saturday,31 Jul 2021,03:00,1,1,2,1,1,2,No Group
Manchester City Council - Chorlton,Chorlton Place,2021,July,30,Saturday,31 Jul 2021,04:00,2,2,4,2,2,4,No Group
Manchester City Council - Chorlton,Chorlton Place,2021,July,30,Saturday,31 Jul 2021,05:00,2,5,7,2,5,7,No Group
Manchester City Council - Chorlton,Chorlton Place,2021,July,30,Saturday,31 Jul 2021,06:00,5,5,10,5,5,10,No Group
Manchester City Council - Chorlton,Chorlton Place,2021,July,30,Saturday,31 Jul 2021,07:00,6,11,17,6,11,17,No Group
Manchester City Council - Chorlton,Chorlton Place,2021,July,30,Saturday,31 Jul 2021,08:00,41,41,82,41,41,82,No Group
Manchester City Council - Chorlton,Chorlton Place,2021,July,30,Saturday,31 Jul 2021,09:00,67,69,136,67,69,136,No Group
Manchester City Council - Chorlton,Chorlton Place,2021,July,30,Saturday,31 Jul 2021,10:00,113,130,243,113,130,243,No Group
Manchester City Council - Chorlton,Chorlton Place,2021,July,30,Saturday,31 Jul 2021,11:00,127,149,276,127,149,276,No Group
Manchester City Council - Chorlton,Chorlton Place,2021,July,30,Saturday,31 Jul 2021,12:00,152,179,331,152,179,331,No Group
Manchester City Council - Chorlton,Chorlton Place,2021,July,30,Saturday,31 Jul 2021,13:00,190,207,397,190,207,397,No Group
Manchester City Council - Chorlton,Chorlton Place,2021,July,30,Saturday,31 Jul 2021,14:00,185,181,366,185,181,366,No Group
Manchester City Council - Chorlton,Chorlton Place,2021,July,30,Saturday,31 Jul 2021,15:00,180,197,377,180,197,377,No Group
Manchester City Council - Chorlton,Chorlton Place,2021,July,30,Saturday,31 Jul 2021,16:00,156,132,288,156,132,288,No Group
Manchester City Council - Chorlton,Chorlton Place,2021,July,30,Saturday,31 Jul 2021,17:00,80,80,160,80,80,160,No Group
Manchester City Council - Chorlton,Chorlton Place,2021,July,30,Saturday,31 Jul 2021,18:00,69,72,141,69,72,141,No Group
Manchester City Council - Chorlton,Chorlton Place,2021,July,30,Saturday,31 Jul 2021,19:00,65,69,134,65,69,134,No Group
Manchester City Council - Chorlton,Chorlton Place,2021,July,30,Saturday,31 Jul 2021,20:00,32,56,88,32,56,88,No Group
Manchester City Council - Chorlton,Chorlton Place,2021,July,30,Saturday,31 Jul 2021,21:00,35,53,88,35,53,88,No Group
Manchester City Council - Chorlton,Chorlton Place,2021,July,30,Saturday,31 Jul 2021,22:00,23,29,52,23,29,52,No Group
Manchester City Council - Chorlton,Chorlton Place,2021,July,30,Saturday,31 Jul 2021,23:00,12,23,35,12,23,35,No Group
Manchester City Council - Chorlton,Chorlton Place,2021,July,30,Sunday,01 Aug 2021,00:00,14,9,23,14,9,23,No Group
Manchester City Council - Chorlton,Chorlton Place,2021,July,30,Sunday,01 Aug 2021,01:00,8,2,10,8,2,10,No Group
Manchester City Council - Chorlton,Chorlton Place,2021,July,30,Sunday,01 Aug 2021,02:00,8,6,14,8,6,14,No Group
Manchester City Council - Chorlton,Chorlton Place,2021,July,30,Sunday,01 Aug 2021,03:00,0,2,2,0,2,2,No Group
Manchester City Council - Chorlton,Chorlton Place,2021,July,30,Sunday,01 Aug 2021,04:00,2,0,2,2,0,2,No Group
Manchester City Council - Chorlton,Chorlton Place,2021,July,30,Sunday,01 Aug 2021,05:00,2,2,4,2,2,4,No Group
Manchester City Council - Chorlton,Chorlton Place,2021,July,30,Sunday,01 Aug 2021,06:00,0,9,9,0,9,9,No Group
Manchester City Council - Chorlton,Chorlton Place,2021,July,30,Sunday,01 Aug 2021,07:00,5,14,19,5,14,19,No Group
Manchester City Council - Chorlton,Chorlton Place,2021,July,30,Sunday,01 Aug 2021,08:00,14,22,36,14,22,36,No Group
Manchester City Council - Chorlton,Chorlton Place,2021,July,30,Sunday,01 Aug 2021,09:00,33,46,79,33,46,79,No Group
Manchester City Council - Chorlton,Chorlton Place,2021,July,30,Sunday,01 Aug 2021,10:00,31,54,85,31,54,85,No Group
Manchester City Council - Chorlton,Chorlton Place,2021,July,30,Sunday,01 Aug 2021,11:00,80,77,157,80,77,157,No Group
Manchester City Council - Chorlton,Chorlton Place,2021,July,30,Sunday,01 Aug 2021,12:00,113,117,230,113,117,230,No Group
Manchester City Council - Chorlton,Chorlton Place,2021,July,30,Sunday,01 Aug 2021,13:00,95,115,210,95,115,210,No Group
Manchester City Council - Chorlton,Chorlton Place,2021,July,30,Sunday,01 Aug 2021,14:00,89,108,197,89,108,197,No Group
Manchester City Council - Chorlton,Chorlton Place,2021,July,30,Sunday,01 Aug 2021,15:00,97,82,179,97,82,179,No Group
Manchester City Council - Chorlton,Chorlton Place,2021,July,30,Sunday,01 Aug 2021,16:00,64,68,132,64,68,132,No Group
Manchester City Council - Chorlton,Chorlton Place,2021,July,30,Sunday,01 Aug 2021,17:00,52,64,116,52,64,116,No Group
Manchester City Council - Chorlton,Chorlton Place,2021,July,30,Sunday,01 Aug 2021,18:00,41,48,89,41,48,89,No Group
Manchester City Council - Chorlton,Chorlton Place,2021,July,30,Sunday,01 Aug 2021,19:00,30,42,72,30,42,72,No Group
Manchester City Council - Chorlton,Chorlton Place,2021,July,30,Sunday,01 Aug 2021,20:00,32,31,63,32,31,63,No Group
Manchester City Council - Chorlton,Chorlton Place,2021,July,30,Sunday,01 Aug 2021,21:00,19,22,41,19,22,41,No Group
Manchester City Council - Chorlton,Chorlton Place,2021,July,30,Sunday,01 Aug 2021,22:00,5,11,16,5,11,16,No Group
Manchester City Council - Chorlton,Chorlton Place,2021,July,30,Sunday,01 Aug 2021,23:00,15,1,16,15,1,16,No Group
Manchester City Council - Chorlton,Chorlton Place,2021,August,31,Monday,02 Aug 2021,00:00,6,2,8,6,2,8,No Group
Manchester City Council - Chorlton,Chorlton Place,2021,August,31,Monday,02 Aug 2021,01:00,2,0,2,2,0,2,No Group
Manchester City Council - Chorlton,Chorlton Place,2021,August,31,Monday,02 Aug 2021,02:00,2,0,2,2,0,2,No Group
Manchester City Council - Chorlton,Chorlton Place,2021,August,31,Monday,02 Aug 2021,03:00,0,0,0,0,0,0,No Group
Manchester City Council - Chorlton,Chorlton Place,2021,August,31,Monday,02 Aug 2021,04:00,5,5,10,5,5,10,No Group
Manchester City Council - Chorlton,Chorlton Place,2021,August,31,Monday,02 Aug 2021,05:00,1,10,11,1,10,11,No Group
Manchester City Council - Chorlton,Chorlton Place,2021,August,31,Monday,02 Aug 2021,06:00,6,10,16,6,10,16,No Group
Manchester City Council - Chorlton,Chorlton Place,2021,August,31,Monday,02 Aug 2021,07:00,16,30,46,16,30,46,No Group
Manchester City Council - Chorlton,Chorlton Place,2021,August,31,Monday,02 Aug 2021,08:00,30,58,88,30,58,88,No Group
Manchester City Council - Chorlton,Chorlton Place,2021,August,31,Monday,02 Aug 2021,09:00,58,65,123,58,65,123,No Group
Manchester City Council - Chorlton,Chorlton Place,2021,August,31,Monday,02 Aug 2021,10:00,76,87,163,76,87,163,No Group
Manchester City Council - Chorlton,Chorlton Place,2021,August,31,Monday,02 Aug 2021,11:00,112,138,250,112,138,250,No Group
Manchester City Council - Chorlton,Chorlton Place,2021,August,31,Monday,02 Aug 2021,12:00,142,157,299,142,157,299,No Group
Manchester City Council - Chorlton,Chorlton Place,2021,August,31,Monday,02 Aug 2021,13:00,168,204,372,168,204,372,No Group
Manchester City Council - Chorlton,Chorlton Place,2021,August,31,Monday,02 Aug 2021,14:00,144,154,298,144,154,298,No Group
Manchester City Council - Chorlton,Chorlton Place,2021,August,31,Monday,02 Aug 2021,15:00,132,130,262,132,130,262,No Group
Manchester City Council - Chorlton,Chorlton Place,2021,August,31,Monday,02 Aug 2021,16:00,114,99,213,114,99,213,No Group
Manchester City Council - Chorlton,Chorlton Place,2021,August,31,Monday,02 Aug 2021,17:00,77,90,167,77,90,167,No Group
Manchester City Council - Chorlton,Chorlton Place,2021,August,31,Monday,02 Aug 2021,18:00,55,55,110,55,55,110,No Group
Manchester City Council - Chorlton,Chorlton Place,2021,August,31,Monday,02 Aug 2021,19:00,57,59,116,57,59,116,No Group
Manchester City Council - Chorlton,Chorlton Place,2021,August,31,Monday,02 Aug 2021,20:00,22,43,65,22,43,65,No Group
Manchester City Council - Chorlton,Chorlton Place,2021,August,31,Monday,02 Aug 2021,21:00,27,54,81,27,54,81,No Group
Manchester City Council - Chorlton,Chorlton Place,2021,August,31,Monday,02 Aug 2021,22:00,21,18,39,21,18,39,No Group
Manchester City Council - Chorlton,Chorlton Place,2021,August,31,Monday,02 Aug 2021,23:00,6,8,14,6,8,14,No Group
Manchester City Council - Chorlton,Chorlton Place,2021,August,31,Tuesday,03 Aug 2021,00:00,7,3,10,7,3,10,No Group
Manchester City Council - Chorlton,Chorlton Place,2021,August,31,Tuesday,03 Aug 2021,01:00,2,1,3,2,1,3,No Group
Manchester City Council - Chorlton,Chorlton Place,2021,August,31,Tuesday,03 Aug 2021,02:00,0,1,1,0,1,1,No Group
Manchester City Council - Chorlton,Chorlton Place,2021,August,31,Tuesday,03 Aug 2021,03:00,9,4,13,9,4,13,No Group
Manchester City Council - Chorlton,Chorlton Place,2021,August,31,Tuesday,03 Aug 2021,04:00,0,4,4,0,4,4,No Group
Manchester City Council - Chorlton,Chorlton Place,2021,August,31,Tuesday,03 Aug 2021,05:00,3,10,13,3,10,13,No Group
Manchester City Council - Chorlton,Chorlton Place,2021,August,31,Tuesday,03 Aug 2021,06:00,14,16,30,14,16,30,No Group
Manchester City Council - Chorlton,Chorlton Place,2021,August,31,Tuesday,03 Aug 2021,07:00,13,32,45,13,32,45,No Group
Manchester City Council - Chorlton,Chorlton Place,2021,August,31,Tuesday,03 Aug 2021,08:00,34,64,98,34,64,98,No Group
Manchester City Council - Chorlton,Chorlton Place,2021,August,31,Tuesday,03 Aug 2021,09:00,54,75,129,54,75,129,No Group
Manchester City Council - Chorlton,Chorlton Place,2021,August,31,Tuesday,03 Aug 2021,10:00,91,133,224,91,133,224,No Group
Manchester City Council - Chorlton,Chorlton Place,2021,August,31,Tuesday,03 Aug 2021,11:00,120,133,253,120,133,253,No Group
Manchester City Council - Chorlton,Chorlton Place,2021,August,31,Tuesday,03 Aug 2021,12:00,200,214,414,200,214,414,No Group
Manchester City Council - Chorlton,Chorlton Place,2021,August,31,Tuesday,03 Aug 2021,13:00,192,207,399,192,207,399,No Group
Manchester City Council - Chorlton,Chorlton Place,2021,August,31,Tuesday,03 Aug 2021,14:00,179,194,373,179,194,373,No Group
Manchester City Council - Chorlton,Chorlton Place,2021,August,31,Tuesday,03 Aug 2021,15:00,143,122,265,143,122,265,No Group
Manchester City Council - Chorlton,Chorlton Place,2021,August,31,Tuesday,03 Aug 2021,16:00,115,111,226,115,111,226,No Group
Manchester City Council - Chorlton,Chorlton Place,2021,August,31,Tuesday,03 Aug 2021,17:00,73,73,146,73,73,146,No Group
Manchester City Council - Chorlton,Chorlton Place,2021,August,31,Tuesday,03 Aug 2021,18:00,58,75,133,58,75,133,No Group
Manchester City Council - Chorlton,Chorlton Place,2021,August,31,Tuesday,03 Aug 2021,19:00,54,47,101,54,47,101,No Group
Manchester City Council - Chorlton,Chorlton Place,2021,August,31,Tuesday,03 Aug 2021,20:00,47,46,93,47,46,93,No Group
Manchester City Council - Chorlton,Chorlton Place,2021,August,31,Tuesday,03 Aug 2021,21:00,20,27,47,20,27,47,No Group
Manchester City Council - Chorlton,Chorlton Place,2021,August,31,Tuesday,03 Aug 2021,22:00,19,27,46,19,27,46,No Group
Manchester City Council - Chorlton,Chorlton Place,2021,August,31,Tuesday,03 Aug 2021,23:00,13,7,20,13,7,20,No Group
Manchester City Council - Chorlton,Chorlton Place,2021,August,31,Wednesday,04 Aug 2021,00:00,4,6,10,4,6,10,No Group
Manchester City Council - Chorlton,Chorlton Place,2021,August,31,Wednesday,04 Aug 2021,01:00,9,6,15,9,6,15,No Group
Manchester City Council - Chorlton,Chorlton Place,2021,August,31,Wednesday,04 Aug 2021,02:00,0,0,0,0,0,0,No Group
Manchester City Council - Chorlton,Chorlton Place,2021,August,31,Wednesday,04 Aug 2021,03:00,1,2,3,1,2,3,No Group
Manchester City Council - Chorlton,Chorlton Place,2021,August,31,Wednesday,04 Aug 2021,04:00,1,1,2,1,1,2,No Group
Manchester City Council - Chorlton,Chorlton Place,2021,August,31,Wednesday,04 Aug 2021,05:00,4,10,14,4,10,14,No Group
Manchester City Council - Chorlton,Chorlton Place,2021,August,31,Wednesday,04 Aug 2021,06:00,5,17,22,5,17,22,No Group
Manchester City Council - Chorlton,Chorlton Place,2021,August,31,Wednesday,04 Aug 2021,07:00,17,35,52,17,35,52,No Group
Manchester City Council - Chorlton,Chorlton Place,2021,August,31,Wednesday,04 Aug 2021,08:00,32,61,93,32,61,93,No Group
Manchester City Council - Chorlton,Chorlton Place,2021,August,31,Wednesday,04 Aug 2021,09:00,54,69,123,54,69,123,No Group
Manchester City Council - Chorlton,Chorlton Place,2021,August,31,Wednesday,04 Aug 2021,10:00,105,109,214,105,109,214,No Group
Manchester City Council - Chorlton,Chorlton Place,2021,August,31,Wednesday,04 Aug 2021,11:00,135,150,285,135,150,285,No Group
Manchester City Council - Chorlton,Chorlton Place,2021,August,31,Wednesday,04 Aug 2021,12:00,183,206,389,183,206,389,No Group
Manchester City Council - Chorlton,Chorlton Place,2021,August,31,Wednesday,04 Aug 2021,13:00,165,182,347,165,182,347,No Group
Manchester City Council - Chorlton,Chorlton Place,2021,August,31,Wednesday,04 Aug 2021,14:00,159,169,328,159,169,328,No Group
Manchester City Council - Chorlton,Chorlton Place,2021,August,31,Wednesday,04 Aug 2021,15:00,101,104,205,101,104,205,No Group
Manchester City Council - Chorlton,Chorlton Place,2021,August,31,Wednesday,04 Aug 2021,16:00,110,115,225,110,115,225,No Group
Manchester City Council - Chorlton,Chorlton Place,2021,August,31,Wednesday,04 Aug 2021,17:00,72,89,161,72,89,161,No Group
Manchester City Council - Chorlton,Chorlton Place,2021,August,31,Wednesday,04 Aug 2021,18:00,55,80,135,55,80,135,No Group
Manchester City Council - Chorlton,Chorlton Place,2021,August,31,Wednesday,04 Aug 2021,19:00,47,37,84,47,37,84,No Group
Manchester City Council - Chorlton,Chorlton Place,2021,August,31,Wednesday,04 Aug 2021,20:00,26,25,51,26,25,51,No Group
Manchester City Council - Chorlton,Chorlton Place,2021,August,31,Wednesday,04 Aug 2021,21:00,22,26,48,22,26,48,No Group
Manchester City Council - Chorlton,Chorlton Place,2021,August,31,Wednesday,04 Aug 2021,22:00,15,30,45,15,30,45,No Group
Manchester City Council - Chorlton,Chorlton Place,2021,August,31,Wednesday,04 Aug 2021,23:00,14,9,23,14,9,23,No Group
Manchester City Council - Chorlton,Chorlton Place,2021,August,31,Thursday,05 Aug 2021,00:00,4,4,8,4,4,8,No Group
Manchester City Council - Chorlton,Chorlton Place,2021,August,31,Thursday,05 Aug 2021,01:00,2,3,5,2,3,5,No Group
Manchester City Council - Chorlton,Chorlton Place,2021,August,31,Thursday,05 Aug 2021,02:00,1,2,3,1,2,3,No Group
Manchester City Council - Chorlton,Chorlton Place,2021,August,31,Thursday,05 Aug 2021,03:00,2,1,3,2,1,3,No Group
Manchester City Council - Chorlton,Chorlton Place,2021,August,31,Thursday,05 Aug 2021,04:00,3,2,5,3,2,5,No Group
Manchester City Council - Chorlton,Chorlton Place,2021,August,31,Thursday,05 Aug 2021,05:00,0,10,10,0,10,10,No Group
Manchester City Council - Chorlton,Chorlton Place,2021,August,31,Thursday,05 Aug 2021,06:00,7,15,22,7,15,22,No Group
Manchester City Council - Chorlton,Chorlton Place,2021,August,31,Thursday,05 Aug 2021,07:00,20,32,52,20,32,52,No Group
Manchester City Council - Chorlton,Chorlton Place,2021,August,31,Thursday,05 Aug 2021,08:00,45,74,119,45,74,119,No Group
Manchester City Council - Chorlton,Chorlton Place,2021,August,31,Thursday,05 Aug 2021,09:00,78,67,145,78,67,145,No Group
Manchester City Council - Chorlton,Chorlton Place,2021,August,31,Thursday,05 Aug 2021,10:00,98,109,207,98,109,207,No Group
Manchester City Council - Chorlton,Chorlton Place,2021,August,31,Thursday,05 Aug 2021,11:00,137,139,276,137,139,276,No Group
Manchester City Council - Chorlton,Chorlton Place,2021,August,31,Thursday,05 Aug 2021,12:00,148,190,338,148,190,338,No Group
Manchester City Council - Chorlton,Chorlton Place,2021,August,31,Thursday,05 Aug 2021,13:00,152,145,297,152,145,297,No Group
Manchester City Council - Chorlton,Chorlton Place,2021,August,31,Thursday,05 Aug 2021,14:00,148,144,292,148,144,292,No Group
Manchester City Council - Chorlton,Chorlton Place,2021,August,31,Thursday,05 Aug 2021,15:00,106,129,235,106,129,235,No Group
Manchester City Council - Chorlton,Chorlton Place,2021,August,31,Thursday,05 Aug 2021,16:00,115,101,216,115,101,216,No Group
Manchester City Council - Chorlton,Chorlton Place,2021,August,31,Thursday,05 Aug 2021,17:00,83,89,172,83,89,172,No Group
Manchester City Council - Chorlton,Chorlton Place,2021,August,31,Thursday,05 Aug 2021,18:00,69,54,123,69,54,123,No Group
Manchester City Council - Chorlton,Chorlton Place,2021,August,31,Thursday,05 Aug 2021,19:00,53,62,115,53,62,115,No Group
Manchester City Council - Chorlton,Chorlton Place,2021,August,31,Thursday,05 Aug 2021,20:00,36,24,60,36,24,60,No Group
Manchester City Council - Chorlton,Chorlton Place,2021,August,31,Thursday,05 Aug 2021,21:00,29,32,61,29,32,61,No Group
Manchester City Council - Chorlton,Chorlton Place,2021,August,31,Thursday,05 Aug 2021,22:00,24,18,42,24,18,42,No Group
Manchester City Council - Chorlton,Chorlton Place,2021,August,31,Thursday,05 Aug 2021,23:00,17,7,24,17,7,24,No Group
Manchester City Council - Chorlton,Chorlton Place,2021,August,31,Friday,06 Aug 2021,00:00,4,2,6,4,2,6,No Group
Manchester City Council - Chorlton,Chorlton Place,2021,August,31,Friday,06 Aug 2021,01:00,3,3,6,3,3,6,No Group
Manchester City Council - Chorlton,Chorlton Place,2021,August,31,Friday,06 Aug 2021,02:00,0,1,1,0,1,1,No Group
Manchester City Council - Chorlton,Chorlton Place,2021,August,31,Friday,06 Aug 2021,03:00,0,1,1,0,1,1,No Group
Manchester City Council - Chorlton,Chorlton Place,2021,August,31,Friday,06 Aug 2021,04:00,0,2,2,0,2,2,No Group
Manchester City Council - Chorlton,Chorlton Place,2021,August,31,Friday,06 Aug 2021,05:00,0,8,8,0,8,8,No Group
Manchester City Council - Chorlton,Chorlton Place,2021,August,31,Friday,06 Aug 2021,06:00,7,15,22,7,15,22,No Group
Manchester City Council - Chorlton,Chorlton Place,2021,August,31,Friday,06 Aug 2021,07:00,17,34,51,17,34,51,No Group
Manchester City Council - Chorlton,Chorlton Place,2021,August,31,Friday,06 Aug 2021,08:00,35,59,94,35,59,94,No Group
Manchester City Council - Chorlton,Chorlton Place,2021,August,31,Friday,06 Aug 2021,09:00,85,99,184,85,99,184,No Group
Manchester City Council - Chorlton,Chorlton Place,2021,August,31,Friday,06 Aug 2021,10:00,147,154,301,147,154,301,No Group
Manchester City Council - Chorlton,Chorlton Place,2021,August,31,Friday,06 Aug 2021,11:00,108,158,266,108,158,266,No Group
Manchester City Council - Chorlton,Chorlton Place,2021,August,31,Friday,06 Aug 2021,12:00,146,167,313,146,167,313,No Group
Manchester City Council - Chorlton,Chorlton Place,2021,August,31,Friday,06 Aug 2021,13:00,117,127,244,117,127,244,No Group
Manchester City Council - Chorlton,Chorlton Place,2021,August,31,Friday,06 Aug 2021,14:00,128,150,278,128,150,278,No Group
Manchester City Council - Chorlton,Chorlton Place,2021,August,31,Friday,06 Aug 2021,15:00,129,146,275,129,146,275,No Group
Manchester City Council - Chorlton,Chorlton Place,2021,August,31,Friday,06 Aug 2021,16:00,124,129,253,124,129,253,No Group
Manchester City Council - Chorlton,Chorlton Place,2021,August,31,Friday,06 Aug 2021,17:00,90,98,188,90,98,188,No Group
Manchester City Council - Chorlton,Chorlton Place,2021,August,31,Friday,06 Aug 2021,18:00,83,79,162,83,79,162,No Group
Manchester City Council - Chorlton,Chorlton Place,2021,August,31,Friday,06 Aug 2021,19:00,71,65,136,71,65,136,No Group
Manchester City Council - Chorlton,Chorlton Place,2021,August,31,Friday,06 Aug 2021,20:00,42,55,97,42,55,97,No Group
Manchester City Council - Chorlton,Chorlton Place,2021,August,31,Friday,06 Aug 2021,21:00,35,39,74,35,39,74,No Group
Manchester City Council - Chorlton,Chorlton Place,2021,August,31,Friday,06 Aug 2021,22:00,27,29,56,27,29,56,No Group
Manchester City Council - Chorlton,Chorlton Place,2021,August,31,Friday,06 Aug 2021,23:00,16,12,28,16,12,28,No Group
Manchester City Council - Chorlton,Chorlton Place,2021,August,31,Saturday,07 Aug 2021,00:00,13,16,29,13,16,29,No Group
Manchester City Council - Chorlton,Chorlton Place,2021,August,31,Saturday,07 Aug 2021,01:00,4,2,6,4,2,6,No Group
Manchester City Council - Chorlton,Chorlton Place,2021,August,31,Saturday,07 Aug 2021,02:00,0,0,0,0,0,0,No Group
Manchester City Council - Chorlton,Chorlton Place,2021,August,31,Saturday,07 Aug 2021,03:00,0,2,2,0,2,2,No Group
Manchester City Council - Chorlton,Chorlton Place,2021,August,31,Saturday,07 Aug 2021,04:00,1,3,4,1,3,4,No Group
Manchester City Council - Chorlton,Chorlton Place,2021,August,31,Saturday,07 Aug 2021,05:00,0,3,3,0,3,3,No Group
Manchester City Council - Chorlton,Chorlton Place,2021,August,31,Saturday,07 Aug 2021,06:00,2,7,9,2,7,9,No Group
Manchester City Council - Chorlton,Chorlton Place,2021,August,31,Saturday,07 Aug 2021,07:00,13,24,37,13,24,37,No Group
Manchester City Council - Chorlton,Chorlton Place,2021,August,31,Saturday,07 Aug 2021,08:00,45,49,94,45,49,94,No Group
Manchester City Council - Chorlton,Chorlton Place,2021,August,31,Saturday,07 Aug 2021,09:00,78,112,190,78,112,190,No Group
Manchester City Council - Chorlton,Chorlton Place,2021,August,31,Saturday,07 Aug 2021,10:00,106,122,228,106,122,228,No Group
Manchester City Council - Chorlton,Chorlton Place,2021,August,31,Saturday,07 Aug 2021,11:00,119,140,259,119,140,259,No Group
Manchester City Council - Chorlton,Chorlton Place,2021,August,31,Saturday,07 Aug 2021,12:00,178,200,378,178,200,378,No Group
Manchester City Council - Chorlton,Chorlton Place,2021,August,31,Saturday,07 Aug 2021,13:00,184,186,370,184,186,370,No Group
Manchester City Council - Chorlton,Chorlton Place,2021,August,31,Saturday,07 Aug 2021,14:00,174,170,344,174,170,344,No Group
Manchester City Council - Chorlton,Chorlton Place,2021,August,31,Saturday,07 Aug 2021,15:00,169,185,354,169,185,354,No Group
Manchester City Council - Chorlton,Chorlton Place,2021,August,31,Saturday,07 Aug 2021,16:00,157,200,357,157,200,357,No Group
Manchester City Council - Chorlton,Chorlton Place,2021,August,31,Saturday,07 Aug 2021,17:00,100,80,180,100,80,180,No Group
Manchester City Council - Chorlton,Chorlton Place,2021,August,31,Saturday,07 Aug 2021,18:00,61,69,130,61,69,130,No Group
Manchester City Council - Chorlton,Chorlton Place,2021,August,31,Saturday,07 Aug 2021,19:00,72,69,141,72,69,141,No Group
Manchester City Council - Chorlton,Chorlton Place,2021,August,31,Saturday,07 Aug 2021,20:00,41,56,97,41,56,97,No Group
Manchester City Council - Chorlton,Chorlton Place,2021,August,31,Saturday,07 Aug 2021,21:00,30,33,63,30,33,63,No Group
Manchester City Council - Chorlton,Chorlton Place,2021,August,31,Saturday,07 Aug 2021,22:00,32,28,60,32,28,60,No Group
Manchester City Council - Chorlton,Chorlton Place,2021,August,31,Saturday,07 Aug 2021,23:00,17,32,49,17,32,49,No Group
Manchester City Council - Chorlton,Chorlton Place,2021,August,31,Sunday,08 Aug 2021,00:00,16,15,31,16,15,31,No Group
Manchester City Council - Chorlton,Chorlton Place,2021,August,31,Sunday,08 Aug 2021,01:00,7,4,11,7,4,11,No Group
Manchester City Council - Chorlton,Chorlton Place,2021,August,31,Sunday,08 Aug 2021,02:00,0,1,1,0,1,1,No Group
Manchester City Council - Chorlton,Chorlton Place,2021,August,31,Sunday,08 Aug 2021,03:00,4,0,4,4,0,4,No Group
Manchester City Council - Chorlton,Chorlton Place,2021,August,31,Sunday,08 Aug 2021,04:00,1,1,2,1,1,2,No Group
Manchester City Council - Chorlton,Chorlton Place,2021,August,31,Sunday,08 Aug 2021,05:00,2,2,4,2,2,4,No Group
Manchester City Council - Chorlton,Chorlton Place,2021,August,31,Sunday,08 Aug 2021,06:00,1,9,10,1,9,10,No Group
Manchester City Council - Chorlton,Chorlton Place,2021,August,31,Sunday,08 Aug 2021,07:00,7,8,15,7,8,15,No Group
Manchester City Council - Chorlton,Chorlton Place,2021,August,31,Sunday,08 Aug 2021,08:00,16,20,36,16,20,36,No Group
Manchester City Council - Chorlton,Chorlton Place,2021,August,31,Sunday,08 Aug 2021,09:00,27,32,59,27,32,59,No Group
Manchester City Council - Chorlton,Chorlton Place,2021,August,31,Sunday,08 Aug 2021,10:00,44,68,112,44,68,112,No Group
Manchester City Council - Chorlton,Chorlton Place,2021,August,31,Sunday,08 Aug 2021,11:00,87,68,155,87,68,155,No Group
Manchester City Council - Chorlton,Chorlton Place,2021,August,31,Sunday,08 Aug 2021,12:00,91,116,207,91,116,207,No Group
Manchester City Council - Chorlton,Chorlton Place,2021,August,31,Sunday,08 Aug 2021,13:00,114,93,207,114,93,207,No Group
Manchester City Council - Chorlton,Chorlton Place,2021,August,31,Sunday,08 Aug 2021,14:00,79,91,170,79,91,170,No Group
Manchester City Council - Chorlton,Chorlton Place,2021,August,31,Sunday,08 Aug 2021,15:00,83,89,172,83,89,172,No Group
Manchester City Council - Chorlton,Chorlton Place,2021,August,31,Sunday,08 Aug 2021,16:00,61,75,136,61,75,136,No Group
Manchester City Council - Chorlton,Chorlton Place,2021,August,31,Sunday,08 Aug 2021,17:00,38,61,99,38,61,99,No Group
Manchester City Council - Chorlton,Chorlton Place,2021,August,31,Sunday,08 Aug 2021,18:00,56,78,134,56,78,134,No Group
Manchester City Council - Chorlton,Chorlton Place,2021,August,31,Sunday,08 Aug 2021,19:00,40,37,77,40,37,77,No Group
Manchester City Council - Chorlton,Chorlton Place,2021,August,31,Sunday,08 Aug 2021,20:00,22,31,53,22,31,53,No Group
Manchester City Council - Chorlton,Chorlton Place,2021,August,31,Sunday,08 Aug 2021,21:00,22,26,48,22,26,48,No Group
Manchester City Council - Chorlton,Chorlton Place,2021,August,31,Sunday,08 Aug 2021,22:00,20,23,43,20,23,43,No Group
Manchester City Council - Chorlton,Chorlton Place,2021,August,31,Sunday,08 Aug 2021,23:00,12,2,14,12,2,14,No Group
Manchester City Council - Chorlton,Chorlton Place,2021,August,32,Monday,09 Aug 2021,00:00,5,3,8,5,3,8,No Group
Manchester City Council - Chorlton,Chorlton Place,2021,August,32,Monday,09 Aug 2021,01:00,5,4,9,5,4,9,No Group
Manchester City Council - Chorlton,Chorlton Place,2021,August,32,Monday,09 Aug 2021,02:00,0,0,0,0,0,0,No Group
Manchester City Council - Chorlton,Chorlton Place,2021,August,32,Monday,09 Aug 2021,03:00,0,1,1,0,1,1,No Group
Manchester City Council - Chorlton,Chorlton Place,2021,August,32,Monday,09 Aug 2021,04:00,2,3,5,2,3,5,No Group
Manchester City Council - Chorlton,Chorlton Place,2021,August,32,Monday,09 Aug 2021,05:00,3,5,8,3,5,8,No Group
Manchester City Council - Chorlton,Chorlton Place,2021,August,32,Monday,09 Aug 2021,06:00,15,21,36,15,21,36,No Group
Manchester City Council - Chorlton,Chorlton Place,2021,August,32,Monday,09 Aug 2021,07:00,20,32,52,20,32,52,No Group
Manchester City Council - Chorlton,Chorlton Place,2021,August,32,Monday,09 Aug 2021,08:00,46,68,114,46,68,114,No Group
Manchester City Council - Chorlton,Chorlton Place,2021,August,32,Monday,09 Aug 2021,09:00,60,75,135,60,75,135,No Group
Manchester City Council - Chorlton,Chorlton Place,2021,August,32,Monday,09 Aug 2021,10:00,90,92,182,90,92,182,No Group
Manchester City Council - Chorlton,Chorlton Place,2021,August,32,Monday,09 Aug 2021,11:00,128,128,256,128,128,256,No Group
Manchester City Council - Chorlton,Chorlton Place,2021,August,32,Monday,09 Aug 2021,12:00,171,190,361,171,190,361,No Group
Manchester City Council - Chorlton,Chorlton Place,2021,August,32,Monday,09 Aug 2021,13:00,271,289,560,271,289,560,No Group
Manchester City Council - Chorlton,Chorlton Place,2021,August,32,Monday,09 Aug 2021,14:00,194,176,370,194,176,370,No Group
Manchester City Council - Chorlton,Chorlton Place,2021,August,32,Monday,09 Aug 2021,15:00,131,150,281,131,150,281,No Group
Manchester City Council - Chorlton,Chorlton Place,2021,August,32,Monday,09 Aug 2021,16:00,150,124,274,150,124,274,No Group
Manchester City Council - Chorlton,Chorlton Place,2021,August,32,Monday,09 Aug 2021,17:00,105,103,208,105,103,208,No Group
Manchester City Council - Chorlton,Chorlton Place,2021,August,32,Monday,09 Aug 2021,18:00,81,61,142,81,61,142,No Group
Manchester City Council - Chorlton,Chorlton Place,2021,August,32,Monday,09 Aug 2021,19:00,65,53,118,65,53,118,No Group
Manchester City Council - Chorlton,Chorlton Place,2021,August,32,Monday,09 Aug 2021,20:00,32,43,75,32,43,75,No Group
Manchester City Council - Chorlton,Chorlton Place,2021,August,32,Monday,09 Aug 2021,21:00,38,39,77,38,39,77,No Group
Manchester City Council - Chorlton,Chorlton Place,2021,August,32,Monday,09 Aug 2021,22:00,22,20,42,22,20,42,No Group
Manchester City Council - Chorlton,Chorlton Place,2021,August,32,Monday,09 Aug 2021,23:00,12,14,26,12,14,26,No Group
Manchester City Council - Chorlton,Chorlton Place,2021,August,32,Tuesday,10 Aug 2021,00:00,4,4,8,4,4,8,No Group
Manchester City Council - Chorlton,Chorlton Place,2021,August,32,Tuesday,10 Aug 2021,01:00,2,0,2,2,0,2,No Group
Manchester City Council - Chorlton,Chorlton Place,2021,August,32,Tuesday,10 Aug 2021,02:00,4,6,10,4,6,10,No Group
Manchester City Council - Chorlton,Chorlton Place,2021,August,32,Tuesday,10 Aug 2021,03:00,0,1,1,0,1,1,No Group
Manchester City Council - Chorlton,Chorlton Place,2021,August,32,Tuesday,10 Aug 2021,04:00,2,1,3,2,1,3,No Group
Manchester City Council - Chorlton,Chorlton Place,2021,August,32,Tuesday,10 Aug 2021,05:00,3,8,11,3,8,11,No Group
Manchester City Council - Chorlton,Chorlton Place,2021,August,32,Tuesday,10 Aug 2021,06:00,12,22,34,12,22,34,No Group
Manchester City Council - Chorlton,Chorlton Place,2021,August,32,Tuesday,10 Aug 2021,07:00,28,48,76,28,48,76,No Group
Manchester City Council - Chorlton,Chorlton Place,2021,August,32,Tuesday,10 Aug 2021,08:00,31,51,82,31,51,82,No Group
Manchester City Council - Chorlton,Chorlton Place,2021,August,32,Tuesday,10 Aug 2021,09:00,56,77,133,56,77,133,No Group
Manchester City Council - Chorlton,Chorlton Place,2021,August,32,Tuesday,10 Aug 2021,10:00,82,100,182,82,100,182,No Group
Manchester City Council - Chorlton,Chorlton Place,2021,August,32,Tuesday,10 Aug 2021,11:00,135,161,296,135,161,296,No Group
Manchester City Council - Chorlton,Chorlton Place,2021,August,32,Tuesday,10 Aug 2021,12:00,263,253,516,263,253,516,No Group
Manchester City Council - Chorlton,Chorlton Place,2021,August,32,Tuesday,10 Aug 2021,13:00,233,239,472,233,239,472,No Group
Manchester City Council - Chorlton,Chorlton Place,2021,August,32,Tuesday,10 Aug 2021,14:00,190,216,406,190,216,406,No Group
Manchester City Council - Chorlton,Chorlton Place,2021,August,32,Tuesday,10 Aug 2021,15:00,142,149,291,142,149,291,No Group
Manchester City Council - Chorlton,Chorlton Place,2021,August,32,Tuesday,10 Aug 2021,16:00,129,125,254,129,125,254,No Group
Manchester City Council - Chorlton,Chorlton Place,2021,August,32,Tuesday,10 Aug 2021,17:00,110,83,193,110,83,193,No Group
Manchester City Council - Chorlton,Chorlton Place,2021,August,32,Tuesday,10 Aug 2021,18:00,90,71,161,90,71,161,No Group
Manchester City Council - Chorlton,Chorlton Place,2021,August,32,Tuesday,10 Aug 2021,19:00,68,69,137,68,69,137,No Group
Manchester City Council - Chorlton,Chorlton Place,2021,August,32,Tuesday,10 Aug 2021,20:00,58,56,114,58,56,114,No Group
Manchester City Council - Chorlton,Chorlton Place,2021,August,32,Tuesday,10 Aug 2021,21:00,38,63,101,38,63,101,No Group
Manchester City Council - Chorlton,Chorlton Place,2021,August,32,Tuesday,10 Aug 2021,22:00,19,23,42,19,23,42,No Group
Manchester City Council - Chorlton,Chorlton Place,2021,August,32,Tuesday,10 Aug 2021,23:00,14,3,17,14,3,17,No Group
Manchester City Council - Chorlton,Chorlton Place,2021,August,32,Wednesday,11 Aug 2021,00:00,6,4,10,6,4,10,No Group
Manchester City Council - Chorlton,Chorlton Place,2021,August,32,Wednesday,11 Aug 2021,01:00,0,1,1,0,1,1,No Group
Manchester City Council - Chorlton,Chorlton Place,2021,August,32,Wednesday,11 Aug 2021,02:00,1,0,1,1,0,1,No Group
Manchester City Council - Chorlton,Chorlton Place,2021,August,32,Wednesday,11 Aug 2021,03:00,0,1,1,0,1,1,No Group
Manchester City Council - Chorlton,Chorlton Place,2021,August,32,Wednesday,11 Aug 2021,04:00,0,1,1,0,1,1,No Group
Manchester City Council - Chorlton,Chorlton Place,2021,August,32,Wednesday,11 Aug 2021,05:00,1,9,10,1,9,10,No Group
Manchester City Council - Chorlton,Chorlton Place,2021,August,32,Wednesday,11 Aug 2021,06:00,8,12,20,8,12,20,No Group
Manchester City Council - Chorlton,Chorlton Place,2021,August,32,Wednesday,11 Aug 2021,07:00,15,39,54,15,39,54,No Group
Manchester City Council - Chorlton,Chorlton Place,2021,August,32,Wednesday,11 Aug 2021,08:00,33,49,82,33,49,82,No Group
Manchester City Council - Chorlton,Chorlton Place,2021,August,32,Wednesday,11 Aug 2021,09:00,66,72,138,66,72,138,No Group
Manchester City Council - Chorlton,Chorlton Place,2021,August,32,Wednesday,11 Aug 2021,10:00,101,104,205,101,104,205,No Group
Manchester City Council - Chorlton,Chorlton Place,2021,August,32,Wednesday,11 Aug 2021,11:00,101,120,221,101,120,221,No Group
Manchester City Council - Chorlton,Chorlton Place,2021,August,32,Wednesday,11 Aug 2021,12:00,128,152,280,128,152,280,No Group
Manchester City Council - Chorlton,Chorlton Place,2021,August,32,Wednesday,11 Aug 2021,13:00,138,126,264,138,126,264,No Group
Manchester City Council - Chorlton,Chorlton Place,2021,August,32,Wednesday,11 Aug 2021,14:00,147,156,303,147,156,303,No Group
Manchester City Council - Chorlton,Chorlton Place,2021,August,32,Wednesday,11 Aug 2021,15:00,123,121,244,123,121,244,No Group
Manchester City Council - Chorlton,Chorlton Place,2021,August,32,Wednesday,11 Aug 2021,16:00,94,89,183,94,89,183,No Group
Manchester City Council - Chorlton,Chorlton Place,2021,August,32,Wednesday,11 Aug 2021,17:00,93,87,180,93,87,180,No Group
Manchester City Council - Chorlton,Chorlton Place,2021,August,32,Wednesday,11 Aug 2021,18:00,67,64,131,67,64,131,No Group
Manchester City Council - Chorlton,Chorlton Place,2021,August,32,Wednesday,11 Aug 2021,19:00,77,56,133,77,56,133,No Group
Manchester City Council - Chorlton,Chorlton Place,2021,August,32,Wednesday,11 Aug 2021,20:00,38,41,79,38,41,79,No Group
Manchester City Council - Chorlton,Chorlton Place,2021,August,32,Wednesday,11 Aug 2021,21:00,31,40,71,31,40,71,No Group
Manchester City Council - Chorlton,Chorlton Place,2021,August,32,Wednesday,11 Aug 2021,22:00,23,20,43,23,20,43,No Group
Manchester City Council - Chorlton,Chorlton Place,2021,August,32,Wednesday,11 Aug 2021,23:00,13,15,28,13,15,28,No Group
Manchester City Council - Chorlton,Chorlton Place,2021,August,32,Thursday,12 Aug 2021,00:00,4,2,6,4,2,6,No Group
Manchester City Council - Chorlton,Chorlton Place,2021,August,32,Thursday,12 Aug 2021,01:00,1,1,2,1,1,2,No Group
Manchester City Council - Chorlton,Chorlton Place,2021,August,32,Thursday,12 Aug 2021,02:00,0,0,0,0,0,0,No Group
Manchester City Council - Chorlton,Chorlton Place,2021,August,32,Thursday,12 Aug 2021,03:00,0,2,2,0,2,2,No Group
Manchester City Council - Chorlton,Chorlton Place,2021,August,32,Thursday,12 Aug 2021,04:00,1,0,1,1,0,1,No Group
Manchester City Council - Chorlton,Chorlton Place,2021,August,32,Thursday,12 Aug 2021,05:00,3,5,8,3,5,8,No Group
Manchester City Council - Chorlton,Chorlton Place,2021,August,32,Thursday,12 Aug 2021,06:00,7,13,20,7,13,20,No Group
Manchester City Council - Chorlton,Chorlton Place,2021,August,32,Thursday,12 Aug 2021,07:00,15,33,48,15,33,48,No Group
Manchester City Council - Chorlton,Chorlton Place,2021,August,32,Thursday,12 Aug 2021,08:00,30,65,95,30,65,95,No Group
Manchester City Council - Chorlton,Chorlton Place,2021,August,32,Thursday,12 Aug 2021,09:00,68,78,146,68,78,146,No Group
Manchester City Council - Chorlton,Chorlton Place,2021,August,32,Thursday,12 Aug 2021,10:00,96,141,237,96,141,237,No Group
Manchester City Council - Chorlton,Chorlton Place,2021,August,32,Thursday,12 Aug 2021,11:00,149,163,312,149,163,312,No Group
Manchester City Council - Chorlton,Chorlton Place,2021,August,32,Thursday,12 Aug 2021,12:00,251,235,486,251,235,486,No Group
Manchester City Council - Chorlton,Chorlton Place,2021,August,32,Thursday,12 Aug 2021,13:00,212,295,507,212,295,507,No Group
Manchester City Council - Chorlton,Chorlton Place,2021,August,32,Thursday,12 Aug 2021,14:00,160,153,313,160,153,313,No Group
Manchester City Council - Chorlton,Chorlton Place,2021,August,32,Thursday,12 Aug 2021,15:00,140,123,263,140,123,263,No Group
Manchester City Council - Chorlton,Chorlton Place,2021,August,32,Thursday,12 Aug 2021,16:00,114,117,231,114,117,231,No Group
Manchester City Council - Chorlton,Chorlton Place,2021,August,32,Thursday,12 Aug 2021,17:00,96,103,199,96,103,199,No Group
Manchester City Council - Chorlton,Chorlton Place,2021,August,32,Thursday,12 Aug 2021,18:00,76,72,148,76,72,148,No Group
Manchester City Council - Chorlton,Chorlton Place,2021,August,32,Thursday,12 Aug 2021,19:00,76,58,134,76,58,134,No Group
Manchester City Council - Chorlton,Chorlton Place,2021,August,32,Thursday,12 Aug 2021,20:00,47,45,92,47,45,92,No Group
Manchester City Council - Chorlton,Chorlton Place,2021,August,32,Thursday,12 Aug 2021,21:00,35,61,96,35,61,96,No Group
Manchester City Council - Chorlton,Chorlton Place,2021,August,32,Thursday,12 Aug 2021,22:00,36,19,55,36,19,55,No Group
Manchester City Council - Chorlton,Chorlton Place,2021,August,32,Thursday,12 Aug 2021,23:00,28,16,44,28,16,44,No Group
Manchester City Council - Chorlton,Chorlton Place,2021,August,32,Friday,13 Aug 2021,00:00,3,5,8,3,5,8,No Group
Manchester City Council - Chorlton,Chorlton Place,2021,August,32,Friday,13 Aug 2021,01:00,1,10,11,1,10,11,No Group
Manchester City Council - Chorlton,Chorlton Place,2021,August,32,Friday,13 Aug 2021,02:00,2,1,3,2,1,3,No Group
Manchester City Council - Chorlton,Chorlton Place,2021,August,32,Friday,13 Aug 2021,03:00,0,1,1,0,1,1,No Group
Manchester City Council - Chorlton,Chorlton Place,2021,August,32,Friday,13 Aug 2021,04:00,0,1,1,0,1,1,No Group
Manchester City Council - Chorlton,Chorlton Place,2021,August,32,Friday,13 Aug 2021,05:00,1,3,4,1,3,4,No Group
Manchester City Council - Chorlton,Chorlton Place,2021,August,32,Friday,13 Aug 2021,06:00,5,12,17,5,12,17,No Group
Manchester City Council - Chorlton,Chorlton Place,2021,August,32,Friday,13 Aug 2021,07:00,19,38,57,19,38,57,No Group
Manchester City Council - Chorlton,Chorlton Place,2021,August,32,Friday,13 Aug 2021,08:00,37,55,92,37,55,92,No Group
Manchester City Council - Chorlton,Chorlton Place,2021,August,32,Friday,13 Aug 2021,09:00,79,99,178,79,99,178,No Group
Manchester City Council - Chorlton,Chorlton Place,2021,August,32,Friday,13 Aug 2021,10:00,110,134,244,110,134,244,No Group
Manchester City Council - Chorlton,Chorlton Place,2021,August,32,Friday,13 Aug 2021,11:00,169,184,353,169,184,353,No Group
Manchester City Council - Chorlton,Chorlton Place,2021,August,32,Friday,13 Aug 2021,12:00,263,322,585,263,322,585,No Group
Manchester City Council - Chorlton,Chorlton Place,2021,August,32,Friday,13 Aug 2021,13:00,247,270,517,247,270,517,No Group
Manchester City Council - Chorlton,Chorlton Place,2021,August,32,Friday,13 Aug 2021,14:00,189,178,367,189,178,367,No Group
Manchester City Council - Chorlton,Chorlton Place,2021,August,32,Friday,13 Aug 2021,15:00,158,143,301,158,143,301,No Group
Manchester City Council - Chorlton,Chorlton Place,2021,August,32,Friday,13 Aug 2021,16:00,143,152,295,143,152,295,No Group
Manchester City Council - Chorlton,Chorlton Place,2021,August,32,Friday,13 Aug 2021,17:00,108,96,204,108,96,204,No Group
Manchester City Council - Chorlton,Chorlton Place,2021,August,32,Friday,13 Aug 2021,18:00,90,94,184,90,94,184,No Group
Manchester City Council - Chorlton,Chorlton Place,2021,August,32,Friday,13 Aug 2021,19:00,62,80,142,62,80,142,No Group
Manchester City Council - Chorlton,Chorlton Place,2021,August,32,Friday,13 Aug 2021,20:00,44,56,100,44,56,100,No Group
Manchester City Council - Chorlton,Chorlton Place,2021,August,32,Friday,13 Aug 2021,21:00,55,46,101,55,46,101,No Group
Manchester City Council - Chorlton,Chorlton Place,2021,August,32,Friday,13 Aug 2021,22:00,51,30,81,51,30,81,No Group
Manchester City Council - Chorlton,Chorlton Place,2021,August,32,Friday,13 Aug 2021,23:00,21,23,44,21,23,44,No Group
Manchester City Council - Chorlton,Chorlton Place,2021,August,32,Saturday,14 Aug 2021,00:00,21,38,59,21,38,59,No Group
Manchester City Council - Chorlton,Chorlton Place,2021,August,32,Saturday,14 Aug 2021,01:00,12,6,18,12,6,18,No Group
Manchester City Council - Chorlton,Chorlton Place,2021,August,32,Saturday,14 Aug 2021,02:00,1,1,2,1,1,2,No Group
Manchester City Council - Chorlton,Chorlton Place,2021,August,32,Saturday,14 Aug 2021,03:00,1,1,2,1,1,2,No Group
Manchester City Council - Chorlton,Chorlton Place,2021,August,32,Saturday,14 Aug 2021,04:00,1,1,2,1,1,2,No Group
Manchester City Council - Chorlton,Chorlton Place,2021,August,32,Saturday,14 Aug 2021,05:00,2,5,7,2,5,7,No Group
Manchester City Council - Chorlton,Chorlton Place,2021,August,32,Saturday,14 Aug 2021,06:00,1,7,8,1,7,8,No Group
Manchester City Council - Chorlton,Chorlton Place,2021,August,32,Saturday,14 Aug 2021,07:00,15,30,45,15,30,45,No Group
Manchester City Council - Chorlton,Chorlton Place,2021,August,32,Saturday,14 Aug 2021,08:00,44,47,91,44,47,91,No Group
Manchester City Council - Chorlton,Chorlton Place,2021,August,32,Saturday,14 Aug 2021,09:00,90,119,209,90,119,209,No Group
Manchester City Council - Chorlton,Chorlton Place,2021,August,32,Saturday,14 Aug 2021,10:00,125,123,248,125,123,248,No Group
Manchester City Council - Chorlton,Chorlton Place,2021,August,32,Saturday,14 Aug 2021,11:00,161,163,324,161,163,324,No Group
Manchester City Council - Chorlton,Chorlton Place,2021,August,32,Saturday,14 Aug 2021,12:00,182,182,364,182,182,364,No Group
Manchester City Council - Chorlton,Chorlton Place,2021,August,32,Saturday,14 Aug 2021,13:00,173,172,345,173,172,345,No Group
Manchester City Council - Chorlton,Chorlton Place,2021,August,32,Saturday,14 Aug 2021,14:00,159,164,323,159,164,323,No Group
Manchester City Council - Chorlton,Chorlton Place,2021,August,32,Saturday,14 Aug 2021,15:00,175,193,368,175,193,368,No Group
Manchester City Council - Chorlton,Chorlton Place,2021,August,32,Saturday,14 Aug 2021,16:00,151,159,310,151,159,310,No Group
Manchester City Council - Chorlton,Chorlton Place,2021,August,32,Saturday,14 Aug 2021,17:00,78,97,175,78,97,175,No Group
Manchester City Council - Chorlton,Chorlton Place,2021,August,32,Saturday,14 Aug 2021,18:00,64,84,148,64,84,148,No Group
Manchester City Council - Chorlton,Chorlton Place,2021,August,32,Saturday,14 Aug 2021,19:00,62,69,131,62,69,131,No Group
Manchester City Council - Chorlton,Chorlton Place,2021,August,32,Saturday,14 Aug 2021,20:00,55,44,99,55,44,99,No Group
Manchester City Council - Chorlton,Chorlton Place,2021,August,32,Saturday,14 Aug 2021,21:00,44,49,93,44,49,93,No Group
Manchester City Council - Chorlton,Chorlton Place,2021,August,32,Saturday,14 Aug 2021,22:00,33,21,54,33,21,54,No Group
Manchester City Council - Chorlton,Chorlton Place,2021,August,32,Saturday,14 Aug 2021,23:00,26,31,57,26,31,57,No Group
Manchester City Council - Chorlton,Chorlton Place,2021,August,32,Sunday,15 Aug 2021,00:00,6,10,16,6,10,16,No Group
Manchester City Council - Chorlton,Chorlton Place,2021,August,32,Sunday,15 Aug 2021,01:00,6,4,10,6,4,10,No Group
Manchester City Council - Chorlton,Chorlton Place,2021,August,32,Sunday,15 Aug 2021,02:00,5,4,9,5,4,9,No Group
Manchester City Council - Chorlton,Chorlton Place,2021,August,32,Sunday,15 Aug 2021,03:00,2,0,2,2,0,2,No Group
Manchester City Council - Chorlton,Chorlton Place,2021,August,32,Sunday,15 Aug 2021,04:00,2,1,3,2,1,3,No Group
Manchester City Council - Chorlton,Chorlton Place,2021,August,32,Sunday,15 Aug 2021,05:00,1,3,4,1,3,4,No Group
Manchester City Council - Chorlton,Chorlton Place,2021,August,32,Sunday,15 Aug 2021,06:00,1,8,9,1,8,9,No Group
Manchester City Council - Chorlton,Chorlton Place,2021,August,32,Sunday,15 Aug 2021,07:00,2,9,11,2,9,11,No Group
Manchester City Council - Chorlton,Chorlton Place,2021,August,32,Sunday,15 Aug 2021,08:00,15,20,35,15,20,35,No Group
Manchester City Council - Chorlton,Chorlton Place,2021,August,32,Sunday,15 Aug 2021,09:00,35,35,70,35,35,70,No Group
Manchester City Council - Chorlton,Chorlton Place,2021,August,32,Sunday,15 Aug 2021,10:00,58,76,134,58,76,134,No Group
Manchester City Council - Chorlton,Chorlton Place,2021,August,32,Sunday,15 Aug 2021,11:00,80,72,152,80,72,152,No Group
Manchester City Council - Chorlton,Chorlton Place,2021,August,32,Sunday,15 Aug 2021,12:00,79,99,178,79,99,178,No Group
Manchester City Council - Chorlton,Chorlton Place,2021,August,32,Sunday,15 Aug 2021,13:00,78,90,168,78,90,168,No Group
Manchester City Council - Chorlton,Chorlton Place,2021,August,32,Sunday,15 Aug 2021,14:00,103,102,205,103,102,205,No Group
Manchester City Council - Chorlton,Chorlton Place,2021,August,32,Sunday,15 Aug 2021,15:00,112,86,198,112,86,198,No Group
Manchester City Council - Chorlton,Chorlton Place,2021,August,32,Sunday,15 Aug 2021,16:00,74,81,155,74,81,155,No Group
Manchester City Council - Chorlton,Chorlton Place,2021,August,32,Sunday,15 Aug 2021,17:00,43,63,106,43,63,106,No Group
Manchester City Council - Chorlton,Chorlton Place,2021,August,32,Sunday,15 Aug 2021,18:00,55,64,119,55,64,119,No Group
Manchester City Council - Chorlton,Chorlton Place,2021,August,32,Sunday,15 Aug 2021,19:00,40,46,86,40,46,86,No Group
Manchester City Council - Chorlton,Chorlton Place,2021,August,32,Sunday,15 Aug 2021,20:00,27,42,69,27,42,69,No Group
Manchester City Council - Chorlton,Chorlton Place,2021,August,32,Sunday,15 Aug 2021,21:00,24,17,41,24,17,41,No Group
Manchester City Council - Chorlton,Chorlton Place,2021,August,32,Sunday,15 Aug 2021,22:00,9,8,17,9,8,17,No Group
Manchester City Council - Chorlton,Chorlton Place,2021,August,32,Sunday,15 Aug 2021,23:00,8,4,12,8,4,12,No Group
Manchester City Council - Chorlton,Chorlton Place,2021,August,33,Monday,16 Aug 2021,00:00,3,0,3,3,0,3,No Group
Manchester City Council - Chorlton,Chorlton Place,2021,August,33,Monday,16 Aug 2021,01:00,1,2,3,1,2,3,No Group
Manchester City Council - Chorlton,Chorlton Place,2021,August,33,Monday,16 Aug 2021,02:00,0,1,1,0,1,1,No Group
Manchester City Council - Chorlton,Chorlton Place,2021,August,33,Monday,16 Aug 2021,03:00,0,0,0,0,0,0,No Group
Manchester City Council - Chorlton,Chorlton Place,2021,August,33,Monday,16 Aug 2021,04:00,0,4,4,0,4,4,No Group
Manchester City Council - Chorlton,Chorlton Place,2021,August,33,Monday,16 Aug 2021,05:00,5,9,14,5,9,14,No Group
Manchester City Council - Chorlton,Chorlton Place,2021,August,33,Monday,16 Aug 2021,06:00,4,12,16,4,12,16,No Group
Manchester City Council - Chorlton,Chorlton Place,2021,August,33,Monday,16 Aug 2021,07:00,16,31,47,16,31,47,No Group
Manchester City Council - Chorlton,Chorlton Place,2021,August,33,Monday,16 Aug 2021,08:00,32,62,94,32,62,94,No Group
Manchester City Council - Chorlton,Chorlton Place,2021,August,33,Monday,16 Aug 2021,09:00,46,66,112,46,66,112,No Group
Manchester City Council - Chorlton,Chorlton Place,2021,August,33,Monday,16 Aug 2021,10:00,76,79,155,76,79,155,No Group
Manchester City Council - Chorlton,Chorlton Place,2021,August,33,Monday,16 Aug 2021,11:00,125,134,259,125,134,259,No Group
Manchester City Council - Chorlton,Chorlton Place,2021,August,33,Monday,16 Aug 2021,12:00,130,171,301,130,171,301,No Group
Manchester City Council - Chorlton,Chorlton Place,2021,August,33,Monday,16 Aug 2021,13:00,124,155,279,124,155,279,No Group
Manchester City Council - Chorlton,Chorlton Place,2021,August,33,Monday,16 Aug 2021,14:00,136,134,270,136,134,270,No Group
Manchester City Council - Chorlton,Chorlton Place,2021,August,33,Monday,16 Aug 2021,15:00,112,112,224,112,112,224,No Group
Manchester City Council - Chorlton,Chorlton Place,2021,August,33,Monday,16 Aug 2021,16:00,107,104,211,107,104,211,No Group
Manchester City Council - Chorlton,Chorlton Place,2021,August,33,Monday,16 Aug 2021,17:00,92,68,160,92,68,160,No Group
Manchester City Council - Chorlton,Chorlton Place,2021,August,33,Monday,16 Aug 2021,18:00,89,70,159,89,70,159,No Group
Manchester City Council - Chorlton,Chorlton Place,2021,August,33,Monday,16 Aug 2021,19:00,46,51,97,46,51,97,No Group
Manchester City Council - Chorlton,Chorlton Place,2021,August,33,Monday,16 Aug 2021,20:00,40,38,78,40,38,78,No Group
Manchester City Council - Chorlton,Chorlton Place,2021,August,33,Monday,16 Aug 2021,21:00,24,31,55,24,31,55,No Group
Manchester City Council - Chorlton,Chorlton Place,2021,August,33,Monday,16 Aug 2021,22:00,16,36,52,16,36,52,No Group
Manchester City Council - Chorlton,Chorlton Place,2021,August,33,Monday,16 Aug 2021,23:00,9,9,18,9,9,18,No Group
Manchester City Council - Chorlton,Chorlton Place,2021,August,33,Tuesday,17 Aug 2021,00:00,2,4,6,2,4,6,No Group
Manchester City Council - Chorlton,Chorlton Place,2021,August,33,Tuesday,17 Aug 2021,01:00,0,4,4,0,4,4,No Group
Manchester City Council - Chorlton,Chorlton Place,2021,August,33,Tuesday,17 Aug 2021,02:00,1,0,1,1,0,1,No Group
Manchester City Council - Chorlton,Chorlton Place,2021,August,33,Tuesday,17 Aug 2021,03:00,1,0,1,1,0,1,No Group
Manchester City Council - Chorlton,Chorlton Place,2021,August,33,Tuesday,17 Aug 2021,04:00,0,4,4,0,4,4,No Group
Manchester City Council - Chorlton,Chorlton Place,2021,August,33,Tuesday,17 Aug 2021,05:00,1,8,9,1,8,9,No Group
Manchester City Council - Chorlton,Chorlton Place,2021,August,33,Tuesday,17 Aug 2021,06:00,7,20,27,7,20,27,No Group
Manchester City Council - Chorlton,Chorlton Place,2021,August,33,Tuesday,17 Aug 2021,07:00,35,42,77,35,42,77,No Group
Manchester City Council - Chorlton,Chorlton Place,2021,August,33,Tuesday,17 Aug 2021,08:00,25,61,86,25,61,86,No Group
Manchester City Council - Chorlton,Chorlton Place,2021,August,33,Tuesday,17 Aug 2021,09:00,92,106,198,92,106,198,No Group
Manchester City Council - Chorlton,Chorlton Place,2021,August,33,Tuesday,17 Aug 2021,10:00,92,105,197,92,105,197,No Group
Manchester City Council - Chorlton,Chorlton Place,2021,August,33,Tuesday,17 Aug 2021,11:00,159,160,319,159,160,319,No Group
Manchester City Council - Chorlton,Chorlton Place,2021,August,33,Tuesday,17 Aug 2021,12:00,161,194,355,161,194,355,No Group
Manchester City Council - Chorlton,Chorlton Place,2021,August,33,Tuesday,17 Aug 2021,13:00,195,235,430,195,235,430,No Group
Manchester City Council - Chorlton,Chorlton Place,2021,August,33,Tuesday,17 Aug 2021,14:00,170,161,331,170,161,331,No Group
Manchester City Council - Chorlton,Chorlton Place,2021,August,33,Tuesday,17 Aug 2021,15:00,158,147,305,158,147,305,No Group
Manchester City Council - Chorlton,Chorlton Place,2021,August,33,Tuesday,17 Aug 2021,16:00,124,119,243,124,119,243,No Group
Manchester City Council - Chorlton,Chorlton Place,2021,August,33,Tuesday,17 Aug 2021,17:00,79,70,149,79,70,149,No Group
Manchester City Council - Chorlton,Chorlton Place,2021,August,33,Tuesday,17 Aug 2021,18:00,81,60,141,81,60,141,No Group
Manchester City Council - Chorlton,Chorlton Place,2021,August,33,Tuesday,17 Aug 2021,19:00,58,45,103,58,45,103,No Group
Manchester City Council - Chorlton,Chorlton Place,2021,August,33,Tuesday,17 Aug 2021,20:00,31,26,57,31,26,57,No Group
Manchester City Council - Chorlton,Chorlton Place,2021,August,33,Tuesday,17 Aug 2021,21:00,30,24,54,30,24,54,No Group
Manchester City Council - Chorlton,Chorlton Place,2021,August,33,Tuesday,17 Aug 2021,22:00,18,7,25,18,7,25,No Group
Manchester City Council - Chorlton,Chorlton Place,2021,August,33,Tuesday,17 Aug 2021,23:00,9,8,17,9,8,17,No Group
Manchester City Council - Chorlton,Chorlton Place,2021,August,33,Wednesday,18 Aug 2021,00:00,9,3,12,9,3,12,No Group
Manchester City Council - Chorlton,Chorlton Place,2021,August,33,Wednesday,18 Aug 2021,01:00,1,0,1,1,0,1,No Group
Manchester City Council - Chorlton,Chorlton Place,2021,August,33,Wednesday,18 Aug 2021,02:00,2,1,3,2,1,3,No Group
Manchester City Council - Chorlton,Chorlton Place,2021,August,33,Wednesday,18 Aug 2021,03:00,0,2,2,0,2,2,No Group
Manchester City Council - Chorlton,Chorlton Place,2021,August,33,Wednesday,18 Aug 2021,04:00,1,3,4,1,3,4,No Group
Manchester City Council - Chorlton,Chorlton Place,2021,August,33,Wednesday,18 Aug 2021,05:00,1,8,9,1,8,9,No Group
Manchester City Council - Chorlton,Chorlton Place,2021,August,33,Wednesday,18 Aug 2021,06:00,7,18,25,7,18,25,No Group
Manchester City Council - Chorlton,Chorlton Place,2021,August,33,Wednesday,18 Aug 2021,07:00,13,31,44,13,31,44,No Group
Manchester City Council - Chorlton,Chorlton Place,2021,August,33,Wednesday,18 Aug 2021,08:00,26,60,86,26,60,86,No Group
Manchester City Council - Chorlton,Chorlton Place,2021,August,33,Wednesday,18 Aug 2021,09:00,58,92,150,58,92,150,No Group
Manchester City Council - Chorlton,Chorlton Place,2021,August,33,Wednesday,18 Aug 2021,10:00,116,118,234,116,118,234,No Group
Manchester City Council - Chorlton,Chorlton Place,2021,August,33,Wednesday,18 Aug 2021,11:00,161,150,311,161,150,311,No Group
Manchester City Council - Chorlton,Chorlton Place,2021,August,33,Wednesday,18 Aug 2021,12:00,141,148,289,141,148,289,No Group
Manchester City Council - Chorlton,Chorlton Place,2021,August,33,Wednesday,18 Aug 2021,13:00,157,161,318,157,161,318,No Group
Manchester City Council - Chorlton,Chorlton Place,2021,August,33,Wednesday,18 Aug 2021,14:00,145,150,295,145,150,295,No Group
Manchester City Council - Chorlton,Chorlton Place,2021,August,33,Wednesday,18 Aug 2021,15:00,143,139,282,143,139,282,No Group
Manchester City Council - Chorlton,Chorlton Place,2021,August,33,Wednesday,18 Aug 2021,16:00,119,135,254,119,135,254,No Group
Manchester City Council - Chorlton,Chorlton Place,2021,August,33,Wednesday,18 Aug 2021,17:00,88,92,180,88,92,180,No Group
Manchester City Council - Chorlton,Chorlton Place,2021,August,33,Wednesday,18 Aug 2021,18:00,84,72,156,84,72,156,No Group
Manchester City Council - Chorlton,Chorlton Place,2021,August,33,Wednesday,18 Aug 2021,19:00,63,54,117,63,54,117,No Group
Manchester City Council - Chorlton,Chorlton Place,2021,August,33,Wednesday,18 Aug 2021,20:00,26,41,67,26,41,67,No Group
Manchester City Council - Chorlton,Chorlton Place,2021,August,33,Wednesday,18 Aug 2021,21:00,25,32,57,25,32,57,No Group
Manchester City Council - Chorlton,Chorlton Place,2021,August,33,Wednesday,18 Aug 2021,22:00,23,17,40,23,17,40,No Group
Manchester City Council - Chorlton,Chorlton Place,2021,August,33,Wednesday,18 Aug 2021,23:00,14,18,32,14,18,32,No Group
Manchester City Council - Chorlton,Chorlton Place,2021,August,33,Thursday,19 Aug 2021,00:00,6,2,8,6,2,8,No Group
Manchester City Council - Chorlton,Chorlton Place,2021,August,33,Thursday,19 Aug 2021,01:00,2,1,3,2,1,3,No Group
Manchester City Council - Chorlton,Chorlton Place,2021,August,33,Thursday,19 Aug 2021,02:00,0,0,0,0,0,0,No Group
Manchester City Council - Chorlton,Chorlton Place,2021,August,33,Thursday,19 Aug 2021,03:00,0,0,0,0,0,0,No Group
Manchester City Council - Chorlton,Chorlton Place,2021,August,33,Thursday,19 Aug 2021,04:00,1,0,1,1,0,1,No Group
Manchester City Council - Chorlton,Chorlton Place,2021,August,33,Thursday,19 Aug 2021,05:00,1,8,9,1,8,9,No Group
Manchester City Council - Chorlton,Chorlton Place,2021,August,33,Thursday,19 Aug 2021,06:00,5,12,17,5,12,17,No Group
Manchester City Council - Chorlton,Chorlton Place,2021,August,33,Thursday,19 Aug 2021,07:00,18,45,63,18,45,63,No Group
Manchester City Council - Chorlton,Chorlton Place,2021,August,33,Thursday,19 Aug 2021,08:00,29,60,89,29,60,89,No Group
Manchester City Council - Chorlton,Chorlton Place,2021,August,33,Thursday,19 Aug 2021,09:00,65,82,147,65,82,147,No Group
Manchester City Council - Chorlton,Chorlton Place,2021,August,33,Thursday,19 Aug 2021,10:00,105,108,213,105,108,213,No Group
Manchester City Council - Chorlton,Chorlton Place,2021,August,33,Thursday,19 Aug 2021,11:00,96,136,232,96,136,232,No Group
Manchester City Council - Chorlton,Chorlton Place,2021,August,33,Thursday,19 Aug 2021,12:00,172,180,352,172,180,352,No Group
Manchester City Council - Chorlton,Chorlton Place,2021,August,33,Thursday,19 Aug 2021,13:00,159,165,324,159,165,324,No Group
Manchester City Council - Chorlton,Chorlton Place,2021,August,33,Thursday,19 Aug 2021,14:00,163,173,336,163,173,336,No Group
Manchester City Council - Chorlton,Chorlton Place,2021,August,33,Thursday,19 Aug 2021,15:00,155,157,312,155,157,312,No Group
Manchester City Council - Chorlton,Chorlton Place,2021,August,33,Thursday,19 Aug 2021,16:00,123,123,246,123,123,246,No Group
Manchester City Council - Chorlton,Chorlton Place,2021,August,33,Thursday,19 Aug 2021,17:00,110,85,195,110,85,195,No Group
Manchester City Council - Chorlton,Chorlton Place,2021,August,33,Thursday,19 Aug 2021,18:00,87,64,151,87,64,151,No Group
Manchester City Council - Chorlton,Chorlton Place,2021,August,33,Thursday,19 Aug 2021,19:00,74,56,130,74,56,130,No Group
Manchester City Council - Chorlton,Chorlton Place,2021,August,33,Thursday,19 Aug 2021,20:00,33,49,82,33,49,82,No Group
Manchester City Council - Chorlton,Chorlton Place,2021,August,33,Thursday,19 Aug 2021,21:00,19,40,59,19,40,59,No Group
Manchester City Council - Chorlton,Chorlton Place,2021,August,33,Thursday,19 Aug 2021,22:00,32,17,49,32,17,49,No Group
Manchester City Council - Chorlton,Chorlton Place,2021,August,33,Thursday,19 Aug 2021,23:00,25,10,35,25,10,35,No Group
Manchester City Council - Chorlton,Chorlton Place,2021,August,33,Friday,20 Aug 2021,00:00,22,14,36,22,14,36,No Group
Manchester City Council - Chorlton,Chorlton Place,2021,August,33,Friday,20 Aug 2021,01:00,5,3,8,5,3,8,No Group
Manchester City Council - Chorlton,Chorlton Place,2021,August,33,Friday,20 Aug 2021,02:00,1,1,2,1,1,2,No Group
Manchester City Council - Chorlton,Chorlton Place,2021,August,33,Friday,20 Aug 2021,03:00,0,0,0,0,0,0,No Group
Manchester City Council - Chorlton,Chorlton Place,2021,August,33,Friday,20 Aug 2021,04:00,1,2,3,1,2,3,No Group
Manchester City Council - Chorlton,Chorlton Place,2021,August,33,Friday,20 Aug 2021,05:00,1,6,7,1,6,7,No Group
Manchester City Council - Chorlton,Chorlton Place,2021,August,33,Friday,20 Aug 2021,06:00,9,19,28,9,19,28,No Group
Manchester City Council - Chorlton,Chorlton Place,2021,August,33,Friday,20 Aug 2021,07:00,18,32,50,18,32,50,No Group
Manchester City Council - Chorlton,Chorlton Place,2021,August,33,Friday,20 Aug 2021,08:00,29,60,89,29,60,89,No Group
Manchester City Council - Chorlton,Chorlton Place,2021,August,33,Friday,20 Aug 2021,09:00,80,90,170,80,90,170,No Group
Manchester City Council - Chorlton,Chorlton Place,2021,August,33,Friday,20 Aug 2021,10:00,116,143,259,116,143,259,No Group
Manchester City Council - Chorlton,Chorlton Place,2021,August,33,Friday,20 Aug 2021,11:00,156,182,338,156,182,338,No Group
Manchester City Council - Chorlton,Chorlton Place,2021,August,33,Friday,20 Aug 2021,12:00,177,205,382,177,205,382,No Group
Manchester City Council - Chorlton,Chorlton Place,2021,August,33,Friday,20 Aug 2021,13:00,169,196,365,169,196,365,No Group
Manchester City Council - Chorlton,Chorlton Place,2021,August,33,Friday,20 Aug 2021,14:00,164,180,344,164,180,344,No Group
Manchester City Council - Chorlton,Chorlton Place,2021,August,33,Friday,20 Aug 2021,15:00,152,169,321,152,169,321,No Group
Manchester City Council - Chorlton,Chorlton Place,2021,August,33,Friday,20 Aug 2021,16:00,125,124,249,125,124,249,No Group
Manchester City Council - Chorlton,Chorlton Place,2021,August,33,Friday,20 Aug 2021,17:00,89,79,168,89,79,168,No Group
Manchester City Council - Chorlton,Chorlton Place,2021,August,33,Friday,20 Aug 2021,18:00,78,72,150,78,72,150,No Group
Manchester City Council - Chorlton,Chorlton Place,2021,August,33,Friday,20 Aug 2021,19:00,71,86,157,71,86,157,No Group
Manchester City Council - Chorlton,Chorlton Place,2021,August,33,Friday,20 Aug 2021,20:00,55,49,104,55,49,104,No Group
Manchester City Council - Chorlton,Chorlton Place,2021,August,33,Friday,20 Aug 2021,21:00,37,46,83,37,46,83,No Group
Manchester City Council - Chorlton,Chorlton Place,2021,August,33,Friday,20 Aug 2021,22:00,35,41,76,35,41,76,No Group
Manchester City Council - Chorlton,Chorlton Place,2021,August,33,Friday,20 Aug 2021,23:00,18,30,48,18,30,48,No Group
Manchester City Council - Chorlton,Chorlton Place,2021,August,33,Saturday,21 Aug 2021,00:00,9,14,23,9,14,23,No Group
Manchester City Council - Chorlton,Chorlton Place,2021,August,33,Saturday,21 Aug 2021,01:00,15,2,17,15,2,17,No Group
Manchester City Council - Chorlton,Chorlton Place,2021,August,33,Saturday,21 Aug 2021,02:00,3,3,6,3,3,6,No Group
Manchester City Council - Chorlton,Chorlton Place,2021,August,33,Saturday,21 Aug 2021,03:00,0,1,1,0,1,1,No Group
Manchester City Council - Chorlton,Chorlton Place,2021,August,33,Saturday,21 Aug 2021,04:00,1,7,8,1,7,8,No Group
Manchester City Council - Chorlton,Chorlton Place,2021,August,33,Saturday,21 Aug 2021,05:00,0,2,2,0,2,2,No Group
Manchester City Council - Chorlton,Chorlton Place,2021,August,33,Saturday,21 Aug 2021,06:00,2,6,8,2,6,8,No Group
Manchester City Council - Chorlton,Chorlton Place,2021,August,33,Saturday,21 Aug 2021,07:00,4,15,19,4,15,19,No Group
Manchester City Council - Chorlton,Chorlton Place,2021,August,33,Saturday,21 Aug 2021,08:00,38,47,85,38,47,85,No Group
Manchester City Council - Chorlton,Chorlton Place,2021,August,33,Saturday,21 Aug 2021,09:00,88,112,200,88,112,200,No Group
Manchester City Council - Chorlton,Chorlton Place,2021,August,33,Saturday,21 Aug 2021,10:00,147,185,332,147,185,332,No Group
Manchester City Council - Chorlton,Chorlton Place,2021,August,33,Saturday,21 Aug 2021,11:00,147,203,350,147,203,350,No Group
Manchester City Council - Chorlton,Chorlton Place,2021,August,33,Saturday,21 Aug 2021,12:00,219,230,449,219,230,449,No Group
Manchester City Council - Chorlton,Chorlton Place,2021,August,33,Saturday,21 Aug 2021,13:00,237,221,458,237,221,458,No Group
Manchester City Council - Chorlton,Chorlton Place,2021,August,33,Saturday,21 Aug 2021,14:00,217,259,476,217,259,476,No Group
Manchester City Council - Chorlton,Chorlton Place,2021,August,33,Saturday,21 Aug 2021,15:00,210,186,396,210,186,396,No Group
Manchester City Council - Chorlton,Chorlton Place,2021,August,33,Saturday,21 Aug 2021,16:00,196,202,398,196,202,398,No Group
Manchester City Council - Chorlton,Chorlton Place,2021,August,33,Saturday,21 Aug 2021,17:00,117,92,209,117,92,209,No Group
Manchester City Council - Chorlton,Chorlton Place,2021,August,33,Saturday,21 Aug 2021,18:00,72,78,150,72,78,150,No Group
Manchester City Council - Chorlton,Chorlton Place,2021,August,33,Saturday,21 Aug 2021,19:00,55,65,120,55,65,120,No Group
Manchester City Council - Chorlton,Chorlton Place,2021,August,33,Saturday,21 Aug 2021,20:00,56,59,115,56,59,115,No Group
Manchester City Council - Chorlton,Chorlton Place,2021,August,33,Saturday,21 Aug 2021,21:00,36,36,72,36,36,72,No Group
Manchester City Council - Chorlton,Chorlton Place,2021,August,33,Saturday,21 Aug 2021,22:00,17,23,40,17,23,40,No Group
Manchester City Council - Chorlton,Chorlton Place,2021,August,33,Saturday,21 Aug 2021,23:00,15,13,28,15,13,28,No Group
Manchester City Council - Chorlton,Chorlton Place,2021,August,33,Sunday,22 Aug 2021,00:00,12,8,20,12,8,20,No Group
Manchester City Council - Chorlton,Chorlton Place,2021,August,33,Sunday,22 Aug 2021,01:00,3,3,6,3,3,6,No Group
Manchester City Council - Chorlton,Chorlton Place,2021,August,33,Sunday,22 Aug 2021,02:00,5,1,6,5,1,6,No Group
Manchester City Council - Chorlton,Chorlton Place,2021,August,33,Sunday,22 Aug 2021,03:00,0,0,0,0,0,0,No Group
Manchester City Council - Chorlton,Chorlton Place,2021,August,33,Sunday,22 Aug 2021,04:00,1,0,1,1,0,1,No Group
Manchester City Council - Chorlton,Chorlton Place,2021,August,33,Sunday,22 Aug 2021,05:00,1,1,2,1,1,2,No Group
Manchester City Council - Chorlton,Chorlton Place,2021,August,33,Sunday,22 Aug 2021,06:00,0,3,3,0,3,3,No Group
Manchester City Council - Chorlton,Chorlton Place,2021,August,33,Sunday,22 Aug 2021,07:00,3,6,9,3,6,9,No Group
Manchester City Council - Chorlton,Chorlton Place,2021,August,33,Sunday,22 Aug 2021,08:00,22,28,50,22,28,50,No Group
Manchester City Council - Chorlton,Chorlton Place,2021,August,33,Sunday,22 Aug 2021,09:00,30,33,63,30,33,63,No Group
Manchester City Council - Chorlton,Chorlton Place,2021,August,33,Sunday,22 Aug 2021,10:00,38,59,97,38,59,97,No Group
Manchester City Council - Chorlton,Chorlton Place,2021,August,33,Sunday,22 Aug 2021,11:00,90,89,179,90,89,179,No Group
Manchester City Council - Chorlton,Chorlton Place,2021,August,33,Sunday,22 Aug 2021,12:00,106,153,259,106,153,259,No Group
Manchester City Council - Chorlton,Chorlton Place,2021,August,33,Sunday,22 Aug 2021,13:00,156,150,306,156,150,306,No Group
Manchester City Council - Chorlton,Chorlton Place,2021,August,33,Sunday,22 Aug 2021,14:00,137,117,254,137,117,254,No Group
Manchester City Council - Chorlton,Chorlton Place,2021,August,33,Sunday,22 Aug 2021,15:00,123,113,236,123,113,236,No Group
Manchester City Council - Chorlton,Chorlton Place,2021,August,33,Sunday,22 Aug 2021,16:00,83,93,176,83,93,176,No Group
Manchester City Council - Chorlton,Chorlton Place,2021,August,33,Sunday,22 Aug 2021,17:00,50,73,123,50,73,123,No Group
Manchester City Council - Chorlton,Chorlton Place,2021,August,33,Sunday,22 Aug 2021,18:00,66,51,117,66,51,117,No Group
Manchester City Council - Chorlton,Chorlton Place,2021,August,33,Sunday,22 Aug 2021,19:00,52,52,104,52,52,104,No Group
Manchester City Council - Chorlton,Chorlton Place,2021,August,33,Sunday,22 Aug 2021,20:00,20,41,61,20,41,61,No Group
Manchester City Council - Chorlton,Chorlton Place,2021,August,33,Sunday,22 Aug 2021,21:00,30,30,60,30,30,60,No Group
Manchester City Council - Chorlton,Chorlton Place,2021,August,33,Sunday,22 Aug 2021,22:00,13,33,46,13,33,46,No Group
Manchester City Council - Chorlton,Chorlton Place,2021,August,33,Sunday,22 Aug 2021,23:00,16,5,21,16,5,21,No Group
Manchester City Council - Chorlton,Chorlton Place,2021,August,34,Monday,23 Aug 2021,00:00,3,1,4,3,1,4,No Group
Manchester City Council - Chorlton,Chorlton Place,2021,August,34,Monday,23 Aug 2021,01:00,7,1,8,7,1,8,No Group
Manchester City Council - Chorlton,Chorlton Place,2021,August,34,Monday,23 Aug 2021,02:00,0,1,1,0,1,1,No Group
Manchester City Council - Chorlton,Chorlton Place,2021,August,34,Monday,23 Aug 2021,03:00,1,3,4,1,3,4,No Group
Manchester City Council - Chorlton,Chorlton Place,2021,August,34,Monday,23 Aug 2021,04:00,1,5,6,1,5,6,No Group
Manchester City Council - Chorlton,Chorlton Place,2021,August,34,Monday,23 Aug 2021,05:00,0,3,3,0,3,3,No Group
Manchester City Council - Chorlton,Chorlton Place,2021,August,34,Monday,23 Aug 2021,06:00,7,20,27,7,20,27,No Group
Manchester City Council - Chorlton,Chorlton Place,2021,August,34,Monday,23 Aug 2021,07:00,15,37,52,15,37,52,No Group
Manchester City Council - Chorlton,Chorlton Place,2021,August,34,Monday,23 Aug 2021,08:00,33,64,97,33,64,97,No Group
Manchester City Council - Chorlton,Chorlton Place,2021,August,34,Monday,23 Aug 2021,09:00,63,86,149,63,86,149,No Group
Manchester City Council - Chorlton,Chorlton Place,2021,August,34,Monday,23 Aug 2021,10:00,94,104,198,94,104,198,No Group
Manchester City Council - Chorlton,Chorlton Place,2021,August,34,Monday,23 Aug 2021,11:00,138,131,269,138,131,269,No Group
Manchester City Council - Chorlton,Chorlton Place,2021,August,34,Monday,23 Aug 2021,12:00,208,263,471,208,263,471,No Group
Manchester City Council - Chorlton,Chorlton Place,2021,August,34,Monday,23 Aug 2021,13:00,219,220,439,219,220,439,No Group
Manchester City Council - Chorlton,Chorlton Place,2021,August,34,Monday,23 Aug 2021,14:00,189,176,365,189,176,365,No Group
Manchester City Council - Chorlton,Chorlton Place,2021,August,34,Monday,23 Aug 2021,15:00,180,147,327,180,147,327,No Group
Manchester City Council - Chorlton,Chorlton Place,2021,August,34,Monday,23 Aug 2021,16:00,123,132,255,123,132,255,No Group
Manchester City Council - Chorlton,Chorlton Place,2021,August,34,Monday,23 Aug 2021,17:00,89,92,181,89,92,181,No Group
Manchester City Council - Chorlton,Chorlton Place,2021,August,34,Monday,23 Aug 2021,18:00,75,55,130,75,55,130,No Group
Manchester City Council - Chorlton,Chorlton Place,2021,August,34,Monday,23 Aug 2021,19:00,57,43,100,57,43,100,No Group
Manchester City Council - Chorlton,Chorlton Place,2021,August,34,Monday,23 Aug 2021,20:00,34,41,75,34,41,75,No Group
Manchester City Council - Chorlton,Chorlton Place,2021,August,34,Monday,23 Aug 2021,21:00,20,45,65,20,45,65,No Group
Manchester City Council - Chorlton,Chorlton Place,2021,August,34,Monday,23 Aug 2021,22:00,26,30,56,26,30,56,No Group
Manchester City Council - Chorlton,Chorlton Place,2021,August,34,Monday,23 Aug 2021,23:00,14,9,23,14,9,23,No Group
Manchester City Council - Chorlton,Chorlton Place,2021,August,34,Tuesday,24 Aug 2021,00:00,4,1,5,4,1,5,No Group
Manchester City Council - Chorlton,Chorlton Place,2021,August,34,Tuesday,24 Aug 2021,01:00,2,0,2,2,0,2,No Group
Manchester City Council - Chorlton,Chorlton Place,2021,August,34,Tuesday,24 Aug 2021,02:00,0,0,0,0,0,0,No Group
Manchester City Council - Chorlton,Chorlton Place,2021,August,34,Tuesday,24 Aug 2021,03:00,0,1,1,0,1,1,No Group
Manchester City Council - Chorlton,Chorlton Place,2021,August,34,Tuesday,24 Aug 2021,04:00,0,1,1,0,1,1,No Group
Manchester City Council - Chorlton,Chorlton Place,2021,August,34,Tuesday,24 Aug 2021,05:00,1,6,7,1,6,7,No Group
Manchester City Council - Chorlton,Chorlton Place,2021,August,34,Tuesday,24 Aug 2021,06:00,8,17,25,8,17,25,No Group
Manchester City Council - Chorlton,Chorlton Place,2021,August,34,Tuesday,24 Aug 2021,07:00,13,41,54,13,41,54,No Group
Manchester City Council - Chorlton,Chorlton Place,2021,August,34,Tuesday,24 Aug 2021,08:00,28,61,89,28,61,89,No Group
Manchester City Council - Chorlton,Chorlton Place,2021,August,34,Tuesday,24 Aug 2021,09:00,51,70,121,51,70,121,No Group
Manchester City Council - Chorlton,Chorlton Place,2021,August,34,Tuesday,24 Aug 2021,10:00,111,89,200,111,89,200,No Group
Manchester City Council - Chorlton,Chorlton Place,2021,August,34,Tuesday,24 Aug 2021,11:00,138,140,278,138,140,278,No Group
Manchester City Council - Chorlton,Chorlton Place,2021,August,34,Tuesday,24 Aug 2021,12:00,137,159,296,137,159,296,No Group
Manchester City Council - Chorlton,Chorlton Place,2021,August,34,Tuesday,24 Aug 2021,13:00,151,164,315,151,164,315,No Group
Manchester City Council - Chorlton,Chorlton Place,2021,August,34,Tuesday,24 Aug 2021,14:00,148,169,317,148,169,317,No Group
Manchester City Council - Chorlton,Chorlton Place,2021,August,34,Tuesday,24 Aug 2021,15:00,146,139,285,146,139,285,No Group
Manchester City Council - Chorlton,Chorlton Place,2021,August,34,Tuesday,24 Aug 2021,16:00,128,116,244,128,116,244,No Group
Manchester City Council - Chorlton,Chorlton Place,2021,August,34,Tuesday,24 Aug 2021,17:00,93,83,176,93,83,176,No Group
Manchester City Council - Chorlton,Chorlton Place,2021,August,34,Tuesday,24 Aug 2021,18:00,96,59,155,96,59,155,No Group
Manchester City Council - Chorlton,Chorlton Place,2021,August,34,Tuesday,24 Aug 2021,19:00,58,56,114,58,56,114,No Group
Manchester City Council - Chorlton,Chorlton Place,2021,August,34,Tuesday,24 Aug 2021,20:00,39,34,73,39,34,73,No Group
Manchester City Council - Chorlton,Chorlton Place,2021,August,34,Tuesday,24 Aug 2021,21:00,33,28,61,33,28,61,No Group
Manchester City Council - Chorlton,Chorlton Place,2021,August,34,Tuesday,24 Aug 2021,22:00,35,12,47,35,12,47,No Group
Manchester City Council - Chorlton,Chorlton Place,2021,August,34,Tuesday,24 Aug 2021,23:00,16,12,28,16,12,28,No Group
Manchester City Council - Chorlton,Chorlton Place,2021,August,34,Wednesday,25 Aug 2021,00:00,10,8,18,10,8,18,No Group
Manchester City Council - Chorlton,Chorlton Place,2021,August,34,Wednesday,25 Aug 2021,01:00,1,0,1,1,0,1,No Group
Manchester City Council - Chorlton,Chorlton Place,2021,August,34,Wednesday,25 Aug 2021,02:00,0,0,0,0,0,0,No Group
Manchester City Council - Chorlton,Chorlton Place,2021,August,34,Wednesday,25 Aug 2021,03:00,1,1,2,1,1,2,No Group
Manchester City Council - Chorlton,Chorlton Place,2021,August,34,Wednesday,25 Aug 2021,04:00,0,1,1,0,1,1,No Group
Manchester City Council - Chorlton,Chorlton Place,2021,August,34,Wednesday,25 Aug 2021,05:00,4,7,11,4,7,11,No Group
Manchester City Council - Chorlton,Chorlton Place,2021,August,34,Wednesday,25 Aug 2021,06:00,7,13,20,7,13,20,No Group
Manchester City Council - Chorlton,Chorlton Place,2021,August,34,Wednesday,25 Aug 2021,07:00,12,38,50,12,38,50,No Group
Manchester City Council - Chorlton,Chorlton Place,2021,August,34,Wednesday,25 Aug 2021,08:00,39,64,103,39,64,103,No Group
Manchester City Council - Chorlton,Chorlton Place,2021,August,34,Wednesday,25 Aug 2021,09:00,67,81,148,67,81,148,No Group
Manchester City Council - Chorlton,Chorlton Place,2021,August,34,Wednesday,25 Aug 2021,10:00,100,109,209,100,109,209,No Group
Manchester City Council - Chorlton,Chorlton Place,2021,August,34,Wednesday,25 Aug 2021,11:00,109,119,228,109,119,228,No Group
Manchester City Council - Chorlton,Chorlton Place,2021,August,34,Wednesday,25 Aug 2021,12:00,181,205,386,181,205,386,No Group
Manchester City Council - Chorlton,Chorlton Place,2021,August,34,Wednesday,25 Aug 2021,13:00,201,243,444,201,243,444,No Group
Manchester City Council - Chorlton,Chorlton Place,2021,August,34,Wednesday,25 Aug 2021,14:00,144,162,306,144,162,306,No Group
Manchester City Council - Chorlton,Chorlton Place,2021,August,34,Wednesday,25 Aug 2021,15:00,134,130,264,134,130,264,No Group
Manchester City Council - Chorlton,Chorlton Place,2021,August,34,Wednesday,25 Aug 2021,16:00,127,145,272,127,145,272,No Group
Manchester City Council - Chorlton,Chorlton Place,2021,August,34,Wednesday,25 Aug 2021,17:00,100,90,190,100,90,190,No Group
Manchester City Council - Chorlton,Chorlton Place,2021,August,34,Wednesday,25 Aug 2021,18:00,97,77,174,97,77,174,No Group
Manchester City Council - Chorlton,Chorlton Place,2021,August,34,Wednesday,25 Aug 2021,19:00,67,77,144,67,77,144,No Group
Manchester City Council - Chorlton,Chorlton Place,2021,August,34,Wednesday,25 Aug 2021,20:00,47,48,95,47,48,95,No Group
Manchester City Council - Chorlton,Chorlton Place,2021,August,34,Wednesday,25 Aug 2021,21:00,37,29,66,37,29,66,No Group
Manchester City Council - Chorlton,Chorlton Place,2021,August,34,Wednesday,25 Aug 2021,22:00,26,19,45,26,19,45,No Group
Manchester City Council - Chorlton,Chorlton Place,2021,August,34,Wednesday,25 Aug 2021,23:00,10,8,18,10,8,18,No Group
Manchester City Council - Chorlton,Chorlton Place,2021,August,34,Thursday,26 Aug 2021,00:00,4,2,6,4,2,6,No Group
Manchester City Council - Chorlton,Chorlton Place,2021,August,34,Thursday,26 Aug 2021,01:00,0,0,0,0,0,0,No Group
Manchester City Council - Chorlton,Chorlton Place,2021,August,34,Thursday,26 Aug 2021,02:00,0,1,1,0,1,1,No Group
Manchester City Council - Chorlton,Chorlton Place,2021,August,34,Thursday,26 Aug 2021,03:00,0,0,0,0,0,0,No Group
Manchester City Council - Chorlton,Chorlton Place,2021,August,34,Thursday,26 Aug 2021,04:00,0,2,2,0,2,2,No Group
Manchester City Council - Chorlton,Chorlton Place,2021,August,34,Thursday,26 Aug 2021,05:00,0,4,4,0,4,4,No Group
Manchester City Council - Chorlton,Chorlton Place,2021,August,34,Thursday,26 Aug 2021,06:00,8,18,26,8,18,26,No Group
Manchester City Council - Chorlton,Chorlton Place,2021,August,34,Thursday,26 Aug 2021,07:00,15,34,49,15,34,49,No Group
Manchester City Council - Chorlton,Chorlton Place,2021,August,34,Thursday,26 Aug 2021,08:00,29,66,95,29,66,95,No Group
Manchester City Council - Chorlton,Chorlton Place,2021,August,34,Thursday,26 Aug 2021,09:00,72,87,159,72,87,159,No Group
Manchester City Council - Chorlton,Chorlton Place,2021,August,34,Thursday,26 Aug 2021,10:00,101,143,244,101,143,244,No Group
Manchester City Council - Chorlton,Chorlton Place,2021,August,34,Thursday,26 Aug 2021,11:00,174,179,353,174,179,353,No Group
Manchester City Council - Chorlton,Chorlton Place,2021,August,34,Thursday,26 Aug 2021,12:00,274,339,613,274,339,613,No Group
Manchester City Council - Chorlton,Chorlton Place,2021,August,34,Thursday,26 Aug 2021,13:00,319,303,622,319,303,622,No Group
Manchester City Council - Chorlton,Chorlton Place,2021,August,34,Thursday,26 Aug 2021,14:00,151,158,309,151,158,309,No Group
Manchester City Council - Chorlton,Chorlton Place,2021,August,34,Thursday,26 Aug 2021,15:00,152,158,310,152,158,310,No Group
Manchester City Council - Chorlton,Chorlton Place,2021,August,34,Thursday,26 Aug 2021,16:00,100,133,233,100,133,233,No Group
Manchester City Council - Chorlton,Chorlton Place,2021,August,34,Thursday,26 Aug 2021,17:00,97,101,198,97,101,198,No Group
Manchester City Council - Chorlton,Chorlton Place,2021,August,34,Thursday,26 Aug 2021,18:00,81,94,175,81,94,175,No Group
Manchester City Council - Chorlton,Chorlton Place,2021,August,34,Thursday,26 Aug 2021,19:00,72,52,124,72,52,124,No Group
Manchester City Council - Chorlton,Chorlton Place,2021,August,34,Thursday,26 Aug 2021,20:00,45,57,102,45,57,102,No Group
Manchester City Council - Chorlton,Chorlton Place,2021,August,34,Thursday,26 Aug 2021,21:00,27,41,68,27,41,68,No Group
Manchester City Council - Chorlton,Chorlton Place,2021,August,34,Thursday,26 Aug 2021,22:00,27,17,44,27,17,44,No Group
Manchester City Council - Chorlton,Chorlton Place,2021,August,34,Thursday,26 Aug 2021,23:00,17,17,34,17,17,34,No Group
Manchester City Council - Chorlton,Chorlton Place,2021,August,34,Friday,27 Aug 2021,00:00,19,9,28,19,9,28,No Group
Manchester City Council - Chorlton,Chorlton Place,2021,August,34,Friday,27 Aug 2021,01:00,4,4,8,4,4,8,No Group
Manchester City Council - Chorlton,Chorlton Place,2021,August,34,Friday,27 Aug 2021,02:00,2,0,2,2,0,2,No Group
Manchester City Council - Chorlton,Chorlton Place,2021,August,34,Friday,27 Aug 2021,03:00,0,3,3,0,3,3,No Group
Manchester City Council - Chorlton,Chorlton Place,2021,August,34,Friday,27 Aug 2021,04:00,4,4,8,4,4,8,No Group
Manchester City Council - Chorlton,Chorlton Place,2021,August,34,Friday,27 Aug 2021,05:00,0,5,5,0,5,5,No Group
Manchester City Council - Chorlton,Chorlton Place,2021,August,34,Friday,27 Aug 2021,06:00,7,20,27,7,20,27,No Group
Manchester City Council - Chorlton,Chorlton Place,2021,August,34,Friday,27 Aug 2021,07:00,16,36,52,16,36,52,No Group
Manchester City Council - Chorlton,Chorlton Place,2021,August,34,Friday,27 Aug 2021,08:00,37,61,98,37,61,98,No Group
Manchester City Council - Chorlton,Chorlton Place,2021,August,34,Friday,27 Aug 2021,09:00,75,93,168,75,93,168,No Group
Manchester City Council - Chorlton,Chorlton Place,2021,August,34,Friday,27 Aug 2021,10:00,121,147,268,121,147,268,No Group
Manchester City Council - Chorlton,Chorlton Place,2021,August,34,Friday,27 Aug 2021,11:00,149,167,316,149,167,316,No Group
Manchester City Council - Chorlton,Chorlton Place,2021,August,34,Friday,27 Aug 2021,12:00,161,192,353,161,192,353,No Group
Manchester City Council - Chorlton,Chorlton Place,2021,August,34,Friday,27 Aug 2021,13:00,161,176,337,161,176,337,No Group
Manchester City Council - Chorlton,Chorlton Place,2021,August,34,Friday,27 Aug 2021,14:00,167,159,326,167,159,326,No Group
Manchester City Council - Chorlton,Chorlton Place,2021,August,34,Friday,27 Aug 2021,15:00,119,118,237,119,118,237,No Group
Manchester City Council - Chorlton,Chorlton Place,2021,August,34,Friday,27 Aug 2021,16:00,141,124,265,141,124,265,No Group
Manchester City Council - Chorlton,Chorlton Place,2021,August,34,Friday,27 Aug 2021,17:00,100,119,219,100,119,219,No Group
Manchester City Council - Chorlton,Chorlton Place,2021,August,34,Friday,27 Aug 2021,18:00,89,85,174,89,85,174,No Group
Manchester City Council - Chorlton,Chorlton Place,2021,August,34,Friday,27 Aug 2021,19:00,68,66,134,68,66,134,No Group
Manchester City Council - Chorlton,Chorlton Place,2021,August,34,Friday,27 Aug 2021,20:00,60,52,112,60,52,112,No Group
Manchester City Council - Chorlton,Chorlton Place,2021,August,34,Friday,27 Aug 2021,21:00,33,51,84,33,51,84,No Group
Manchester City Council - Chorlton,Chorlton Place,2021,August,34,Friday,27 Aug 2021,22:00,44,28,72,44,28,72,No Group
Manchester City Council - Chorlton,Chorlton Place,2021,August,34,Friday,27 Aug 2021,23:00,21,26,47,21,26,47,No Group
Manchester City Council - Chorlton,Chorlton Place,2021,August,34,Saturday,28 Aug 2021,00:00,15,6,21,15,6,21,No Group
Manchester City Council - Chorlton,Chorlton Place,2021,August,34,Saturday,28 Aug 2021,01:00,8,5,13,8,5,13,No Group
Manchester City Council - Chorlton,Chorlton Place,2021,August,34,Saturday,28 Aug 2021,02:00,5,2,7,5,2,7,No Group
Manchester City Council - Chorlton,Chorlton Place,2021,August,34,Saturday,28 Aug 2021,03:00,0,2,2,0,2,2,No Group
Manchester City Council - Chorlton,Chorlton Place,2021,August,34,Saturday,28 Aug 2021,04:00,0,1,1,0,1,1,No Group
Manchester City Council - Chorlton,Chorlton Place,2021,August,34,Saturday,28 Aug 2021,05:00,2,7,9,2,7,9,No Group
Manchester City Council - Chorlton,Chorlton Place,2021,August,34,Saturday,28 Aug 2021,06:00,7,9,16,7,9,16,No Group
Manchester City Council - Chorlton,Chorlton Place,2021,August,34,Saturday,28 Aug 2021,07:00,16,25,41,16,25,41,No Group
Manchester City Council - Chorlton,Chorlton Place,2021,August,34,Saturday,28 Aug 2021,08:00,40,44,84,40,44,84,No Group
Manchester City Council - Chorlton,Chorlton Place,2021,August,34,Saturday,28 Aug 2021,09:00,94,121,215,94,121,215,No Group
Manchester City Council - Chorlton,Chorlton Place,2021,August,34,Saturday,28 Aug 2021,10:00,166,182,348,166,182,348,No Group
Manchester City Council - Chorlton,Chorlton Place,2021,August,34,Saturday,28 Aug 2021,11:00,223,250,473,223,250,473,No Group
Manchester City Council - Chorlton,Chorlton Place,2021,August,34,Saturday,28 Aug 2021,12:00,317,346,663,317,346,663,No Group
Manchester City Council - Chorlton,Chorlton Place,2021,August,34,Saturday,28 Aug 2021,13:00,279,277,556,279,277,556,No Group
Manchester City Council - Chorlton,Chorlton Place,2021,August,34,Saturday,28 Aug 2021,14:00,213,201,414,213,201,414,No Group
Manchester City Council - Chorlton,Chorlton Place,2021,August,34,Saturday,28 Aug 2021,15:00,184,169,353,184,169,353,No Group
Manchester City Council - Chorlton,Chorlton Place,2021,August,34,Saturday,28 Aug 2021,16:00,131,159,290,131,159,290,No Group
Manchester City Council - Chorlton,Chorlton Place,2021,August,34,Saturday,28 Aug 2021,17:00,103,90,193,103,90,193,No Group
Manchester City Council - Chorlton,Chorlton Place,2021,August,34,Saturday,28 Aug 2021,18:00,50,64,114,50,64,114,No Group
Manchester City Council - Chorlton,Chorlton Place,2021,August,34,Saturday,28 Aug 2021,19:00,57,57,114,57,57,114,No Group
Manchester City Council - Chorlton,Chorlton Place,2021,August,34,Saturday,28 Aug 2021,20:00,45,43,88,45,43,88,No Group
Manchester City Council - Chorlton,Chorlton Place,2021,August,34,Saturday,28 Aug 2021,21:00,39,56,95,39,56,95,No Group
Manchester City Council - Chorlton,Chorlton Place,2021,August,34,Saturday,28 Aug 2021,22:00,39,49,88,39,49,88,No Group
Manchester City Council - Chorlton,Chorlton Place,2021,August,34,Saturday,28 Aug 2021,23:00,41,37,78,41,37,78,No Group
Manchester City Council - Chorlton,Chorlton Place,2021,August,34,Sunday,29 Aug 2021,00:00,11,13,24,11,13,24,No Group
Manchester City Council - Chorlton,Chorlton Place,2021,August,34,Sunday,29 Aug 2021,01:00,9,2,11,9,2,11,No Group
Manchester City Council - Chorlton,Chorlton Place,2021,August,34,Sunday,29 Aug 2021,02:00,3,1,4,3,1,4,No Group
Manchester City Council - Chorlton,Chorlton Place,2021,August,34,Sunday,29 Aug 2021,03:00,4,0,4,4,0,4,No Group
Manchester City Council - Chorlton,Chorlton Place,2021,August,34,Sunday,29 Aug 2021,04:00,5,3,8,5,3,8,No Group
Manchester City Council - Chorlton,Chorlton Place,2021,August,34,Sunday,29 Aug 2021,05:00,0,0,0,0,0,0,No Group
Manchester City Council - Chorlton,Chorlton Place,2021,August,34,Sunday,29 Aug 2021,06:00,1,8,9,1,8,9,No Group
Manchester City Council - Chorlton,Chorlton Place,2021,August,34,Sunday,29 Aug 2021,07:00,3,7,10,3,7,10,No Group
Manchester City Council - Chorlton,Chorlton Place,2021,August,34,Sunday,29 Aug 2021,08:00,12,18,30,12,18,30,No Group
Manchester City Council - Chorlton,Chorlton Place,2021,August,34,Sunday,29 Aug 2021,09:00,29,32,61,29,32,61,No Group
Manchester City Council - Chorlton,Chorlton Place,2021,August,34,Sunday,29 Aug 2021,10:00,45,63,108,45,63,108,No Group
Manchester City Council - Chorlton,Chorlton Place,2021,August,34,Sunday,29 Aug 2021,11:00,108,85,193,108,85,193,No Group
Manchester City Council - Chorlton,Chorlton Place,2021,August,34,Sunday,29 Aug 2021,12:00,79,102,181,79,102,181,No Group
Manchester City Council - Chorlton,Chorlton Place,2021,August,34,Sunday,29 Aug 2021,13:00,113,160,273,113,160,273,No Group
Manchester City Council - Chorlton,Chorlton Place,2021,August,34,Sunday,29 Aug 2021,14:00,107,92,199,107,92,199,No Group
Manchester City Council - Chorlton,Chorlton Place,2021,August,34,Sunday,29 Aug 2021,15:00,108,86,194,108,86,194,No Group
Manchester City Council - Chorlton,Chorlton Place,2021,August,34,Sunday,29 Aug 2021,16:00,90,90,180,90,90,180,No Group
Manchester City Council - Chorlton,Chorlton Place,2021,August,34,Sunday,29 Aug 2021,17:00,66,69,135,66,69,135,No Group
Manchester City Council - Chorlton,Chorlton Place,2021,August,34,Sunday,29 Aug 2021,18:00,57,77,134,57,77,134,No Group
Manchester City Council - Chorlton,Chorlton Place,2021,August,34,Sunday,29 Aug 2021,19:00,35,55,90,35,55,90,No Group
Manchester City Council - Chorlton,Chorlton Place,2021,August,34,Sunday,29 Aug 2021,20:00,29,66,95,29,66,95,No Group
Manchester City Council - Chorlton,Chorlton Place,2021,August,34,Sunday,29 Aug 2021,21:00,23,26,49,23,26,49,No Group
Manchester City Council - Chorlton,Chorlton Place,2021,August,34,Sunday,29 Aug 2021,22:00,28,30,58,28,30,58,No Group
Manchester City Council - Chorlton,Chorlton Place,2021,August,34,Sunday,29 Aug 2021,23:00,38,27,65,38,27,65,No Group
Manchester City Council - Chorlton,Chorlton Place,2021,September,35,Monday,30 Aug 2021,00:00,8,6,14,8,6,14,No Group
Manchester City Council - Chorlton,Chorlton Place,2021,September,35,Monday,30 Aug 2021,01:00,12,1,13,12,1,13,No Group
Manchester City Council - Chorlton,Chorlton Place,2021,September,35,Monday,30 Aug 2021,02:00,3,0,3,3,0,3,No Group
Manchester City Council - Chorlton,Chorlton Place,2021,September,35,Monday,30 Aug 2021,03:00,2,0,2,2,0,2,No Group
Manchester City Council - Chorlton,Chorlton Place,2021,September,35,Monday,30 Aug 2021,04:00,6,3,9,6,3,9,No Group
Manchester City Council - Chorlton,Chorlton Place,2021,September,35,Monday,30 Aug 2021,05:00,2,5,7,2,5,7,No Group
Manchester City Council - Chorlton,Chorlton Place,2021,September,35,Monday,30 Aug 2021,06:00,3,8,11,3,8,11,No Group
Manchester City Council - Chorlton,Chorlton Place,2021,September,35,Monday,30 Aug 2021,07:00,12,17,29,12,17,29,No Group
Manchester City Council - Chorlton,Chorlton Place,2021,September,35,Monday,30 Aug 2021,08:00,7,20,27,7,20,27,No Group
Manchester City Council - Chorlton,Chorlton Place,2021,September,35,Monday,30 Aug 2021,09:00,26,40,66,26,40,66,No Group
Manchester City Council - Chorlton,Chorlton Place,2021,September,35,Monday,30 Aug 2021,10:00,63,78,141,63,78,141,No Group
Manchester City Council - Chorlton,Chorlton Place,2021,September,35,Monday,30 Aug 2021,11:00,95,105,200,95,105,200,No Group
Manchester City Council - Chorlton,Chorlton Place,2021,September,35,Monday,30 Aug 2021,12:00,105,101,206,105,101,206,No Group
Manchester City Council - Chorlton,Chorlton Place,2021,September,35,Monday,30 Aug 2021,13:00,106,113,219,106,113,219,No Group
Manchester City Council - Chorlton,Chorlton Place,2021,September,35,Monday,30 Aug 2021,14:00,114,112,226,114,112,226,No Group
Manchester City Council - Chorlton,Chorlton Place,2021,September,35,Monday,30 Aug 2021,15:00,109,86,195,109,86,195,No Group
Manchester City Council - Chorlton,Chorlton Place,2021,September,35,Monday,30 Aug 2021,16:00,85,85,170,85,85,170,No Group
Manchester City Council - Chorlton,Chorlton Place,2021,September,35,Monday,30 Aug 2021,17:00,72,58,130,72,58,130,No Group
Manchester City Council - Chorlton,Chorlton Place,2021,September,35,Monday,30 Aug 2021,18:00,64,56,120,64,56,120,No Group
Manchester City Council - Chorlton,Chorlton Place,2021,September,35,Monday,30 Aug 2021,19:00,59,51,110,59,51,110,No Group
Manchester City Council - Chorlton,Chorlton Place,2021,September,35,Monday,30 Aug 2021,20:00,57,62,119,57,62,119,No Group
Manchester City Council - Chorlton,Chorlton Place,2021,September,35,Monday,30 Aug 2021,21:00,15,27,42,15,27,42,No Group
Manchester City Council - Chorlton,Chorlton Place,2021,September,35,Monday,30 Aug 2021,22:00,14,26,40,14,26,40,No Group
Manchester City Council - Chorlton,Chorlton Place,2021,September,35,Monday,30 Aug 2021,23:00,17,10,27,17,10,27,No Group
Manchester City Council - Chorlton,Chorlton Place,2021,September,35,Tuesday,31 Aug 2021,00:00,3,3,6,3,3,6,No Group
Manchester City Council - Chorlton,Chorlton Place,2021,September,35,Tuesday,31 Aug 2021,01:00,1,1,2,1,1,2,No Group
Manchester City Council - Chorlton,Chorlton Place,2021,September,35,Tuesday,31 Aug 2021,02:00,1,4,5,1,4,5,No Group
Manchester City Council - Chorlton,Chorlton Place,2021,September,35,Tuesday,31 Aug 2021,03:00,1,0,1,1,0,1,No Group
Manchester City Council - Chorlton,Chorlton Place,2021,September,35,Tuesday,31 Aug 2021,04:00,0,2,2,0,2,2,No Group
Manchester City Council - Chorlton,Chorlton Place,2021,September,35,Tuesday,31 Aug 2021,05:00,4,7,11,4,7,11,No Group
Manchester City Council - Chorlton,Chorlton Place,2021,September,35,Tuesday,31 Aug 2021,06:00,5,21,26,5,21,26,No Group
Manchester City Council - Chorlton,Chorlton Place,2021,September,35,Tuesday,31 Aug 2021,07:00,18,43,61,18,43,61,No Group
Manchester City Council - Chorlton,Chorlton Place,2021,September,35,Tuesday,31 Aug 2021,08:00,29,55,84,29,55,84,No Group
Manchester City Council - Chorlton,Chorlton Place,2021,September,35,Tuesday,31 Aug 2021,09:00,68,90,158,68,90,158,No Group
Manchester City Council - Chorlton,Chorlton Place,2021,September,35,Tuesday,31 Aug 2021,10:00,110,132,242,110,132,242,No Group
Manchester City Council - Chorlton,Chorlton Place,2021,September,35,Tuesday,31 Aug 2021,11:00,130,146,276,130,146,276,No Group
Manchester City Council - Chorlton,Chorlton Place,2021,September,35,Tuesday,31 Aug 2021,12:00,180,195,375,180,195,375,No Group
Manchester City Council - Chorlton,Chorlton Place,2021,September,35,Tuesday,31 Aug 2021,13:00,174,196,370,174,196,370,No Group
Manchester City Council - Chorlton,Chorlton Place,2021,September,35,Tuesday,31 Aug 2021,14:00,178,187,365,178,187,365,No Group
Manchester City Council - Chorlton,Chorlton Place,2021,September,35,Tuesday,31 Aug 2021,15:00,165,157,322,165,157,322,No Group
Manchester City Council - Chorlton,Chorlton Place,2021,September,35,Tuesday,31 Aug 2021,16:00,118,128,246,118,128,246,No Group
Manchester City Council - Chorlton,Chorlton Place,2021,September,35,Tuesday,31 Aug 2021,17:00,104,115,219,104,115,219,No Group
Manchester City Council - Chorlton,Chorlton Place,2021,September,35,Tuesday,31 Aug 2021,18:00,81,64,145,81,64,145,No Group
Manchester City Council - Chorlton,Chorlton Place,2021,September,35,Tuesday,31 Aug 2021,19:00,61,43,104,61,43,104,No Group
Manchester City Council - Chorlton,Chorlton Place,2021,September,35,Tuesday,31 Aug 2021,20:00,50,33,83,50,33,83,No Group
Manchester City Council - Chorlton,Chorlton Place,2021,September,35,Tuesday,31 Aug 2021,21:00,29,36,65,29,36,65,No Group
Manchester City Council - Chorlton,Chorlton Place,2021,September,35,Tuesday,31 Aug 2021,22:00,22,18,40,22,18,40,No Group
Manchester City Council - Chorlton,Chorlton Place,2021,September,35,Tuesday,31 Aug 2021,23:00,11,11,22,11,11,22,No Group
Manchester City Council - Chorlton,Chorlton Place,2021,September,35,Wednesday,01 Sep 2021,00:00,9,0,9,9,0,9,No Group
Manchester City Council - Chorlton,Chorlton Place,2021,September,35,Wednesday,01 Sep 2021,01:00,3,5,8,3,5,8,No Group
Manchester City Council - Chorlton,Chorlton Place,2021,September,35,Wednesday,01 Sep 2021,02:00,2,1,3,2,1,3,No Group
Manchester City Council - Chorlton,Chorlton Place,2021,September,35,Wednesday,01 Sep 2021,03:00,3,1,4,3,1,4,No Group
Manchester City Council - Chorlton,Chorlton Place,2021,September,35,Wednesday,01 Sep 2021,04:00,2,3,5,2,3,5,No Group
Manchester City Council - Chorlton,Chorlton Place,2021,September,35,Wednesday,01 Sep 2021,05:00,2,7,9,2,7,9,No Group
Manchester City Council - Chorlton,Chorlton Place,2021,September,35,Wednesday,01 Sep 2021,06:00,6,15,21,6,15,21,No Group
Manchester City Council - Chorlton,Chorlton Place,2021,September,35,Wednesday,01 Sep 2021,07:00,18,40,58,18,40,58,No Group
Manchester City Council - Chorlton,Chorlton Place,2021,September,35,Wednesday,01 Sep 2021,08:00,30,59,89,30,59,89,No Group
Manchester City Council - Chorlton,Chorlton Place,2021,September,35,Wednesday,01 Sep 2021,09:00,58,93,151,58,93,151,No Group
Manchester City Council - Chorlton,Chorlton Place,2021,September,35,Wednesday,01 Sep 2021,10:00,100,110,210,100,110,210,No Group
Manchester City Council - Chorlton,Chorlton Place,2021,September,35,Wednesday,01 Sep 2021,11:00,129,141,270,129,141,270,No Group
Manchester City Council - Chorlton,Chorlton Place,2021,September,35,Wednesday,01 Sep 2021,12:00,152,164,316,152,164,316,No Group
Manchester City Council - Chorlton,Chorlton Place,2021,September,35,Wednesday,01 Sep 2021,13:00,185,186,371,185,186,371,No Group
Manchester City Council - Chorlton,Chorlton Place,2021,September,35,Wednesday,01 Sep 2021,14:00,146,152,298,146,152,298,No Group
Manchester City Council - Chorlton,Chorlton Place,2021,September,35,Wednesday,01 Sep 2021,15:00,153,181,334,153,181,334,No Group
Manchester City Council - Chorlton,Chorlton Place,2021,September,35,Wednesday,01 Sep 2021,16:00,152,152,304,152,152,304,No Group
Manchester City Council - Chorlton,Chorlton Place,2021,September,35,Wednesday,01 Sep 2021,17:00,99,87,186,99,87,186,No Group
Manchester City Council - Chorlton,Chorlton Place,2021,September,35,Wednesday,01 Sep 2021,18:00,62,66,128,62,66,128,No Group
Manchester City Council - Chorlton,Chorlton Place,2021,September,35,Wednesday,01 Sep 2021,19:00,61,50,111,61,50,111,No Group
Manchester City Council - Chorlton,Chorlton Place,2021,September,35,Wednesday,01 Sep 2021,20:00,60,41,101,60,41,101,No Group
Manchester City Council - Chorlton,Chorlton Place,2021,September,35,Wednesday,01 Sep 2021,21:00,27,36,63,27,36,63,No Group
Manchester City Council - Chorlton,Chorlton Place,2021,September,35,Wednesday,01 Sep 2021,22:00,32,20,52,32,20,52,No Group
Manchester City Council - Chorlton,Chorlton Place,2021,September,35,Wednesday,01 Sep 2021,23:00,8,7,15,8,7,15,No Group
Manchester City Council - Chorlton,Chorlton Place,2021,September,35,Thursday,02 Sep 2021,00:00,5,4,9,5,4,9,No Group
Manchester City Council - Chorlton,Chorlton Place,2021,September,35,Thursday,02 Sep 2021,01:00,3,0,3,3,0,3,No Group
Manchester City Council - Chorlton,Chorlton Place,2021,September,35,Thursday,02 Sep 2021,02:00,2,1,3,2,1,3,No Group
Manchester City Council - Chorlton,Chorlton Place,2021,September,35,Thursday,02 Sep 2021,03:00,1,0,1,1,0,1,No Group
Manchester City Council - Chorlton,Chorlton Place,2021,September,35,Thursday,02 Sep 2021,04:00,1,4,5,1,4,5,No Group
Manchester City Council - Chorlton,Chorlton Place,2021,September,35,Thursday,02 Sep 2021,05:00,1,7,8,1,7,8,No Group
Manchester City Council - Chorlton,Chorlton Place,2021,September,35,Thursday,02 Sep 2021,06:00,16,25,41,16,25,41,No Group
Manchester City Council - Chorlton,Chorlton Place,2021,September,35,Thursday,02 Sep 2021,07:00,14,37,51,14,37,51,No Group
Manchester City Council - Chorlton,Chorlton Place,2021,September,35,Thursday,02 Sep 2021,08:00,23,64,87,23,64,87,No Group
Manchester City Council - Chorlton,Chorlton Place,2021,September,35,Thursday,02 Sep 2021,09:00,67,88,155,67,88,155,No Group
Manchester City Council - Chorlton,Chorlton Place,2021,September,35,Thursday,02 Sep 2021,10:00,100,108,208,100,108,208,No Group
Manchester City Council - Chorlton,Chorlton Place,2021,September,35,Thursday,02 Sep 2021,11:00,143,141,284,143,141,284,No Group
Manchester City Council - Chorlton,Chorlton Place,2021,September,35,Thursday,02 Sep 2021,12:00,159,191,350,159,191,350,No Group
Manchester City Council - Chorlton,Chorlton Place,2021,September,35,Thursday,02 Sep 2021,13:00,195,182,377,195,182,377,No Group
Manchester City Council - Chorlton,Chorlton Place,2021,September,35,Thursday,02 Sep 2021,14:00,167,188,355,167,188,355,No Group
Manchester City Council - Chorlton,Chorlton Place,2021,September,35,Thursday,02 Sep 2021,15:00,157,168,325,157,168,325,No Group
Manchester City Council - Chorlton,Chorlton Place,2021,September,35,Thursday,02 Sep 2021,16:00,132,141,273,132,141,273,No Group
Manchester City Council - Chorlton,Chorlton Place,2021,September,35,Thursday,02 Sep 2021,17:00,111,122,233,111,122,233,No Group
Manchester City Council - Chorlton,Chorlton Place,2021,September,35,Thursday,02 Sep 2021,18:00,88,78,166,88,78,166,No Group
Manchester City Council - Chorlton,Chorlton Place,2021,September,35,Thursday,02 Sep 2021,19:00,59,51,110,59,51,110,No Group
Manchester City Council - Chorlton,Chorlton Place,2021,September,35,Thursday,02 Sep 2021,20:00,32,40,72,32,40,72,No Group
Manchester City Council - Chorlton,Chorlton Place,2021,September,35,Thursday,02 Sep 2021,21:00,27,33,60,27,33,60,No Group
Manchester City Council - Chorlton,Chorlton Place,2021,September,35,Thursday,02 Sep 2021,22:00,32,31,63,32,31,63,No Group
Manchester City Council - Chorlton,Chorlton Place,2021,September,35,Thursday,02 Sep 2021,23:00,28,10,38,28,10,38,No Group
Manchester City Council - Chorlton,Chorlton Place,2021,September,35,Friday,03 Sep 2021,00:00,8,6,14,8,6,14,No Group
Manchester City Council - Chorlton,Chorlton Place,2021,September,35,Friday,03 Sep 2021,01:00,1,3,4,1,3,4,No Group
Manchester City Council - Chorlton,Chorlton Place,2021,September,35,Friday,03 Sep 2021,02:00,1,1,2,1,1,2,No Group
Manchester City Council - Chorlton,Chorlton Place,2021,September,35,Friday,03 Sep 2021,03:00,0,2,2,0,2,2,No Group
Manchester City Council - Chorlton,Chorlton Place,2021,September,35,Friday,03 Sep 2021,04:00,0,2,2,0,2,2,No Group
Manchester City Council - Chorlton,Chorlton Place,2021,September,35,Friday,03 Sep 2021,05:00,0,9,9,0,9,9,No Group
Manchester City Council - Chorlton,Chorlton Place,2021,September,35,Friday,03 Sep 2021,06:00,7,19,26,7,19,26,No Group
Manchester City Council - Chorlton,Chorlton Place,2021,September,35,Friday,03 Sep 2021,07:00,19,33,52,19,33,52,No Group
Manchester City Council - Chorlton,Chorlton Place,2021,September,35,Friday,03 Sep 2021,08:00,41,73,114,41,73,114,No Group
Manchester City Council - Chorlton,Chorlton Place,2021,September,35,Friday,03 Sep 2021,09:00,70,95,165,70,95,165,No Group
Manchester City Council - Chorlton,Chorlton Place,2021,September,35,Friday,03 Sep 2021,10:00,110,109,219,110,109,219,No Group
Manchester City Council - Chorlton,Chorlton Place,2021,September,35,Friday,03 Sep 2021,11:00,142,179,321,142,179,321,No Group
Manchester City Council - Chorlton,Chorlton Place,2021,September,35,Friday,03 Sep 2021,12:00,158,168,326,158,168,326,No Group
Manchester City Council - Chorlton,Chorlton Place,2021,September,35,Friday,03 Sep 2021,13:00,148,167,315,148,167,315,No Group
Manchester City Council - Chorlton,Chorlton Place,2021,September,35,Friday,03 Sep 2021,14:00,180,174,354,180,174,354,No Group
Manchester City Council - Chorlton,Chorlton Place,2021,September,35,Friday,03 Sep 2021,15:00,158,146,304,158,146,304,No Group
Manchester City Council - Chorlton,Chorlton Place,2021,September,35,Friday,03 Sep 2021,16:00,144,150,294,144,150,294,No Group
Manchester City Council - Chorlton,Chorlton Place,2021,September,35,Friday,03 Sep 2021,17:00,98,97,195,98,97,195,No Group
Manchester City Council - Chorlton,Chorlton Place,2021,September,35,Friday,03 Sep 2021,18:00,85,93,178,85,93,178,No Group
Manchester City Council - Chorlton,Chorlton Place,2021,September,35,Friday,03 Sep 2021,19:00,94,84,178,94,84,178,No Group
Manchester City Council - Chorlton,Chorlton Place,2021,September,35,Friday,03 Sep 2021,20:00,48,63,111,48,63,111,No Group
Manchester City Council - Chorlton,Chorlton Place,2021,September,35,Friday,03 Sep 2021,21:00,34,38,72,34,38,72,No Group
Manchester City Council - Chorlton,Chorlton Place,2021,September,35,Friday,03 Sep 2021,22:00,21,22,43,21,22,43,No Group
Manchester City Council - Chorlton,Chorlton Place,2021,September,35,Friday,03 Sep 2021,23:00,24,19,43,24,19,43,No Group
Manchester City Council - Chorlton,Chorlton Place,2021,September,35,Saturday,04 Sep 2021,00:00,6,10,16,6,10,16,No Group
Manchester City Council - Chorlton,Chorlton Place,2021,September,35,Saturday,04 Sep 2021,01:00,15,11,26,15,11,26,No Group
Manchester City Council - Chorlton,Chorlton Place,2021,September,35,Saturday,04 Sep 2021,02:00,3,1,4,3,1,4,No Group
Manchester City Council - Chorlton,Chorlton Place,2021,September,35,Saturday,04 Sep 2021,03:00,1,6,7,1,6,7,No Group
Manchester City Council - Chorlton,Chorlton Place,2021,September,35,Saturday,04 Sep 2021,04:00,2,3,5,2,3,5,No Group
Manchester City Council - Chorlton,Chorlton Place,2021,September,35,Saturday,04 Sep 2021,05:00,3,4,7,3,4,7,No Group
Manchester City Council - Chorlton,Chorlton Place,2021,September,35,Saturday,04 Sep 2021,06:00,1,10,11,1,10,11,No Group
Manchester City Council - Chorlton,Chorlton Place,2021,September,35,Saturday,04 Sep 2021,07:00,4,18,22,4,18,22,No Group
Manchester City Council - Chorlton,Chorlton Place,2021,September,35,Saturday,04 Sep 2021,08:00,34,40,74,34,40,74,No Group
Manchester City Council - Chorlton,Chorlton Place,2021,September,35,Saturday,04 Sep 2021,09:00,73,93,166,73,93,166,No Group
Manchester City Council - Chorlton,Chorlton Place,2021,September,35,Saturday,04 Sep 2021,10:00,135,148,283,135,148,283,No Group
Manchester City Council - Chorlton,Chorlton Place,2021,September,35,Saturday,04 Sep 2021,11:00,176,197,373,176,197,373,No Group
Manchester City Council - Chorlton,Chorlton Place,2021,September,35,Saturday,04 Sep 2021,12:00,250,232,482,250,232,482,No Group
Manchester City Council - Chorlton,Chorlton Place,2021,September,35,Saturday,04 Sep 2021,13:00,214,277,491,214,277,491,No Group
Manchester City Council - Chorlton,Chorlton Place,2021,September,35,Saturday,04 Sep 2021,14:00,275,272,547,275,272,547,No Group
Manchester City Council - Chorlton,Chorlton Place,2021,September,35,Saturday,04 Sep 2021,15:00,223,213,436,223,213,436,No Group
Manchester City Council - Chorlton,Chorlton Place,2021,September,35,Saturday,04 Sep 2021,16:00,175,163,338,175,163,338,No Group
Manchester City Council - Chorlton,Chorlton Place,2021,September,35,Saturday,04 Sep 2021,17:00,94,98,192,94,98,192,No Group
Manchester City Council - Chorlton,Chorlton Place,2021,September,35,Saturday,04 Sep 2021,18:00,76,80,156,76,80,156,No Group
Manchester City Council - Chorlton,Chorlton Place,2021,September,35,Saturday,04 Sep 2021,19:00,74,63,137,74,63,137,No Group
Manchester City Council - Chorlton,Chorlton Place,2021,September,35,Saturday,04 Sep 2021,20:00,39,59,98,39,59,98,No Group
Manchester City Council - Chorlton,Chorlton Place,2021,September,35,Saturday,04 Sep 2021,21:00,37,34,71,37,34,71,No Group
Manchester City Council - Chorlton,Chorlton Place,2021,September,35,Saturday,04 Sep 2021,22:00,18,30,48,18,30,48,No Group
Manchester City Council - Chorlton,Chorlton Place,2021,September,35,Saturday,04 Sep 2021,23:00,27,12,39,27,12,39,No Group
Manchester City Council - Chorlton,Chorlton Place,2021,September,35,Sunday,05 Sep 2021,00:00,13,15,28,13,15,28,No Group
Manchester City Council - Chorlton,Chorlton Place,2021,September,35,Sunday,05 Sep 2021,01:00,2,2,4,2,2,4,No Group
Manchester City Council - Chorlton,Chorlton Place,2021,September,35,Sunday,05 Sep 2021,02:00,6,1,7,6,1,7,No Group
Manchester City Council - Chorlton,Chorlton Place,2021,September,35,Sunday,05 Sep 2021,03:00,1,1,2,1,1,2,No Group
Manchester City Council - Chorlton,Chorlton Place,2021,September,35,Sunday,05 Sep 2021,04:00,3,5,8,3,5,8,No Group
Manchester City Council - Chorlton,Chorlton Place,2021,September,35,Sunday,05 Sep 2021,05:00,4,11,15,4,11,15,No Group
Manchester City Council - Chorlton,Chorlton Place,2021,September,35,Sunday,05 Sep 2021,06:00,1,8,9,1,8,9,No Group
Manchester City Council - Chorlton,Chorlton Place,2021,September,35,Sunday,05 Sep 2021,07:00,10,13,23,10,13,23,No Group
Manchester City Council - Chorlton,Chorlton Place,2021,September,35,Sunday,05 Sep 2021,08:00,12,18,30,12,18,30,No Group
Manchester City Council - Chorlton,Chorlton Place,2021,September,35,Sunday,05 Sep 2021,09:00,36,47,83,36,47,83,No Group
Manchester City Council - Chorlton,Chorlton Place,2021,September,35,Sunday,05 Sep 2021,10:00,110,105,215,110,105,215,No Group
Manchester City Council - Chorlton,Chorlton Place,2021,September,35,Sunday,05 Sep 2021,11:00,106,139,245,106,139,245,No Group
Manchester City Council - Chorlton,Chorlton Place,2021,September,35,Sunday,05 Sep 2021,12:00,114,142,256,114,142,256,No Group
Manchester City Council - Chorlton,Chorlton Place,2021,September,35,Sunday,05 Sep 2021,13:00,123,145,268,123,145,268,No Group
Manchester City Council - Chorlton,Chorlton Place,2021,September,35,Sunday,05 Sep 2021,14:00,124,155,279,124,155,279,No Group
Manchester City Council - Chorlton,Chorlton Place,2021,September,35,Sunday,05 Sep 2021,15:00,133,113,246,133,113,246,No Group
Manchester City Council - Chorlton,Chorlton Place,2021,September,35,Sunday,05 Sep 2021,16:00,86,69,155,86,69,155,No Group
Manchester City Council - Chorlton,Chorlton Place,2021,September,35,Sunday,05 Sep 2021,17:00,52,73,125,52,73,125,No Group
Manchester City Council - Chorlton,Chorlton Place,2021,September,35,Sunday,05 Sep 2021,18:00,52,68,120,52,68,120,No Group
Manchester City Council - Chorlton,Chorlton Place,2021,September,35,Sunday,05 Sep 2021,19:00,45,46,91,45,46,91,No Group
Manchester City Council - Chorlton,Chorlton Place,2021,September,35,Sunday,05 Sep 2021,20:00,44,46,90,44,46,90,No Group
Manchester City Council - Chorlton,Chorlton Place,2021,September,35,Sunday,05 Sep 2021,21:00,13,21,34,13,21,34,No Group
Manchester City Council - Chorlton,Chorlton Place,2021,September,35,Sunday,05 Sep 2021,22:00,20,19,39,20,19,39,No Group
Manchester City Council - Chorlton,Chorlton Place,2021,September,35,Sunday,05 Sep 2021,23:00,11,2,13,11,2,13,No Group
Manchester City Council - Chorlton,Chorlton Place,2021,September,36,Monday,06 Sep 2021,00:00,9,11,20,9,11,20,No Group
Manchester City Council - Chorlton,Chorlton Place,2021,September,36,Monday,06 Sep 2021,01:00,7,4,11,7,4,11,No Group
Manchester City Council - Chorlton,Chorlton Place,2021,September,36,Monday,06 Sep 2021,02:00,2,1,3,2,1,3,No Group
Manchester City Council - Chorlton,Chorlton Place,2021,September,36,Monday,06 Sep 2021,03:00,3,1,4,3,1,4,No Group
Manchester City Council - Chorlton,Chorlton Place,2021,September,36,Monday,06 Sep 2021,04:00,1,1,2,1,1,2,No Group
Manchester City Council - Chorlton,Chorlton Place,2021,September,36,Monday,06 Sep 2021,05:00,3,9,12,3,9,12,No Group
Manchester City Council - Chorlton,Chorlton Place,2021,September,36,Monday,06 Sep 2021,06:00,5,18,23,5,18,23,No Group
Manchester City Council - Chorlton,Chorlton Place,2021,September,36,Monday,06 Sep 2021,07:00,20,40,60,20,40,60,No Group
Manchester City Council - Chorlton,Chorlton Place,2021,September,36,Monday,06 Sep 2021,08:00,39,66,105,39,66,105,No Group
Manchester City Council - Chorlton,Chorlton Place,2021,September,36,Monday,06 Sep 2021,09:00,80,110,190,80,110,190,No Group
Manchester City Council - Chorlton,Chorlton Place,2021,September,36,Monday,06 Sep 2021,10:00,101,102,203,101,102,203,No Group
Manchester City Council - Chorlton,Chorlton Place,2021,September,36,Monday,06 Sep 2021,11:00,125,125,250,125,125,250,No Group
Manchester City Council - Chorlton,Chorlton Place,2021,September,36,Monday,06 Sep 2021,12:00,121,160,281,121,160,281,No Group
Manchester City Council - Chorlton,Chorlton Place,2021,September,36,Monday,06 Sep 2021,13:00,164,168,332,164,168,332,No Group
Manchester City Council - Chorlton,Chorlton Place,2021,September,36,Monday,06 Sep 2021,14:00,160,150,310,160,150,310,No Group
Manchester City Council - Chorlton,Chorlton Place,2021,September,36,Monday,06 Sep 2021,15:00,143,135,278,143,135,278,No Group
Manchester City Council - Chorlton,Chorlton Place,2021,September,36,Monday,06 Sep 2021,16:00,159,135,294,159,135,294,No Group
Manchester City Council - Chorlton,Chorlton Place,2021,September,36,Monday,06 Sep 2021,17:00,92,109,201,92,109,201,No Group
Manchester City Council - Chorlton,Chorlton Place,2021,September,36,Monday,06 Sep 2021,18:00,75,59,134,75,59,134,No Group
Manchester City Council - Chorlton,Chorlton Place,2021,September,36,Monday,06 Sep 2021,19:00,78,58,136,78,58,136,No Group
Manchester City Council - Chorlton,Chorlton Place,2021,September,36,Monday,06 Sep 2021,20:00,42,59,101,42,59,101,No Group
Manchester City Council - Chorlton,Chorlton Place,2021,September,36,Monday,06 Sep 2021,21:00,32,34,66,32,34,66,No Group
Manchester City Council - Chorlton,Chorlton Place,2021,September,36,Monday,06 Sep 2021,22:00,21,27,48,21,27,48,No Group
Manchester City Council - Chorlton,Chorlton Place,2021,September,36,Monday,06 Sep 2021,23:00,14,5,19,14,5,19,No Group
Manchester City Council - Chorlton,Chorlton Place,2021,September,36,Tuesday,07 Sep 2021,00:00,7,4,11,7,4,11,No Group
Manchester City Council - Chorlton,Chorlton Place,2021,September,36,Tuesday,07 Sep 2021,01:00,5,0,5,5,0,5,No Group
Manchester City Council - Chorlton,Chorlton Place,2021,September,36,Tuesday,07 Sep 2021,02:00,1,1,2,1,1,2,No Group
Manchester City Council - Chorlton,Chorlton Place,2021,September,36,Tuesday,07 Sep 2021,03:00,1,2,3,1,2,3,No Group
Manchester City Council - Chorlton,Chorlton Place,2021,September,36,Tuesday,07 Sep 2021,04:00,4,2,6,4,2,6,No Group
Manchester City Council - Chorlton,Chorlton Place,2021,September,36,Tuesday,07 Sep 2021,05:00,0,4,4,0,4,4,No Group
Manchester City Council - Chorlton,Chorlton Place,2021,September,36,Tuesday,07 Sep 2021,06:00,11,16,27,11,16,27,No Group
Manchester City Council - Chorlton,Chorlton Place,2021,September,36,Tuesday,07 Sep 2021,07:00,16,50,66,16,50,66,No Group
Manchester City Council - Chorlton,Chorlton Place,2021,September,36,Tuesday,07 Sep 2021,08:00,47,83,130,47,83,130,No Group
Manchester City Council - Chorlton,Chorlton Place,2021,September,36,Tuesday,07 Sep 2021,09:00,94,98,192,94,98,192,No Group
Manchester City Council - Chorlton,Chorlton Place,2021,September,36,Tuesday,07 Sep 2021,10:00,110,161,271,110,161,271,No Group
Manchester City Council - Chorlton,Chorlton Place,2021,September,36,Tuesday,07 Sep 2021,11:00,197,247,444,197,247,444,No Group
Manchester City Council - Chorlton,Chorlton Place,2021,September,36,Tuesday,07 Sep 2021,12:00,225,280,505,225,280,505,No Group
Manchester City Council - Chorlton,Chorlton Place,2021,September,36,Tuesday,07 Sep 2021,13:00,181,196,377,181,196,377,No Group
Manchester City Council - Chorlton,Chorlton Place,2021,September,36,Tuesday,07 Sep 2021,14:00,133,139,272,133,139,272,No Group
Manchester City Council - Chorlton,Chorlton Place,2021,September,36,Tuesday,07 Sep 2021,15:00,120,140,260,120,140,260,No Group
Manchester City Council - Chorlton,Chorlton Place,2021,September,36,Tuesday,07 Sep 2021,16:00,123,108,231,123,108,231,No Group
Manchester City Council - Chorlton,Chorlton Place,2021,September,36,Tuesday,07 Sep 2021,17:00,111,109,220,111,109,220,No Group
Manchester City Council - Chorlton,Chorlton Place,2021,September,36,Tuesday,07 Sep 2021,18:00,87,102,189,87,102,189,No Group
Manchester City Council - Chorlton,Chorlton Place,2021,September,36,Tuesday,07 Sep 2021,19:00,69,53,122,69,53,122,No Group
Manchester City Council - Chorlton,Chorlton Place,2021,September,36,Tuesday,07 Sep 2021,20:00,63,49,112,63,49,112,No Group
Manchester City Council - Chorlton,Chorlton Place,2021,September,36,Tuesday,07 Sep 2021,21:00,21,31,52,21,31,52,No Group
Manchester City Council - Chorlton,Chorlton Place,2021,September,36,Tuesday,07 Sep 2021,22:00,23,14,37,23,14,37,No Group
Manchester City Council - Chorlton,Chorlton Place,2021,September,36,Tuesday,07 Sep 2021,23:00,20,17,37,20,17,37,No Group
Manchester City Council - Chorlton,Chorlton Place,2021,September,36,Wednesday,08 Sep 2021,00:00,6,7,13,6,7,13,No Group
Manchester City Council - Chorlton,Chorlton Place,2021,September,36,Wednesday,08 Sep 2021,01:00,9,9,18,9,9,18,No Group
Manchester City Council - Chorlton,Chorlton Place,2021,September,36,Wednesday,08 Sep 2021,02:00,0,0,0,0,0,0,No Group
Manchester City Council - Chorlton,Chorlton Place,2021,September,36,Wednesday,08 Sep 2021,03:00,2,3,5,2,3,5,No Group
Manchester City Council - Chorlton,Chorlton Place,2021,September,36,Wednesday,08 Sep 2021,04:00,0,0,0,0,0,0,No Group
Manchester City Council - Chorlton,Chorlton Place,2021,September,36,Wednesday,08 Sep 2021,05:00,3,7,10,3,7,10,No Group
Manchester City Council - Chorlton,Chorlton Place,2021,September,36,Wednesday,08 Sep 2021,06:00,6,18,24,6,18,24,No Group
Manchester City Council - Chorlton,Chorlton Place,2021,September,36,Wednesday,08 Sep 2021,07:00,23,51,74,23,51,74,No Group
Manchester City Council - Chorlton,Chorlton Place,2021,September,36,Wednesday,08 Sep 2021,08:00,44,79,123,44,79,123,No Group
Manchester City Council - Chorlton,Chorlton Place,2021,September,36,Wednesday,08 Sep 2021,09:00,90,119,209,90,119,209,No Group
Manchester City Council - Chorlton,Chorlton Place,2021,September,36,Wednesday,08 Sep 2021,10:00,118,155,273,118,155,273,No Group
Manchester City Council - Chorlton,Chorlton Place,2021,September,36,Wednesday,08 Sep 2021,11:00,145,211,356,145,211,356,No Group
Manchester City Council - Chorlton,Chorlton Place,2021,September,36,Wednesday,08 Sep 2021,12:00,241,332,573,241,332,573,No Group
Manchester City Council - Chorlton,Chorlton Place,2021,September,36,Wednesday,08 Sep 2021,13:00,165,161,326,165,161,326,No Group
Manchester City Council - Chorlton,Chorlton Place,2021,September,36,Wednesday,08 Sep 2021,14:00,127,130,257,127,130,257,No Group
Manchester City Council - Chorlton,Chorlton Place,2021,September,36,Wednesday,08 Sep 2021,15:00,123,114,237,123,114,237,No Group
Manchester City Council - Chorlton,Chorlton Place,2021,September,36,Wednesday,08 Sep 2021,16:00,114,111,225,114,111,225,No Group
Manchester City Council - Chorlton,Chorlton Place,2021,September,36,Wednesday,08 Sep 2021,17:00,90,96,186,90,96,186,No Group
Manchester City Council - Chorlton,Chorlton Place,2021,September,36,Wednesday,08 Sep 2021,18:00,88,71,159,88,71,159,No Group
Manchester City Council - Chorlton,Chorlton Place,2021,September,36,Wednesday,08 Sep 2021,19:00,63,57,120,63,57,120,No Group
Manchester City Council - Chorlton,Chorlton Place,2021,September,36,Wednesday,08 Sep 2021,20:00,50,48,98,50,48,98,No Group
Manchester City Council - Chorlton,Chorlton Place,2021,September,36,Wednesday,08 Sep 2021,21:00,32,70,102,32,70,102,No Group
Manchester City Council - Chorlton,Chorlton Place,2021,September,36,Wednesday,08 Sep 2021,22:00,28,31,59,28,31,59,No Group
Manchester City Council - Chorlton,Chorlton Place,2021,September,36,Wednesday,08 Sep 2021,23:00,19,4,23,19,4,23,No Group
Manchester City Council - Chorlton,Chorlton Place,2021,September,36,Thursday,09 Sep 2021,00:00,8,3,11,8,3,11,No Group
Manchester City Council - Chorlton,Chorlton Place,2021,September,36,Thursday,09 Sep 2021,01:00,5,2,7,5,2,7,No Group
Manchester City Council - Chorlton,Chorlton Place,2021,September,36,Thursday,09 Sep 2021,02:00,0,1,1,0,1,1,No Group
Manchester City Council - Chorlton,Chorlton Place,2021,September,36,Thursday,09 Sep 2021,03:00,0,1,1,0,1,1,No Group
Manchester City Council - Chorlton,Chorlton Place,2021,September,36,Thursday,09 Sep 2021,04:00,0,1,1,0,1,1,No Group
Manchester City Council - Chorlton,Chorlton Place,2021,September,36,Thursday,09 Sep 2021,05:00,2,8,10,2,8,10,No Group
Manchester City Council - Chorlton,Chorlton Place,2021,September,36,Thursday,09 Sep 2021,06:00,8,12,20,8,12,20,No Group
Manchester City Council - Chorlton,Chorlton Place,2021,September,36,Thursday,09 Sep 2021,07:00,15,40,55,15,40,55,No Group
Manchester City Council - Chorlton,Chorlton Place,2021,September,36,Thursday,09 Sep 2021,08:00,47,93,140,47,93,140,No Group
Manchester City Council - Chorlton,Chorlton Place,2021,September,36,Thursday,09 Sep 2021,09:00,86,94,180,86,94,180,No Group
Manchester City Council - Chorlton,Chorlton Place,2021,September,36,Thursday,09 Sep 2021,10:00,110,116,226,110,116,226,No Group
Manchester City Council - Chorlton,Chorlton Place,2021,September,36,Thursday,09 Sep 2021,11:00,119,127,246,119,127,246,No Group
Manchester City Council - Chorlton,Chorlton Place,2021,September,36,Thursday,09 Sep 2021,12:00,171,193,364,171,193,364,No Group
Manchester City Council - Chorlton,Chorlton Place,2021,September,36,Thursday,09 Sep 2021,13:00,162,183,345,162,183,345,No Group
Manchester City Council - Chorlton,Chorlton Place,2021,September,36,Thursday,09 Sep 2021,14:00,132,142,274,132,142,274,No Group
Manchester City Council - Chorlton,Chorlton Place,2021,September,36,Thursday,09 Sep 2021,15:00,127,127,254,127,127,254,No Group
Manchester City Council - Chorlton,Chorlton Place,2021,September,36,Thursday,09 Sep 2021,16:00,110,106,216,110,106,216,No Group
Manchester City Council - Chorlton,Chorlton Place,2021,September,36,Thursday,09 Sep 2021,17:00,102,100,202,102,100,202,No Group
Manchester City Council - Chorlton,Chorlton Place,2021,September,36,Thursday,09 Sep 2021,18:00,99,74,173,99,74,173,No Group
Manchester City Council - Chorlton,Chorlton Place,2021,September,36,Thursday,09 Sep 2021,19:00,53,52,105,53,52,105,No Group
Manchester City Council - Chorlton,Chorlton Place,2021,September,36,Thursday,09 Sep 2021,20:00,39,42,81,39,42,81,No Group
Manchester City Council - Chorlton,Chorlton Place,2021,September,36,Thursday,09 Sep 2021,21:00,26,45,71,26,45,71,No Group
Manchester City Council - Chorlton,Chorlton Place,2021,September,36,Thursday,09 Sep 2021,22:00,40,9,49,40,9,49,No Group
Manchester City Council - Chorlton,Chorlton Place,2021,September,36,Thursday,09 Sep 2021,23:00,22,10,32,22,10,32,No Group
Manchester City Council - Chorlton,Chorlton Place,2021,September,36,Friday,10 Sep 2021,00:00,10,3,13,10,3,13,No Group
Manchester City Council - Chorlton,Chorlton Place,2021,September,36,Friday,10 Sep 2021,01:00,1,1,2,1,1,2,No Group
Manchester City Council - Chorlton,Chorlton Place,2021,September,36,Friday,10 Sep 2021,02:00,2,1,3,2,1,3,No Group
Manchester City Council - Chorlton,Chorlton Place,2021,September,36,Friday,10 Sep 2021,03:00,2,3,5,2,3,5,No Group
Manchester City Council - Chorlton,Chorlton Place,2021,September,36,Friday,10 Sep 2021,04:00,0,4,4,0,4,4,No Group
Manchester City Council - Chorlton,Chorlton Place,2021,September,36,Friday,10 Sep 2021,05:00,2,5,7,2,5,7,No Group
Manchester City Council - Chorlton,Chorlton Place,2021,September,36,Friday,10 Sep 2021,06:00,4,15,19,4,15,19,No Group
Manchester City Council - Chorlton,Chorlton Place,2021,September,36,Friday,10 Sep 2021,07:00,31,54,85,31,54,85,No Group
Manchester City Council - Chorlton,Chorlton Place,2021,September,36,Friday,10 Sep 2021,08:00,37,68,105,37,68,105,No Group
Manchester City Council - Chorlton,Chorlton Place,2021,September,36,Friday,10 Sep 2021,09:00,92,106,198,92,106,198,No Group
Manchester City Council - Chorlton,Chorlton Place,2021,September,36,Friday,10 Sep 2021,10:00,154,150,304,154,150,304,No Group
Manchester City Council - Chorlton,Chorlton Place,2021,September,36,Friday,10 Sep 2021,11:00,142,147,289,142,147,289,No Group
Manchester City Council - Chorlton,Chorlton Place,2021,September,36,Friday,10 Sep 2021,12:00,167,199,366,167,199,366,No Group
Manchester City Council - Chorlton,Chorlton Place,2021,September,36,Friday,10 Sep 2021,13:00,168,184,352,168,184,352,No Group
Manchester City Council - Chorlton,Chorlton Place,2021,September,36,Friday,10 Sep 2021,14:00,159,155,314,159,155,314,No Group
Manchester City Council - Chorlton,Chorlton Place,2021,September,36,Friday,10 Sep 2021,15:00,137,158,295,137,158,295,No Group
Manchester City Council - Chorlton,Chorlton Place,2021,September,36,Friday,10 Sep 2021,16:00,166,163,329,166,163,329,No Group
Manchester City Council - Chorlton,Chorlton Place,2021,September,36,Friday,10 Sep 2021,17:00,115,107,222,115,107,222,No Group
Manchester City Council - Chorlton,Chorlton Place,2021,September,36,Friday,10 Sep 2021,18:00,95,87,182,95,87,182,No Group
Manchester City Council - Chorlton,Chorlton Place,2021,September,36,Friday,10 Sep 2021,19:00,64,81,145,64,81,145,No Group
Manchester City Council - Chorlton,Chorlton Place,2021,September,36,Friday,10 Sep 2021,20:00,72,66,138,72,66,138,No Group
Manchester City Council - Chorlton,Chorlton Place,2021,September,36,Friday,10 Sep 2021,21:00,38,46,84,38,46,84,No Group
Manchester City Council - Chorlton,Chorlton Place,2021,September,36,Friday,10 Sep 2021,22:00,37,19,56,37,19,56,No Group
Manchester City Council - Chorlton,Chorlton Place,2021,September,36,Friday,10 Sep 2021,23:00,31,24,55,31,24,55,No Group
Manchester City Council - Chorlton,Chorlton Place,2021,September,36,Saturday,11 Sep 2021,00:00,25,41,66,25,41,66,No Group
Manchester City Council - Chorlton,Chorlton Place,2021,September,36,Saturday,11 Sep 2021,01:00,18,2,20,18,2,20,No Group
Manchester City Council - Chorlton,Chorlton Place,2021,September,36,Saturday,11 Sep 2021,02:00,6,0,6,6,0,6,No Group
Manchester City Council - Chorlton,Chorlton Place,2021,September,36,Saturday,11 Sep 2021,03:00,0,2,2,0,2,2,No Group
Manchester City Council - Chorlton,Chorlton Place,2021,September,36,Saturday,11 Sep 2021,04:00,3,5,8,3,5,8,No Group
Manchester City Council - Chorlton,Chorlton Place,2021,September,36,Saturday,11 Sep 2021,05:00,0,5,5,0,5,5,No Group
Manchester City Council - Chorlton,Chorlton Place,2021,September,36,Saturday,11 Sep 2021,06:00,0,1,1,0,1,1,No Group
Manchester City Council - Chorlton,Chorlton Place,2021,September,36,Saturday,11 Sep 2021,07:00,10,23,33,10,23,33,No Group
Manchester City Council - Chorlton,Chorlton Place,2021,September,36,Saturday,11 Sep 2021,08:00,38,65,103,38,65,103,No Group
Manchester City Council - Chorlton,Chorlton Place,2021,September,36,Saturday,11 Sep 2021,09:00,108,130,238,108,130,238,No Group
Manchester City Council - Chorlton,Chorlton Place,2021,September,36,Saturday,11 Sep 2021,10:00,139,149,288,139,149,288,No Group
Manchester City Council - Chorlton,Chorlton Place,2021,September,36,Saturday,11 Sep 2021,11:00,195,210,405,195,210,405,No Group
Manchester City Council - Chorlton,Chorlton Place,2021,September,36,Saturday,11 Sep 2021,12:00,211,211,422,211,211,422,No Group
Manchester City Council - Chorlton,Chorlton Place,2021,September,36,Saturday,11 Sep 2021,13:00,204,233,437,204,233,437,No Group
Manchester City Council - Chorlton,Chorlton Place,2021,September,36,Saturday,11 Sep 2021,14:00,224,235,459,224,235,459,No Group
Manchester City Council - Chorlton,Chorlton Place,2021,September,36,Saturday,11 Sep 2021,15:00,202,206,408,202,206,408,No Group
Manchester City Council - Chorlton,Chorlton Place,2021,September,36,Saturday,11 Sep 2021,16:00,166,161,327,166,161,327,No Group
Manchester City Council - Chorlton,Chorlton Place,2021,September,36,Saturday,11 Sep 2021,17:00,87,98,185,87,98,185,No Group
Manchester City Council - Chorlton,Chorlton Place,2021,September,36,Saturday,11 Sep 2021,18:00,98,74,172,98,74,172,No Group
Manchester City Council - Chorlton,Chorlton Place,2021,September,36,Saturday,11 Sep 2021,19:00,62,80,142,62,80,142,No Group
Manchester City Council - Chorlton,Chorlton Place,2021,September,36,Saturday,11 Sep 2021,20:00,44,42,86,44,42,86,No Group
Manchester City Council - Chorlton,Chorlton Place,2021,September,36,Saturday,11 Sep 2021,21:00,40,52,92,40,52,92,No Group
Manchester City Council - Chorlton,Chorlton Place,2021,September,36,Saturday,11 Sep 2021,22:00,29,35,64,29,35,64,No Group
Manchester City Council - Chorlton,Chorlton Place,2021,September,36,Saturday,11 Sep 2021,23:00,15,19,34,15,19,34,No Group
Manchester City Council - Chorlton,Chorlton Place,2021,September,36,Sunday,12 Sep 2021,00:00,12,14,26,12,14,26,No Group
Manchester City Council - Chorlton,Chorlton Place,2021,September,36,Sunday,12 Sep 2021,01:00,17,8,25,17,8,25,No Group
Manchester City Council - Chorlton,Chorlton Place,2021,September,36,Sunday,12 Sep 2021,02:00,3,9,12,3,9,12,No Group
Manchester City Council - Chorlton,Chorlton Place,2021,September,36,Sunday,12 Sep 2021,03:00,7,2,9,7,2,9,No Group
Manchester City Council - Chorlton,Chorlton Place,2021,September,36,Sunday,12 Sep 2021,04:00,1,1,2,1,1,2,No Group
Manchester City Council - Chorlton,Chorlton Place,2021,September,36,Sunday,12 Sep 2021,05:00,0,0,0,0,0,0,No Group
Manchester City Council - Chorlton,Chorlton Place,2021,September,36,Sunday,12 Sep 2021,06:00,1,9,10,1,9,10,No Group
Manchester City Council - Chorlton,Chorlton Place,2021,September,36,Sunday,12 Sep 2021,07:00,1,6,7,1,6,7,No Group
Manchester City Council - Chorlton,Chorlton Place,2021,September,36,Sunday,12 Sep 2021,08:00,15,30,45,15,30,45,No Group
Manchester City Council - Chorlton,Chorlton Place,2021,September,36,Sunday,12 Sep 2021,09:00,26,34,60,26,34,60,No Group
Manchester City Council - Chorlton,Chorlton Place,2021,September,36,Sunday,12 Sep 2021,10:00,69,71,140,69,71,140,No Group
Manchester City Council - Chorlton,Chorlton Place,2021,September,36,Sunday,12 Sep 2021,11:00,92,116,208,92,116,208,No Group
Manchester City Council - Chorlton,Chorlton Place,2021,September,36,Sunday,12 Sep 2021,12:00,112,133,245,112,133,245,No Group
Manchester City Council - Chorlton,Chorlton Place,2021,September,36,Sunday,12 Sep 2021,13:00,117,134,251,117,134,251,No Group
Manchester City Council - Chorlton,Chorlton Place,2021,September,36,Sunday,12 Sep 2021,14:00,141,100,241,141,100,241,No Group
Manchester City Council - Chorlton,Chorlton Place,2021,September,36,Sunday,12 Sep 2021,15:00,99,83,182,99,83,182,No Group
Manchester City Council - Chorlton,Chorlton Place,2021,September,36,Sunday,12 Sep 2021,16:00,76,76,152,76,76,152,No Group
Manchester City Council - Chorlton,Chorlton Place,2021,September,36,Sunday,12 Sep 2021,17:00,50,63,113,50,63,113,No Group
Manchester City Council - Chorlton,Chorlton Place,2021,September,36,Sunday,12 Sep 2021,18:00,61,64,125,61,64,125,No Group
Manchester City Council - Chorlton,Chorlton Place,2021,September,36,Sunday,12 Sep 2021,19:00,55,49,104,55,49,104,No Group
Manchester City Council - Chorlton,Chorlton Place,2021,September,36,Sunday,12 Sep 2021,20:00,20,22,42,20,22,42,No Group
Manchester City Council - Chorlton,Chorlton Place,2021,September,36,Sunday,12 Sep 2021,21:00,20,19,39,20,19,39,No Group
Manchester City Council - Chorlton,Chorlton Place,2021,September,36,Sunday,12 Sep 2021,22:00,13,9,22,13,9,22,No Group
Manchester City Council - Chorlton,Chorlton Place,2021,September,36,Sunday,12 Sep 2021,23:00,5,3,8,5,3,8,No Group
Manchester City Council - Chorlton,Chorlton Place,2021,September,37,Monday,13 Sep 2021,00:00,9,0,9,9,0,9,No Group
Manchester City Council - Chorlton,Chorlton Place,2021,September,37,Monday,13 Sep 2021,01:00,1,2,3,1,2,3,No Group
Manchester City Council - Chorlton,Chorlton Place,2021,September,37,Monday,13 Sep 2021,02:00,1,3,4,1,3,4,No Group
Manchester City Council - Chorlton,Chorlton Place,2021,September,37,Monday,13 Sep 2021,03:00,3,4,7,3,4,7,No Group
Manchester City Council - Chorlton,Chorlton Place,2021,September,37,Monday,13 Sep 2021,04:00,0,2,2,0,2,2,No Group
Manchester City Council - Chorlton,Chorlton Place,2021,September,37,Monday,13 Sep 2021,05:00,0,5,5,0,5,5,No Group
Manchester City Council - Chorlton,Chorlton Place,2021,September,37,Monday,13 Sep 2021,06:00,3,10,13,3,10,13,No Group
Manchester City Council - Chorlton,Chorlton Place,2021,September,37,Monday,13 Sep 2021,07:00,20,41,61,20,41,61,No Group
Manchester City Council - Chorlton,Chorlton Place,2021,September,37,Monday,13 Sep 2021,08:00,29,94,123,29,94,123,No Group
Manchester City Council - Chorlton,Chorlton Place,2021,September,37,Monday,13 Sep 2021,09:00,64,72,136,64,72,136,No Group
Manchester City Council - Chorlton,Chorlton Place,2021,September,37,Monday,13 Sep 2021,10:00,94,116,210,94,116,210,No Group
Manchester City Council - Chorlton,Chorlton Place,2021,September,37,Monday,13 Sep 2021,11:00,128,148,276,128,148,276,No Group
Manchester City Council - Chorlton,Chorlton Place,2021,September,37,Monday,13 Sep 2021,12:00,114,154,268,114,154,268,No Group
Manchester City Council - Chorlton,Chorlton Place,2021,September,37,Monday,13 Sep 2021,13:00,143,133,276,143,133,276,No Group
Manchester City Council - Chorlton,Chorlton Place,2021,September,37,Monday,13 Sep 2021,14:00,127,147,274,127,147,274,No Group
Manchester City Council - Chorlton,Chorlton Place,2021,September,37,Monday,13 Sep 2021,15:00,125,128,253,125,128,253,No Group
Manchester City Council - Chorlton,Chorlton Place,2021,September,37,Monday,13 Sep 2021,16:00,126,110,236,126,110,236,No Group
Manchester City Council - Chorlton,Chorlton Place,2021,September,37,Monday,13 Sep 2021,17:00,99,98,197,99,98,197,No Group
Manchester City Council - Chorlton,Chorlton Place,2021,September,37,Monday,13 Sep 2021,18:00,79,69,148,79,69,148,No Group
Manchester City Council - Chorlton,Chorlton Place,2021,September,37,Monday,13 Sep 2021,19:00,78,50,128,78,50,128,No Group
Manchester City Council - Chorlton,Chorlton Place,2021,September,37,Monday,13 Sep 2021,20:00,30,27,57,30,27,57,No Group
Manchester City Council - Chorlton,Chorlton Place,2021,September,37,Monday,13 Sep 2021,21:00,18,27,45,18,27,45,No Group
Manchester City Council - Chorlton,Chorlton Place,2021,September,37,Monday,13 Sep 2021,22:00,20,21,41,20,21,41,No Group
Manchester City Council - Chorlton,Chorlton Place,2021,September,37,Monday,13 Sep 2021,23:00,7,19,26,7,19,26,No Group
Manchester City Council - Chorlton,Chorlton Place,2021,September,37,Tuesday,14 Sep 2021,00:00,10,1,11,10,1,11,No Group
Manchester City Council - Chorlton,Chorlton Place,2021,September,37,Tuesday,14 Sep 2021,01:00,2,1,3,2,1,3,No Group
Manchester City Council - Chorlton,Chorlton Place,2021,September,37,Tuesday,14 Sep 2021,02:00,0,0,0,0,0,0,No Group
Manchester City Council - Chorlton,Chorlton Place,2021,September,37,Tuesday,14 Sep 2021,03:00,5,2,7,5,2,7,No Group
Manchester City Council - Chorlton,Chorlton Place,2021,September,37,Tuesday,14 Sep 2021,04:00,1,2,3,1,2,3,No Group
Manchester City Council - Chorlton,Chorlton Place,2021,September,37,Tuesday,14 Sep 2021,05:00,0,3,3,0,3,3,No Group
Manchester City Council - Chorlton,Chorlton Place,2021,September,37,Tuesday,14 Sep 2021,06:00,4,18,22,4,18,22,No Group
Manchester City Council - Chorlton,Chorlton Place,2021,September,37,Tuesday,14 Sep 2021,07:00,16,37,53,16,37,53,No Group
Manchester City Council - Chorlton,Chorlton Place,2021,September,37,Tuesday,14 Sep 2021,08:00,45,99,144,45,99,144,No Group
Manchester City Council - Chorlton,Chorlton Place,2021,September,37,Tuesday,14 Sep 2021,09:00,79,101,180,79,101,180,No Group
Manchester City Council - Chorlton,Chorlton Place,2021,September,37,Tuesday,14 Sep 2021,10:00,114,117,231,114,117,231,No Group
Manchester City Council - Chorlton,Chorlton Place,2021,September,37,Tuesday,14 Sep 2021,11:00,154,158,312,154,158,312,No Group
Manchester City Council - Chorlton,Chorlton Place,2021,September,37,Tuesday,14 Sep 2021,12:00,159,153,312,159,153,312,No Group
Manchester City Council - Chorlton,Chorlton Place,2021,September,37,Tuesday,14 Sep 2021,13:00,129,136,265,129,136,265,No Group
Manchester City Council - Chorlton,Chorlton Place,2021,September,37,Tuesday,14 Sep 2021,14:00,155,144,299,155,144,299,No Group
Manchester City Council - Chorlton,Chorlton Place,2021,September,37,Tuesday,14 Sep 2021,15:00,154,159,313,154,159,313,No Group
Manchester City Council - Chorlton,Chorlton Place,2021,September,37,Tuesday,14 Sep 2021,16:00,121,114,235,121,114,235,No Group
Manchester City Council - Chorlton,Chorlton Place,2021,September,37,Tuesday,14 Sep 2021,17:00,105,104,209,105,104,209,No Group
Manchester City Council - Chorlton,Chorlton Place,2021,September,37,Tuesday,14 Sep 2021,18:00,79,69,148,79,69,148,No Group
Manchester City Council - Chorlton,Chorlton Place,2021,September,37,Tuesday,14 Sep 2021,19:00,78,69,147,78,69,147,No Group
Manchester City Council - Chorlton,Chorlton Place,2021,September,37,Tuesday,14 Sep 2021,20:00,40,39,79,40,39,79,No Group
Manchester City Council - Chorlton,Chorlton Place,2021,September,37,Tuesday,14 Sep 2021,21:00,20,34,54,20,34,54,No Group
Manchester City Council - Chorlton,Chorlton Place,2021,September,37,Tuesday,14 Sep 2021,22:00,21,12,33,21,12,33,No Group
Manchester City Council - Chorlton,Chorlton Place,2021,September,37,Tuesday,14 Sep 2021,23:00,14,5,19,14,5,19,No Group
Manchester City Council - Chorlton,Chorlton Place,2021,September,37,Wednesday,15 Sep 2021,00:00,4,3,7,4,3,7,No Group
Manchester City Council - Chorlton,Chorlton Place,2021,September,37,Wednesday,15 Sep 2021,01:00,1,3,4,1,3,4,No Group
Manchester City Council - Chorlton,Chorlton Place,2021,September,37,Wednesday,15 Sep 2021,02:00,1,0,1,1,0,1,No Group
Manchester City Council - Chorlton,Chorlton Place,2021,September,37,Wednesday,15 Sep 2021,03:00,2,4,6,2,4,6,No Group
Manchester City Council - Chorlton,Chorlton Place,2021,September,37,Wednesday,15 Sep 2021,04:00,0,0,0,0,0,0,No Group
Manchester City Council - Chorlton,Chorlton Place,2021,September,37,Wednesday,15 Sep 2021,05:00,2,5,7,2,5,7,No Group
Manchester City Council - Chorlton,Chorlton Place,2021,September,37,Wednesday,15 Sep 2021,06:00,7,17,24,7,17,24,No Group
Manchester City Council - Chorlton,Chorlton Place,2021,September,37,Wednesday,15 Sep 2021,07:00,23,45,68,23,45,68,No Group
Manchester City Council - Chorlton,Chorlton Place,2021,September,37,Wednesday,15 Sep 2021,08:00,49,95,144,49,95,144,No Group
Manchester City Council - Chorlton,Chorlton Place,2021,September,37,Wednesday,15 Sep 2021,09:00,79,101,180,79,101,180,No Group
Manchester City Council - Chorlton,Chorlton Place,2021,September,37,Wednesday,15 Sep 2021,10:00,110,137,247,110,137,247,No Group
Manchester City Council - Chorlton,Chorlton Place,2021,September,37,Wednesday,15 Sep 2021,11:00,162,186,348,162,186,348,No Group
Manchester City Council - Chorlton,Chorlton Place,2021,September,37,Wednesday,15 Sep 2021,12:00,238,328,566,238,328,566,No Group
Manchester City Council - Chorlton,Chorlton Place,2021,September,37,Wednesday,15 Sep 2021,13:00,180,200,380,180,200,380,No Group
Manchester City Council - Chorlton,Chorlton Place,2021,September,37,Wednesday,15 Sep 2021,14:00,132,143,275,132,143,275,No Group
Manchester City Council - Chorlton,Chorlton Place,2021,September,37,Wednesday,15 Sep 2021,15:00,115,121,236,115,121,236,No Group
Manchester City Council - Chorlton,Chorlton Place,2021,September,37,Wednesday,15 Sep 2021,16:00,100,109,209,100,109,209,No Group
Manchester City Council - Chorlton,Chorlton Place,2021,September,37,Wednesday,15 Sep 2021,17:00,109,86,195,109,86,195,No Group
Manchester City Council - Chorlton,Chorlton Place,2021,September,37,Wednesday,15 Sep 2021,18:00,87,99,186,87,99,186,No Group
Manchester City Council - Chorlton,Chorlton Place,2021,September,37,Wednesday,15 Sep 2021,19:00,87,104,191,87,104,191,No Group
Manchester City Council - Chorlton,Chorlton Place,2021,September,37,Wednesday,15 Sep 2021,20:00,34,43,77,34,43,77,No Group
Manchester City Council - Chorlton,Chorlton Place,2021,September,37,Wednesday,15 Sep 2021,21:00,45,45,90,45,45,90,No Group
Manchester City Council - Chorlton,Chorlton Place,2021,September,37,Wednesday,15 Sep 2021,22:00,25,24,49,25,24,49,No Group
Manchester City Council - Chorlton,Chorlton Place,2021,September,37,Wednesday,15 Sep 2021,23:00,20,5,25,20,5,25,No Group
Manchester City Council - Chorlton,Chorlton Place,2021,September,37,Thursday,16 Sep 2021,00:00,12,1,13,12,1,13,No Group
Manchester City Council - Chorlton,Chorlton Place,2021,September,37,Thursday,16 Sep 2021,01:00,3,1,4,3,1,4,No Group
Manchester City Council - Chorlton,Chorlton Place,2021,September,37,Thursday,16 Sep 2021,02:00,1,0,1,1,0,1,No Group
Manchester City Council - Chorlton,Chorlton Place,2021,September,37,Thursday,16 Sep 2021,03:00,0,0,0,0,0,0,No Group
Manchester City Council - Chorlton,Chorlton Place,2021,September,37,Thursday,16 Sep 2021,04:00,0,0,0,0,0,0,No Group
Manchester City Council - Chorlton,Chorlton Place,2021,September,37,Thursday,16 Sep 2021,05:00,0,3,3,0,3,3,No Group
Manchester City Council - Chorlton,Chorlton Place,2021,September,37,Thursday,16 Sep 2021,06:00,7,23,30,7,23,30,No Group
Manchester City Council - Chorlton,Chorlton Place,2021,September,37,Thursday,16 Sep 2021,07:00,12,34,46,12,34,46,No Group
Manchester City Council - Chorlton,Chorlton Place,2021,September,37,Thursday,16 Sep 2021,08:00,40,97,137,40,97,137,No Group
Manchester City Council - Chorlton,Chorlton Place,2021,September,37,Thursday,16 Sep 2021,09:00,89,99,188,89,99,188,No Group
Manchester City Council - Chorlton,Chorlton Place,2021,September,37,Thursday,16 Sep 2021,10:00,118,147,265,118,147,265,No Group
Manchester City Council - Chorlton,Chorlton Place,2021,September,37,Thursday,16 Sep 2021,11:00,134,141,275,134,141,275,No Group
Manchester City Council - Chorlton,Chorlton Place,2021,September,37,Thursday,16 Sep 2021,12:00,163,224,387,163,224,387,No Group
Manchester City Council - Chorlton,Chorlton Place,2021,September,37,Thursday,16 Sep 2021,13:00,188,194,382,188,194,382,No Group
Manchester City Council - Chorlton,Chorlton Place,2021,September,37,Thursday,16 Sep 2021,14:00,159,156,315,159,156,315,No Group
Manchester City Council - Chorlton,Chorlton Place,2021,September,37,Thursday,16 Sep 2021,15:00,123,178,301,123,178,301,No Group
Manchester City Council - Chorlton,Chorlton Place,2021,September,37,Thursday,16 Sep 2021,16:00,117,126,243,117,126,243,No Group
Manchester City Council - Chorlton,Chorlton Place,2021,September,37,Thursday,16 Sep 2021,17:00,92,113,205,92,113,205,No Group
Manchester City Council - Chorlton,Chorlton Place,2021,September,37,Thursday,16 Sep 2021,18:00,84,63,147,84,63,147,No Group
Manchester City Council - Chorlton,Chorlton Place,2021,September,37,Thursday,16 Sep 2021,19:00,73,56,129,73,56,129,No Group
Manchester City Council - Chorlton,Chorlton Place,2021,September,37,Thursday,16 Sep 2021,20:00,41,51,92,41,51,92,No Group
Manchester City Council - Chorlton,Chorlton Place,2021,September,37,Thursday,16 Sep 2021,21:00,39,33,72,39,33,72,No Group
Manchester City Council - Chorlton,Chorlton Place,2021,September,37,Thursday,16 Sep 2021,22:00,24,20,44,24,20,44,No Group
Manchester City Council - Chorlton,Chorlton Place,2021,September,37,Thursday,16 Sep 2021,23:00,29,6,35,29,6,35,No Group
Manchester City Council - Chorlton,Chorlton Place,2021,September,37,Friday,17 Sep 2021,00:00,5,3,8,5,3,8,No Group
Manchester City Council - Chorlton,Chorlton Place,2021,September,37,Friday,17 Sep 2021,01:00,9,5,14,9,5,14,No Group
Manchester City Council - Chorlton,Chorlton Place,2021,September,37,Friday,17 Sep 2021,02:00,4,5,9,4,5,9,No Group
Manchester City Council - Chorlton,Chorlton Place,2021,September,37,Friday,17 Sep 2021,03:00,0,3,3,0,3,3,No Group
Manchester City Council - Chorlton,Chorlton Place,2021,September,37,Friday,17 Sep 2021,04:00,1,1,2,1,1,2,No Group
Manchester City Council - Chorlton,Chorlton Place,2021,September,37,Friday,17 Sep 2021,05:00,2,6,8,2,6,8,No Group
Manchester City Council - Chorlton,Chorlton Place,2021,September,37,Friday,17 Sep 2021,06:00,6,17,23,6,17,23,No Group
Manchester City Council - Chorlton,Chorlton Place,2021,September,37,Friday,17 Sep 2021,07:00,17,40,57,17,40,57,No Group
Manchester City Council - Chorlton,Chorlton Place,2021,September,37,Friday,17 Sep 2021,08:00,41,96,137,41,96,137,No Group
Manchester City Council - Chorlton,Chorlton Place,2021,September,37,Friday,17 Sep 2021,09:00,105,107,212,105,107,212,No Group
Manchester City Council - Chorlton,Chorlton Place,2021,September,37,Friday,17 Sep 2021,10:00,130,205,335,130,205,335,No Group
Manchester City Council - Chorlton,Chorlton Place,2021,September,37,Friday,17 Sep 2021,11:00,180,204,384,180,204,384,No Group
Manchester City Council - Chorlton,Chorlton Place,2021,September,37,Friday,17 Sep 2021,12:00,157,192,349,157,192,349,No Group
Manchester City Council - Chorlton,Chorlton Place,2021,September,37,Friday,17 Sep 2021,13:00,171,166,337,171,166,337,No Group
Manchester City Council - Chorlton,Chorlton Place,2021,September,37,Friday,17 Sep 2021,14:00,189,183,372,189,183,372,No Group
Manchester City Council - Chorlton,Chorlton Place,2021,September,37,Friday,17 Sep 2021,15:00,154,162,316,154,162,316,No Group
Manchester City Council - Chorlton,Chorlton Place,2021,September,37,Friday,17 Sep 2021,16:00,136,131,267,136,131,267,No Group
Manchester City Council - Chorlton,Chorlton Place,2021,September,37,Friday,17 Sep 2021,17:00,122,123,245,122,123,245,No Group
Manchester City Council - Chorlton,Chorlton Place,2021,September,37,Friday,17 Sep 2021,18:00,78,90,168,78,90,168,No Group
Manchester City Council - Chorlton,Chorlton Place,2021,September,37,Friday,17 Sep 2021,19:00,84,96,180,84,96,180,No Group
Manchester City Council - Chorlton,Chorlton Place,2021,September,37,Friday,17 Sep 2021,20:00,55,71,126,55,71,126,No Group
Manchester City Council - Chorlton,Chorlton Place,2021,September,37,Friday,17 Sep 2021,21:00,35,47,82,35,47,82,No Group
Manchester City Council - Chorlton,Chorlton Place,2021,September,37,Friday,17 Sep 2021,22:00,41,32,73,41,32,73,No Group
Manchester City Council - Chorlton,Chorlton Place,2021,September,37,Friday,17 Sep 2021,23:00,29,36,65,29,36,65,No Group
Manchester City Council - Chorlton,Chorlton Place,2021,September,37,Saturday,18 Sep 2021,00:00,20,21,41,20,21,41,No Group
Manchester City Council - Chorlton,Chorlton Place,2021,September,37,Saturday,18 Sep 2021,01:00,14,2,16,14,2,16,No Group
Manchester City Council - Chorlton,Chorlton Place,2021,September,37,Saturday,18 Sep 2021,02:00,9,0,9,9,0,9,No Group
Manchester City Council - Chorlton,Chorlton Place,2021,September,37,Saturday,18 Sep 2021,03:00,5,2,7,5,2,7,No Group
Manchester City Council - Chorlton,Chorlton Place,2021,September,37,Saturday,18 Sep 2021,04:00,2,3,5,2,3,5,No Group
Manchester City Council - Chorlton,Chorlton Place,2021,September,37,Saturday,18 Sep 2021,05:00,1,6,7,1,6,7,No Group
Manchester City Council - Chorlton,Chorlton Place,2021,September,37,Saturday,18 Sep 2021,06:00,6,9,15,6,9,15,No Group
Manchester City Council - Chorlton,Chorlton Place,2021,September,37,Saturday,18 Sep 2021,07:00,8,17,25,8,17,25,No Group
Manchester City Council - Chorlton,Chorlton Place,2021,September,37,Saturday,18 Sep 2021,08:00,38,58,96,38,58,96,No Group
Manchester City Council - Chorlton,Chorlton Place,2021,September,37,Saturday,18 Sep 2021,09:00,88,118,206,88,118,206,No Group
Manchester City Council - Chorlton,Chorlton Place,2021,September,37,Saturday,18 Sep 2021,10:00,189,200,389,189,200,389,No Group
Manchester City Council - Chorlton,Chorlton Place,2021,September,37,Saturday,18 Sep 2021,11:00,267,322,589,267,322,589,No Group
Manchester City Council - Chorlton,Chorlton Place,2021,September,37,Saturday,18 Sep 2021,12:00,327,442,769,327,442,769,No Group
Manchester City Council - Chorlton,Chorlton Place,2021,September,37,Saturday,18 Sep 2021,13:00,234,258,492,234,258,492,No Group
Manchester City Council - Chorlton,Chorlton Place,2021,September,37,Saturday,18 Sep 2021,14:00,214,219,433,214,219,433,No Group
Manchester City Council - Chorlton,Chorlton Place,2021,September,37,Saturday,18 Sep 2021,15:00,233,213,446,233,213,446,No Group
Manchester City Council - Chorlton,Chorlton Place,2021,September,37,Saturday,18 Sep 2021,16:00,143,138,281,143,138,281,No Group
Manchester City Council - Chorlton,Chorlton Place,2021,September,37,Saturday,18 Sep 2021,17:00,130,109,239,130,109,239,No Group
Manchester City Council - Chorlton,Chorlton Place,2021,September,37,Saturday,18 Sep 2021,18:00,91,83,174,91,83,174,No Group
Manchester City Council - Chorlton,Chorlton Place,2021,September,37,Saturday,18 Sep 2021,19:00,90,77,167,90,77,167,No Group
Manchester City Council - Chorlton,Chorlton Place,2021,September,37,Saturday,18 Sep 2021,20:00,69,70,139,69,70,139,No Group
Manchester City Council - Chorlton,Chorlton Place,2021,September,37,Saturday,18 Sep 2021,21:00,36,47,83,36,47,83,No Group
Manchester City Council - Chorlton,Chorlton Place,2021,September,37,Saturday,18 Sep 2021,22:00,40,44,84,40,44,84,No Group
Manchester City Council - Chorlton,Chorlton Place,2021,September,37,Saturday,18 Sep 2021,23:00,24,16,40,24,16,40,No Group
Manchester City Council - Chorlton,Chorlton Place,2021,September,37,Sunday,19 Sep 2021,00:00,15,13,28,15,13,28,No Group
Manchester City Council - Chorlton,Chorlton Place,2021,September,37,Sunday,19 Sep 2021,01:00,17,7,24,17,7,24,No Group
Manchester City Council - Chorlton,Chorlton Place,2021,September,37,Sunday,19 Sep 2021,02:00,2,1,3,2,1,3,No Group
Manchester City Council - Chorlton,Chorlton Place,2021,September,37,Sunday,19 Sep 2021,03:00,2,0,2,2,0,2,No Group
Manchester City Council - Chorlton,Chorlton Place,2021,September,37,Sunday,19 Sep 2021,04:00,1,1,2,1,1,2,No Group
Manchester City Council - Chorlton,Chorlton Place,2021,September,37,Sunday,19 Sep 2021,05:00,0,0,0,0,0,0,No Group
Manchester City Council - Chorlton,Chorlton Place,2021,September,37,Sunday,19 Sep 2021,06:00,4,7,11,4,7,11,No Group
Manchester City Council - Chorlton,Chorlton Place,2021,September,37,Sunday,19 Sep 2021,07:00,1,6,7,1,6,7,No Group
Manchester City Council - Chorlton,Chorlton Place,2021,September,37,Sunday,19 Sep 2021,08:00,23,23,46,23,23,46,No Group
Manchester City Council - Chorlton,Chorlton Place,2021,September,37,Sunday,19 Sep 2021,09:00,29,35,64,29,35,64,No Group
Manchester City Council - Chorlton,Chorlton Place,2021,September,37,Sunday,19 Sep 2021,10:00,73,103,176,73,103,176,No Group
Manchester City Council - Chorlton,Chorlton Place,2021,September,37,Sunday,19 Sep 2021,11:00,123,160,283,123,160,283,No Group
Manchester City Council - Chorlton,Chorlton Place,2021,September,37,Sunday,19 Sep 2021,12:00,216,273,489,216,273,489,No Group
Manchester City Council - Chorlton,Chorlton Place,2021,September,37,Sunday,19 Sep 2021,13:00,113,149,262,113,149,262,No Group
Manchester City Council - Chorlton,Chorlton Place,2021,September,37,Sunday,19 Sep 2021,14:00,122,118,240,122,118,240,No Group
Manchester City Council - Chorlton,Chorlton Place,2021,September,37,Sunday,19 Sep 2021,15:00,87,80,167,87,80,167,No Group
Manchester City Council - Chorlton,Chorlton Place,2021,September,37,Sunday,19 Sep 2021,16:00,86,81,167,86,81,167,No Group
Manchester City Council - Chorlton,Chorlton Place,2021,September,37,Sunday,19 Sep 2021,17:00,71,53,124,71,53,124,No Group
Manchester City Council - Chorlton,Chorlton Place,2021,September,37,Sunday,19 Sep 2021,18:00,54,68,122,54,68,122,No Group
Manchester City Council - Chorlton,Chorlton Place,2021,September,37,Sunday,19 Sep 2021,19:00,47,69,116,47,69,116,No Group
Manchester City Council - Chorlton,Chorlton Place,2021,September,37,Sunday,19 Sep 2021,20:00,32,34,66,32,34,66,No Group
Manchester City Council - Chorlton,Chorlton Place,2021,September,37,Sunday,19 Sep 2021,21:00,20,23,43,20,23,43,No Group
Manchester City Council - Chorlton,Chorlton Place,2021,September,37,Sunday,19 Sep 2021,22:00,25,20,45,25,20,45,No Group
Manchester City Council - Chorlton,Chorlton Place,2021,September,37,Sunday,19 Sep 2021,23:00,13,2,15,13,2,15,No Group
Manchester City Council - Chorlton,Chorlton Place,2021,September,38,Monday,20 Sep 2021,00:00,6,1,7,6,1,7,No Group
Manchester City Council - Chorlton,Chorlton Place,2021,September,38,Monday,20 Sep 2021,01:00,4,0,4,4,0,4,No Group
Manchester City Council - Chorlton,Chorlton Place,2021,September,38,Monday,20 Sep 2021,02:00,2,0,2,2,0,2,No Group
Manchester City Council - Chorlton,Chorlton Place,2021,September,38,Monday,20 Sep 2021,03:00,0,1,1,0,1,1,No Group
Manchester City Council - Chorlton,Chorlton Place,2021,September,38,Monday,20 Sep 2021,04:00,1,1,2,1,1,2,No Group
Manchester City Council - Chorlton,Chorlton Place,2021,September,38,Monday,20 Sep 2021,05:00,2,5,7,2,5,7,No Group
Manchester City Council - Chorlton,Chorlton Place,2021,September,38,Monday,20 Sep 2021,06:00,12,24,36,12,24,36,No Group
Manchester City Council - Chorlton,Chorlton Place,2021,September,38,Monday,20 Sep 2021,07:00,32,48,80,32,48,80,No Group
Manchester City Council - Chorlton,Chorlton Place,2021,September,38,Monday,20 Sep 2021,08:00,40,77,117,40,77,117,No Group
Manchester City Council - Chorlton,Chorlton Place,2021,September,38,Monday,20 Sep 2021,09:00,94,82,176,94,82,176,No Group
Manchester City Council - Chorlton,Chorlton Place,2021,September,38,Monday,20 Sep 2021,10:00,78,132,210,78,132,210,No Group
Manchester City Council - Chorlton,Chorlton Place,2021,September,38,Monday,20 Sep 2021,11:00,194,250,444,194,250,444,No Group
Manchester City Council - Chorlton,Chorlton Place,2021,September,38,Monday,20 Sep 2021,12:00,223,290,513,223,290,513,No Group
Manchester City Council - Chorlton,Chorlton Place,2021,September,38,Monday,20 Sep 2021,13:00,140,182,322,140,182,322,No Group
Manchester City Council - Chorlton,Chorlton Place,2021,September,38,Monday,20 Sep 2021,14:00,131,104,235,131,104,235,No Group
Manchester City Council - Chorlton,Chorlton Place,2021,September,38,Monday,20 Sep 2021,15:00,144,150,294,144,150,294,No Group
Manchester City Council - Chorlton,Chorlton Place,2021,September,38,Monday,20 Sep 2021,16:00,129,113,242,129,113,242,No Group
Manchester City Council - Chorlton,Chorlton Place,2021,September,38,Monday,20 Sep 2021,17:00,98,106,204,98,106,204,No Group
Manchester City Council - Chorlton,Chorlton Place,2021,September,38,Monday,20 Sep 2021,18:00,77,67,144,77,67,144,No Group
Manchester City Council - Chorlton,Chorlton Place,2021,September,38,Monday,20 Sep 2021,19:00,51,45,96,51,45,96,No Group
Manchester City Council - Chorlton,Chorlton Place,2021,September,38,Monday,20 Sep 2021,20:00,54,47,101,54,47,101,No Group
Manchester City Council - Chorlton,Chorlton Place,2021,September,38,Monday,20 Sep 2021,21:00,29,27,56,29,27,56,No Group
Manchester City Council - Chorlton,Chorlton Place,2021,September,38,Monday,20 Sep 2021,22:00,31,37,68,31,37,68,No Group
Manchester City Council - Chorlton,Chorlton Place,2021,September,38,Monday,20 Sep 2021,23:00,9,18,27,9,18,27,No Group
Manchester City Council - Chorlton,Chorlton Place,2021,September,38,Tuesday,21 Sep 2021,00:00,6,4,10,6,4,10,No Group
Manchester City Council - Chorlton,Chorlton Place,2021,September,38,Tuesday,21 Sep 2021,01:00,0,0,0,0,0,0,No Group
Manchester City Council - Chorlton,Chorlton Place,2021,September,38,Tuesday,21 Sep 2021,02:00,3,5,8,3,5,8,No Group
Manchester City Council - Chorlton,Chorlton Place,2021,September,38,Tuesday,21 Sep 2021,03:00,0,1,1,0,1,1,No Group
Manchester City Council - Chorlton,Chorlton Place,2021,September,38,Tuesday,21 Sep 2021,04:00,1,1,2,1,1,2,No Group
Manchester City Council - Chorlton,Chorlton Place,2021,September,38,Tuesday,21 Sep 2021,05:00,0,7,7,0,7,7,No Group
Manchester City Council - Chorlton,Chorlton Place,2021,September,38,Tuesday,21 Sep 2021,06:00,4,15,19,4,15,19,No Group
Manchester City Council - Chorlton,Chorlton Place,2021,September,38,Tuesday,21 Sep 2021,07:00,18,49,67,18,49,67,No Group
Manchester City Council - Chorlton,Chorlton Place,2021,September,38,Tuesday,21 Sep 2021,08:00,41,92,133,41,92,133,No Group
Manchester City Council - Chorlton,Chorlton Place,2021,September,38,Tuesday,21 Sep 2021,09:00,83,105,188,83,105,188,No Group
Manchester City Council - Chorlton,Chorlton Place,2021,September,38,Tuesday,21 Sep 2021,10:00,104,132,236,104,132,236,No Group
Manchester City Council - Chorlton,Chorlton Place,2021,September,38,Tuesday,21 Sep 2021,11:00,124,163,287,124,163,287,No Group
Manchester City Council - Chorlton,Chorlton Place,2021,September,38,Tuesday,21 Sep 2021,12:00,216,302,518,216,302,518,No Group
Manchester City Council - Chorlton,Chorlton Place,2021,September,38,Tuesday,21 Sep 2021,13:00,161,167,328,161,167,328,No Group
Manchester City Council - Chorlton,Chorlton Place,2021,September,38,Tuesday,21 Sep 2021,14:00,165,115,280,165,115,280,No Group
Manchester City Council - Chorlton,Chorlton Place,2021,September,38,Tuesday,21 Sep 2021,15:00,123,128,251,123,128,251,No Group
Manchester City Council - Chorlton,Chorlton Place,2021,September,38,Tuesday,21 Sep 2021,16:00,113,108,221,113,108,221,No Group
Manchester City Council - Chorlton,Chorlton Place,2021,September,38,Tuesday,21 Sep 2021,17:00,100,92,192,100,92,192,No Group
Manchester City Council - Chorlton,Chorlton Place,2021,September,38,Tuesday,21 Sep 2021,18:00,106,70,176,106,70,176,No Group
Manchester City Council - Chorlton,Chorlton Place,2021,September,38,Tuesday,21 Sep 2021,19:00,79,62,141,79,62,141,No Group
Manchester City Council - Chorlton,Chorlton Place,2021,September,38,Tuesday,21 Sep 2021,20:00,32,37,69,32,37,69,No Group
Manchester City Council - Chorlton,Chorlton Place,2021,September,38,Tuesday,21 Sep 2021,21:00,24,31,55,24,31,55,No Group
Manchester City Council - Chorlton,Chorlton Place,2021,September,38,Tuesday,21 Sep 2021,22:00,32,12,44,32,12,44,No Group
Manchester City Council - Chorlton,Chorlton Place,2021,September,38,Tuesday,21 Sep 2021,23:00,20,14,34,20,14,34,No Group
Manchester City Council - Chorlton,Chorlton Place,2021,September,38,Wednesday,22 Sep 2021,00:00,8,3,11,8,3,11,No Group
Manchester City Council - Chorlton,Chorlton Place,2021,September,38,Wednesday,22 Sep 2021,01:00,3,3,6,3,3,6,No Group
Manchester City Council - Chorlton,Chorlton Place,2021,September,38,Wednesday,22 Sep 2021,02:00,6,1,7,6,1,7,No Group
Manchester City Council - Chorlton,Chorlton Place,2021,September,38,Wednesday,22 Sep 2021,03:00,0,1,1,0,1,1,No Group
Manchester City Council - Chorlton,Chorlton Place,2021,September,38,Wednesday,22 Sep 2021,04:00,1,1,2,1,1,2,No Group
Manchester City Council - Chorlton,Chorlton Place,2021,September,38,Wednesday,22 Sep 2021,05:00,2,8,10,2,8,10,No Group
Manchester City Council - Chorlton,Chorlton Place,2021,September,38,Wednesday,22 Sep 2021,06:00,2,12,14,2,12,14,No Group
Manchester City Council - Chorlton,Chorlton Place,2021,September,38,Wednesday,22 Sep 2021,07:00,21,54,75,21,54,75,No Group
Manchester City Council - Chorlton,Chorlton Place,2021,September,38,Wednesday,22 Sep 2021,08:00,52,95,147,52,95,147,No Group
Manchester City Council - Chorlton,Chorlton Place,2021,September,38,Wednesday,22 Sep 2021,09:00,81,98,179,81,98,179,No Group
Manchester City Council - Chorlton,Chorlton Place,2021,September,38,Wednesday,22 Sep 2021,10:00,94,98,192,94,98,192,No Group
Manchester City Council - Chorlton,Chorlton Place,2021,September,38,Wednesday,22 Sep 2021,11:00,114,133,247,114,133,247,No Group
Manchester City Council - Chorlton,Chorlton Place,2021,September,38,Wednesday,22 Sep 2021,12:00,143,170,313,143,170,313,No Group
Manchester City Council - Chorlton,Chorlton Place,2021,September,38,Wednesday,22 Sep 2021,13:00,143,135,278,143,135,278,No Group
Manchester City Council - Chorlton,Chorlton Place,2021,September,38,Wednesday,22 Sep 2021,14:00,116,144,260,116,144,260,No Group
Manchester City Council - Chorlton,Chorlton Place,2021,September,38,Wednesday,22 Sep 2021,15:00,124,112,236,124,112,236,No Group
Manchester City Council - Chorlton,Chorlton Place,2021,September,38,Wednesday,22 Sep 2021,16:00,134,116,250,134,116,250,No Group
Manchester City Council - Chorlton,Chorlton Place,2021,September,38,Wednesday,22 Sep 2021,17:00,93,72,165,93,72,165,No Group
Manchester City Council - Chorlton,Chorlton Place,2021,September,38,Wednesday,22 Sep 2021,18:00,92,93,185,92,93,185,No Group
Manchester City Council - Chorlton,Chorlton Place,2021,September,38,Wednesday,22 Sep 2021,19:00,83,65,148,83,65,148,No Group
Manchester City Council - Chorlton,Chorlton Place,2021,September,38,Wednesday,22 Sep 2021,20:00,68,52,120,68,52,120,No Group
Manchester City Council - Chorlton,Chorlton Place,2021,September,38,Wednesday,22 Sep 2021,21:00,40,46,86,40,46,86,No Group
Manchester City Council - Chorlton,Chorlton Place,2021,September,38,Wednesday,22 Sep 2021,22:00,24,22,46,24,22,46,No Group
Manchester City Council - Chorlton,Chorlton Place,2021,September,38,Wednesday,22 Sep 2021,23:00,7,11,18,7,11,18,No Group
Manchester City Council - Chorlton,Chorlton Place,2021,September,38,Thursday,23 Sep 2021,00:00,1,4,5,1,4,5,No Group
Manchester City Council - Chorlton,Chorlton Place,2021,September,38,Thursday,23 Sep 2021,01:00,3,1,4,3,1,4,No Group
Manchester City Council - Chorlton,Chorlton Place,2021,September,38,Thursday,23 Sep 2021,02:00,0,0,0,0,0,0,No Group
Manchester City Council - Chorlton,Chorlton Place,2021,September,38,Thursday,23 Sep 2021,03:00,0,1,1,0,1,1,No Group
Manchester City Council - Chorlton,Chorlton Place,2021,September,38,Thursday,23 Sep 2021,04:00,0,1,1,0,1,1,No Group
Manchester City Council - Chorlton,Chorlton Place,2021,September,38,Thursday,23 Sep 2021,05:00,1,7,8,1,7,8,No Group
Manchester City Council - Chorlton,Chorlton Place,2021,September,38,Thursday,23 Sep 2021,06:00,6,16,22,6,16,22,No Group
Manchester City Council - Chorlton,Chorlton Place,2021,September,38,Thursday,23 Sep 2021,07:00,27,59,86,27,59,86,No Group
Manchester City Council - Chorlton,Chorlton Place,2021,September,38,Thursday,23 Sep 2021,08:00,41,90,131,41,90,131,No Group
Manchester City Council - Chorlton,Chorlton Place,2021,September,38,Thursday,23 Sep 2021,09:00,92,125,217,92,125,217,No Group
Manchester City Council - Chorlton,Chorlton Place,2021,September,38,Thursday,23 Sep 2021,10:00,95,104,199,95,104,199,No Group
Manchester City Council - Chorlton,Chorlton Place,2021,September,38,Thursday,23 Sep 2021,11:00,116,134,250,116,134,250,No Group
Manchester City Council - Chorlton,Chorlton Place,2021,September,38,Thursday,23 Sep 2021,12:00,164,158,322,164,158,322,No Group
Manchester City Council - Chorlton,Chorlton Place,2021,September,38,Thursday,23 Sep 2021,13:00,138,159,297,138,159,297,No Group
Manchester City Council - Chorlton,Chorlton Place,2021,September,38,Thursday,23 Sep 2021,14:00,147,146,293,147,146,293,No Group
Manchester City Council - Chorlton,Chorlton Place,2021,September,38,Thursday,23 Sep 2021,15:00,119,144,263,119,144,263,No Group
Manchester City Council - Chorlton,Chorlton Place,2021,September,38,Thursday,23 Sep 2021,16:00,95,122,217,95,122,217,No Group
Manchester City Council - Chorlton,Chorlton Place,2021,September,38,Thursday,23 Sep 2021,17:00,104,105,209,104,105,209,No Group
Manchester City Council - Chorlton,Chorlton Place,2021,September,38,Thursday,23 Sep 2021,18:00,93,54,147,93,54,147,No Group
Manchester City Council - Chorlton,Chorlton Place,2021,September,38,Thursday,23 Sep 2021,19:00,50,53,103,50,53,103,No Group
Manchester City Council - Chorlton,Chorlton Place,2021,September,38,Thursday,23 Sep 2021,20:00,33,43,76,33,43,76,No Group
Manchester City Council - Chorlton,Chorlton Place,2021,September,38,Thursday,23 Sep 2021,21:00,29,31,60,29,31,60,No Group
Manchester City Council - Chorlton,Chorlton Place,2021,September,38,Thursday,23 Sep 2021,22:00,27,10,37,27,10,37,No Group
Manchester City Council - Chorlton,Chorlton Place,2021,September,38,Thursday,23 Sep 2021,23:00,17,6,23,17,6,23,No Group
Manchester City Council - Chorlton,Chorlton Place,2021,September,38,Friday,24 Sep 2021,00:00,7,4,11,7,4,11,No Group
Manchester City Council - Chorlton,Chorlton Place,2021,September,38,Friday,24 Sep 2021,01:00,18,7,25,18,7,25,No Group
Manchester City Council - Chorlton,Chorlton Place,2021,September,38,Friday,24 Sep 2021,02:00,1,2,3,1,2,3,No Group
Manchester City Council - Chorlton,Chorlton Place,2021,September,38,Friday,24 Sep 2021,03:00,0,1,1,0,1,1,No Group
Manchester City Council - Chorlton,Chorlton Place,2021,September,38,Friday,24 Sep 2021,04:00,0,2,2,0,2,2,No Group
Manchester City Council - Chorlton,Chorlton Place,2021,September,38,Friday,24 Sep 2021,05:00,0,7,7,0,7,7,No Group
Manchester City Council - Chorlton,Chorlton Place,2021,September,38,Friday,24 Sep 2021,06:00,7,14,21,7,14,21,No Group
Manchester City Council - Chorlton,Chorlton Place,2021,September,38,Friday,24 Sep 2021,07:00,28,57,85,28,57,85,No Group
Manchester City Council - Chorlton,Chorlton Place,2021,September,38,Friday,24 Sep 2021,08:00,63,94,157,63,94,157,No Group
Manchester City Council - Chorlton,Chorlton Place,2021,September,38,Friday,24 Sep 2021,09:00,89,99,188,89,99,188,No Group
Manchester City Council - Chorlton,Chorlton Place,2021,September,38,Friday,24 Sep 2021,10:00,130,145,275,130,145,275,No Group
Manchester City Council - Chorlton,Chorlton Place,2021,September,38,Friday,24 Sep 2021,11:00,173,188,361,173,188,361,No Group
Manchester City Council - Chorlton,Chorlton Place,2021,September,38,Friday,24 Sep 2021,12:00,189,197,386,189,197,386,No Group
Manchester City Council - Chorlton,Chorlton Place,2021,September,38,Friday,24 Sep 2021,13:00,180,185,365,180,185,365,No Group
Manchester City Council - Chorlton,Chorlton Place,2021,September,38,Friday,24 Sep 2021,14:00,150,167,317,150,167,317,No Group
Manchester City Council - Chorlton,Chorlton Place,2021,September,38,Friday,24 Sep 2021,15:00,158,151,309,158,151,309,No Group
Manchester City Council - Chorlton,Chorlton Place,2021,September,38,Friday,24 Sep 2021,16:00,134,117,251,134,117,251,No Group
Manchester City Council - Chorlton,Chorlton Place,2021,September,38,Friday,24 Sep 2021,17:00,89,100,189,89,100,189,No Group
Manchester City Council - Chorlton,Chorlton Place,2021,September,38,Friday,24 Sep 2021,18:00,104,85,189,104,85,189,No Group
Manchester City Council - Chorlton,Chorlton Place,2021,September,38,Friday,24 Sep 2021,19:00,88,90,178,88,90,178,No Group
Manchester City Council - Chorlton,Chorlton Place,2021,September,38,Friday,24 Sep 2021,20:00,63,54,117,63,54,117,No Group
Manchester City Council - Chorlton,Chorlton Place,2021,September,38,Friday,24 Sep 2021,21:00,32,39,71,32,39,71,No Group
Manchester City Council - Chorlton,Chorlton Place,2021,September,38,Friday,24 Sep 2021,22:00,35,32,67,35,32,67,No Group
Manchester City Council - Chorlton,Chorlton Place,2021,September,38,Friday,24 Sep 2021,23:00,16,24,40,16,24,40,No Group
Manchester City Council - Chorlton,Chorlton Place,2021,September,38,Saturday,25 Sep 2021,00:00,19,48,67,19,48,67,No Group
Manchester City Council - Chorlton,Chorlton Place,2021,September,38,Saturday,25 Sep 2021,01:00,19,10,29,19,10,29,No Group
Manchester City Council - Chorlton,Chorlton Place,2021,September,38,Saturday,25 Sep 2021,02:00,8,3,11,8,3,11,No Group
Manchester City Council - Chorlton,Chorlton Place,2021,September,38,Saturday,25 Sep 2021,03:00,0,1,1,0,1,1,No Group
Manchester City Council - Chorlton,Chorlton Place,2021,September,38,Saturday,25 Sep 2021,04:00,4,4,8,4,4,8,No Group
Manchester City Council - Chorlton,Chorlton Place,2021,September,38,Saturday,25 Sep 2021,05:00,0,7,7,0,7,7,No Group
Manchester City Council - Chorlton,Chorlton Place,2021,September,38,Saturday,25 Sep 2021,06:00,8,9,17,8,9,17,No Group
Manchester City Council - Chorlton,Chorlton Place,2021,September,38,Saturday,25 Sep 2021,07:00,8,18,26,8,18,26,No Group
Manchester City Council - Chorlton,Chorlton Place,2021,September,38,Saturday,25 Sep 2021,08:00,42,58,100,42,58,100,No Group
Manchester City Council - Chorlton,Chorlton Place,2021,September,38,Saturday,25 Sep 2021,09:00,71,113,184,71,113,184,No Group
Manchester City Council - Chorlton,Chorlton Place,2021,September,38,Saturday,25 Sep 2021,10:00,164,194,358,164,194,358,No Group
Manchester City Council - Chorlton,Chorlton Place,2021,September,38,Saturday,25 Sep 2021,11:00,213,232,445,213,232,445,No Group
Manchester City Council - Chorlton,Chorlton Place,2021,September,38,Saturday,25 Sep 2021,12:00,261,288,549,261,288,549,No Group
Manchester City Council - Chorlton,Chorlton Place,2021,September,38,Saturday,25 Sep 2021,13:00,238,262,500,238,262,500,No Group
Manchester City Council - Chorlton,Chorlton Place,2021,September,38,Saturday,25 Sep 2021,14:00,231,230,461,231,230,461,No Group
Manchester City Council - Chorlton,Chorlton Place,2021,September,38,Saturday,25 Sep 2021,15:00,222,243,465,222,243,465,No Group
Manchester City Council - Chorlton,Chorlton Place,2021,September,38,Saturday,25 Sep 2021,16:00,179,205,384,179,205,384,No Group
Manchester City Council - Chorlton,Chorlton Place,2021,September,38,Saturday,25 Sep 2021,17:00,106,139,245,106,139,245,No Group
Manchester City Council - Chorlton,Chorlton Place,2021,September,38,Saturday,25 Sep 2021,18:00,70,87,157,70,87,157,No Group
Manchester City Council - Chorlton,Chorlton Place,2021,September,38,Saturday,25 Sep 2021,19:00,98,76,174,98,76,174,No Group
Manchester City Council - Chorlton,Chorlton Place,2021,September,38,Saturday,25 Sep 2021,20:00,77,91,168,77,91,168,No Group
Manchester City Council - Chorlton,Chorlton Place,2021,September,38,Saturday,25 Sep 2021,21:00,51,45,96,51,45,96,No Group
Manchester City Council - Chorlton,Chorlton Place,2021,September,38,Saturday,25 Sep 2021,22:00,31,24,55,31,24,55,No Group
Manchester City Council - Chorlton,Chorlton Place,2021,September,38,Saturday,25 Sep 2021,23:00,52,41,93,52,41,93,No Group
Manchester City Council - Chorlton,Chorlton Place,2021,September,38,Sunday,26 Sep 2021,00:00,35,25,60,35,25,60,No Group
Manchester City Council - Chorlton,Chorlton Place,2021,September,38,Sunday,26 Sep 2021,01:00,18,13,31,18,13,31,No Group
Manchester City Council - Chorlton,Chorlton Place,2021,September,38,Sunday,26 Sep 2021,02:00,3,2,5,3,2,5,No Group
Manchester City Council - Chorlton,Chorlton Place,2021,September,38,Sunday,26 Sep 2021,03:00,3,3,6,3,3,6,No Group
Manchester City Council - Chorlton,Chorlton Place,2021,September,38,Sunday,26 Sep 2021,04:00,5,1,6,5,1,6,No Group
Manchester City Council - Chorlton,Chorlton Place,2021,September,38,Sunday,26 Sep 2021,05:00,1,4,5,1,4,5,No Group
Manchester City Council - Chorlton,Chorlton Place,2021,September,38,Sunday,26 Sep 2021,06:00,3,11,14,3,11,14,No Group
Manchester City Council - Chorlton,Chorlton Place,2021,September,38,Sunday,26 Sep 2021,07:00,8,20,28,8,20,28,No Group
Manchester City Council - Chorlton,Chorlton Place,2021,September,38,Sunday,26 Sep 2021,08:00,16,21,37,16,21,37,No Group
Manchester City Council - Chorlton,Chorlton Place,2021,September,38,Sunday,26 Sep 2021,09:00,41,54,95,41,54,95,No Group
Manchester City Council - Chorlton,Chorlton Place,2021,September,38,Sunday,26 Sep 2021,10:00,81,123,204,81,123,204,No Group
Manchester City Council - Chorlton,Chorlton Place,2021,September,38,Sunday,26 Sep 2021,11:00,106,176,282,106,176,282,No Group
Manchester City Council - Chorlton,Chorlton Place,2021,September,38,Sunday,26 Sep 2021,12:00,241,254,495,241,254,495,No Group
Manchester City Council - Chorlton,Chorlton Place,2021,September,38,Sunday,26 Sep 2021,13:00,133,117,250,133,117,250,No Group
Manchester City Council - Chorlton,Chorlton Place,2021,September,38,Sunday,26 Sep 2021,14:00,120,150,270,120,150,270,No Group
Manchester City Council - Chorlton,Chorlton Place,2021,September,38,Sunday,26 Sep 2021,15:00,94,83,177,94,83,177,No Group
Manchester City Council - Chorlton,Chorlton Place,2021,September,38,Sunday,26 Sep 2021,16:00,57,61,118,57,61,118,No Group
Manchester City Council - Chorlton,Chorlton Place,2021,September,38,Sunday,26 Sep 2021,17:00,74,73,147,74,73,147,No Group
Manchester City Council - Chorlton,Chorlton Place,2021,September,38,Sunday,26 Sep 2021,18:00,71,64,135,71,64,135,No Group
Manchester City Council - Chorlton,Chorlton Place,2021,September,38,Sunday,26 Sep 2021,19:00,41,60,101,41,60,101,No Group
Manchester City Council - Chorlton,Chorlton Place,2021,September,38,Sunday,26 Sep 2021,20:00,29,15,44,29,15,44,No Group
Manchester City Council - Chorlton,Chorlton Place,2021,September,38,Sunday,26 Sep 2021,21:00,26,22,48,26,22,48,No Group
Manchester City Council - Chorlton,Chorlton Place,2021,September,38,Sunday,26 Sep 2021,22:00,24,23,47,24,23,47,No Group
Manchester City Council - Chorlton,Chorlton Place,2021,September,38,Sunday,26 Sep 2021,23:00,13,1,14,13,1,14,No Group
Manchester City Council - Chorlton,Chorlton Place,2021,September,39,Monday,27 Sep 2021,00:00,8,3,11,8,3,11,No Group
Manchester City Council - Chorlton,Chorlton Place,2021,September,39,Monday,27 Sep 2021,01:00,4,1,5,4,1,5,No Group
Manchester City Council - Chorlton,Chorlton Place,2021,September,39,Monday,27 Sep 2021,02:00,0,1,1,0,1,1,No Group
Manchester City Council - Chorlton,Chorlton Place,2021,September,39,Monday,27 Sep 2021,03:00,0,3,3,0,3,3,No Group
Manchester City Council - Chorlton,Chorlton Place,2021,September,39,Monday,27 Sep 2021,04:00,3,5,8,3,5,8,No Group
Manchester City Council - Chorlton,Chorlton Place,2021,September,39,Monday,27 Sep 2021,05:00,5,9,14,5,9,14,No Group
Manchester City Council - Chorlton,Chorlton Place,2021,September,39,Monday,27 Sep 2021,06:00,4,14,18,4,14,18,No Group
Manchester City Council - Chorlton,Chorlton Place,2021,September,39,Monday,27 Sep 2021,07:00,17,51,68,17,51,68,No Group
Manchester City Council - Chorlton,Chorlton Place,2021,September,39,Monday,27 Sep 2021,08:00,30,84,114,30,84,114,No Group
Manchester City Council - Chorlton,Chorlton Place,2021,September,39,Monday,27 Sep 2021,09:00,65,117,182,65,117,182,No Group
Manchester City Council - Chorlton,Chorlton Place,2021,September,39,Monday,27 Sep 2021,10:00,115,123,238,115,123,238,No Group
Manchester City Council - Chorlton,Chorlton Place,2021,September,39,Monday,27 Sep 2021,11:00,110,126,236,110,126,236,No Group
Manchester City Council - Chorlton,Chorlton Place,2021,September,39,Monday,27 Sep 2021,12:00,214,246,460,214,246,460,No Group
Manchester City Council - Chorlton,Chorlton Place,2021,September,39,Monday,27 Sep 2021,13:00,134,125,259,134,125,259,No Group
Manchester City Council - Chorlton,Chorlton Place,2021,September,39,Monday,27 Sep 2021,14:00,144,192,336,144,192,336,No Group
Manchester City Council - Chorlton,Chorlton Place,2021,September,39,Monday,27 Sep 2021,15:00,151,159,310,151,159,310,No Group
Manchester City Council - Chorlton,Chorlton Place,2021,September,39,Monday,27 Sep 2021,16:00,114,104,218,114,104,218,No Group
Manchester City Council - Chorlton,Chorlton Place,2021,September,39,Monday,27 Sep 2021,17:00,100,81,181,100,81,181,No Group
Manchester City Council - Chorlton,Chorlton Place,2021,September,39,Monday,27 Sep 2021,18:00,65,67,132,65,67,132,No Group
Manchester City Council - Chorlton,Chorlton Place,2021,September,39,Monday,27 Sep 2021,19:00,76,41,117,76,41,117,No Group
Manchester City Council - Chorlton,Chorlton Place,2021,September,39,Monday,27 Sep 2021,20:00,50,51,101,50,51,101,No Group
Manchester City Council - Chorlton,Chorlton Place,2021,September,39,Monday,27 Sep 2021,21:00,40,47,87,40,47,87,No Group
Manchester City Council - Chorlton,Chorlton Place,2021,September,39,Monday,27 Sep 2021,22:00,30,34,64,30,34,64,No Group
Manchester City Council - Chorlton,Chorlton Place,2021,September,39,Monday,27 Sep 2021,23:00,14,5,19,14,5,19,No Group
Manchester City Council - Chorlton,Chorlton Place,2021,September,39,Tuesday,28 Sep 2021,00:00,6,2,8,6,2,8,No Group
Manchester City Council - Chorlton,Chorlton Place,2021,September,39,Tuesday,28 Sep 2021,01:00,0,1,1,0,1,1,No Group
Manchester City Council - Chorlton,Chorlton Place,2021,September,39,Tuesday,28 Sep 2021,02:00,7,1,8,7,1,8,No Group
Manchester City Council - Chorlton,Chorlton Place,2021,September,39,Tuesday,28 Sep 2021,03:00,0,1,1,0,1,1,No Group
Manchester City Council - Chorlton,Chorlton Place,2021,September,39,Tuesday,28 Sep 2021,04:00,3,2,5,3,2,5,No Group
Manchester City Council - Chorlton,Chorlton Place,2021,September,39,Tuesday,28 Sep 2021,05:00,1,6,7,1,6,7,No Group
Manchester City Council - Chorlton,Chorlton Place,2021,September,39,Tuesday,28 Sep 2021,06:00,3,19,22,3,19,22,No Group
Manchester City Council - Chorlton,Chorlton Place,2021,September,39,Tuesday,28 Sep 2021,07:00,21,62,83,21,62,83,No Group
Manchester City Council - Chorlton,Chorlton Place,2021,September,39,Tuesday,28 Sep 2021,08:00,44,96,140,44,96,140,No Group
Manchester City Council - Chorlton,Chorlton Place,2021,September,39,Tuesday,28 Sep 2021,09:00,98,129,227,98,129,227,No Group
Manchester City Council - Chorlton,Chorlton Place,2021,September,39,Tuesday,28 Sep 2021,10:00,140,136,276,140,136,276,No Group
Manchester City Council - Chorlton,Chorlton Place,2021,September,39,Tuesday,28 Sep 2021,11:00,140,184,324,140,184,324,No Group
Manchester City Council - Chorlton,Chorlton Place,2021,September,39,Tuesday,28 Sep 2021,12:00,153,154,307,153,154,307,No Group
Manchester City Council - Chorlton,Chorlton Place,2021,September,39,Tuesday,28 Sep 2021,13:00,150,163,313,150,163,313,No Group
Manchester City Council - Chorlton,Chorlton Place,2021,September,39,Tuesday,28 Sep 2021,14:00,135,158,293,135,158,293,No Group
Manchester City Council - Chorlton,Chorlton Place,2021,September,39,Tuesday,28 Sep 2021,15:00,124,129,253,124,129,253,No Group
Manchester City Council - Chorlton,Chorlton Place,2021,September,39,Tuesday,28 Sep 2021,16:00,114,85,199,114,85,199,No Group
Manchester City Council - Chorlton,Chorlton Place,2021,September,39,Tuesday,28 Sep 2021,17:00,101,76,177,101,76,177,No Group
Manchester City Council - Chorlton,Chorlton Place,2021,September,39,Tuesday,28 Sep 2021,18:00,90,75,165,90,75,165,No Group
Manchester City Council - Chorlton,Chorlton Place,2021,September,39,Tuesday,28 Sep 2021,19:00,69,54,123,69,54,123,No Group
Manchester City Council - Chorlton,Chorlton Place,2021,September,39,Tuesday,28 Sep 2021,20:00,25,25,50,25,25,50,No Group
Manchester City Council - Chorlton,Chorlton Place,2021,September,39,Tuesday,28 Sep 2021,21:00,11,12,23,11,12,23,No Group
Manchester City Council - Chorlton,Chorlton Place,2021,September,39,Tuesday,28 Sep 2021,22:00,21,26,47,21,26,47,No Group
Manchester City Council - Chorlton,Chorlton Place,2021,September,39,Tuesday,28 Sep 2021,23:00,14,4,18,14,4,18,No Group
Manchester City Council - Chorlton,Chorlton Place,2021,September,39,Wednesday,29 Sep 2021,00:00,9,1,10,9,1,10,No Group
Manchester City Council - Chorlton,Chorlton Place,2021,September,39,Wednesday,29 Sep 2021,01:00,1,0,1,1,0,1,No Group
Manchester City Council - Chorlton,Chorlton Place,2021,September,39,Wednesday,29 Sep 2021,02:00,0,1,1,0,1,1,No Group
Manchester City Council - Chorlton,Chorlton Place,2021,September,39,Wednesday,29 Sep 2021,03:00,0,2,2,0,2,2,No Group
Manchester City Council - Chorlton,Chorlton Place,2021,September,39,Wednesday,29 Sep 2021,04:00,0,2,2,0,2,2,No Group
Manchester City Council - Chorlton,Chorlton Place,2021,September,39,Wednesday,29 Sep 2021,05:00,0,4,4,0,4,4,No Group
Manchester City Council - Chorlton,Chorlton Place,2021,September,39,Wednesday,29 Sep 2021,06:00,6,20,26,6,20,26,No Group
Manchester City Council - Chorlton,Chorlton Place,2021,September,39,Wednesday,29 Sep 2021,07:00,23,77,100,23,77,100,No Group
Manchester City Council - Chorlton,Chorlton Place,2021,September,39,Wednesday,29 Sep 2021,08:00,63,120,183,63,120,183,No Group
Manchester City Council - Chorlton,Chorlton Place,2021,September,39,Wednesday,29 Sep 2021,09:00,90,107,197,90,107,197,No Group
Manchester City Council - Chorlton,Chorlton Place,2021,September,39,Wednesday,29 Sep 2021,10:00,119,188,307,119,188,307,No Group
Manchester City Council - Chorlton,Chorlton Place,2021,September,39,Wednesday,29 Sep 2021,11:00,153,216,369,153,216,369,No Group
Manchester City Council - Chorlton,Chorlton Place,2021,September,39,Wednesday,29 Sep 2021,12:00,180,211,391,180,211,391,No Group
Manchester City Council - Chorlton,Chorlton Place,2021,September,39,Wednesday,29 Sep 2021,13:00,179,192,371,179,192,371,No Group
Manchester City Council - Chorlton,Chorlton Place,2021,September,39,Wednesday,29 Sep 2021,14:00,146,144,290,146,144,290,No Group
Manchester City Council - Chorlton,Chorlton Place,2021,September,39,Wednesday,29 Sep 2021,15:00,155,122,277,155,122,277,No Group
Manchester City Council - Chorlton,Chorlton Place,2021,September,39,Wednesday,29 Sep 2021,16:00,108,126,234,108,126,234,No Group
Manchester City Council - Chorlton,Chorlton Place,2021,September,39,Wednesday,29 Sep 2021,17:00,88,90,178,88,90,178,No Group
Manchester City Council - Chorlton,Chorlton Place,2021,September,39,Wednesday,29 Sep 2021,18:00,115,80,195,115,80,195,No Group
Manchester City Council - Chorlton,Chorlton Place,2021,September,39,Wednesday,29 Sep 2021,19:00,102,78,180,102,78,180,No Group
Manchester City Council - Chorlton,Chorlton Place,2021,September,39,Wednesday,29 Sep 2021,20:00,56,51,107,56,51,107,No Group
Manchester City Council - Chorlton,Chorlton Place,2021,September,39,Wednesday,29 Sep 2021,21:00,27,26,53,27,26,53,No Group
Manchester City Council - Chorlton,Chorlton Place,2021,September,39,Wednesday,29 Sep 2021,22:00,26,40,66,26,40,66,No Group
Manchester City Council - Chorlton,Chorlton Place,2021,September,39,Wednesday,29 Sep 2021,23:00,16,7,23,16,7,23,No Group
Manchester City Council - Chorlton,Chorlton Place,2021,September,39,Thursday,30 Sep 2021,00:00,4,1,5,4,1,5,No Group
Manchester City Council - Chorlton,Chorlton Place,2021,September,39,Thursday,30 Sep 2021,01:00,1,0,1,1,0,1,No Group
Manchester City Council - Chorlton,Chorlton Place,2021,September,39,Thursday,30 Sep 2021,02:00,0,0,0,0,0,0,No Group
Manchester City Council - Chorlton,Chorlton Place,2021,September,39,Thursday,30 Sep 2021,03:00,3,0,3,3,0,3,No Group
Manchester City Council - Chorlton,Chorlton Place,2021,September,39,Thursday,30 Sep 2021,04:00,0,1,1,0,1,1,No Group
Manchester City Council - Chorlton,Chorlton Place,2021,September,39,Thursday,30 Sep 2021,05:00,1,4,5,1,4,5,No Group
Manchester City Council - Chorlton,Chorlton Place,2021,September,39,Thursday,30 Sep 2021,06:00,11,17,28,11,17,28,No Group
Manchester City Council - Chorlton,Chorlton Place,2021,September,39,Thursday,30 Sep 2021,07:00,37,80,117,37,80,117,No Group
Manchester City Council - Chorlton,Chorlton Place,2021,September,39,Thursday,30 Sep 2021,08:00,64,130,194,64,130,194,No Group
Manchester City Council - Chorlton,Chorlton Place,2021,September,39,Thursday,30 Sep 2021,09:00,117,132,249,117,132,249,No Group
Manchester City Council - Chorlton,Chorlton Place,2021,September,39,Thursday,30 Sep 2021,10:00,119,128,247,119,128,247,No Group
Manchester City Council - Chorlton,Chorlton Place,2021,September,39,Thursday,30 Sep 2021,11:00,122,133,255,122,133,255,No Group
Manchester City Council - Chorlton,Chorlton Place,2021,September,39,Thursday,30 Sep 2021,12:00,149,173,322,149,173,322,No Group
Manchester City Council - Chorlton,Chorlton Place,2021,September,39,Thursday,30 Sep 2021,13:00,184,208,392,184,208,392,No Group
Manchester City Council - Chorlton,Chorlton Place,2021,September,39,Thursday,30 Sep 2021,14:00,126,155,281,126,155,281,No Group
Manchester City Council - Chorlton,Chorlton Place,2021,September,39,Thursday,30 Sep 2021,15:00,170,151,321,170,151,321,No Group
Manchester City Council - Chorlton,Chorlton Place,2021,September,39,Thursday,30 Sep 2021,16:00,133,117,250,133,117,250,No Group
Manchester City Council - Chorlton,Chorlton Place,2021,September,39,Thursday,30 Sep 2021,17:00,126,122,248,126,122,248,No Group
Manchester City Council - Chorlton,Chorlton Place,2021,September,39,Thursday,30 Sep 2021,18:00,84,57,141,84,57,141,No Group
Manchester City Council - Chorlton,Chorlton Place,2021,September,39,Thursday,30 Sep 2021,19:00,58,44,102,58,44,102,No Group
Manchester City Council - Chorlton,Chorlton Place,2021,September,39,Thursday,30 Sep 2021,20:00,38,37,75,38,37,75,No Group
Manchester City Council - Chorlton,Chorlton Place,2021,September,39,Thursday,30 Sep 2021,21:00,26,38,64,26,38,64,No Group
Manchester City Council - Chorlton,Chorlton Place,2021,September,39,Thursday,30 Sep 2021,22:00,21,28,49,21,28,49,No Group
Manchester City Council - Chorlton,Chorlton Place,2021,September,39,Thursday,30 Sep 2021,23:00,23,10,33,23,10,33,No Group
Manchester City Council - Chorlton,Chorlton Place,2021,September,39,Friday,01 Oct 2021,00:00,6,5,11,6,5,11,No Group
Manchester City Council - Chorlton,Chorlton Place,2021,September,39,Friday,01 Oct 2021,01:00,2,3,5,2,3,5,No Group
Manchester City Council - Chorlton,Chorlton Place,2021,September,39,Friday,01 Oct 2021,02:00,1,2,3,1,2,3,No Group
Manchester City Council - Chorlton,Chorlton Place,2021,September,39,Friday,01 Oct 2021,03:00,0,1,1,0,1,1,No Group
Manchester City Council - Chorlton,Chorlton Place,2021,September,39,Friday,01 Oct 2021,04:00,0,1,1,0,1,1,No Group
Manchester City Council - Chorlton,Chorlton Place,2021,September,39,Friday,01 Oct 2021,05:00,1,4,5,1,4,5,No Group
Manchester City Council - Chorlton,Chorlton Place,2021,September,39,Friday,01 Oct 2021,06:00,5,17,22,5,17,22,No Group
Manchester City Council - Chorlton,Chorlton Place,2021,September,39,Friday,01 Oct 2021,07:00,28,63,91,28,63,91,No Group
Manchester City Council - Chorlton,Chorlton Place,2021,September,39,Friday,01 Oct 2021,08:00,37,84,121,37,84,121,No Group
Manchester City Council - Chorlton,Chorlton Place,2021,September,39,Friday,01 Oct 2021,09:00,104,138,242,104,138,242,No Group
Manchester City Council - Chorlton,Chorlton Place,2021,September,39,Friday,01 Oct 2021,10:00,185,224,409,185,224,409,No Group
Manchester City Council - Chorlton,Chorlton Place,2021,September,39,Friday,01 Oct 2021,11:00,241,329,570,241,329,570,No Group
Manchester City Council - Chorlton,Chorlton Place,2021,September,39,Friday,01 Oct 2021,12:00,182,262,444,182,262,444,No Group
Manchester City Council - Chorlton,Chorlton Place,2021,September,39,Friday,01 Oct 2021,13:00,177,199,376,177,199,376,No Group
Manchester City Council - Chorlton,Chorlton Place,2021,September,39,Friday,01 Oct 2021,14:00,180,178,358,180,178,358,No Group
Manchester City Council - Chorlton,Chorlton Place,2021,September,39,Friday,01 Oct 2021,15:00,202,179,381,202,179,381,No Group
Manchester City Council - Chorlton,Chorlton Place,2021,September,39,Friday,01 Oct 2021,16:00,145,142,287,145,142,287,No Group
Manchester City Council - Chorlton,Chorlton Place,2021,September,39,Friday,01 Oct 2021,17:00,114,115,229,114,115,229,No Group
Manchester City Council - Chorlton,Chorlton Place,2021,September,39,Friday,01 Oct 2021,18:00,118,86,204,118,86,204,No Group
Manchester City Council - Chorlton,Chorlton Place,2021,September,39,Friday,01 Oct 2021,19:00,84,103,187,84,103,187,No Group
Manchester City Council - Chorlton,Chorlton Place,2021,September,39,Friday,01 Oct 2021,20:00,76,75,151,76,75,151,No Group
Manchester City Council - Chorlton,Chorlton Place,2021,September,39,Friday,01 Oct 2021,21:00,46,74,120,46,74,120,No Group
Manchester City Council - Chorlton,Chorlton Place,2021,September,39,Friday,01 Oct 2021,22:00,42,64,106,42,64,106,No Group
Manchester City Council - Chorlton,Chorlton Place,2021,September,39,Friday,01 Oct 2021,23:00,36,28,64,36,28,64,No Group
Manchester City Council - Chorlton,Chorlton Place,2021,September,39,Saturday,02 Oct 2021,00:00,21,17,38,21,17,38,No Group
Manchester City Council - Chorlton,Chorlton Place,2021,September,39,Saturday,02 Oct 2021,01:00,12,5,17,12,5,17,No Group
Manchester City Council - Chorlton,Chorlton Place,2021,September,39,Saturday,02 Oct 2021,02:00,7,4,11,7,4,11,No Group
Manchester City Council - Chorlton,Chorlton Place,2021,September,39,Saturday,02 Oct 2021,03:00,4,1,5,4,1,5,No Group
Manchester City Council - Chorlton,Chorlton Place,2021,September,39,Saturday,02 Oct 2021,04:00,3,2,5,3,2,5,No Group
Manchester City Council - Chorlton,Chorlton Place,2021,September,39,Saturday,02 Oct 2021,05:00,1,5,6,1,5,6,No Group
Manchester City Council - Chorlton,Chorlton Place,2021,September,39,Saturday,02 Oct 2021,06:00,1,5,6,1,5,6,No Group
Manchester City Council - Chorlton,Chorlton Place,2021,September,39,Saturday,02 Oct 2021,07:00,4,14,18,4,14,18,No Group
Manchester City Council - Chorlton,Chorlton Place,2021,September,39,Saturday,02 Oct 2021,08:00,49,56,105,49,56,105,No Group
Manchester City Council - Chorlton,Chorlton Place,2021,September,39,Saturday,02 Oct 2021,09:00,120,147,267,120,147,267,No Group
Manchester City Council - Chorlton,Chorlton Place,2021,September,39,Saturday,02 Oct 2021,10:00,201,182,383,201,182,383,No Group
Manchester City Council - Chorlton,Chorlton Place,2021,September,39,Saturday,02 Oct 2021,11:00,229,250,479,229,250,479,No Group
Manchester City Council - Chorlton,Chorlton Place,2021,September,39,Saturday,02 Oct 2021,12:00,230,266,496,230,266,496,No Group
Manchester City Council - Chorlton,Chorlton Place,2021,September,39,Saturday,02 Oct 2021,13:00,246,249,495,246,249,495,No Group
Manchester City Council - Chorlton,Chorlton Place,2021,September,39,Saturday,02 Oct 2021,14:00,280,283,563,280,283,563,No Group
Manchester City Council - Chorlton,Chorlton Place,2021,September,39,Saturday,02 Oct 2021,15:00,279,268,547,279,268,547,No Group
Manchester City Council - Chorlton,Chorlton Place,2021,September,39,Saturday,02 Oct 2021,16:00,208,233,441,208,233,441,No Group
Manchester City Council - Chorlton,Chorlton Place,2021,September,39,Saturday,02 Oct 2021,17:00,133,145,278,133,145,278,No Group
Manchester City Council - Chorlton,Chorlton Place,2021,September,39,Saturday,02 Oct 2021,18:00,88,86,174,88,86,174,No Group
Manchester City Council - Chorlton,Chorlton Place,2021,September,39,Saturday,02 Oct 2021,19:00,65,67,132,65,67,132,No Group
Manchester City Council - Chorlton,Chorlton Place,2021,September,39,Saturday,02 Oct 2021,20:00,34,44,78,34,44,78,No Group
Manchester City Council - Chorlton,Chorlton Place,2021,September,39,Saturday,02 Oct 2021,21:00,36,44,80,36,44,80,No Group
Manchester City Council - Chorlton,Chorlton Place,2021,September,39,Saturday,02 Oct 2021,22:00,24,36,60,24,36,60,No Group
Manchester City Council - Chorlton,Chorlton Place,2021,September,39,Saturday,02 Oct 2021,23:00,20,14,34,20,14,34,No Group
Manchester City Council - Chorlton,Chorlton Place,2021,September,39,Sunday,03 Oct 2021,00:00,18,9,27,18,9,27,No Group
Manchester City Council - Chorlton,Chorlton Place,2021,September,39,Sunday,03 Oct 2021,01:00,6,1,7,6,1,7,No Group
Manchester City Council - Chorlton,Chorlton Place,2021,September,39,Sunday,03 Oct 2021,02:00,5,3,8,5,3,8,No Group
Manchester City Council - Chorlton,Chorlton Place,2021,September,39,Sunday,03 Oct 2021,03:00,4,0,4,4,0,4,No Group
Manchester City Council - Chorlton,Chorlton Place,2021,September,39,Sunday,03 Oct 2021,04:00,1,1,2,1,1,2,No Group
Manchester City Council - Chorlton,Chorlton Place,2021,September,39,Sunday,03 Oct 2021,05:00,0,0,0,0,0,0,No Group
Manchester City Council - Chorlton,Chorlton Place,2021,September,39,Sunday,03 Oct 2021,06:00,4,8,12,4,8,12,No Group
Manchester City Council - Chorlton,Chorlton Place,2021,September,39,Sunday,03 Oct 2021,07:00,4,14,18,4,14,18,No Group
Manchester City Council - Chorlton,Chorlton Place,2021,September,39,Sunday,03 Oct 2021,08:00,18,34,52,18,34,52,No Group
Manchester City Council - Chorlton,Chorlton Place,2021,September,39,Sunday,03 Oct 2021,09:00,40,44,84,40,44,84,No Group
Manchester City Council - Chorlton,Chorlton Place,2021,September,39,Sunday,03 Oct 2021,10:00,73,99,172,73,99,172,No Group
Manchester City Council - Chorlton,Chorlton Place,2021,September,39,Sunday,03 Oct 2021,11:00,182,240,422,182,240,422,No Group
Manchester City Council - Chorlton,Chorlton Place,2021,September,39,Sunday,03 Oct 2021,12:00,136,192,328,136,192,328,No Group
Manchester City Council - Chorlton,Chorlton Place,2021,September,39,Sunday,03 Oct 2021,13:00,131,144,275,131,144,275,No Group
Manchester City Council - Chorlton,Chorlton Place,2021,September,39,Sunday,03 Oct 2021,14:00,108,119,227,108,119,227,No Group
Manchester City Council - Chorlton,Chorlton Place,2021,September,39,Sunday,03 Oct 2021,15:00,108,129,237,108,129,237,No Group
Manchester City Council - Chorlton,Chorlton Place,2021,September,39,Sunday,03 Oct 2021,16:00,96,86,182,96,86,182,No Group
Manchester City Council - Chorlton,Chorlton Place,2021,September,39,Sunday,03 Oct 2021,17:00,85,59,144,85,59,144,No Group
Manchester City Council - Chorlton,Chorlton Place,2021,September,39,Sunday,03 Oct 2021,18:00,46,50,96,46,50,96,No Group
Manchester City Council - Chorlton,Chorlton Place,2021,September,39,Sunday,03 Oct 2021,19:00,40,49,89,40,49,89,No Group
Manchester City Council - Chorlton,Chorlton Place,2021,September,39,Sunday,03 Oct 2021,20:00,31,36,67,31,36,67,No Group
Manchester City Council - Chorlton,Chorlton Place,2021,September,39,Sunday,03 Oct 2021,21:00,35,23,58,35,23,58,No Group
Manchester City Council - Chorlton,Chorlton Place,2021,September,39,Sunday,03 Oct 2021,22:00,31,15,46,31,15,46,No Group
Manchester City Council - Chorlton,Chorlton Place,2021,September,39,Sunday,03 Oct 2021,23:00,13,5,18,13,5,18,No Group
Manchester City Council - Chorlton,Chorlton Place,2021,October,40,Monday,04 Oct 2021,00:00,0,2,2,0,2,2,No Group
Manchester City Council - Chorlton,Chorlton Place,2021,October,40,Monday,04 Oct 2021,01:00,0,0,0,0,0,0,No Group
Manchester City Council - Chorlton,Chorlton Place,2021,October,40,Monday,04 Oct 2021,02:00,3,1,4,3,1,4,No Group
Manchester City Council - Chorlton,Chorlton Place,2021,October,40,Monday,04 Oct 2021,03:00,3,2,5,3,2,5,No Group
Manchester City Council - Chorlton,Chorlton Place,2021,October,40,Monday,04 Oct 2021,04:00,9,10,19,9,10,19,No Group
Manchester City Council - Chorlton,Chorlton Place,2021,October,40,Monday,04 Oct 2021,05:00,1,10,11,1,10,11,No Group
Manchester City Council - Chorlton,Chorlton Place,2021,October,40,Monday,04 Oct 2021,06:00,3,16,19,3,16,19,No Group
Manchester City Council - Chorlton,Chorlton Place,2021,October,40,Monday,04 Oct 2021,07:00,18,41,59,18,41,59,No Group
Manchester City Council - Chorlton,Chorlton Place,2021,October,40,Monday,04 Oct 2021,08:00,36,87,123,36,87,123,No Group
Manchester City Council - Chorlton,Chorlton Place,2021,October,40,Monday,04 Oct 2021,09:00,65,84,149,65,84,149,No Group
Manchester City Council - Chorlton,Chorlton Place,2021,October,40,Monday,04 Oct 2021,10:00,106,114,220,106,114,220,No Group
Manchester City Council - Chorlton,Chorlton Place,2021,October,40,Monday,04 Oct 2021,11:00,152,230,382,152,230,382,No Group
Manchester City Council - Chorlton,Chorlton Place,2021,October,40,Monday,04 Oct 2021,12:00,210,265,475,210,265,475,No Group
Manchester City Council - Chorlton,Chorlton Place,2021,October,40,Monday,04 Oct 2021,13:00,130,154,284,130,154,284,No Group
Manchester City Council - Chorlton,Chorlton Place,2021,October,40,Monday,04 Oct 2021,14:00,147,145,292,147,145,292,No Group
Manchester City Council - Chorlton,Chorlton Place,2021,October,40,Monday,04 Oct 2021,15:00,147,122,269,147,122,269,No Group
Manchester City Council - Chorlton,Chorlton Place,2021,October,40,Monday,04 Oct 2021,16:00,121,108,229,121,108,229,No Group
Manchester City Council - Chorlton,Chorlton Place,2021,October,40,Monday,04 Oct 2021,17:00,115,94,209,115,94,209,No Group
Manchester City Council - Chorlton,Chorlton Place,2021,October,40,Monday,04 Oct 2021,18:00,96,59,155,96,59,155,No Group
Manchester City Council - Chorlton,Chorlton Place,2021,October,40,Monday,04 Oct 2021,19:00,57,44,101,57,44,101,No Group
Manchester City Council - Chorlton,Chorlton Place,2021,October,40,Monday,04 Oct 2021,20:00,33,32,65,33,32,65,No Group
Manchester City Council - Chorlton,Chorlton Place,2021,October,40,Monday,04 Oct 2021,21:00,29,16,45,29,16,45,No Group
Manchester City Council - Chorlton,Chorlton Place,2021,October,40,Monday,04 Oct 2021,22:00,22,17,39,22,17,39,No Group
Manchester City Council - Chorlton,Chorlton Place,2021,October,40,Monday,04 Oct 2021,23:00,11,3,14,11,3,14,No Group
Manchester City Council - Chorlton,Chorlton Place,2021,October,40,Tuesday,05 Oct 2021,00:00,3,2,5,3,2,5,No Group
Manchester City Council - Chorlton,Chorlton Place,2021,October,40,Tuesday,05 Oct 2021,01:00,2,5,7,2,5,7,No Group
Manchester City Council - Chorlton,Chorlton Place,2021,October,40,Tuesday,05 Oct 2021,02:00,0,1,1,0,1,1,No Group
Manchester City Council - Chorlton,Chorlton Place,2021,October,40,Tuesday,05 Oct 2021,03:00,1,2,3,1,2,3,No Group
Manchester City Council - Chorlton,Chorlton Place,2021,October,40,Tuesday,05 Oct 2021,04:00,0,1,1,0,1,1,No Group
Manchester City Council - Chorlton,Chorlton Place,2021,October,40,Tuesday,05 Oct 2021,05:00,1,3,4,1,3,4,No Group
Manchester City Council - Chorlton,Chorlton Place,2021,October,40,Tuesday,05 Oct 2021,06:00,7,15,22,7,15,22,No Group
Manchester City Council - Chorlton,Chorlton Place,2021,October,40,Tuesday,05 Oct 2021,07:00,14,45,59,14,45,59,No Group
Manchester City Council - Chorlton,Chorlton Place,2021,October,40,Tuesday,05 Oct 2021,08:00,36,97,133,36,97,133,No Group
Manchester City Council - Chorlton,Chorlton Place,2021,October,40,Tuesday,05 Oct 2021,09:00,77,104,181,77,104,181,No Group
Manchester City Council - Chorlton,Chorlton Place,2021,October,40,Tuesday,05 Oct 2021,10:00,102,128,230,102,128,230,No Group
Manchester City Council - Chorlton,Chorlton Place,2021,October,40,Tuesday,05 Oct 2021,11:00,134,151,285,134,151,285,No Group
Manchester City Council - Chorlton,Chorlton Place,2021,October,40,Tuesday,05 Oct 2021,12:00,143,194,337,143,194,337,No Group
Manchester City Council - Chorlton,Chorlton Place,2021,October,40,Tuesday,05 Oct 2021,13:00,169,159,328,169,159,328,No Group
Manchester City Council - Chorlton,Chorlton Place,2021,October,40,Tuesday,05 Oct 2021,14:00,111,133,244,111,133,244,No Group
Manchester City Council - Chorlton,Chorlton Place,2021,October,40,Tuesday,05 Oct 2021,15:00,143,137,280,143,137,280,No Group
Manchester City Council - Chorlton,Chorlton Place,2021,October,40,Tuesday,05 Oct 2021,16:00,114,99,213,114,99,213,No Group
Manchester City Council - Chorlton,Chorlton Place,2021,October,40,Tuesday,05 Oct 2021,17:00,104,112,216,104,112,216,No Group
Manchester City Council - Chorlton,Chorlton Place,2021,October,40,Tuesday,05 Oct 2021,18:00,78,58,136,78,58,136,No Group
Manchester City Council - Chorlton,Chorlton Place,2021,October,40,Tuesday,05 Oct 2021,19:00,65,52,117,65,52,117,No Group
Manchester City Council - Chorlton,Chorlton Place,2021,October,40,Tuesday,05 Oct 2021,20:00,31,35,66,31,35,66,No Group
Manchester City Council - Chorlton,Chorlton Place,2021,October,40,Tuesday,05 Oct 2021,21:00,20,20,40,20,20,40,No Group
Manchester City Council - Chorlton,Chorlton Place,2021,October,40,Tuesday,05 Oct 2021,22:00,20,16,36,20,16,36,No Group
Manchester City Council - Chorlton,Chorlton Place,2021,October,40,Tuesday,05 Oct 2021,23:00,14,7,21,14,7,21,No Group
Manchester City Council - Chorlton,Chorlton Place,2021,October,40,Wednesday,06 Oct 2021,00:00,5,3,8,5,3,8,No Group
Manchester City Council - Chorlton,Chorlton Place,2021,October,40,Wednesday,06 Oct 2021,01:00,2,0,2,2,0,2,No Group
Manchester City Council - Chorlton,Chorlton Place,2021,October,40,Wednesday,06 Oct 2021,02:00,1,2,3,1,2,3,No Group
Manchester City Council - Chorlton,Chorlton Place,2021,October,40,Wednesday,06 Oct 2021,03:00,0,1,1,0,1,1,No Group
Manchester City Council - Chorlton,Chorlton Place,2021,October,40,Wednesday,06 Oct 2021,04:00,0,1,1,0,1,1,No Group
Manchester City Council - Chorlton,Chorlton Place,2021,October,40,Wednesday,06 Oct 2021,05:00,8,12,20,8,12,20,No Group
Manchester City Council - Chorlton,Chorlton Place,2021,October,40,Wednesday,06 Oct 2021,06:00,16,16,32,16,16,32,No Group
Manchester City Council - Chorlton,Chorlton Place,2021,October,40,Wednesday,06 Oct 2021,07:00,12,51,63,12,51,63,No Group
Manchester City Council - Chorlton,Chorlton Place,2021,October,40,Wednesday,06 Oct 2021,08:00,66,126,192,66,126,192,No Group
Manchester City Council - Chorlton,Chorlton Place,2021,October,40,Wednesday,06 Oct 2021,09:00,78,131,209,78,131,209,No Group
Manchester City Council - Chorlton,Chorlton Place,2021,October,40,Wednesday,06 Oct 2021,10:00,150,220,370,150,220,370,No Group
Manchester City Council - Chorlton,Chorlton Place,2021,October,40,Wednesday,06 Oct 2021,11:00,166,277,443,166,277,443,No Group
Manchester City Council - Chorlton,Chorlton Place,2021,October,40,Wednesday,06 Oct 2021,12:00,228,354,582,228,354,582,No Group
Manchester City Council - Chorlton,Chorlton Place,2021,October,40,Wednesday,06 Oct 2021,13:00,229,202,431,229,202,431,No Group
Manchester City Council - Chorlton,Chorlton Place,2021,October,40,Wednesday,06 Oct 2021,14:00,147,154,301,147,154,301,No Group
Manchester City Council - Chorlton,Chorlton Place,2021,October,40,Wednesday,06 Oct 2021,15:00,135,148,283,135,148,283,No Group
Manchester City Council - Chorlton,Chorlton Place,2021,October,40,Wednesday,06 Oct 2021,16:00,122,109,231,122,109,231,No Group
Manchester City Council - Chorlton,Chorlton Place,2021,October,40,Wednesday,06 Oct 2021,17:00,100,102,202,100,102,202,No Group
Manchester City Council - Chorlton,Chorlton Place,2021,October,40,Wednesday,06 Oct 2021,18:00,85,73,158,85,73,158,No Group
Manchester City Council - Chorlton,Chorlton Place,2021,October,40,Wednesday,06 Oct 2021,19:00,62,72,134,62,72,134,No Group
Manchester City Council - Chorlton,Chorlton Place,2021,October,40,Wednesday,06 Oct 2021,20:00,38,33,71,38,33,71,No Group
Manchester City Council - Chorlton,Chorlton Place,2021,October,40,Wednesday,06 Oct 2021,21:00,32,26,58,32,26,58,No Group
Manchester City Council - Chorlton,Chorlton Place,2021,October,40,Wednesday,06 Oct 2021,22:00,39,34,73,39,34,73,No Group
Manchester City Council - Chorlton,Chorlton Place,2021,October,40,Wednesday,06 Oct 2021,23:00,15,13,28,15,13,28,No Group
Manchester City Council - Chorlton,Chorlton Place,2021,October,40,Thursday,07 Oct 2021,00:00,11,1,12,11,1,12,No Group
Manchester City Council - Chorlton,Chorlton Place,2021,October,40,Thursday,07 Oct 2021,01:00,0,1,1,0,1,1,No Group
Manchester City Council - Chorlton,Chorlton Place,2021,October,40,Thursday,07 Oct 2021,02:00,0,1,1,0,1,1,No Group
Manchester City Council - Chorlton,Chorlton Place,2021,October,40,Thursday,07 Oct 2021,03:00,3,0,3,3,0,3,No Group
Manchester City Council - Chorlton,Chorlton Place,2021,October,40,Thursday,07 Oct 2021,04:00,3,1,4,3,1,4,No Group
Manchester City Council - Chorlton,Chorlton Place,2021,October,40,Thursday,07 Oct 2021,05:00,1,5,6,1,5,6,No Group
Manchester City Council - Chorlton,Chorlton Place,2021,October,40,Thursday,07 Oct 2021,06:00,7,13,20,7,13,20,No Group
Manchester City Council - Chorlton,Chorlton Place,2021,October,40,Thursday,07 Oct 2021,07:00,21,45,66,21,45,66,No Group
Manchester City Council - Chorlton,Chorlton Place,2021,October,40,Thursday,07 Oct 2021,08:00,53,105,158,53,105,158,No Group
Manchester City Council - Chorlton,Chorlton Place,2021,October,40,Thursday,07 Oct 2021,09:00,83,97,180,83,97,180,No Group
Manchester City Council - Chorlton,Chorlton Place,2021,October,40,Thursday,07 Oct 2021,10:00,108,178,286,108,178,286,No Group
Manchester City Council - Chorlton,Chorlton Place,2021,October,40,Thursday,07 Oct 2021,11:00,186,240,426,186,240,426,No Group
Manchester City Council - Chorlton,Chorlton Place,2021,October,40,Thursday,07 Oct 2021,12:00,149,168,317,149,168,317,No Group
Manchester City Council - Chorlton,Chorlton Place,2021,October,40,Thursday,07 Oct 2021,13:00,157,166,323,157,166,323,No Group
Manchester City Council - Chorlton,Chorlton Place,2021,October,40,Thursday,07 Oct 2021,14:00,140,137,277,140,137,277,No Group
Manchester City Council - Chorlton,Chorlton Place,2021,October,40,Thursday,07 Oct 2021,15:00,129,134,263,129,134,263,No Group
Manchester City Council - Chorlton,Chorlton Place,2021,October,40,Thursday,07 Oct 2021,16:00,100,115,215,100,115,215,No Group
Manchester City Council - Chorlton,Chorlton Place,2021,October,40,Thursday,07 Oct 2021,17:00,85,92,177,85,92,177,No Group
Manchester City Council - Chorlton,Chorlton Place,2021,October,40,Thursday,07 Oct 2021,18:00,87,79,166,87,79,166,No Group
Manchester City Council - Chorlton,Chorlton Place,2021,October,40,Thursday,07 Oct 2021,19:00,76,51,127,76,51,127,No Group
Manchester City Council - Chorlton,Chorlton Place,2021,October,40,Thursday,07 Oct 2021,20:00,35,35,70,35,35,70,No Group
Manchester City Council - Chorlton,Chorlton Place,2021,October,40,Thursday,07 Oct 2021,21:00,22,42,64,22,42,64,No Group
Manchester City Council - Chorlton,Chorlton Place,2021,October,40,Thursday,07 Oct 2021,22:00,24,24,48,24,24,48,No Group
Manchester City Council - Chorlton,Chorlton Place,2021,October,40,Thursday,07 Oct 2021,23:00,19,4,23,19,4,23,No Group
Manchester City Council - Chorlton,Chorlton Place,2021,October,40,Friday,08 Oct 2021,00:00,12,1,13,12,1,13,No Group
Manchester City Council - Chorlton,Chorlton Place,2021,October,40,Friday,08 Oct 2021,01:00,1,2,3,1,2,3,No Group
Manchester City Council - Chorlton,Chorlton Place,2021,October,40,Friday,08 Oct 2021,02:00,2,1,3,2,1,3,No Group
Manchester City Council - Chorlton,Chorlton Place,2021,October,40,Friday,08 Oct 2021,03:00,0,1,1,0,1,1,No Group
Manchester City Council - Chorlton,Chorlton Place,2021,October,40,Friday,08 Oct 2021,04:00,0,1,1,0,1,1,No Group
Manchester City Council - Chorlton,Chorlton Place,2021,October,40,Friday,08 Oct 2021,05:00,2,8,10,2,8,10,No Group
Manchester City Council - Chorlton,Chorlton Place,2021,October,40,Friday,08 Oct 2021,06:00,8,24,32,8,24,32,No Group
Manchester City Council - Chorlton,Chorlton Place,2021,October,40,Friday,08 Oct 2021,07:00,22,44,66,22,44,66,No Group
Manchester City Council - Chorlton,Chorlton Place,2021,October,40,Friday,08 Oct 2021,08:00,40,68,108,40,68,108,No Group
Manchester City Council - Chorlton,Chorlton Place,2021,October,40,Friday,08 Oct 2021,09:00,105,134,239,105,134,239,No Group
Manchester City Council - Chorlton,Chorlton Place,2021,October,40,Friday,08 Oct 2021,10:00,139,199,338,139,199,338,No Group
Manchester City Council - Chorlton,Chorlton Place,2021,October,40,Friday,08 Oct 2021,11:00,197,323,520,197,323,520,No Group
Manchester City Council - Chorlton,Chorlton Place,2021,October,40,Friday,08 Oct 2021,12:00,247,341,588,247,341,588,No Group
Manchester City Council - Chorlton,Chorlton Place,2021,October,40,Friday,08 Oct 2021,13:00,163,146,309,163,146,309,No Group
Manchester City Council - Chorlton,Chorlton Place,2021,October,40,Friday,08 Oct 2021,14:00,180,160,340,180,160,340,No Group
Manchester City Council - Chorlton,Chorlton Place,2021,October,40,Friday,08 Oct 2021,15:00,168,160,328,168,160,328,No Group
Manchester City Council - Chorlton,Chorlton Place,2021,October,40,Friday,08 Oct 2021,16:00,152,125,277,152,125,277,No Group
Manchester City Council - Chorlton,Chorlton Place,2021,October,40,Friday,08 Oct 2021,17:00,105,106,211,105,106,211,No Group
Manchester City Council - Chorlton,Chorlton Place,2021,October,40,Friday,08 Oct 2021,18:00,88,88,176,88,88,176,No Group
Manchester City Council - Chorlton,Chorlton Place,2021,October,40,Friday,08 Oct 2021,19:00,122,88,210,122,88,210,No Group
Manchester City Council - Chorlton,Chorlton Place,2021,October,40,Friday,08 Oct 2021,20:00,54,73,127,54,73,127,No Group
Manchester City Council - Chorlton,Chorlton Place,2021,October,40,Friday,08 Oct 2021,21:00,39,53,92,39,53,92,No Group
Manchester City Council - Chorlton,Chorlton Place,2021,October,40,Friday,08 Oct 2021,22:00,46,57,103,46,57,103,No Group
Manchester City Council - Chorlton,Chorlton Place,2021,October,40,Friday,08 Oct 2021,23:00,45,39,84,45,39,84,No Group
Manchester City Council - Chorlton,Chorlton Place,2021,October,40,Saturday,09 Oct 2021,00:00,24,17,41,24,17,41,No Group
Manchester City Council - Chorlton,Chorlton Place,2021,October,40,Saturday,09 Oct 2021,01:00,10,1,11,10,1,11,No Group
Manchester City Council - Chorlton,Chorlton Place,2021,October,40,Saturday,09 Oct 2021,02:00,4,1,5,4,1,5,No Group
Manchester City Council - Chorlton,Chorlton Place,2021,October,40,Saturday,09 Oct 2021,03:00,0,1,1,0,1,1,No Group
Manchester City Council - Chorlton,Chorlton Place,2021,October,40,Saturday,09 Oct 2021,04:00,1,1,2,1,1,2,No Group
Manchester City Council - Chorlton,Chorlton Place,2021,October,40,Saturday,09 Oct 2021,05:00,0,5,5,0,5,5,No Group
Manchester City Council - Chorlton,Chorlton Place,2021,October,40,Saturday,09 Oct 2021,06:00,0,6,6,0,6,6,No Group
Manchester City Council - Chorlton,Chorlton Place,2021,October,40,Saturday,09 Oct 2021,07:00,14,19,33,14,19,33,No Group
Manchester City Council - Chorlton,Chorlton Place,2021,October,40,Saturday,09 Oct 2021,08:00,38,50,88,38,50,88,No Group
Manchester City Council - Chorlton,Chorlton Place,2021,October,40,Saturday,09 Oct 2021,09:00,117,107,224,117,107,224,No Group
Manchester City Council - Chorlton,Chorlton Place,2021,October,40,Saturday,09 Oct 2021,10:00,136,162,298,136,162,298,No Group
Manchester City Council - Chorlton,Chorlton Place,2021,October,40,Saturday,09 Oct 2021,11:00,156,211,367,156,211,367,No Group
Manchester City Council - Chorlton,Chorlton Place,2021,October,40,Saturday,09 Oct 2021,12:00,195,227,422,195,227,422,No Group
Manchester City Council - Chorlton,Chorlton Place,2021,October,40,Saturday,09 Oct 2021,13:00,216,226,442,216,226,442,No Group
Manchester City Council - Chorlton,Chorlton Place,2021,October,40,Saturday,09 Oct 2021,14:00,231,246,477,231,246,477,No Group
Manchester City Council - Chorlton,Chorlton Place,2021,October,40,Saturday,09 Oct 2021,15:00,237,256,493,237,256,493,No Group
Manchester City Council - Chorlton,Chorlton Place,2021,October,40,Saturday,09 Oct 2021,16:00,211,196,407,211,196,407,No Group
Manchester City Council - Chorlton,Chorlton Place,2021,October,40,Saturday,09 Oct 2021,17:00,125,125,250,125,125,250,No Group
Manchester City Council - Chorlton,Chorlton Place,2021,October,40,Saturday,09 Oct 2021,18:00,98,104,202,98,104,202,No Group
Manchester City Council - Chorlton,Chorlton Place,2021,October,40,Saturday,09 Oct 2021,19:00,88,67,155,88,67,155,No Group
Manchester City Council - Chorlton,Chorlton Place,2021,October,40,Saturday,09 Oct 2021,20:00,48,69,117,48,69,117,No Group
Manchester City Council - Chorlton,Chorlton Place,2021,October,40,Saturday,09 Oct 2021,21:00,61,70,131,61,70,131,No Group
Manchester City Council - Chorlton,Chorlton Place,2021,October,40,Saturday,09 Oct 2021,22:00,42,40,82,42,40,82,No Group
Manchester City Council - Chorlton,Chorlton Place,2021,October,40,Saturday,09 Oct 2021,23:00,29,30,59,29,30,59,No Group
Manchester City Council - Chorlton,Chorlton Place,2021,October,40,Sunday,10 Oct 2021,00:00,8,10,18,8,10,18,No Group
Manchester City Council - Chorlton,Chorlton Place,2021,October,40,Sunday,10 Oct 2021,01:00,7,1,8,7,1,8,No Group
Manchester City Council - Chorlton,Chorlton Place,2021,October,40,Sunday,10 Oct 2021,02:00,2,1,3,2,1,3,No Group
Manchester City Council - Chorlton,Chorlton Place,2021,October,40,Sunday,10 Oct 2021,03:00,6,2,8,6,2,8,No Group
Manchester City Council - Chorlton,Chorlton Place,2021,October,40,Sunday,10 Oct 2021,04:00,3,0,3,3,0,3,No Group
Manchester City Council - Chorlton,Chorlton Place,2021,October,40,Sunday,10 Oct 2021,05:00,5,3,8,5,3,8,No Group
Manchester City Council - Chorlton,Chorlton Place,2021,October,40,Sunday,10 Oct 2021,06:00,4,11,15,4,11,15,No Group
Manchester City Council - Chorlton,Chorlton Place,2021,October,40,Sunday,10 Oct 2021,07:00,15,9,24,15,9,24,No Group
Manchester City Council - Chorlton,Chorlton Place,2021,October,40,Sunday,10 Oct 2021,08:00,36,77,113,36,77,113,No Group
Manchester City Council - Chorlton,Chorlton Place,2021,October,40,Sunday,10 Oct 2021,09:00,74,111,185,74,111,185,No Group
Manchester City Council - Chorlton,Chorlton Place,2021,October,40,Sunday,10 Oct 2021,10:00,136,181,317,136,181,317,No Group
Manchester City Council - Chorlton,Chorlton Place,2021,October,40,Sunday,10 Oct 2021,11:00,241,306,547,241,306,547,No Group
Manchester City Council - Chorlton,Chorlton Place,2021,October,40,Sunday,10 Oct 2021,12:00,430,386,816,430,386,816,No Group
Manchester City Council - Chorlton,Chorlton Place,2021,October,40,Sunday,10 Oct 2021,13:00,205,238,443,205,238,443,No Group
Manchester City Council - Chorlton,Chorlton Place,2021,October,40,Sunday,10 Oct 2021,14:00,249,274,523,249,274,523,No Group
Manchester City Council - Chorlton,Chorlton Place,2021,October,40,Sunday,10 Oct 2021,15:00,208,243,451,208,243,451,No Group
Manchester City Council - Chorlton,Chorlton Place,2021,October,40,Sunday,10 Oct 2021,16:00,135,163,298,135,163,298,No Group
Manchester City Council - Chorlton,Chorlton Place,2021,October,40,Sunday,10 Oct 2021,17:00,113,121,234,113,121,234,No Group
Manchester City Council - Chorlton,Chorlton Place,2021,October,40,Sunday,10 Oct 2021,18:00,77,115,192,77,115,192,No Group
Manchester City Council - Chorlton,Chorlton Place,2021,October,40,Sunday,10 Oct 2021,19:00,33,69,102,33,69,102,No Group
Manchester City Council - Chorlton,Chorlton Place,2021,October,40,Sunday,10 Oct 2021,20:00,33,38,71,33,38,71,No Group
Manchester City Council - Chorlton,Chorlton Place,2021,October,40,Sunday,10 Oct 2021,21:00,22,24,46,22,24,46,No Group
Manchester City Council - Chorlton,Chorlton Place,2021,October,40,Sunday,10 Oct 2021,22:00,19,19,38,19,19,38,No Group
Manchester City Council - Chorlton,Chorlton Place,2021,October,40,Sunday,10 Oct 2021,23:00,13,5,18,13,5,18,No Group
Manchester City Council - Chorlton,Chorlton Place,2021,October,41,Monday,11 Oct 2021,00:00,7,6,13,7,6,13,No Group
Manchester City Council - Chorlton,Chorlton Place,2021,October,41,Monday,11 Oct 2021,01:00,2,3,5,2,3,5,No Group
Manchester City Council - Chorlton,Chorlton Place,2021,October,41,Monday,11 Oct 2021,02:00,0,0,0,0,0,0,No Group
Manchester City Council - Chorlton,Chorlton Place,2021,October,41,Monday,11 Oct 2021,03:00,0,1,1,0,1,1,No Group
Manchester City Council - Chorlton,Chorlton Place,2021,October,41,Monday,11 Oct 2021,04:00,1,3,4,1,3,4,No Group
Manchester City Council - Chorlton,Chorlton Place,2021,October,41,Monday,11 Oct 2021,05:00,1,8,9,1,8,9,No Group
Manchester City Council - Chorlton,Chorlton Place,2021,October,41,Monday,11 Oct 2021,06:00,5,16,21,5,16,21,No Group
Manchester City Council - Chorlton,Chorlton Place,2021,October,41,Monday,11 Oct 2021,07:00,16,40,56,16,40,56,No Group
Manchester City Council - Chorlton,Chorlton Place,2021,October,41,Monday,11 Oct 2021,08:00,42,84,126,42,84,126,No Group
Manchester City Council - Chorlton,Chorlton Place,2021,October,41,Monday,11 Oct 2021,09:00,76,96,172,76,96,172,No Group
Manchester City Council - Chorlton,Chorlton Place,2021,October,41,Monday,11 Oct 2021,10:00,123,174,297,123,174,297,No Group
Manchester City Council - Chorlton,Chorlton Place,2021,October,41,Monday,11 Oct 2021,11:00,130,182,312,130,182,312,No Group
Manchester City Council - Chorlton,Chorlton Place,2021,October,41,Monday,11 Oct 2021,12:00,234,362,596,234,362,596,No Group
Manchester City Council - Chorlton,Chorlton Place,2021,October,41,Monday,11 Oct 2021,13:00,141,143,284,141,143,284,No Group
Manchester City Council - Chorlton,Chorlton Place,2021,October,41,Monday,11 Oct 2021,14:00,157,142,299,157,142,299,No Group
Manchester City Council - Chorlton,Chorlton Place,2021,October,41,Monday,11 Oct 2021,15:00,150,154,304,150,154,304,No Group
Manchester City Council - Chorlton,Chorlton Place,2021,October,41,Monday,11 Oct 2021,16:00,132,104,236,132,104,236,No Group
Manchester City Council - Chorlton,Chorlton Place,2021,October,41,Monday,11 Oct 2021,17:00,91,102,193,91,102,193,No Group
Manchester City Council - Chorlton,Chorlton Place,2021,October,41,Monday,11 Oct 2021,18:00,92,62,154,92,62,154,No Group
Manchester City Council - Chorlton,Chorlton Place,2021,October,41,Monday,11 Oct 2021,19:00,82,62,144,82,62,144,No Group
Manchester City Council - Chorlton,Chorlton Place,2021,October,41,Monday,11 Oct 2021,20:00,26,32,58,26,32,58,No Group
Manchester City Council - Chorlton,Chorlton Place,2021,October,41,Monday,11 Oct 2021,21:00,29,45,74,29,45,74,No Group
Manchester City Council - Chorlton,Chorlton Place,2021,October,41,Monday,11 Oct 2021,22:00,17,24,41,17,24,41,No Group
Manchester City Council - Chorlton,Chorlton Place,2021,October,41,Monday,11 Oct 2021,23:00,13,12,25,13,12,25,No Group
Manchester City Council - Chorlton,Chorlton Place,2021,October,41,Tuesday,12 Oct 2021,00:00,10,6,16,10,6,16,No Group
Manchester City Council - Chorlton,Chorlton Place,2021,October,41,Tuesday,12 Oct 2021,01:00,4,2,6,4,2,6,No Group
Manchester City Council - Chorlton,Chorlton Place,2021,October,41,Tuesday,12 Oct 2021,02:00,4,5,9,4,5,9,No Group
Manchester City Council - Chorlton,Chorlton Place,2021,October,41,Tuesday,12 Oct 2021,03:00,0,2,2,0,2,2,No Group
Manchester City Council - Chorlton,Chorlton Place,2021,October,41,Tuesday,12 Oct 2021,04:00,0,1,1,0,1,1,No Group
Manchester City Council - Chorlton,Chorlton Place,2021,October,41,Tuesday,12 Oct 2021,05:00,2,9,11,2,9,11,No Group
Manchester City Council - Chorlton,Chorlton Place,2021,October,41,Tuesday,12 Oct 2021,06:00,7,22,29,7,22,29,No Group
Manchester City Council - Chorlton,Chorlton Place,2021,October,41,Tuesday,12 Oct 2021,07:00,23,53,76,23,53,76,No Group
Manchester City Council - Chorlton,Chorlton Place,2021,October,41,Tuesday,12 Oct 2021,08:00,37,79,116,37,79,116,No Group
Manchester City Council - Chorlton,Chorlton Place,2021,October,41,Tuesday,12 Oct 2021,09:00,65,79,144,65,79,144,No Group
Manchester City Council - Chorlton,Chorlton Place,2021,October,41,Tuesday,12 Oct 2021,10:00,86,123,209,86,123,209,No Group
Manchester City Council - Chorlton,Chorlton Place,2021,October,41,Tuesday,12 Oct 2021,11:00,117,130,247,117,130,247,No Group
Manchester City Council - Chorlton,Chorlton Place,2021,October,41,Tuesday,12 Oct 2021,12:00,140,138,278,140,138,278,No Group
Manchester City Council - Chorlton,Chorlton Place,2021,October,41,Tuesday,12 Oct 2021,13:00,130,165,295,130,165,295,No Group
Manchester City Council - Chorlton,Chorlton Place,2021,October,41,Tuesday,12 Oct 2021,14:00,113,122,235,113,122,235,No Group
Manchester City Council - Chorlton,Chorlton Place,2021,October,41,Tuesday,12 Oct 2021,15:00,134,108,242,134,108,242,No Group
Manchester City Council - Chorlton,Chorlton Place,2021,October,41,Tuesday,12 Oct 2021,16:00,111,112,223,111,112,223,No Group
Manchester City Council - Chorlton,Chorlton Place,2021,October,41,Tuesday,12 Oct 2021,17:00,94,102,196,94,102,196,No Group
Manchester City Council - Chorlton,Chorlton Place,2021,October,41,Tuesday,12 Oct 2021,18:00,88,71,159,88,71,159,No Group
Manchester City Council - Chorlton,Chorlton Place,2021,October,41,Tuesday,12 Oct 2021,19:00,53,58,111,53,58,111,No Group
Manchester City Council - Chorlton,Chorlton Place,2021,October,41,Tuesday,12 Oct 2021,20:00,36,31,67,36,31,67,No Group
Manchester City Council - Chorlton,Chorlton Place,2021,October,41,Tuesday,12 Oct 2021,21:00,19,24,43,19,24,43,No Group
Manchester City Council - Chorlton,Chorlton Place,2021,October,41,Tuesday,12 Oct 2021,22:00,27,14,41,27,14,41,No Group
Manchester City Council - Chorlton,Chorlton Place,2021,October,41,Tuesday,12 Oct 2021,23:00,12,6,18,12,6,18,No Group
Manchester City Council - Chorlton,Chorlton Place,2021,October,41,Wednesday,13 Oct 2021,00:00,7,2,9,7,2,9,No Group
Manchester City Council - Chorlton,Chorlton Place,2021,October,41,Wednesday,13 Oct 2021,01:00,0,1,1,0,1,1,No Group
Manchester City Council - Chorlton,Chorlton Place,2021,October,41,Wednesday,13 Oct 2021,02:00,1,2,3,1,2,3,No Group
Manchester City Council - Chorlton,Chorlton Place,2021,October,41,Wednesday,13 Oct 2021,03:00,0,1,1,0,1,1,No Group
Manchester City Council - Chorlton,Chorlton Place,2021,October,41,Wednesday,13 Oct 2021,04:00,0,1,1,0,1,1,No Group
Manchester City Council - Chorlton,Chorlton Place,2021,October,41,Wednesday,13 Oct 2021,05:00,0,6,6,0,6,6,No Group
Manchester City Council - Chorlton,Chorlton Place,2021,October,41,Wednesday,13 Oct 2021,06:00,4,18,22,4,18,22,No Group
Manchester City Council - Chorlton,Chorlton Place,2021,October,41,Wednesday,13 Oct 2021,07:00,17,53,70,17,53,70,No Group
Manchester City Council - Chorlton,Chorlton Place,2021,October,41,Wednesday,13 Oct 2021,08:00,35,105,140,35,105,140,No Group
Manchester City Council - Chorlton,Chorlton Place,2021,October,41,Wednesday,13 Oct 2021,09:00,60,108,168,60,108,168,No Group
Manchester City Council - Chorlton,Chorlton Place,2021,October,41,Wednesday,13 Oct 2021,10:00,122,121,243,122,121,243,No Group
Manchester City Council - Chorlton,Chorlton Place,2021,October,41,Wednesday,13 Oct 2021,11:00,99,141,240,99,141,240,No Group
Manchester City Council - Chorlton,Chorlton Place,2021,October,41,Wednesday,13 Oct 2021,12:00,158,170,328,158,170,328,No Group
Manchester City Council - Chorlton,Chorlton Place,2021,October,41,Wednesday,13 Oct 2021,13:00,125,161,286,125,161,286,No Group
Manchester City Council - Chorlton,Chorlton Place,2021,October,41,Wednesday,13 Oct 2021,14:00,141,137,278,141,137,278,No Group
Manchester City Council - Chorlton,Chorlton Place,2021,October,41,Wednesday,13 Oct 2021,15:00,143,151,294,143,151,294,No Group
Manchester City Council - Chorlton,Chorlton Place,2021,October,41,Wednesday,13 Oct 2021,16:00,124,122,246,124,122,246,No Group
Manchester City Council - Chorlton,Chorlton Place,2021,October,41,Wednesday,13 Oct 2021,17:00,97,92,189,97,92,189,No Group
Manchester City Council - Chorlton,Chorlton Place,2021,October,41,Wednesday,13 Oct 2021,18:00,78,80,158,78,80,158,No Group
Manchester City Council - Chorlton,Chorlton Place,2021,October,41,Wednesday,13 Oct 2021,19:00,88,59,147,88,59,147,No Group
Manchester City Council - Chorlton,Chorlton Place,2021,October,41,Wednesday,13 Oct 2021,20:00,39,44,83,39,44,83,No Group
Manchester City Council - Chorlton,Chorlton Place,2021,October,41,Wednesday,13 Oct 2021,21:00,34,21,55,34,21,55,No Group
Manchester City Council - Chorlton,Chorlton Place,2021,October,41,Wednesday,13 Oct 2021,22:00,25,20,45,25,20,45,No Group
Manchester City Council - Chorlton,Chorlton Place,2021,October,41,Wednesday,13 Oct 2021,23:00,16,8,24,16,8,24,No Group
Manchester City Council - Chorlton,Chorlton Place,2021,October,41,Thursday,14 Oct 2021,00:00,8,1,9,8,1,9,No Group
Manchester City Council - Chorlton,Chorlton Place,2021,October,41,Thursday,14 Oct 2021,01:00,0,1,1,0,1,1,No Group
Manchester City Council - Chorlton,Chorlton Place,2021,October,41,Thursday,14 Oct 2021,02:00,0,0,0,0,0,0,No Group
Manchester City Council - Chorlton,Chorlton Place,2021,October,41,Thursday,14 Oct 2021,03:00,1,1,2,1,1,2,No Group
Manchester City Council - Chorlton,Chorlton Place,2021,October,41,Thursday,14 Oct 2021,04:00,0,0,0,0,0,0,No Group
Manchester City Council - Chorlton,Chorlton Place,2021,October,41,Thursday,14 Oct 2021,05:00,1,6,7,1,6,7,No Group
Manchester City Council - Chorlton,Chorlton Place,2021,October,41,Thursday,14 Oct 2021,06:00,10,23,33,10,23,33,No Group
Manchester City Council - Chorlton,Chorlton Place,2021,October,41,Thursday,14 Oct 2021,07:00,22,63,85,22,63,85,No Group
Manchester City Council - Chorlton,Chorlton Place,2021,October,41,Thursday,14 Oct 2021,08:00,46,95,141,46,95,141,No Group
Manchester City Council - Chorlton,Chorlton Place,2021,October,41,Thursday,14 Oct 2021,09:00,70,85,155,70,85,155,No Group
Manchester City Council - Chorlton,Chorlton Place,2021,October,41,Thursday,14 Oct 2021,10:00,100,133,233,100,133,233,No Group
Manchester City Council - Chorlton,Chorlton Place,2021,October,41,Thursday,14 Oct 2021,11:00,128,138,266,128,138,266,No Group
Manchester City Council - Chorlton,Chorlton Place,2021,October,41,Thursday,14 Oct 2021,12:00,147,158,305,147,158,305,No Group
Manchester City Council - Chorlton,Chorlton Place,2021,October,41,Thursday,14 Oct 2021,13:00,145,171,316,145,171,316,No Group
Manchester City Council - Chorlton,Chorlton Place,2021,October,41,Thursday,14 Oct 2021,14:00,152,142,294,152,142,294,No Group
Manchester City Council - Chorlton,Chorlton Place,2021,October,41,Thursday,14 Oct 2021,15:00,158,136,294,158,136,294,No Group
Manchester City Council - Chorlton,Chorlton Place,2021,October,41,Thursday,14 Oct 2021,16:00,113,106,219,113,106,219,No Group
Manchester City Council - Chorlton,Chorlton Place,2021,October,41,Thursday,14 Oct 2021,17:00,106,96,202,106,96,202,No Group
Manchester City Council - Chorlton,Chorlton Place,2021,October,41,Thursday,14 Oct 2021,18:00,88,66,154,88,66,154,No Group
Manchester City Council - Chorlton,Chorlton Place,2021,October,41,Thursday,14 Oct 2021,19:00,78,63,141,78,63,141,No Group
Manchester City Council - Chorlton,Chorlton Place,2021,October,41,Thursday,14 Oct 2021,20:00,53,48,101,53,48,101,No Group
Manchester City Council - Chorlton,Chorlton Place,2021,October,41,Thursday,14 Oct 2021,21:00,32,31,63,32,31,63,No Group
Manchester City Council - Chorlton,Chorlton Place,2021,October,41,Thursday,14 Oct 2021,22:00,37,16,53,37,16,53,No Group
Manchester City Council - Chorlton,Chorlton Place,2021,October,41,Thursday,14 Oct 2021,23:00,21,7,28,21,7,28,No Group
Manchester City Council - Chorlton,Chorlton Place,2021,October,41,Friday,15 Oct 2021,00:00,10,5,15,10,5,15,No Group
Manchester City Council - Chorlton,Chorlton Place,2021,October,41,Friday,15 Oct 2021,01:00,0,1,1,0,1,1,No Group
Manchester City Council - Chorlton,Chorlton Place,2021,October,41,Friday,15 Oct 2021,02:00,0,3,3,0,3,3,No Group
Manchester City Council - Chorlton,Chorlton Place,2021,October,41,Friday,15 Oct 2021,03:00,0,2,2,0,2,2,No Group
Manchester City Council - Chorlton,Chorlton Place,2021,October,41,Friday,15 Oct 2021,04:00,1,2,3,1,2,3,No Group
Manchester City Council - Chorlton,Chorlton Place,2021,October,41,Friday,15 Oct 2021,05:00,2,4,6,2,4,6,No Group
Manchester City Council - Chorlton,Chorlton Place,2021,October,41,Friday,15 Oct 2021,06:00,4,22,26,4,22,26,No Group
Manchester City Council - Chorlton,Chorlton Place,2021,October,41,Friday,15 Oct 2021,07:00,26,56,82,26,56,82,No Group
Manchester City Council - Chorlton,Chorlton Place,2021,October,41,Friday,15 Oct 2021,08:00,60,114,174,60,114,174,No Group
Manchester City Council - Chorlton,Chorlton Place,2021,October,41,Friday,15 Oct 2021,09:00,104,126,230,104,126,230,No Group
Manchester City Council - Chorlton,Chorlton Place,2021,October,41,Friday,15 Oct 2021,10:00,168,304,472,168,304,472,No Group
Manchester City Council - Chorlton,Chorlton Place,2021,October,41,Friday,15 Oct 2021,11:00,279,494,773,279,494,773,No Group
Manchester City Council - Chorlton,Chorlton Place,2021,October,41,Friday,15 Oct 2021,12:00,379,591,970,379,591,970,No Group
Manchester City Council - Chorlton,Chorlton Place,2021,October,41,Friday,15 Oct 2021,13:00,173,154,327,173,154,327,No Group
Manchester City Council - Chorlton,Chorlton Place,2021,October,41,Friday,15 Oct 2021,14:00,162,170,332,162,170,332,No Group
Manchester City Council - Chorlton,Chorlton Place,2021,October,41,Friday,15 Oct 2021,15:00,158,178,336,158,178,336,No Group
Manchester City Council - Chorlton,Chorlton Place,2021,October,41,Friday,15 Oct 2021,16:00,149,125,274,149,125,274,No Group
Manchester City Council - Chorlton,Chorlton Place,2021,October,41,Friday,15 Oct 2021,17:00,96,113,209,96,113,209,No Group
Manchester City Council - Chorlton,Chorlton Place,2021,October,41,Friday,15 Oct 2021,18:00,85,85,170,85,85,170,No Group
Manchester City Council - Chorlton,Chorlton Place,2021,October,41,Friday,15 Oct 2021,19:00,94,74,168,94,74,168,No Group
Manchester City Council - Chorlton,Chorlton Place,2021,October,41,Friday,15 Oct 2021,20:00,77,64,141,77,64,141,No Group
Manchester City Council - Chorlton,Chorlton Place,2021,October,41,Friday,15 Oct 2021,21:00,41,35,76,41,35,76,No Group
Manchester City Council - Chorlton,Chorlton Place,2021,October,41,Friday,15 Oct 2021,22:00,35,40,75,35,40,75,No Group
Manchester City Council - Chorlton,Chorlton Place,2021,October,41,Friday,15 Oct 2021,23:00,27,13,40,27,13,40,No Group
Manchester City Council - Chorlton,Chorlton Place,2021,October,41,Saturday,16 Oct 2021,00:00,23,17,40,23,17,40,No Group
Manchester City Council - Chorlton,Chorlton Place,2021,October,41,Saturday,16 Oct 2021,01:00,17,2,19,17,2,19,No Group
Manchester City Council - Chorlton,Chorlton Place,2021,October,41,Saturday,16 Oct 2021,02:00,6,5,11,6,5,11,No Group
Manchester City Council - Chorlton,Chorlton Place,2021,October,41,Saturday,16 Oct 2021,03:00,1,2,3,1,2,3,No Group
Manchester City Council - Chorlton,Chorlton Place,2021,October,41,Saturday,16 Oct 2021,04:00,2,3,5,2,3,5,No Group
Manchester City Council - Chorlton,Chorlton Place,2021,October,41,Saturday,16 Oct 2021,05:00,1,5,6,1,5,6,No Group
Manchester City Council - Chorlton,Chorlton Place,2021,October,41,Saturday,16 Oct 2021,06:00,1,7,8,1,7,8,No Group
Manchester City Council - Chorlton,Chorlton Place,2021,October,41,Saturday,16 Oct 2021,07:00,4,12,16,4,12,16,No Group
Manchester City Council - Chorlton,Chorlton Place,2021,October,41,Saturday,16 Oct 2021,08:00,43,49,92,43,49,92,No Group
Manchester City Council - Chorlton,Chorlton Place,2021,October,41,Saturday,16 Oct 2021,09:00,106,123,229,106,123,229,No Group
Manchester City Council - Chorlton,Chorlton Place,2021,October,41,Saturday,16 Oct 2021,10:00,156,188,344,156,188,344,No Group
Manchester City Council - Chorlton,Chorlton Place,2021,October,41,Saturday,16 Oct 2021,11:00,223,238,461,223,238,461,No Group
Manchester City Council - Chorlton,Chorlton Place,2021,October,41,Saturday,16 Oct 2021,12:00,222,252,474,222,252,474,No Group
Manchester City Council - Chorlton,Chorlton Place,2021,October,41,Saturday,16 Oct 2021,13:00,227,225,452,227,225,452,No Group
Manchester City Council - Chorlton,Chorlton Place,2021,October,41,Saturday,16 Oct 2021,14:00,239,212,451,239,212,451,No Group
Manchester City Council - Chorlton,Chorlton Place,2021,October,41,Saturday,16 Oct 2021,15:00,220,233,453,220,233,453,No Group
Manchester City Council - Chorlton,Chorlton Place,2021,October,41,Saturday,16 Oct 2021,16:00,154,151,305,154,151,305,No Group
Manchester City Council - Chorlton,Chorlton Place,2021,October,41,Saturday,16 Oct 2021,17:00,96,103,199,96,103,199,No Group
Manchester City Council - Chorlton,Chorlton Place,2021,October,41,Saturday,16 Oct 2021,18:00,94,91,185,94,91,185,No Group
Manchester City Council - Chorlton,Chorlton Place,2021,October,41,Saturday,16 Oct 2021,19:00,78,61,139,78,61,139,No Group
Manchester City Council - Chorlton,Chorlton Place,2021,October,41,Saturday,16 Oct 2021,20:00,61,85,146,61,85,146,No Group
Manchester City Council - Chorlton,Chorlton Place,2021,October,41,Saturday,16 Oct 2021,21:00,51,60,111,51,60,111,No Group
Manchester City Council - Chorlton,Chorlton Place,2021,October,41,Saturday,16 Oct 2021,22:00,48,38,86,48,38,86,No Group
Manchester City Council - Chorlton,Chorlton Place,2021,October,41,Saturday,16 Oct 2021,23:00,42,23,65,42,23,65,No Group
Manchester City Council - Chorlton,Chorlton Place,2021,October,41,Sunday,17 Oct 2021,00:00,21,19,40,21,19,40,No Group
Manchester City Council - Chorlton,Chorlton Place,2021,October,41,Sunday,17 Oct 2021,01:00,18,1,19,18,1,19,No Group
Manchester City Council - Chorlton,Chorlton Place,2021,October,41,Sunday,17 Oct 2021,02:00,1,2,3,1,2,3,No Group
Manchester City Council - Chorlton,Chorlton Place,2021,October,41,Sunday,17 Oct 2021,03:00,1,1,2,1,1,2,No Group
Manchester City Council - Chorlton,Chorlton Place,2021,October,41,Sunday,17 Oct 2021,04:00,3,0,3,3,0,3,No Group
Manchester City Council - Chorlton,Chorlton Place,2021,October,41,Sunday,17 Oct 2021,05:00,1,0,1,1,0,1,No Group
Manchester City Council - Chorlton,Chorlton Place,2021,October,41,Sunday,17 Oct 2021,06:00,0,5,5,0,5,5,No Group
Manchester City Council - Chorlton,Chorlton Place,2021,October,41,Sunday,17 Oct 2021,07:00,4,15,19,4,15,19,No Group
Manchester City Council - Chorlton,Chorlton Place,2021,October,41,Sunday,17 Oct 2021,08:00,10,43,53,10,43,53,No Group
Manchester City Council - Chorlton,Chorlton Place,2021,October,41,Sunday,17 Oct 2021,09:00,39,57,96,39,57,96,No Group
Manchester City Council - Chorlton,Chorlton Place,2021,October,41,Sunday,17 Oct 2021,10:00,49,98,147,49,98,147,No Group
Manchester City Council - Chorlton,Chorlton Place,2021,October,41,Sunday,17 Oct 2021,11:00,95,106,201,95,106,201,No Group
Manchester City Council - Chorlton,Chorlton Place,2021,October,41,Sunday,17 Oct 2021,12:00,109,121,230,109,121,230,No Group
Manchester City Council - Chorlton,Chorlton Place,2021,October,41,Sunday,17 Oct 2021,13:00,115,142,257,115,142,257,No Group
Manchester City Council - Chorlton,Chorlton Place,2021,October,41,Sunday,17 Oct 2021,14:00,110,88,198,110,88,198,No Group
Manchester City Council - Chorlton,Chorlton Place,2021,October,41,Sunday,17 Oct 2021,15:00,117,97,214,117,97,214,No Group
Manchester City Council - Chorlton,Chorlton Place,2021,October,41,Sunday,17 Oct 2021,16:00,100,99,199,100,99,199,No Group
Manchester City Council - Chorlton,Chorlton Place,2021,October,41,Sunday,17 Oct 2021,17:00,54,69,123,54,69,123,No Group
Manchester City Council - Chorlton,Chorlton Place,2021,October,41,Sunday,17 Oct 2021,18:00,56,65,121,56,65,121,No Group
Manchester City Council - Chorlton,Chorlton Place,2021,October,41,Sunday,17 Oct 2021,19:00,32,41,73,32,41,73,No Group
Manchester City Council - Chorlton,Chorlton Place,2021,October,41,Sunday,17 Oct 2021,20:00,27,35,62,27,35,62,No Group
Manchester City Council - Chorlton,Chorlton Place,2021,October,41,Sunday,17 Oct 2021,21:00,14,13,27,14,13,27,No Group
Manchester City Council - Chorlton,Chorlton Place,2021,October,41,Sunday,17 Oct 2021,22:00,14,10,24,14,10,24,No Group
Manchester City Council - Chorlton,Chorlton Place,2021,October,41,Sunday,17 Oct 2021,23:00,11,1,12,11,1,12,No Group
Manchester City Council - Chorlton,Chorlton Place,2021,October,42,Monday,18 Oct 2021,00:00,4,1,5,4,1,5,No Group
Manchester City Council - Chorlton,Chorlton Place,2021,October,42,Monday,18 Oct 2021,01:00,0,1,1,0,1,1,No Group
Manchester City Council - Chorlton,Chorlton Place,2021,October,42,Monday,18 Oct 2021,02:00,0,0,0,0,0,0,No Group
Manchester City Council - Chorlton,Chorlton Place,2021,October,42,Monday,18 Oct 2021,03:00,1,1,2,1,1,2,No Group
Manchester City Council - Chorlton,Chorlton Place,2021,October,42,Monday,18 Oct 2021,04:00,1,2,3,1,2,3,No Group
Manchester City Council - Chorlton,Chorlton Place,2021,October,42,Monday,18 Oct 2021,05:00,0,7,7,0,7,7,No Group
Manchester City Council - Chorlton,Chorlton Place,2021,October,42,Monday,18 Oct 2021,06:00,6,18,24,6,18,24,No Group
Manchester City Council - Chorlton,Chorlton Place,2021,October,42,Monday,18 Oct 2021,07:00,17,41,58,17,41,58,No Group
Manchester City Council - Chorlton,Chorlton Place,2021,October,42,Monday,18 Oct 2021,08:00,39,80,119,39,80,119,No Group
Manchester City Council - Chorlton,Chorlton Place,2021,October,42,Monday,18 Oct 2021,09:00,65,71,136,65,71,136,No Group
Manchester City Council - Chorlton,Chorlton Place,2021,October,42,Monday,18 Oct 2021,10:00,76,88,164,76,88,164,No Group
Manchester City Council - Chorlton,Chorlton Place,2021,October,42,Monday,18 Oct 2021,11:00,143,126,269,143,126,269,No Group
Manchester City Council - Chorlton,Chorlton Place,2021,October,42,Monday,18 Oct 2021,12:00,122,136,258,122,136,258,No Group
Manchester City Council - Chorlton,Chorlton Place,2021,October,42,Monday,18 Oct 2021,13:00,142,122,264,142,122,264,No Group
Manchester City Council - Chorlton,Chorlton Place,2021,October,42,Monday,18 Oct 2021,14:00,149,159,308,149,159,308,No Group
Manchester City Council - Chorlton,Chorlton Place,2021,October,42,Monday,18 Oct 2021,15:00,149,145,294,149,145,294,No Group
Manchester City Council - Chorlton,Chorlton Place,2021,October,42,Monday,18 Oct 2021,16:00,122,105,227,122,105,227,No Group
Manchester City Council - Chorlton,Chorlton Place,2021,October,42,Monday,18 Oct 2021,17:00,102,92,194,102,92,194,No Group
Manchester City Council - Chorlton,Chorlton Place,2021,October,42,Monday,18 Oct 2021,18:00,84,62,146,84,62,146,No Group
Manchester City Council - Chorlton,Chorlton Place,2021,October,42,Monday,18 Oct 2021,19:00,3,2,5,3,2,5,No Group
Manchester City Council - Chorlton,Chorlton Place,2021,October,42,Monday,18 Oct 2021,20:00,3,5,8,3,5,8,No Group
Manchester City Council - Chorlton,Chorlton Place,2021,October,42,Monday,18 Oct 2021,21:00,9,11,20,9,11,20,No Group
Manchester City Council - Chorlton,Chorlton Place,2021,October,42,Monday,18 Oct 2021,22:00,17,11,28,17,11,28,No Group
Manchester City Council - Chorlton,Chorlton Place,2021,October,42,Monday,18 Oct 2021,23:00,9,6,15,9,6,15,No Group
Manchester City Council - Chorlton,Chorlton Place,2021,October,42,Tuesday,19 Oct 2021,00:00,4,3,7,4,3,7,No Group
Manchester City Council - Chorlton,Chorlton Place,2021,October,42,Tuesday,19 Oct 2021,01:00,3,2,5,3,2,5,No Group
Manchester City Council - Chorlton,Chorlton Place,2021,October,42,Tuesday,19 Oct 2021,02:00,6,6,12,6,6,12,No Group
Manchester City Council - Chorlton,Chorlton Place,2021,October,42,Tuesday,19 Oct 2021,03:00,0,2,2,0,2,2,No Group
Manchester City Council - Chorlton,Chorlton Place,2021,October,42,Tuesday,19 Oct 2021,04:00,0,1,1,0,1,1,No Group
Manchester City Council - Chorlton,Chorlton Place,2021,October,42,Tuesday,19 Oct 2021,05:00,0,6,6,0,6,6,No Group
Manchester City Council - Chorlton,Chorlton Place,2021,October,42,Tuesday,19 Oct 2021,06:00,6,20,26,6,20,26,No Group
Manchester City Council - Chorlton,Chorlton Place,2021,October,42,Tuesday,19 Oct 2021,07:00,9,38,47,9,38,47,No Group
Manchester City Council - Chorlton,Chorlton Place,2021,October,42,Tuesday,19 Oct 2021,08:00,41,121,162,41,121,162,No Group
Manchester City Council - Chorlton,Chorlton Place,2021,October,42,Tuesday,19 Oct 2021,09:00,63,81,144,63,81,144,No Group
Manchester City Council - Chorlton,Chorlton Place,2021,October,42,Tuesday,19 Oct 2021,10:00,99,127,226,99,127,226,No Group
Manchester City Council - Chorlton,Chorlton Place,2021,October,42,Tuesday,19 Oct 2021,11:00,115,129,244,115,129,244,No Group
Manchester City Council - Chorlton,Chorlton Place,2021,October,42,Tuesday,19 Oct 2021,12:00,137,142,279,137,142,279,No Group
Manchester City Council - Chorlton,Chorlton Place,2021,October,42,Tuesday,19 Oct 2021,13:00,154,137,291,154,137,291,No Group
Manchester City Council - Chorlton,Chorlton Place,2021,October,42,Tuesday,19 Oct 2021,14:00,140,136,276,140,136,276,No Group
Manchester City Council - Chorlton,Chorlton Place,2021,October,42,Tuesday,19 Oct 2021,15:00,126,132,258,126,132,258,No Group
Manchester City Council - Chorlton,Chorlton Place,2021,October,42,Tuesday,19 Oct 2021,16:00,117,100,217,117,100,217,No Group
Manchester City Council - Chorlton,Chorlton Place,2021,October,42,Tuesday,19 Oct 2021,17:00,85,106,191,85,106,191,No Group
Manchester City Council - Chorlton,Chorlton Place,2021,October,42,Tuesday,19 Oct 2021,18:00,59,56,115,59,56,115,No Group
Manchester City Council - Chorlton,Chorlton Place,2021,October,42,Tuesday,19 Oct 2021,19:00,43,49,92,43,49,92,No Group
Manchester City Council - Chorlton,Chorlton Place,2021,October,42,Tuesday,19 Oct 2021,20:00,35,28,63,35,28,63,No Group
Manchester City Council - Chorlton,Chorlton Place,2021,October,42,Tuesday,19 Oct 2021,21:00,31,31,62,31,31,62,No Group
Manchester City Council - Chorlton,Chorlton Place,2021,October,42,Tuesday,19 Oct 2021,22:00,21,15,36,21,15,36,No Group
Manchester City Council - Chorlton,Chorlton Place,2021,October,42,Tuesday,19 Oct 2021,23:00,19,9,28,19,9,28,No Group
Manchester City Council - Chorlton,Chorlton Place,2021,October,42,Wednesday,20 Oct 2021,00:00,4,5,9,4,5,9,No Group
Manchester City Council - Chorlton,Chorlton Place,2021,October,42,Wednesday,20 Oct 2021,01:00,1,2,3,1,2,3,No Group
Manchester City Council - Chorlton,Chorlton Place,2021,October,42,Wednesday,20 Oct 2021,02:00,1,0,1,1,0,1,No Group
Manchester City Council - Chorlton,Chorlton Place,2021,October,42,Wednesday,20 Oct 2021,03:00,0,1,1,0,1,1,No Group
Manchester City Council - Chorlton,Chorlton Place,2021,October,42,Wednesday,20 Oct 2021,04:00,0,2,2,0,2,2,No Group
Manchester City Council - Chorlton,Chorlton Place,2021,October,42,Wednesday,20 Oct 2021,05:00,0,8,8,0,8,8,No Group
Manchester City Council - Chorlton,Chorlton Place,2021,October,42,Wednesday,20 Oct 2021,06:00,5,15,20,5,15,20,No Group
Manchester City Council - Chorlton,Chorlton Place,2021,October,42,Wednesday,20 Oct 2021,07:00,14,70,84,14,70,84,No Group
Manchester City Council - Chorlton,Chorlton Place,2021,October,42,Wednesday,20 Oct 2021,08:00,35,70,105,35,70,105,No Group
Manchester City Council - Chorlton,Chorlton Place,2021,October,42,Wednesday,20 Oct 2021,09:00,61,96,157,61,96,157,No Group
Manchester City Council - Chorlton,Chorlton Place,2021,October,42,Wednesday,20 Oct 2021,10:00,115,136,251,115,136,251,No Group
Manchester City Council - Chorlton,Chorlton Place,2021,October,42,Wednesday,20 Oct 2021,11:00,136,195,331,136,195,331,No Group
Manchester City Council - Chorlton,Chorlton Place,2021,October,42,Wednesday,20 Oct 2021,12:00,104,114,218,104,114,218,No Group
Manchester City Council - Chorlton,Chorlton Place,2021,October,42,Wednesday,20 Oct 2021,13:00,132,144,276,132,144,276,No Group
Manchester City Council - Chorlton,Chorlton Place,2021,October,42,Wednesday,20 Oct 2021,14:00,138,146,284,138,146,284,No Group
Manchester City Council - Chorlton,Chorlton Place,2021,October,42,Wednesday,20 Oct 2021,15:00,141,124,265,141,124,265,No Group
Manchester City Council - Chorlton,Chorlton Place,2021,October,42,Wednesday,20 Oct 2021,16:00,120,107,227,120,107,227,No Group
Manchester City Council - Chorlton,Chorlton Place,2021,October,42,Wednesday,20 Oct 2021,17:00,106,100,206,106,100,206,No Group
Manchester City Council - Chorlton,Chorlton Place,2021,October,42,Wednesday,20 Oct 2021,18:00,89,73,162,89,73,162,No Group
Manchester City Council - Chorlton,Chorlton Place,2021,October,42,Wednesday,20 Oct 2021,19:00,76,68,144,76,68,144,No Group
Manchester City Council - Chorlton,Chorlton Place,2021,October,42,Wednesday,20 Oct 2021,20:00,46,25,71,46,25,71,No Group
Manchester City Council - Chorlton,Chorlton Place,2021,October,42,Wednesday,20 Oct 2021,21:00,33,39,72,33,39,72,No Group
Manchester City Council - Chorlton,Chorlton Place,2021,October,42,Wednesday,20 Oct 2021,22:00,28,20,48,28,20,48,No Group
Manchester City Council - Chorlton,Chorlton Place,2021,October,42,Wednesday,20 Oct 2021,23:00,18,17,35,18,17,35,No Group
Manchester City Council - Chorlton,Chorlton Place,2021,October,42,Thursday,21 Oct 2021,00:00,17,18,35,17,18,35,No Group
Manchester City Council - Chorlton,Chorlton Place,2021,October,42,Thursday,21 Oct 2021,01:00,7,9,16,7,9,16,No Group
Manchester City Council - Chorlton,Chorlton Place,2021,October,42,Thursday,21 Oct 2021,02:00,2,2,4,2,2,4,No Group
Manchester City Council - Chorlton,Chorlton Place,2021,October,42,Thursday,21 Oct 2021,03:00,0,0,0,0,0,0,No Group
Manchester City Council - Chorlton,Chorlton Place,2021,October,42,Thursday,21 Oct 2021,04:00,0,4,4,0,4,4,No Group
Manchester City Council - Chorlton,Chorlton Place,2021,October,42,Thursday,21 Oct 2021,05:00,1,3,4,1,3,4,No Group
Manchester City Council - Chorlton,Chorlton Place,2021,October,42,Thursday,21 Oct 2021,06:00,5,13,18,5,13,18,No Group
Manchester City Council - Chorlton,Chorlton Place,2021,October,42,Thursday,21 Oct 2021,07:00,21,49,70,21,49,70,No Group
Manchester City Council - Chorlton,Chorlton Place,2021,October,42,Thursday,21 Oct 2021,08:00,45,89,134,45,89,134,No Group
Manchester City Council - Chorlton,Chorlton Place,2021,October,42,Thursday,21 Oct 2021,09:00,67,80,147,67,80,147,No Group
Manchester City Council - Chorlton,Chorlton Place,2021,October,42,Thursday,21 Oct 2021,10:00,154,146,300,154,146,300,No Group
Manchester City Council - Chorlton,Chorlton Place,2021,October,42,Thursday,21 Oct 2021,11:00,244,170,414,244,170,414,No Group
Manchester City Council - Chorlton,Chorlton Place,2021,October,42,Thursday,21 Oct 2021,12:00,315,166,481,315,166,481,No Group
Manchester City Council - Chorlton,Chorlton Place,2021,October,42,Thursday,21 Oct 2021,13:00,157,177,334,157,177,334,No Group
Manchester City Council - Chorlton,Chorlton Place,2021,October,42,Thursday,21 Oct 2021,14:00,157,160,317,157,160,317,No Group
Manchester City Council - Chorlton,Chorlton Place,2021,October,42,Thursday,21 Oct 2021,15:00,182,194,376,182,194,376,No Group
Manchester City Council - Chorlton,Chorlton Place,2021,October,42,Thursday,21 Oct 2021,16:00,136,127,263,136,127,263,No Group
Manchester City Council - Chorlton,Chorlton Place,2021,October,42,Thursday,21 Oct 2021,17:00,127,117,244,127,117,244,No Group
Manchester City Council - Chorlton,Chorlton Place,2021,October,42,Thursday,21 Oct 2021,18:00,78,89,167,78,89,167,No Group
Manchester City Council - Chorlton,Chorlton Place,2021,October,42,Thursday,21 Oct 2021,19:00,58,63,121,58,63,121,No Group
Manchester City Council - Chorlton,Chorlton Place,2021,October,42,Thursday,21 Oct 2021,20:00,9,5,14,9,5,14,No Group
Manchester City Council - Chorlton,Chorlton Place,2021,October,42,Thursday,21 Oct 2021,21:00,4,0,4,4,0,4,No Group
Manchester City Council - Chorlton,Chorlton Place,2021,October,42,Thursday,21 Oct 2021,22:00,2,2,4,2,2,4,No Group
Manchester City Council - Chorlton,Chorlton Place,2021,October,42,Thursday,21 Oct 2021,23:00,6,1,7,6,1,7,No Group
Manchester City Council - Chorlton,Chorlton Place,2021,October,42,Friday,22 Oct 2021,00:00,6,0,6,6,0,6,No Group
Manchester City Council - Chorlton,Chorlton Place,2021,October,42,Friday,22 Oct 2021,01:00,3,3,6,3,3,6,No Group
Manchester City Council - Chorlton,Chorlton Place,2021,October,42,Friday,22 Oct 2021,02:00,0,1,1,0,1,1,No Group
Manchester City Council - Chorlton,Chorlton Place,2021,October,42,Friday,22 Oct 2021,03:00,0,1,1,0,1,1,No Group
Manchester City Council - Chorlton,Chorlton Place,2021,October,42,Friday,22 Oct 2021,04:00,2,3,5,2,3,5,No Group
Manchester City Council - Chorlton,Chorlton Place,2021,October,42,Friday,22 Oct 2021,05:00,0,8,8,0,8,8,No Group
Manchester City Council - Chorlton,Chorlton Place,2021,October,42,Friday,22 Oct 2021,06:00,6,13,19,6,13,19,No Group
Manchester City Council - Chorlton,Chorlton Place,2021,October,42,Friday,22 Oct 2021,07:00,20,38,58,20,38,58,No Group
Manchester City Council - Chorlton,Chorlton Place,2021,October,42,Friday,22 Oct 2021,08:00,45,106,151,45,106,151,No Group
Manchester City Council - Chorlton,Chorlton Place,2021,October,42,Friday,22 Oct 2021,09:00,95,129,224,95,129,224,No Group
Manchester City Council - Chorlton,Chorlton Place,2021,October,42,Friday,22 Oct 2021,10:00,129,138,267,129,138,267,No Group
Manchester City Council - Chorlton,Chorlton Place,2021,October,42,Friday,22 Oct 2021,11:00,185,242,427,185,242,427,No Group
Manchester City Council - Chorlton,Chorlton Place,2021,October,42,Friday,22 Oct 2021,12:00,212,277,489,212,277,489,No Group
Manchester City Council - Chorlton,Chorlton Place,2021,October,42,Friday,22 Oct 2021,13:00,214,230,444,214,230,444,No Group
Manchester City Council - Chorlton,Chorlton Place,2021,October,42,Friday,22 Oct 2021,14:00,166,172,338,166,172,338,No Group
Manchester City Council - Chorlton,Chorlton Place,2021,October,42,Friday,22 Oct 2021,15:00,182,166,348,182,166,348,No Group
Manchester City Council - Chorlton,Chorlton Place,2021,October,42,Friday,22 Oct 2021,16:00,172,189,361,172,189,361,No Group
Manchester City Council - Chorlton,Chorlton Place,2021,October,42,Friday,22 Oct 2021,17:00,110,108,218,110,108,218,No Group
Manchester City Council - Chorlton,Chorlton Place,2021,October,42,Friday,22 Oct 2021,18:00,87,66,153,87,66,153,No Group
Manchester City Council - Chorlton,Chorlton Place,2021,October,42,Friday,22 Oct 2021,19:00,87,70,157,87,70,157,No Group
Manchester City Council - Chorlton,Chorlton Place,2021,October,42,Friday,22 Oct 2021,20:00,54,65,119,54,65,119,No Group
Manchester City Council - Chorlton,Chorlton Place,2021,October,42,Friday,22 Oct 2021,21:00,41,49,90,41,49,90,No Group
Manchester City Council - Chorlton,Chorlton Place,2021,October,42,Friday,22 Oct 2021,22:00,23,35,58,23,35,58,No Group
Manchester City Council - Chorlton,Chorlton Place,2021,October,42,Friday,22 Oct 2021,23:00,15,27,42,15,27,42,No Group
Manchester City Council - Chorlton,Chorlton Place,2021,October,42,Saturday,23 Oct 2021,00:00,14,36,50,14,36,50,No Group
Manchester City Council - Chorlton,Chorlton Place,2021,October,42,Saturday,23 Oct 2021,01:00,12,3,15,12,3,15,No Group
Manchester City Council - Chorlton,Chorlton Place,2021,October,42,Saturday,23 Oct 2021,02:00,7,2,9,7,2,9,No Group
Manchester City Council - Chorlton,Chorlton Place,2021,October,42,Saturday,23 Oct 2021,03:00,1,1,2,1,1,2,No Group
Manchester City Council - Chorlton,Chorlton Place,2021,October,42,Saturday,23 Oct 2021,04:00,0,2,2,0,2,2,No Group
Manchester City Council - Chorlton,Chorlton Place,2021,October,42,Saturday,23 Oct 2021,05:00,2,2,4,2,2,4,No Group
Manchester City Council - Chorlton,Chorlton Place,2021,October,42,Saturday,23 Oct 2021,06:00,1,12,13,1,12,13,No Group
Manchester City Council - Chorlton,Chorlton Place,2021,October,42,Saturday,23 Oct 2021,07:00,8,15,23,8,15,23,No Group
Manchester City Council - Chorlton,Chorlton Place,2021,October,42,Saturday,23 Oct 2021,08:00,32,45,77,32,45,77,No Group
Manchester City Council - Chorlton,Chorlton Place,2021,October,42,Saturday,23 Oct 2021,09:00,90,99,189,90,99,189,No Group
Manchester City Council - Chorlton,Chorlton Place,2021,October,42,Saturday,23 Oct 2021,10:00,143,156,299,143,156,299,No Group
Manchester City Council - Chorlton,Chorlton Place,2021,October,42,Saturday,23 Oct 2021,11:00,229,254,483,229,254,483,No Group
Manchester City Council - Chorlton,Chorlton Place,2021,October,42,Saturday,23 Oct 2021,12:00,255,339,594,255,339,594,No Group
Manchester City Council - Chorlton,Chorlton Place,2021,October,42,Saturday,23 Oct 2021,13:00,254,221,475,254,221,475,No Group
Manchester City Council - Chorlton,Chorlton Place,2021,October,42,Saturday,23 Oct 2021,14:00,197,240,437,197,240,437,No Group
Manchester City Council - Chorlton,Chorlton Place,2021,October,42,Saturday,23 Oct 2021,15:00,179,234,413,179,234,413,No Group
Manchester City Council - Chorlton,Chorlton Place,2021,October,42,Saturday,23 Oct 2021,16:00,173,152,325,173,152,325,No Group
Manchester City Council - Chorlton,Chorlton Place,2021,October,42,Saturday,23 Oct 2021,17:00,106,85,191,106,85,191,No Group
Manchester City Council - Chorlton,Chorlton Place,2021,October,42,Saturday,23 Oct 2021,18:00,93,92,185,93,92,185,No Group
Manchester City Council - Chorlton,Chorlton Place,2021,October,42,Saturday,23 Oct 2021,19:00,82,86,168,82,86,168,No Group
Manchester City Council - Chorlton,Chorlton Place,2021,October,42,Saturday,23 Oct 2021,20:00,49,43,92,49,43,92,No Group
Manchester City Council - Chorlton,Chorlton Place,2021,October,42,Saturday,23 Oct 2021,21:00,43,61,104,43,61,104,No Group
Manchester City Council - Chorlton,Chorlton Place,2021,October,42,Saturday,23 Oct 2021,22:00,32,44,76,32,44,76,No Group
Manchester City Council - Chorlton,Chorlton Place,2021,October,42,Saturday,23 Oct 2021,23:00,23,29,52,23,29,52,No Group
Manchester City Council - Chorlton,Chorlton Place,2021,October,42,Sunday,24 Oct 2021,00:00,22,27,49,22,27,49,No Group
Manchester City Council - Chorlton,Chorlton Place,2021,October,42,Sunday,24 Oct 2021,01:00,13,5,18,13,5,18,No Group
Manchester City Council - Chorlton,Chorlton Place,2021,October,42,Sunday,24 Oct 2021,02:00,13,9,22,13,9,22,No Group
Manchester City Council - Chorlton,Chorlton Place,2021,October,42,Sunday,24 Oct 2021,03:00,3,0,3,3,0,3,No Group
Manchester City Council - Chorlton,Chorlton Place,2021,October,42,Sunday,24 Oct 2021,04:00,4,1,5,4,1,5,No Group
Manchester City Council - Chorlton,Chorlton Place,2021,October,42,Sunday,24 Oct 2021,05:00,0,0,0,0,0,0,No Group
Manchester City Council - Chorlton,Chorlton Place,2021,October,42,Sunday,24 Oct 2021,06:00,2,7,9,2,7,9,No Group
Manchester City Council - Chorlton,Chorlton Place,2021,October,42,Sunday,24 Oct 2021,07:00,5,9,14,5,9,14,No Group
Manchester City Council - Chorlton,Chorlton Place,2021,October,42,Sunday,24 Oct 2021,08:00,14,30,44,14,30,44,No Group
Manchester City Council - Chorlton,Chorlton Place,2021,October,42,Sunday,24 Oct 2021,09:00,38,47,85,38,47,85,No Group
Manchester City Council - Chorlton,Chorlton Place,2021,October,42,Sunday,24 Oct 2021,10:00,59,78,137,59,78,137,No Group
Manchester City Council - Chorlton,Chorlton Place,2021,October,42,Sunday,24 Oct 2021,11:00,85,91,176,85,91,176,No Group
Manchester City Council - Chorlton,Chorlton Place,2021,October,42,Sunday,24 Oct 2021,12:00,143,166,309,143,166,309,No Group
Manchester City Council - Chorlton,Chorlton Place,2021,October,42,Sunday,24 Oct 2021,13:00,149,142,291,149,142,291,No Group
Manchester City Council - Chorlton,Chorlton Place,2021,October,42,Sunday,24 Oct 2021,14:00,144,144,288,144,144,288,No Group
Manchester City Council - Chorlton,Chorlton Place,2021,October,42,Sunday,24 Oct 2021,15:00,138,127,265,138,127,265,No Group
Manchester City Council - Chorlton,Chorlton Place,2021,October,42,Sunday,24 Oct 2021,16:00,93,77,170,93,77,170,No Group
Manchester City Council - Chorlton,Chorlton Place,2021,October,42,Sunday,24 Oct 2021,17:00,61,57,118,61,57,118,No Group
Manchester City Council - Chorlton,Chorlton Place,2021,October,42,Sunday,24 Oct 2021,18:00,55,53,108,55,53,108,No Group
Manchester City Council - Chorlton,Chorlton Place,2021,October,42,Sunday,24 Oct 2021,19:00,61,48,109,61,48,109,No Group
Manchester City Council - Chorlton,Chorlton Place,2021,October,42,Sunday,24 Oct 2021,20:00,33,38,71,33,38,71,No Group
Manchester City Council - Chorlton,Chorlton Place,2021,October,42,Sunday,24 Oct 2021,21:00,23,29,52,23,29,52,No Group
Manchester City Council - Chorlton,Chorlton Place,2021,October,42,Sunday,24 Oct 2021,22:00,18,21,39,18,21,39,No Group
Manchester City Council - Chorlton,Chorlton Place,2021,October,42,Sunday,24 Oct 2021,23:00,7,3,10,7,3,10,No Group
Manchester City Council - Chorlton,Chorlton Place,2021,October,43,Monday,25 Oct 2021,00:00,11,3,14,11,3,14,No Group
Manchester City Council - Chorlton,Chorlton Place,2021,October,43,Monday,25 Oct 2021,01:00,3,3,6,3,3,6,No Group
Manchester City Council - Chorlton,Chorlton Place,2021,October,43,Monday,25 Oct 2021,02:00,0,0,0,0,0,0,No Group
Manchester City Council - Chorlton,Chorlton Place,2021,October,43,Monday,25 Oct 2021,03:00,0,0,0,0,0,0,No Group
Manchester City Council - Chorlton,Chorlton Place,2021,October,43,Monday,25 Oct 2021,04:00,2,5,7,2,5,7,No Group
Manchester City Council - Chorlton,Chorlton Place,2021,October,43,Monday,25 Oct 2021,05:00,2,5,7,2,5,7,No Group
Manchester City Council - Chorlton,Chorlton Place,2021,October,43,Monday,25 Oct 2021,06:00,5,16,21,5,16,21,No Group
Manchester City Council - Chorlton,Chorlton Place,2021,October,43,Monday,25 Oct 2021,07:00,10,38,48,10,38,48,No Group
Manchester City Council - Chorlton,Chorlton Place,2021,October,43,Monday,25 Oct 2021,08:00,35,68,103,35,68,103,No Group
Manchester City Council - Chorlton,Chorlton Place,2021,October,43,Monday,25 Oct 2021,09:00,64,80,144,64,80,144,No Group
Manchester City Council - Chorlton,Chorlton Place,2021,October,43,Monday,25 Oct 2021,10:00,91,96,187,91,96,187,No Group
Manchester City Council - Chorlton,Chorlton Place,2021,October,43,Monday,25 Oct 2021,11:00,141,179,320,141,179,320,No Group
Manchester City Council - Chorlton,Chorlton Place,2021,October,43,Monday,25 Oct 2021,12:00,170,232,402,170,232,402,No Group
Manchester City Council - Chorlton,Chorlton Place,2021,October,43,Monday,25 Oct 2021,13:00,151,160,311,151,160,311,No Group
Manchester City Council - Chorlton,Chorlton Place,2021,October,43,Monday,25 Oct 2021,14:00,139,166,305,139,166,305,No Group
Manchester City Council - Chorlton,Chorlton Place,2021,October,43,Monday,25 Oct 2021,15:00,158,130,288,158,130,288,No Group
Manchester City Council - Chorlton,Chorlton Place,2021,October,43,Monday,25 Oct 2021,16:00,127,90,217,127,90,217,No Group
Manchester City Council - Chorlton,Chorlton Place,2021,October,43,Monday,25 Oct 2021,17:00,99,92,191,99,92,191,No Group
Manchester City Council - Chorlton,Chorlton Place,2021,October,43,Monday,25 Oct 2021,18:00,87,92,179,87,92,179,No Group
Manchester City Council - Chorlton,Chorlton Place,2021,October,43,Monday,25 Oct 2021,19:00,82,58,140,82,58,140,No Group
Manchester City Council - Chorlton,Chorlton Place,2021,October,43,Monday,25 Oct 2021,20:00,27,47,74,27,47,74,No Group
Manchester City Council - Chorlton,Chorlton Place,2021,October,43,Monday,25 Oct 2021,21:00,18,23,41,18,23,41,No Group
Manchester City Council - Chorlton,Chorlton Place,2021,October,43,Monday,25 Oct 2021,22:00,30,25,55,30,25,55,No Group
Manchester City Council - Chorlton,Chorlton Place,2021,October,43,Monday,25 Oct 2021,23:00,28,14,42,28,14,42,No Group
Manchester City Council - Chorlton,Chorlton Place,2021,October,43,Tuesday,26 Oct 2021,00:00,9,13,22,9,13,22,No Group
Manchester City Council - Chorlton,Chorlton Place,2021,October,43,Tuesday,26 Oct 2021,01:00,3,1,4,3,1,4,No Group
Manchester City Council - Chorlton,Chorlton Place,2021,October,43,Tuesday,26 Oct 2021,02:00,4,0,4,4,0,4,No Group
Manchester City Council - Chorlton,Chorlton Place,2021,October,43,Tuesday,26 Oct 2021,03:00,0,0,0,0,0,0,No Group
Manchester City Council - Chorlton,Chorlton Place,2021,October,43,Tuesday,26 Oct 2021,04:00,7,4,11,7,4,11,No Group
Manchester City Council - Chorlton,Chorlton Place,2021,October,43,Tuesday,26 Oct 2021,05:00,1,5,6,1,5,6,No Group
Manchester City Council - Chorlton,Chorlton Place,2021,October,43,Tuesday,26 Oct 2021,06:00,6,16,22,6,16,22,No Group
Manchester City Council - Chorlton,Chorlton Place,2021,October,43,Tuesday,26 Oct 2021,07:00,18,51,69,18,51,69,No Group
Manchester City Council - Chorlton,Chorlton Place,2021,October,43,Tuesday,26 Oct 2021,08:00,34,58,92,34,58,92,No Group
Manchester City Council - Chorlton,Chorlton Place,2021,October,43,Tuesday,26 Oct 2021,09:00,49,74,123,49,74,123,No Group
Manchester City Council - Chorlton,Chorlton Place,2021,October,43,Tuesday,26 Oct 2021,10:00,87,112,199,87,112,199,No Group
Manchester City Council - Chorlton,Chorlton Place,2021,October,43,Tuesday,26 Oct 2021,11:00,157,194,351,157,194,351,No Group
Manchester City Council - Chorlton,Chorlton Place,2021,October,43,Tuesday,26 Oct 2021,12:00,140,158,298,140,158,298,No Group
Manchester City Council - Chorlton,Chorlton Place,2021,October,43,Tuesday,26 Oct 2021,13:00,165,167,332,165,167,332,No Group
Manchester City Council - Chorlton,Chorlton Place,2021,October,43,Tuesday,26 Oct 2021,14:00,143,162,305,143,162,305,No Group
Manchester City Council - Chorlton,Chorlton Place,2021,October,43,Tuesday,26 Oct 2021,15:00,133,122,255,133,122,255,No Group
Manchester City Council - Chorlton,Chorlton Place,2021,October,43,Tuesday,26 Oct 2021,16:00,134,136,270,134,136,270,No Group
Manchester City Council - Chorlton,Chorlton Place,2021,October,43,Tuesday,26 Oct 2021,17:00,98,75,173,98,75,173,No Group
Manchester City Council - Chorlton,Chorlton Place,2021,October,43,Tuesday,26 Oct 2021,18:00,97,85,182,97,85,182,No Group
Manchester City Council - Chorlton,Chorlton Place,2021,October,43,Tuesday,26 Oct 2021,19:00,64,61,125,64,61,125,No Group
Manchester City Council - Chorlton,Chorlton Place,2021,October,43,Tuesday,26 Oct 2021,20:00,40,46,86,40,46,86,No Group
Manchester City Council - Chorlton,Chorlton Place,2021,October,43,Tuesday,26 Oct 2021,21:00,27,20,47,27,20,47,No Group
Manchester City Council - Chorlton,Chorlton Place,2021,October,43,Tuesday,26 Oct 2021,22:00,25,24,49,25,24,49,No Group
Manchester City Council - Chorlton,Chorlton Place,2021,October,43,Tuesday,26 Oct 2021,23:00,14,13,27,14,13,27,No Group
Manchester City Council - Chorlton,Chorlton Place,2021,October,43,Wednesday,27 Oct 2021,00:00,16,7,23,16,7,23,No Group
Manchester City Council - Chorlton,Chorlton Place,2021,October,43,Wednesday,27 Oct 2021,01:00,4,1,5,4,1,5,No Group
Manchester City Council - Chorlton,Chorlton Place,2021,October,43,Wednesday,27 Oct 2021,02:00,5,3,8,5,3,8,No Group
Manchester City Council - Chorlton,Chorlton Place,2021,October,43,Wednesday,27 Oct 2021,03:00,0,1,1,0,1,1,No Group
Manchester City Council - Chorlton,Chorlton Place,2021,October,43,Wednesday,27 Oct 2021,04:00,1,2,3,1,2,3,No Group
Manchester City Council - Chorlton,Chorlton Place,2021,October,43,Wednesday,27 Oct 2021,05:00,2,4,6,2,4,6,No Group
Manchester City Council - Chorlton,Chorlton Place,2021,October,43,Wednesday,27 Oct 2021,06:00,11,29,40,11,29,40,No Group
Manchester City Council - Chorlton,Chorlton Place,2021,October,43,Wednesday,27 Oct 2021,07:00,15,41,56,15,41,56,No Group
Manchester City Council - Chorlton,Chorlton Place,2021,October,43,Wednesday,27 Oct 2021,08:00,38,81,119,38,81,119,No Group
Manchester City Council - Chorlton,Chorlton Place,2021,October,43,Wednesday,27 Oct 2021,09:00,69,88,157,69,88,157,No Group
Manchester City Council - Chorlton,Chorlton Place,2021,October,43,Wednesday,27 Oct 2021,10:00,91,101,192,91,101,192,No Group
Manchester City Council - Chorlton,Chorlton Place,2021,October,43,Wednesday,27 Oct 2021,11:00,147,147,294,147,147,294,No Group
Manchester City Council - Chorlton,Chorlton Place,2021,October,43,Wednesday,27 Oct 2021,12:00,161,178,339,161,178,339,No Group
Manchester City Council - Chorlton,Chorlton Place,2021,October,43,Wednesday,27 Oct 2021,13:00,164,151,315,164,151,315,No Group
Manchester City Council - Chorlton,Chorlton Place,2021,October,43,Wednesday,27 Oct 2021,14:00,165,173,338,165,173,338,No Group
Manchester City Council - Chorlton,Chorlton Place,2021,October,43,Wednesday,27 Oct 2021,15:00,151,143,294,151,143,294,No Group
Manchester City Council - Chorlton,Chorlton Place,2021,October,43,Wednesday,27 Oct 2021,16:00,154,146,300,154,146,300,No Group
Manchester City Council - Chorlton,Chorlton Place,2021,October,43,Wednesday,27 Oct 2021,17:00,127,127,254,127,127,254,No Group
Manchester City Council - Chorlton,Chorlton Place,2021,October,43,Wednesday,27 Oct 2021,18:00,113,95,208,113,95,208,No Group
Manchester City Council - Chorlton,Chorlton Place,2021,October,43,Wednesday,27 Oct 2021,19:00,79,64,143,79,64,143,No Group
Manchester City Council - Chorlton,Chorlton Place,2021,October,43,Wednesday,27 Oct 2021,20:00,65,48,113,65,48,113,No Group
Manchester City Council - Chorlton,Chorlton Place,2021,October,43,Wednesday,27 Oct 2021,21:00,35,44,79,35,44,79,No Group
Manchester City Council - Chorlton,Chorlton Place,2021,October,43,Wednesday,27 Oct 2021,22:00,36,36,72,36,36,72,No Group
Manchester City Council - Chorlton,Chorlton Place,2021,October,43,Wednesday,27 Oct 2021,23:00,32,16,48,32,16,48,No Group
Manchester City Council - Chorlton,Chorlton Place,2021,October,43,Thursday,28 Oct 2021,00:00,17,15,32,17,15,32,No Group
Manchester City Council - Chorlton,Chorlton Place,2021,October,43,Thursday,28 Oct 2021,01:00,7,2,9,7,2,9,No Group
Manchester City Council - Chorlton,Chorlton Place,2021,October,43,Thursday,28 Oct 2021,02:00,3,1,4,3,1,4,No Group
Manchester City Council - Chorlton,Chorlton Place,2021,October,43,Thursday,28 Oct 2021,03:00,1,1,2,1,1,2,No Group
Manchester City Council - Chorlton,Chorlton Place,2021,October,43,Thursday,28 Oct 2021,04:00,0,2,2,0,2,2,No Group
Manchester City Council - Chorlton,Chorlton Place,2021,October,43,Thursday,28 Oct 2021,05:00,1,5,6,1,5,6,No Group
Manchester City Council - Chorlton,Chorlton Place,2021,October,43,Thursday,28 Oct 2021,06:00,3,8,11,3,8,11,No Group
Manchester City Council - Chorlton,Chorlton Place,2021,October,43,Thursday,28 Oct 2021,07:00,9,38,47,9,38,47,No Group
Manchester City Council - Chorlton,Chorlton Place,2021,October,43,Thursday,28 Oct 2021,08:00,28,77,105,28,77,105,No Group
Manchester City Council - Chorlton,Chorlton Place,2021,October,43,Thursday,28 Oct 2021,09:00,71,83,154,71,83,154,No Group
Manchester City Council - Chorlton,Chorlton Place,2021,October,43,Thursday,28 Oct 2021,10:00,101,133,234,101,133,234,No Group
Manchester City Council - Chorlton,Chorlton Place,2021,October,43,Thursday,28 Oct 2021,11:00,121,125,246,121,125,246,No Group
Manchester City Council - Chorlton,Chorlton Place,2021,October,43,Thursday,28 Oct 2021,12:00,153,156,309,153,156,309,No Group
Manchester City Council - Chorlton,Chorlton Place,2021,October,43,Thursday,28 Oct 2021,13:00,149,179,328,149,179,328,No Group
Manchester City Council - Chorlton,Chorlton Place,2021,October,43,Thursday,28 Oct 2021,14:00,153,172,325,153,172,325,No Group
Manchester City Council - Chorlton,Chorlton Place,2021,October,43,Thursday,28 Oct 2021,15:00,164,133,297,164,133,297,No Group
Manchester City Council - Chorlton,Chorlton Place,2021,October,43,Thursday,28 Oct 2021,16:00,120,108,228,120,108,228,No Group
Manchester City Council - Chorlton,Chorlton Place,2021,October,43,Thursday,28 Oct 2021,17:00,97,93,190,97,93,190,No Group
Manchester City Council - Chorlton,Chorlton Place,2021,October,43,Thursday,28 Oct 2021,18:00,65,31,96,65,31,96,No Group
Manchester City Council - Chorlton,Chorlton Place,2021,October,43,Thursday,28 Oct 2021,19:00,66,42,108,66,42,108,No Group
Manchester City Council - Chorlton,Chorlton Place,2021,October,43,Thursday,28 Oct 2021,20:00,28,34,62,28,34,62,No Group
Manchester City Council - Chorlton,Chorlton Place,2021,October,43,Thursday,28 Oct 2021,21:00,23,34,57,23,34,57,No Group
Manchester City Council - Chorlton,Chorlton Place,2021,October,43,Thursday,28 Oct 2021,22:00,23,19,42,23,19,42,No Group
Manchester City Council - Chorlton,Chorlton Place,2021,October,43,Thursday,28 Oct 2021,23:00,18,5,23,18,5,23,No Group
Manchester City Council - Chorlton,Chorlton Place,2021,October,43,Friday,29 Oct 2021,00:00,9,4,13,9,4,13,No Group
Manchester City Council - Chorlton,Chorlton Place,2021,October,43,Friday,29 Oct 2021,01:00,1,1,2,1,1,2,No Group
Manchester City Council - Chorlton,Chorlton Place,2021,October,43,Friday,29 Oct 2021,02:00,0,0,0,0,0,0,No Group
Manchester City Council - Chorlton,Chorlton Place,2021,October,43,Friday,29 Oct 2021,03:00,0,2,2,0,2,2,No Group
Manchester City Council - Chorlton,Chorlton Place,2021,October,43,Friday,29 Oct 2021,04:00,2,0,2,2,0,2,No Group
Manchester City Council - Chorlton,Chorlton Place,2021,October,43,Friday,29 Oct 2021,05:00,3,8,11,3,8,11,No Group
Manchester City Council - Chorlton,Chorlton Place,2021,October,43,Friday,29 Oct 2021,06:00,6,12,18,6,12,18,No Group
Manchester City Council - Chorlton,Chorlton Place,2021,October,43,Friday,29 Oct 2021,07:00,9,29,38,9,29,38,No Group
Manchester City Council - Chorlton,Chorlton Place,2021,October,43,Friday,29 Oct 2021,08:00,46,85,131,46,85,131,No Group
Manchester City Council - Chorlton,Chorlton Place,2021,October,43,Friday,29 Oct 2021,09:00,68,103,171,68,103,171,No Group
Manchester City Council - Chorlton,Chorlton Place,2021,October,43,Friday,29 Oct 2021,10:00,109,123,232,109,123,232,No Group
Manchester City Council - Chorlton,Chorlton Place,2021,October,43,Friday,29 Oct 2021,11:00,181,247,428,181,247,428,No Group
Manchester City Council - Chorlton,Chorlton Place,2021,October,43,Friday,29 Oct 2021,12:00,210,198,408,210,198,408,No Group
Manchester City Council - Chorlton,Chorlton Place,2021,October,43,Friday,29 Oct 2021,13:00,190,186,376,190,186,376,No Group
Manchester City Council - Chorlton,Chorlton Place,2021,October,43,Friday,29 Oct 2021,14:00,207,195,402,207,195,402,No Group
Manchester City Council - Chorlton,Chorlton Place,2021,October,43,Friday,29 Oct 2021,15:00,158,189,347,158,189,347,No Group
Manchester City Council - Chorlton,Chorlton Place,2021,October,43,Friday,29 Oct 2021,16:00,146,150,296,146,150,296,No Group
Manchester City Council - Chorlton,Chorlton Place,2021,October,43,Friday,29 Oct 2021,17:00,108,125,233,108,125,233,No Group
Manchester City Council - Chorlton,Chorlton Place,2021,October,43,Friday,29 Oct 2021,18:00,80,71,151,80,71,151,No Group
Manchester City Council - Chorlton,Chorlton Place,2021,October,43,Friday,29 Oct 2021,19:00,63,57,120,63,57,120,No Group
Manchester City Council - Chorlton,Chorlton Place,2021,October,43,Friday,29 Oct 2021,20:00,67,47,114,67,47,114,No Group
Manchester City Council - Chorlton,Chorlton Place,2021,October,43,Friday,29 Oct 2021,21:00,42,62,104,42,62,104,No Group
Manchester City Council - Chorlton,Chorlton Place,2021,October,43,Friday,29 Oct 2021,22:00,44,53,97,44,53,97,No Group
Manchester City Council - Chorlton,Chorlton Place,2021,October,43,Friday,29 Oct 2021,23:00,26,20,46,26,20,46,No Group
Manchester City Council - Chorlton,Chorlton Place,2021,October,43,Saturday,30 Oct 2021,00:00,14,14,28,14,14,28,No Group
Manchester City Council - Chorlton,Chorlton Place,2021,October,43,Saturday,30 Oct 2021,01:00,12,1,13,12,1,13,No Group
Manchester City Council - Chorlton,Chorlton Place,2021,October,43,Saturday,30 Oct 2021,02:00,3,3,6,3,3,6,No Group
Manchester City Council - Chorlton,Chorlton Place,2021,October,43,Saturday,30 Oct 2021,03:00,6,5,11,6,5,11,No Group
Manchester City Council - Chorlton,Chorlton Place,2021,October,43,Saturday,30 Oct 2021,04:00,3,5,8,3,5,8,No Group
Manchester City Council - Chorlton,Chorlton Place,2021,October,43,Saturday,30 Oct 2021,05:00,1,3,4,1,3,4,No Group
Manchester City Council - Chorlton,Chorlton Place,2021,October,43,Saturday,30 Oct 2021,06:00,3,4,7,3,4,7,No Group
Manchester City Council - Chorlton,Chorlton Place,2021,October,43,Saturday,30 Oct 2021,07:00,6,9,15,6,9,15,No Group
Manchester City Council - Chorlton,Chorlton Place,2021,October,43,Saturday,30 Oct 2021,08:00,37,48,85,37,48,85,No Group
Manchester City Council - Chorlton,Chorlton Place,2021,October,43,Saturday,30 Oct 2021,09:00,115,136,251,115,136,251,No Group
Manchester City Council - Chorlton,Chorlton Place,2021,October,43,Saturday,30 Oct 2021,10:00,129,137,266,129,137,266,No Group
Manchester City Council - Chorlton,Chorlton Place,2021,October,43,Saturday,30 Oct 2021,11:00,344,273,617,344,273,617,No Group
Manchester City Council - Chorlton,Chorlton Place,2021,October,43,Saturday,30 Oct 2021,12:00,224,272,496,224,272,496,No Group
Manchester City Council - Chorlton,Chorlton Place,2021,October,43,Saturday,30 Oct 2021,13:00,231,248,479,231,248,479,No Group
Manchester City Council - Chorlton,Chorlton Place,2021,October,43,Saturday,30 Oct 2021,14:00,230,264,494,230,264,494,No Group
Manchester City Council - Chorlton,Chorlton Place,2021,October,43,Saturday,30 Oct 2021,15:00,210,207,417,210,207,417,No Group
Manchester City Council - Chorlton,Chorlton Place,2021,October,43,Saturday,30 Oct 2021,16:00,170,186,356,170,186,356,No Group
Manchester City Council - Chorlton,Chorlton Place,2021,October,43,Saturday,30 Oct 2021,17:00,112,140,252,112,140,252,No Group
Manchester City Council - Chorlton,Chorlton Place,2021,October,43,Saturday,30 Oct 2021,18:00,90,70,160,90,70,160,No Group
Manchester City Council - Chorlton,Chorlton Place,2021,October,43,Saturday,30 Oct 2021,19:00,86,105,191,86,105,191,No Group
Manchester City Council - Chorlton,Chorlton Place,2021,October,43,Saturday,30 Oct 2021,20:00,79,94,173,79,94,173,No Group
Manchester City Council - Chorlton,Chorlton Place,2021,October,43,Saturday,30 Oct 2021,21:00,58,37,95,58,37,95,No Group
Manchester City Council - Chorlton,Chorlton Place,2021,October,43,Saturday,30 Oct 2021,22:00,29,53,82,29,53,82,No Group
Manchester City Council - Chorlton,Chorlton Place,2021,October,43,Saturday,30 Oct 2021,23:00,40,32,72,40,32,72,No Group
Manchester City Council - Chorlton,Chorlton Place,2021,October,43,Sunday,31 Oct 2021,00:00,23,28,51,23,28,51,No Group
Manchester City Council - Chorlton,Chorlton Place,2021,October,43,Sunday,31 Oct 2021,01:00,7,5,12,7,5,12,No Group
Manchester City Council - Chorlton,Chorlton Place,2021,October,43,Sunday,31 Oct 2021,02:00,3,1,4,3,1,4,No Group
Manchester City Council - Chorlton,Chorlton Place,2021,October,43,Sunday,31 Oct 2021,03:00,4,3,7,4,3,7,No Group
Manchester City Council - Chorlton,Chorlton Place,2021,October,43,Sunday,31 Oct 2021,04:00,3,7,10,3,7,10,No Group
Manchester City Council - Chorlton,Chorlton Place,2021,October,43,Sunday,31 Oct 2021,05:00,0,0,0,0,0,0,No Group
Manchester City Council - Chorlton,Chorlton Place,2021,October,43,Sunday,31 Oct 2021,06:00,0,14,14,0,14,14,No Group
Manchester City Council - Chorlton,Chorlton Place,2021,October,43,Sunday,31 Oct 2021,07:00,39,41,80,39,41,80,No Group
Manchester City Council - Chorlton,Chorlton Place,2021,October,43,Sunday,31 Oct 2021,08:00,14,21,35,14,21,35,No Group
Manchester City Council - Chorlton,Chorlton Place,2021,October,43,Sunday,31 Oct 2021,09:00,39,39,78,39,39,78,No Group
Manchester City Council - Chorlton,Chorlton Place,2021,October,43,Sunday,31 Oct 2021,10:00,60,63,123,60,63,123,No Group
Manchester City Council - Chorlton,Chorlton Place,2021,October,43,Sunday,31 Oct 2021,11:00,132,167,299,132,167,299,No Group
Manchester City Council - Chorlton,Chorlton Place,2021,October,43,Sunday,31 Oct 2021,12:00,101,119,220,101,119,220,No Group
Manchester City Council - Chorlton,Chorlton Place,2021,October,43,Sunday,31 Oct 2021,13:00,151,165,316,151,165,316,No Group
Manchester City Council - Chorlton,Chorlton Place,2021,October,43,Sunday,31 Oct 2021,14:00,106,116,222,106,116,222,No Group
Manchester City Council - Chorlton,Chorlton Place,2021,October,43,Sunday,31 Oct 2021,15:00,92,95,187,92,95,187,No Group
Manchester City Council - Chorlton,Chorlton Place,2021,October,43,Sunday,31 Oct 2021,16:00,66,60,126,66,60,126,No Group
Manchester City Council - Chorlton,Chorlton Place,2021,October,43,Sunday,31 Oct 2021,17:00,17,14,31,17,14,31,No Group
Manchester City Council - Chorlton,Chorlton Place,2021,October,43,Sunday,31 Oct 2021,18:00,15,20,35,15,20,35,No Group
Manchester City Council - Chorlton,Chorlton Place,2021,October,43,Sunday,31 Oct 2021,19:00,27,33,60,27,33,60,No Group
Manchester City Council - Chorlton,Chorlton Place,2021,October,43,Sunday,31 Oct 2021,20:00,26,34,60,26,34,60,No Group
Manchester City Council - Chorlton,Chorlton Place,2021,October,43,Sunday,31 Oct 2021,21:00,23,34,57,23,34,57,No Group
Manchester City Council - Chorlton,Chorlton Place,2021,October,43,Sunday,31 Oct 2021,22:00,21,5,26,21,5,26,No Group
Manchester City Council - Chorlton,Chorlton Place,2021,October,43,Sunday,31 Oct 2021,23:00,5,1,6,5,1,6,No Group
Manchester City Council - Chorlton,Chorlton Place,2021,November,44,Monday,01 Nov 2021,00:00,4,0,4,4,0,4,No Group
Manchester City Council - Chorlton,Chorlton Place,2021,November,44,Monday,01 Nov 2021,01:00,1,0,1,1,0,1,No Group
Manchester City Council - Chorlton,Chorlton Place,2021,November,44,Monday,01 Nov 2021,02:00,0,0,0,0,0,0,No Group
Manchester City Council - Chorlton,Chorlton Place,2021,November,44,Monday,01 Nov 2021,03:00,0,1,1,0,1,1,No Group
Manchester City Council - Chorlton,Chorlton Place,2021,November,44,Monday,01 Nov 2021,04:00,3,3,6,3,3,6,No Group
Manchester City Council - Chorlton,Chorlton Place,2021,November,44,Monday,01 Nov 2021,05:00,1,8,9,1,8,9,No Group
Manchester City Council - Chorlton,Chorlton Place,2021,November,44,Monday,01 Nov 2021,06:00,4,15,19,4,15,19,No Group
Manchester City Council - Chorlton,Chorlton Place,2021,November,44,Monday,01 Nov 2021,07:00,26,60,86,26,60,86,No Group
Manchester City Council - Chorlton,Chorlton Place,2021,November,44,Monday,01 Nov 2021,08:00,49,94,143,49,94,143,No Group
Manchester City Council - Chorlton,Chorlton Place,2021,November,44,Monday,01 Nov 2021,09:00,68,88,156,68,88,156,No Group
Manchester City Council - Chorlton,Chorlton Place,2021,November,44,Monday,01 Nov 2021,10:00,72,105,177,72,105,177,No Group
Manchester City Council - Chorlton,Chorlton Place,2021,November,44,Monday,01 Nov 2021,11:00,75,90,165,75,90,165,No Group
Manchester City Council - Chorlton,Chorlton Place,2021,November,44,Monday,01 Nov 2021,12:00,141,116,257,141,116,257,No Group
Manchester City Council - Chorlton,Chorlton Place,2021,November,44,Monday,01 Nov 2021,13:00,154,136,290,154,136,290,No Group
Manchester City Council - Chorlton,Chorlton Place,2021,November,44,Monday,01 Nov 2021,14:00,124,120,244,124,120,244,No Group
Manchester City Council - Chorlton,Chorlton Place,2021,November,44,Monday,01 Nov 2021,15:00,129,144,273,129,144,273,No Group
Manchester City Council - Chorlton,Chorlton Place,2021,November,44,Monday,01 Nov 2021,16:00,94,78,172,94,78,172,No Group
Manchester City Council - Chorlton,Chorlton Place,2021,November,44,Monday,01 Nov 2021,17:00,59,46,105,59,46,105,No Group
Manchester City Council - Chorlton,Chorlton Place,2021,November,44,Monday,01 Nov 2021,18:00,50,49,99,50,49,99,No Group
Manchester City Council - Chorlton,Chorlton Place,2021,November,44,Monday,01 Nov 2021,19:00,24,34,58,24,34,58,No Group
Manchester City Council - Chorlton,Chorlton Place,2021,November,44,Monday,01 Nov 2021,20:00,29,31,60,29,31,60,No Group
Manchester City Council - Chorlton,Chorlton Place,2021,November,44,Monday,01 Nov 2021,21:00,2,3,5,2,3,5,No Group
Manchester City Council - Chorlton,Chorlton Place,2021,November,44,Monday,01 Nov 2021,22:00,10,8,18,10,8,18,No Group
Manchester City Council - Chorlton,Chorlton Place,2021,November,44,Monday,01 Nov 2021,23:00,11,5,16,11,5,16,No Group
Manchester City Council - Chorlton,Chorlton Place,2021,November,44,Tuesday,02 Nov 2021,00:00,2,4,6,2,4,6,No Group
Manchester City Council - Chorlton,Chorlton Place,2021,November,44,Tuesday,02 Nov 2021,01:00,0,0,0,0,0,0,No Group
Manchester City Council - Chorlton,Chorlton Place,2021,November,44,Tuesday,02 Nov 2021,02:00,0,0,0,0,0,0,No Group
Manchester City Council - Chorlton,Chorlton Place,2021,November,44,Tuesday,02 Nov 2021,03:00,2,3,5,2,3,5,No Group
Manchester City Council - Chorlton,Chorlton Place,2021,November,44,Tuesday,02 Nov 2021,04:00,1,0,1,1,0,1,No Group
Manchester City Council - Chorlton,Chorlton Place,2021,November,44,Tuesday,02 Nov 2021,05:00,8,7,15,8,7,15,No Group
Manchester City Council - Chorlton,Chorlton Place,2021,November,44,Tuesday,02 Nov 2021,06:00,5,26,31,5,26,31,No Group
Manchester City Council - Chorlton,Chorlton Place,2021,November,44,Tuesday,02 Nov 2021,07:00,21,62,83,21,62,83,No Group
Manchester City Council - Chorlton,Chorlton Place,2021,November,44,Tuesday,02 Nov 2021,08:00,37,74,111,37,74,111,No Group
Manchester City Council - Chorlton,Chorlton Place,2021,November,44,Tuesday,02 Nov 2021,09:00,96,156,252,96,156,252,No Group
Manchester City Council - Chorlton,Chorlton Place,2021,November,44,Tuesday,02 Nov 2021,10:00,183,283,466,183,283,466,No Group
Manchester City Council - Chorlton,Chorlton Place,2021,November,44,Tuesday,02 Nov 2021,11:00,183,279,462,183,279,462,No Group
Manchester City Council - Chorlton,Chorlton Place,2021,November,44,Tuesday,02 Nov 2021,12:00,146,173,319,146,173,319,No Group
Manchester City Council - Chorlton,Chorlton Place,2021,November,44,Tuesday,02 Nov 2021,13:00,159,147,306,159,147,306,No Group
Manchester City Council - Chorlton,Chorlton Place,2021,November,44,Tuesday,02 Nov 2021,14:00,139,149,288,139,149,288,No Group
Manchester City Council - Chorlton,Chorlton Place,2021,November,44,Tuesday,02 Nov 2021,15:00,112,130,242,112,130,242,No Group
Manchester City Council - Chorlton,Chorlton Place,2021,November,44,Tuesday,02 Nov 2021,16:00,127,111,238,127,111,238,No Group
Manchester City Council - Chorlton,Chorlton Place,2021,November,44,Tuesday,02 Nov 2021,17:00,62,52,114,62,52,114,No Group
Manchester City Council - Chorlton,Chorlton Place,2021,November,44,Tuesday,02 Nov 2021,18:00,61,46,107,61,46,107,No Group
Manchester City Council - Chorlton,Chorlton Place,2021,November,44,Tuesday,02 Nov 2021,19:00,52,39,91,52,39,91,No Group
Manchester City Council - Chorlton,Chorlton Place,2021,November,44,Tuesday,02 Nov 2021,20:00,25,28,53,25,28,53,No Group
Manchester City Council - Chorlton,Chorlton Place,2021,November,44,Tuesday,02 Nov 2021,21:00,23,23,46,23,23,46,No Group
Manchester City Council - Chorlton,Chorlton Place,2021,November,44,Tuesday,02 Nov 2021,22:00,25,23,48,25,23,48,No Group
Manchester City Council - Chorlton,Chorlton Place,2021,November,44,Tuesday,02 Nov 2021,23:00,15,6,21,15,6,21,No Group
Manchester City Council - Chorlton,Chorlton Place,2021,November,44,Wednesday,03 Nov 2021,00:00,4,4,8,4,4,8,No Group
Manchester City Council - Chorlton,Chorlton Place,2021,November,44,Wednesday,03 Nov 2021,01:00,2,1,3,2,1,3,No Group
Manchester City Council - Chorlton,Chorlton Place,2021,November,44,Wednesday,03 Nov 2021,02:00,2,2,4,2,2,4,No Group
Manchester City Council - Chorlton,Chorlton Place,2021,November,44,Wednesday,03 Nov 2021,03:00,0,1,1,0,1,1,No Group
Manchester City Council - Chorlton,Chorlton Place,2021,November,44,Wednesday,03 Nov 2021,04:00,0,1,1,0,1,1,No Group
Manchester City Council - Chorlton,Chorlton Place,2021,November,44,Wednesday,03 Nov 2021,05:00,3,4,7,3,4,7,No Group
Manchester City Council - Chorlton,Chorlton Place,2021,November,44,Wednesday,03 Nov 2021,06:00,4,21,25,4,21,25,No Group
Manchester City Council - Chorlton,Chorlton Place,2021,November,44,Wednesday,03 Nov 2021,07:00,20,61,81,20,61,81,No Group
Manchester City Council - Chorlton,Chorlton Place,2021,November,44,Wednesday,03 Nov 2021,08:00,63,117,180,63,117,180,No Group
Manchester City Council - Chorlton,Chorlton Place,2021,November,44,Wednesday,03 Nov 2021,09:00,83,160,243,83,160,243,No Group
Manchester City Council - Chorlton,Chorlton Place,2021,November,44,Wednesday,03 Nov 2021,10:00,223,119,342,223,119,342,No Group
Manchester City Council - Chorlton,Chorlton Place,2021,November,44,Wednesday,03 Nov 2021,11:00,242,161,403,242,161,403,No Group
Manchester City Council - Chorlton,Chorlton Place,2021,November,44,Wednesday,03 Nov 2021,12:00,144,141,285,144,141,285,No Group
Manchester City Council - Chorlton,Chorlton Place,2021,November,44,Wednesday,03 Nov 2021,13:00,140,177,317,140,177,317,No Group
Manchester City Council - Chorlton,Chorlton Place,2021,November,44,Wednesday,03 Nov 2021,14:00,177,141,318,177,141,318,No Group
Manchester City Council - Chorlton,Chorlton Place,2021,November,44,Wednesday,03 Nov 2021,15:00,115,110,225,115,110,225,No Group
Manchester City Council - Chorlton,Chorlton Place,2021,November,44,Wednesday,03 Nov 2021,16:00,128,112,240,128,112,240,No Group
Manchester City Council - Chorlton,Chorlton Place,2021,November,44,Wednesday,03 Nov 2021,17:00,57,62,119,57,62,119,No Group
Manchester City Council - Chorlton,Chorlton Place,2021,November,44,Wednesday,03 Nov 2021,18:00,43,35,78,43,35,78,No Group
Manchester City Council - Chorlton,Chorlton Place,2021,November,44,Wednesday,03 Nov 2021,19:00,55,46,101,55,46,101,No Group
Manchester City Council - Chorlton,Chorlton Place,2021,November,44,Wednesday,03 Nov 2021,20:00,33,25,58,33,25,58,No Group
Manchester City Council - Chorlton,Chorlton Place,2021,November,44,Wednesday,03 Nov 2021,21:00,30,16,46,30,16,46,No Group
Manchester City Council - Chorlton,Chorlton Place,2021,November,44,Wednesday,03 Nov 2021,22:00,17,11,28,17,11,28,No Group
Manchester City Council - Chorlton,Chorlton Place,2021,November,44,Wednesday,03 Nov 2021,23:00,22,8,30,22,8,30,No Group
Manchester City Council - Chorlton,Chorlton Place,2021,November,44,Thursday,04 Nov 2021,00:00,6,3,9,6,3,9,No Group
Manchester City Council - Chorlton,Chorlton Place,2021,November,44,Thursday,04 Nov 2021,01:00,3,0,3,3,0,3,No Group
Manchester City Council - Chorlton,Chorlton Place,2021,November,44,Thursday,04 Nov 2021,02:00,1,0,1,1,0,1,No Group
Manchester City Council - Chorlton,Chorlton Place,2021,November,44,Thursday,04 Nov 2021,03:00,1,0,1,1,0,1,No Group
Manchester City Council - Chorlton,Chorlton Place,2021,November,44,Thursday,04 Nov 2021,04:00,0,1,1,0,1,1,No Group
Manchester City Council - Chorlton,Chorlton Place,2021,November,44,Thursday,04 Nov 2021,05:00,4,7,11,4,7,11,No Group
Manchester City Council - Chorlton,Chorlton Place,2021,November,44,Thursday,04 Nov 2021,06:00,4,22,26,4,22,26,No Group
Manchester City Council - Chorlton,Chorlton Place,2021,November,44,Thursday,04 Nov 2021,07:00,22,55,77,22,55,77,No Group
Manchester City Council - Chorlton,Chorlton Place,2021,November,44,Thursday,04 Nov 2021,08:00,33,86,119,33,86,119,No Group
Manchester City Council - Chorlton,Chorlton Place,2021,November,44,Thursday,04 Nov 2021,09:00,133,294,427,133,294,427,No Group
Manchester City Council - Chorlton,Chorlton Place,2021,November,44,Thursday,04 Nov 2021,10:00,254,719,973,254,719,973,No Group
Manchester City Council - Chorlton,Chorlton Place,2021,November,44,Thursday,04 Nov 2021,11:00,254,557,811,254,557,811,No Group
Manchester City Council - Chorlton,Chorlton Place,2021,November,44,Thursday,04 Nov 2021,12:00,130,165,295,130,165,295,No Group
Manchester City Council - Chorlton,Chorlton Place,2021,November,44,Thursday,04 Nov 2021,13:00,153,190,343,153,190,343,No Group
Manchester City Council - Chorlton,Chorlton Place,2021,November,44,Thursday,04 Nov 2021,14:00,144,158,302,144,158,302,No Group
Manchester City Council - Chorlton,Chorlton Place,2021,November,44,Thursday,04 Nov 2021,15:00,156,161,317,156,161,317,No Group
Manchester City Council - Chorlton,Chorlton Place,2021,November,44,Thursday,04 Nov 2021,16:00,152,145,297,152,145,297,No Group
Manchester City Council - Chorlton,Chorlton Place,2021,November,44,Thursday,04 Nov 2021,17:00,102,101,203,102,101,203,No Group
Manchester City Council - Chorlton,Chorlton Place,2021,November,44,Thursday,04 Nov 2021,18:00,125,74,199,125,74,199,No Group
Manchester City Council - Chorlton,Chorlton Place,2021,November,44,Thursday,04 Nov 2021,19:00,57,41,98,57,41,98,No Group
Manchester City Council - Chorlton,Chorlton Place,2021,November,44,Thursday,04 Nov 2021,20:00,40,43,83,40,43,83,No Group
Manchester City Council - Chorlton,Chorlton Place,2021,November,44,Thursday,04 Nov 2021,21:00,13,29,42,13,29,42,No Group
Manchester City Council - Chorlton,Chorlton Place,2021,November,44,Thursday,04 Nov 2021,22:00,33,18,51,33,18,51,No Group
Manchester City Council - Chorlton,Chorlton Place,2021,November,44,Thursday,04 Nov 2021,23:00,27,10,37,27,10,37,No Group
Manchester City Council - Chorlton,Chorlton Place,2021,November,44,Friday,05 Nov 2021,00:00,9,4,13,9,4,13,No Group
Manchester City Council - Chorlton,Chorlton Place,2021,November,44,Friday,05 Nov 2021,01:00,2,0,2,2,0,2,No Group
Manchester City Council - Chorlton,Chorlton Place,2021,November,44,Friday,05 Nov 2021,02:00,1,0,1,1,0,1,No Group
Manchester City Council - Chorlton,Chorlton Place,2021,November,44,Friday,05 Nov 2021,03:00,9,6,15,9,6,15,No Group
Manchester City Council - Chorlton,Chorlton Place,2021,November,44,Friday,05 Nov 2021,04:00,1,7,8,1,7,8,No Group
Manchester City Council - Chorlton,Chorlton Place,2021,November,44,Friday,05 Nov 2021,05:00,0,6,6,0,6,6,No Group
Manchester City Council - Chorlton,Chorlton Place,2021,November,44,Friday,05 Nov 2021,06:00,4,19,23,4,19,23,No Group
Manchester City Council - Chorlton,Chorlton Place,2021,November,44,Friday,05 Nov 2021,07:00,36,71,107,36,71,107,No Group
Manchester City Council - Chorlton,Chorlton Place,2021,November,44,Friday,05 Nov 2021,08:00,52,99,151,52,99,151,No Group
Manchester City Council - Chorlton,Chorlton Place,2021,November,44,Friday,05 Nov 2021,09:00,96,113,209,96,113,209,No Group
Manchester City Council - Chorlton,Chorlton Place,2021,November,44,Friday,05 Nov 2021,10:00,126,136,262,126,136,262,No Group
Manchester City Council - Chorlton,Chorlton Place,2021,November,44,Friday,05 Nov 2021,11:00,167,193,360,167,193,360,No Group
Manchester City Council - Chorlton,Chorlton Place,2021,November,44,Friday,05 Nov 2021,12:00,197,197,394,197,197,394,No Group
Manchester City Council - Chorlton,Chorlton Place,2021,November,44,Friday,05 Nov 2021,13:00,199,217,416,199,217,416,No Group
Manchester City Council - Chorlton,Chorlton Place,2021,November,44,Friday,05 Nov 2021,14:00,186,188,374,186,188,374,No Group
Manchester City Council - Chorlton,Chorlton Place,2021,November,44,Friday,05 Nov 2021,15:00,172,162,334,172,162,334,No Group
Manchester City Council - Chorlton,Chorlton Place,2021,November,44,Friday,05 Nov 2021,16:00,152,139,291,152,139,291,No Group
Manchester City Council - Chorlton,Chorlton Place,2021,November,44,Friday,05 Nov 2021,17:00,93,77,170,93,77,170,No Group
Manchester City Council - Chorlton,Chorlton Place,2021,November,44,Friday,05 Nov 2021,18:00,59,68,127,59,68,127,No Group
Manchester City Council - Chorlton,Chorlton Place,2021,November,44,Friday,05 Nov 2021,19:00,46,48,94,46,48,94,No Group
Manchester City Council - Chorlton,Chorlton Place,2021,November,44,Friday,05 Nov 2021,20:00,42,43,85,42,43,85,No Group
Manchester City Council - Chorlton,Chorlton Place,2021,November,44,Friday,05 Nov 2021,21:00,30,31,61,30,31,61,No Group
Manchester City Council - Chorlton,Chorlton Place,2021,November,44,Friday,05 Nov 2021,22:00,32,31,63,32,31,63,No Group
Manchester City Council - Chorlton,Chorlton Place,2021,November,44,Friday,05 Nov 2021,23:00,27,20,47,27,20,47,No Group
Manchester City Council - Chorlton,Chorlton Place,2021,November,44,Saturday,06 Nov 2021,00:00,26,19,45,26,19,45,No Group
Manchester City Council - Chorlton,Chorlton Place,2021,November,44,Saturday,06 Nov 2021,01:00,13,4,17,13,4,17,No Group
Manchester City Council - Chorlton,Chorlton Place,2021,November,44,Saturday,06 Nov 2021,02:00,6,7,13,6,7,13,No Group
Manchester City Council - Chorlton,Chorlton Place,2021,November,44,Saturday,06 Nov 2021,03:00,4,0,4,4,0,4,No Group
Manchester City Council - Chorlton,Chorlton Place,2021,November,44,Saturday,06 Nov 2021,04:00,2,1,3,2,1,3,No Group
Manchester City Council - Chorlton,Chorlton Place,2021,November,44,Saturday,06 Nov 2021,05:00,2,6,8,2,6,8,No Group
Manchester City Council - Chorlton,Chorlton Place,2021,November,44,Saturday,06 Nov 2021,06:00,1,2,3,1,2,3,No Group
Manchester City Council - Chorlton,Chorlton Place,2021,November,44,Saturday,06 Nov 2021,07:00,16,19,35,16,19,35,No Group
Manchester City Council - Chorlton,Chorlton Place,2021,November,44,Saturday,06 Nov 2021,08:00,34,43,77,34,43,77,No Group
Manchester City Council - Chorlton,Chorlton Place,2021,November,44,Saturday,06 Nov 2021,09:00,100,115,215,100,115,215,No Group
Manchester City Council - Chorlton,Chorlton Place,2021,November,44,Saturday,06 Nov 2021,10:00,187,203,390,187,203,390,No Group
Manchester City Council - Chorlton,Chorlton Place,2021,November,44,Saturday,06 Nov 2021,11:00,223,246,469,223,246,469,No Group
Manchester City Council - Chorlton,Chorlton Place,2021,November,44,Saturday,06 Nov 2021,12:00,225,226,451,225,226,451,No Group
Manchester City Council - Chorlton,Chorlton Place,2021,November,44,Saturday,06 Nov 2021,13:00,270,235,505,270,235,505,No Group
Manchester City Council - Chorlton,Chorlton Place,2021,November,44,Saturday,06 Nov 2021,14:00,191,256,447,191,256,447,No Group
Manchester City Council - Chorlton,Chorlton Place,2021,November,44,Saturday,06 Nov 2021,15:00,213,275,488,213,275,488,No Group
Manchester City Council - Chorlton,Chorlton Place,2021,November,44,Saturday,06 Nov 2021,16:00,181,162,343,181,162,343,No Group
Manchester City Council - Chorlton,Chorlton Place,2021,November,44,Saturday,06 Nov 2021,17:00,55,90,145,55,90,145,No Group
Manchester City Council - Chorlton,Chorlton Place,2021,November,44,Saturday,06 Nov 2021,18:00,66,76,142,66,76,142,No Group
Manchester City Council - Chorlton,Chorlton Place,2021,November,44,Saturday,06 Nov 2021,19:00,44,92,136,44,92,136,No Group
Manchester City Council - Chorlton,Chorlton Place,2021,November,44,Saturday,06 Nov 2021,20:00,47,54,101,47,54,101,No Group
Manchester City Council - Chorlton,Chorlton Place,2021,November,44,Saturday,06 Nov 2021,21:00,35,41,76,35,41,76,No Group
Manchester City Council - Chorlton,Chorlton Place,2021,November,44,Saturday,06 Nov 2021,22:00,38,31,69,38,31,69,No Group
Manchester City Council - Chorlton,Chorlton Place,2021,November,44,Saturday,06 Nov 2021,23:00,23,16,39,23,16,39,No Group
Manchester City Council - Chorlton,Chorlton Place,2021,November,44,Sunday,07 Nov 2021,00:00,20,16,36,20,16,36,No Group
Manchester City Council - Chorlton,Chorlton Place,2021,November,44,Sunday,07 Nov 2021,01:00,14,5,19,14,5,19,No Group
Manchester City Council - Chorlton,Chorlton Place,2021,November,44,Sunday,07 Nov 2021,02:00,3,1,4,3,1,4,No Group
Manchester City Council - Chorlton,Chorlton Place,2021,November,44,Sunday,07 Nov 2021,03:00,2,1,3,2,1,3,No Group
Manchester City Council - Chorlton,Chorlton Place,2021,November,44,Sunday,07 Nov 2021,04:00,2,3,5,2,3,5,No Group
Manchester City Council - Chorlton,Chorlton Place,2021,November,44,Sunday,07 Nov 2021,05:00,0,5,5,0,5,5,No Group
Manchester City Council - Chorlton,Chorlton Place,2021,November,44,Sunday,07 Nov 2021,06:00,1,5,6,1,5,6,No Group
Manchester City Council - Chorlton,Chorlton Place,2021,November,44,Sunday,07 Nov 2021,07:00,4,10,14,4,10,14,No Group
Manchester City Council - Chorlton,Chorlton Place,2021,November,44,Sunday,07 Nov 2021,08:00,15,26,41,15,26,41,No Group
Manchester City Council - Chorlton,Chorlton Place,2021,November,44,Sunday,07 Nov 2021,09:00,55,104,159,55,104,159,No Group
Manchester City Council - Chorlton,Chorlton Place,2021,November,44,Sunday,07 Nov 2021,10:00,83,154,237,83,154,237,No Group
Manchester City Council - Chorlton,Chorlton Place,2021,November,44,Sunday,07 Nov 2021,11:00,98,124,222,98,124,222,No Group
Manchester City Council - Chorlton,Chorlton Place,2021,November,44,Sunday,07 Nov 2021,12:00,111,119,230,111,119,230,No Group
Manchester City Council - Chorlton,Chorlton Place,2021,November,44,Sunday,07 Nov 2021,13:00,97,125,222,97,125,222,No Group
Manchester City Council - Chorlton,Chorlton Place,2021,November,44,Sunday,07 Nov 2021,14:00,88,115,203,88,115,203,No Group
Manchester City Council - Chorlton,Chorlton Place,2021,November,44,Sunday,07 Nov 2021,15:00,106,111,217,106,111,217,No Group
Manchester City Council - Chorlton,Chorlton Place,2021,November,44,Sunday,07 Nov 2021,16:00,77,83,160,77,83,160,No Group
Manchester City Council - Chorlton,Chorlton Place,2021,November,44,Sunday,07 Nov 2021,17:00,75,54,129,75,54,129,No Group
Manchester City Council - Chorlton,Chorlton Place,2021,November,44,Sunday,07 Nov 2021,18:00,53,56,109,53,56,109,No Group
Manchester City Council - Chorlton,Chorlton Place,2021,November,44,Sunday,07 Nov 2021,19:00,57,46,103,57,46,103,No Group
Manchester City Council - Chorlton,Chorlton Place,2021,November,44,Sunday,07 Nov 2021,20:00,27,34,61,27,34,61,No Group
Manchester City Council - Chorlton,Chorlton Place,2021,November,44,Sunday,07 Nov 2021,21:00,24,35,59,24,35,59,No Group
Manchester City Council - Chorlton,Chorlton Place,2021,November,44,Sunday,07 Nov 2021,22:00,14,14,28,14,14,28,No Group
Manchester City Council - Chorlton,Chorlton Place,2021,November,44,Sunday,07 Nov 2021,23:00,6,6,12,6,6,12,No Group
Manchester City Council - Chorlton,Chorlton Place,2021,November,45,Monday,08 Nov 2021,00:00,7,1,8,7,1,8,No Group
Manchester City Council - Chorlton,Chorlton Place,2021,November,45,Monday,08 Nov 2021,01:00,2,1,3,2,1,3,No Group
Manchester City Council - Chorlton,Chorlton Place,2021,November,45,Monday,08 Nov 2021,02:00,4,0,4,4,0,4,No Group
Manchester City Council - Chorlton,Chorlton Place,2021,November,45,Monday,08 Nov 2021,03:00,1,0,1,1,0,1,No Group
Manchester City Council - Chorlton,Chorlton Place,2021,November,45,Monday,08 Nov 2021,04:00,4,6,10,4,6,10,No Group
Manchester City Council - Chorlton,Chorlton Place,2021,November,45,Monday,08 Nov 2021,05:00,1,6,7,1,6,7,No Group
Manchester City Council - Chorlton,Chorlton Place,2021,November,45,Monday,08 Nov 2021,06:00,9,15,24,9,15,24,No Group
Manchester City Council - Chorlton,Chorlton Place,2021,November,45,Monday,08 Nov 2021,07:00,30,80,110,30,80,110,No Group
Manchester City Council - Chorlton,Chorlton Place,2021,November,45,Monday,08 Nov 2021,08:00,37,85,122,37,85,122,No Group
Manchester City Council - Chorlton,Chorlton Place,2021,November,45,Monday,08 Nov 2021,09:00,52,77,129,52,77,129,No Group
Manchester City Council - Chorlton,Chorlton Place,2021,November,45,Monday,08 Nov 2021,10:00,79,96,175,79,96,175,No Group
Manchester City Council - Chorlton,Chorlton Place,2021,November,45,Monday,08 Nov 2021,11:00,119,131,250,119,131,250,No Group
Manchester City Council - Chorlton,Chorlton Place,2021,November,45,Monday,08 Nov 2021,12:00,129,137,266,129,137,266,No Group
Manchester City Council - Chorlton,Chorlton Place,2021,November,45,Monday,08 Nov 2021,13:00,137,153,290,137,153,290,No Group
Manchester City Council - Chorlton,Chorlton Place,2021,November,45,Monday,08 Nov 2021,14:00,147,156,303,147,156,303,No Group
Manchester City Council - Chorlton,Chorlton Place,2021,November,45,Monday,08 Nov 2021,15:00,159,148,307,159,148,307,No Group
Manchester City Council - Chorlton,Chorlton Place,2021,November,45,Monday,08 Nov 2021,16:00,110,98,208,110,98,208,No Group
Manchester City Council - Chorlton,Chorlton Place,2021,November,45,Monday,08 Nov 2021,17:00,77,68,145,77,68,145,No Group
Manchester City Council - Chorlton,Chorlton Place,2021,November,45,Monday,08 Nov 2021,18:00,64,51,115,64,51,115,No Group
Manchester City Council - Chorlton,Chorlton Place,2021,November,45,Monday,08 Nov 2021,19:00,42,39,81,42,39,81,No Group
Manchester City Council - Chorlton,Chorlton Place,2021,November,45,Monday,08 Nov 2021,20:00,37,35,72,37,35,72,No Group
Manchester City Council - Chorlton,Chorlton Place,2021,November,45,Monday,08 Nov 2021,21:00,21,30,51,21,30,51,No Group
Manchester City Council - Chorlton,Chorlton Place,2021,November,45,Monday,08 Nov 2021,22:00,18,20,38,18,20,38,No Group
Manchester City Council - Chorlton,Chorlton Place,2021,November,45,Monday,08 Nov 2021,23:00,5,3,8,5,3,8,No Group
Manchester City Council - Chorlton,Chorlton Place,2021,November,45,Tuesday,09 Nov 2021,00:00,6,1,7,6,1,7,No Group
Manchester City Council - Chorlton,Chorlton Place,2021,November,45,Tuesday,09 Nov 2021,01:00,3,1,4,3,1,4,No Group
Manchester City Council - Chorlton,Chorlton Place,2021,November,45,Tuesday,09 Nov 2021,02:00,2,1,3,2,1,3,No Group
Manchester City Council - Chorlton,Chorlton Place,2021,November,45,Tuesday,09 Nov 2021,03:00,3,5,8,3,5,8,No Group
Manchester City Council - Chorlton,Chorlton Place,2021,November,45,Tuesday,09 Nov 2021,04:00,0,2,2,0,2,2,No Group
Manchester City Council - Chorlton,Chorlton Place,2021,November,45,Tuesday,09 Nov 2021,05:00,1,6,7,1,6,7,No Group
Manchester City Council - Chorlton,Chorlton Place,2021,November,45,Tuesday,09 Nov 2021,06:00,3,26,29,3,26,29,No Group
Manchester City Council - Chorlton,Chorlton Place,2021,November,45,Tuesday,09 Nov 2021,07:00,35,82,117,35,82,117,No Group
Manchester City Council - Chorlton,Chorlton Place,2021,November,45,Tuesday,09 Nov 2021,08:00,29,79,108,29,79,108,No Group
Manchester City Council - Chorlton,Chorlton Place,2021,November,45,Tuesday,09 Nov 2021,09:00,69,81,150,69,81,150,No Group
Manchester City Council - Chorlton,Chorlton Place,2021,November,45,Tuesday,09 Nov 2021,10:00,97,113,210,97,113,210,No Group
Manchester City Council - Chorlton,Chorlton Place,2021,November,45,Tuesday,09 Nov 2021,11:00,148,150,298,148,150,298,No Group
Manchester City Council - Chorlton,Chorlton Place,2021,November,45,Tuesday,09 Nov 2021,12:00,153,168,321,153,168,321,No Group
Manchester City Council - Chorlton,Chorlton Place,2021,November,45,Tuesday,09 Nov 2021,13:00,165,160,325,165,160,325,No Group
Manchester City Council - Chorlton,Chorlton Place,2021,November,45,Tuesday,09 Nov 2021,14:00,134,144,278,134,144,278,No Group
Manchester City Council - Chorlton,Chorlton Place,2021,November,45,Tuesday,09 Nov 2021,15:00,142,143,285,142,143,285,No Group
Manchester City Council - Chorlton,Chorlton Place,2021,November,45,Tuesday,09 Nov 2021,16:00,102,91,193,102,91,193,No Group
Manchester City Council - Chorlton,Chorlton Place,2021,November,45,Tuesday,09 Nov 2021,17:00,69,60,129,69,60,129,No Group
Manchester City Council - Chorlton,Chorlton Place,2021,November,45,Tuesday,09 Nov 2021,18:00,56,41,97,56,41,97,No Group
Manchester City Council - Chorlton,Chorlton Place,2021,November,45,Tuesday,09 Nov 2021,19:00,58,37,95,58,37,95,No Group
Manchester City Council - Chorlton,Chorlton Place,2021,November,45,Tuesday,09 Nov 2021,20:00,33,25,58,33,25,58,No Group
Manchester City Council - Chorlton,Chorlton Place,2021,November,45,Tuesday,09 Nov 2021,21:00,20,29,49,20,29,49,No Group
Manchester City Council - Chorlton,Chorlton Place,2021,November,45,Tuesday,09 Nov 2021,22:00,15,18,33,15,18,33,No Group
Manchester City Council - Chorlton,Chorlton Place,2021,November,45,Tuesday,09 Nov 2021,23:00,6,4,10,6,4,10,No Group
Manchester City Council - Chorlton,Chorlton Place,2021,November,45,Wednesday,10 Nov 2021,00:00,8,3,11,8,3,11,No Group
Manchester City Council - Chorlton,Chorlton Place,2021,November,45,Wednesday,10 Nov 2021,01:00,0,2,2,0,2,2,No Group
Manchester City Council - Chorlton,Chorlton Place,2021,November,45,Wednesday,10 Nov 2021,02:00,0,0,0,0,0,0,No Group
Manchester City Council - Chorlton,Chorlton Place,2021,November,45,Wednesday,10 Nov 2021,03:00,0,0,0,0,0,0,No Group
Manchester City Council - Chorlton,Chorlton Place,2021,November,45,Wednesday,10 Nov 2021,04:00,1,7,8,1,7,8,No Group
Manchester City Council - Chorlton,Chorlton Place,2021,November,45,Wednesday,10 Nov 2021,05:00,1,3,4,1,3,4,No Group
Manchester City Council - Chorlton,Chorlton Place,2021,November,45,Wednesday,10 Nov 2021,06:00,2,15,17,2,15,17,No Group
Manchester City Council - Chorlton,Chorlton Place,2021,November,45,Wednesday,10 Nov 2021,07:00,19,68,87,19,68,87,No Group
Manchester City Council - Chorlton,Chorlton Place,2021,November,45,Wednesday,10 Nov 2021,08:00,24,90,114,24,90,114,No Group
Manchester City Council - Chorlton,Chorlton Place,2021,November,45,Wednesday,10 Nov 2021,09:00,76,90,166,76,90,166,No Group
Manchester City Council - Chorlton,Chorlton Place,2021,November,45,Wednesday,10 Nov 2021,10:00,151,133,284,151,133,284,No Group
Manchester City Council - Chorlton,Chorlton Place,2021,November,45,Wednesday,10 Nov 2021,11:00,169,184,353,169,184,353,No Group
Manchester City Council - Chorlton,Chorlton Place,2021,November,45,Wednesday,10 Nov 2021,12:00,188,172,360,188,172,360,No Group
Manchester City Council - Chorlton,Chorlton Place,2021,November,45,Wednesday,10 Nov 2021,13:00,127,132,259,127,132,259,No Group
Manchester City Council - Chorlton,Chorlton Place,2021,November,45,Wednesday,10 Nov 2021,14:00,153,184,337,153,184,337,No Group
Manchester City Council - Chorlton,Chorlton Place,2021,November,45,Wednesday,10 Nov 2021,15:00,148,153,301,148,153,301,No Group
Manchester City Council - Chorlton,Chorlton Place,2021,November,45,Wednesday,10 Nov 2021,16:00,136,108,244,136,108,244,No Group
Manchester City Council - Chorlton,Chorlton Place,2021,November,45,Wednesday,10 Nov 2021,17:00,61,76,137,61,76,137,No Group
Manchester City Council - Chorlton,Chorlton Place,2021,November,45,Wednesday,10 Nov 2021,18:00,59,52,111,59,52,111,No Group
Manchester City Council - Chorlton,Chorlton Place,2021,November,45,Wednesday,10 Nov 2021,19:00,66,55,121,66,55,121,No Group
Manchester City Council - Chorlton,Chorlton Place,2021,November,45,Wednesday,10 Nov 2021,20:00,35,29,64,35,29,64,No Group
Manchester City Council - Chorlton,Chorlton Place,2021,November,45,Wednesday,10 Nov 2021,21:00,42,40,82,42,40,82,No Group
Manchester City Council - Chorlton,Chorlton Place,2021,November,45,Wednesday,10 Nov 2021,22:00,25,19,44,25,19,44,No Group
Manchester City Council - Chorlton,Chorlton Place,2021,November,45,Wednesday,10 Nov 2021,23:00,23,8,31,23,8,31,No Group
Manchester City Council - Chorlton,Chorlton Place,2021,November,45,Thursday,11 Nov 2021,00:00,7,2,9,7,2,9,No Group
Manchester City Council - Chorlton,Chorlton Place,2021,November,45,Thursday,11 Nov 2021,01:00,5,1,6,5,1,6,No Group
Manchester City Council - Chorlton,Chorlton Place,2021,November,45,Thursday,11 Nov 2021,02:00,1,4,5,1,4,5,No Group
Manchester City Council - Chorlton,Chorlton Place,2021,November,45,Thursday,11 Nov 2021,03:00,0,2,2,0,2,2,No Group
Manchester City Council - Chorlton,Chorlton Place,2021,November,45,Thursday,11 Nov 2021,04:00,0,1,1,0,1,1,No Group
Manchester City Council - Chorlton,Chorlton Place,2021,November,45,Thursday,11 Nov 2021,05:00,2,5,7,2,5,7,No Group
Manchester City Council - Chorlton,Chorlton Place,2021,November,45,Thursday,11 Nov 2021,06:00,7,28,35,7,28,35,No Group
Manchester City Council - Chorlton,Chorlton Place,2021,November,45,Thursday,11 Nov 2021,07:00,19,55,74,19,55,74,No Group
Manchester City Council - Chorlton,Chorlton Place,2021,November,45,Thursday,11 Nov 2021,08:00,36,96,132,36,96,132,No Group
Manchester City Council - Chorlton,Chorlton Place,2021,November,45,Thursday,11 Nov 2021,09:00,71,96,167,71,96,167,No Group
Manchester City Council - Chorlton,Chorlton Place,2021,November,45,Thursday,11 Nov 2021,10:00,105,126,231,105,126,231,No Group
Manchester City Council - Chorlton,Chorlton Place,2021,November,45,Thursday,11 Nov 2021,11:00,99,113,212,99,113,212,No Group
Manchester City Council - Chorlton,Chorlton Place,2021,November,45,Thursday,11 Nov 2021,12:00,176,185,361,176,185,361,No Group
Manchester City Council - Chorlton,Chorlton Place,2021,November,45,Thursday,11 Nov 2021,13:00,154,164,318,154,164,318,No Group
Manchester City Council - Chorlton,Chorlton Place,2021,November,45,Thursday,11 Nov 2021,14:00,140,144,284,140,144,284,No Group
Manchester City Council - Chorlton,Chorlton Place,2021,November,45,Thursday,11 Nov 2021,15:00,175,158,333,175,158,333,No Group
Manchester City Council - Chorlton,Chorlton Place,2021,November,45,Thursday,11 Nov 2021,16:00,125,97,222,125,97,222,No Group
Manchester City Council - Chorlton,Chorlton Place,2021,November,45,Thursday,11 Nov 2021,17:00,108,95,203,108,95,203,No Group
Manchester City Council - Chorlton,Chorlton Place,2021,November,45,Thursday,11 Nov 2021,18:00,93,82,175,93,82,175,No Group
Manchester City Council - Chorlton,Chorlton Place,2021,November,45,Thursday,11 Nov 2021,19:00,67,57,124,67,57,124,No Group
Manchester City Council - Chorlton,Chorlton Place,2021,November,45,Thursday,11 Nov 2021,20:00,48,49,97,48,49,97,No Group
Manchester City Council - Chorlton,Chorlton Place,2021,November,45,Thursday,11 Nov 2021,21:00,21,34,55,21,34,55,No Group
Manchester City Council - Chorlton,Chorlton Place,2021,November,45,Thursday,11 Nov 2021,22:00,32,27,59,32,27,59,No Group
Manchester City Council - Chorlton,Chorlton Place,2021,November,45,Thursday,11 Nov 2021,23:00,30,10,40,30,10,40,No Group
Manchester City Council - Chorlton,Chorlton Place,2021,November,45,Friday,12 Nov 2021,00:00,14,4,18,14,4,18,No Group
Manchester City Council - Chorlton,Chorlton Place,2021,November,45,Friday,12 Nov 2021,01:00,6,1,7,6,1,7,No Group
Manchester City Council - Chorlton,Chorlton Place,2021,November,45,Friday,12 Nov 2021,02:00,5,1,6,5,1,6,No Group
Manchester City Council - Chorlton,Chorlton Place,2021,November,45,Friday,12 Nov 2021,03:00,1,1,2,1,1,2,No Group
Manchester City Council - Chorlton,Chorlton Place,2021,November,45,Friday,12 Nov 2021,04:00,1,1,2,1,1,2,No Group
Manchester City Council - Chorlton,Chorlton Place,2021,November,45,Friday,12 Nov 2021,05:00,2,4,6,2,4,6,No Group
Manchester City Council - Chorlton,Chorlton Place,2021,November,45,Friday,12 Nov 2021,06:00,8,26,34,8,26,34,No Group
Manchester City Council - Chorlton,Chorlton Place,2021,November,45,Friday,12 Nov 2021,07:00,29,62,91,29,62,91,No Group
Manchester City Council - Chorlton,Chorlton Place,2021,November,45,Friday,12 Nov 2021,08:00,53,93,146,53,93,146,No Group
Manchester City Council - Chorlton,Chorlton Place,2021,November,45,Friday,12 Nov 2021,09:00,107,123,230,107,123,230,No Group
Manchester City Council - Chorlton,Chorlton Place,2021,November,45,Friday,12 Nov 2021,10:00,152,172,324,152,172,324,No Group
Manchester City Council - Chorlton,Chorlton Place,2021,November,45,Friday,12 Nov 2021,11:00,122,145,267,122,145,267,No Group
Manchester City Council - Chorlton,Chorlton Place,2021,November,45,Friday,12 Nov 2021,12:00,142,154,296,142,154,296,No Group
Manchester City Council - Chorlton,Chorlton Place,2021,November,45,Friday,12 Nov 2021,13:00,147,176,323,147,176,323,No Group
Manchester City Council - Chorlton,Chorlton Place,2021,November,45,Friday,12 Nov 2021,14:00,179,165,344,179,165,344,No Group
Manchester City Council - Chorlton,Chorlton Place,2021,November,45,Friday,12 Nov 2021,15:00,188,186,374,188,186,374,No Group
Manchester City Council - Chorlton,Chorlton Place,2021,November,45,Friday,12 Nov 2021,16:00,111,138,249,111,138,249,No Group
Manchester City Council - Chorlton,Chorlton Place,2021,November,45,Friday,12 Nov 2021,17:00,84,83,167,84,83,167,No Group
Manchester City Council - Chorlton,Chorlton Place,2021,November,45,Friday,12 Nov 2021,18:00,56,47,103,56,47,103,No Group
Manchester City Council - Chorlton,Chorlton Place,2021,November,45,Friday,12 Nov 2021,19:00,57,56,113,57,56,113,No Group
Manchester City Council - Chorlton,Chorlton Place,2021,November,45,Friday,12 Nov 2021,20:00,148,42,190,148,42,190,No Group
Manchester City Council - Chorlton,Chorlton Place,2021,November,45,Friday,12 Nov 2021,21:00,36,41,77,36,41,77,No Group
Manchester City Council - Chorlton,Chorlton Place,2021,November,45,Friday,12 Nov 2021,22:00,26,24,50,26,24,50,No Group
Manchester City Council - Chorlton,Chorlton Place,2021,November,45,Friday,12 Nov 2021,23:00,24,15,39,24,15,39,No Group
Manchester City Council - Chorlton,Chorlton Place,2021,November,45,Saturday,13 Nov 2021,00:00,13,15,28,13,15,28,No Group
Manchester City Council - Chorlton,Chorlton Place,2021,November,45,Saturday,13 Nov 2021,01:00,12,4,16,12,4,16,No Group
Manchester City Council - Chorlton,Chorlton Place,2021,November,45,Saturday,13 Nov 2021,02:00,6,3,9,6,3,9,No Group
Manchester City Council - Chorlton,Chorlton Place,2021,November,45,Saturday,13 Nov 2021,03:00,2,1,3,2,1,3,No Group
Manchester City Council - Chorlton,Chorlton Place,2021,November,45,Saturday,13 Nov 2021,04:00,2,5,7,2,5,7,No Group
Manchester City Council - Chorlton,Chorlton Place,2021,November,45,Saturday,13 Nov 2021,05:00,1,4,5,1,4,5,No Group
Manchester City Council - Chorlton,Chorlton Place,2021,November,45,Saturday,13 Nov 2021,06:00,8,10,18,8,10,18,No Group
Manchester City Council - Chorlton,Chorlton Place,2021,November,45,Saturday,13 Nov 2021,07:00,14,24,38,14,24,38,No Group
Manchester City Council - Chorlton,Chorlton Place,2021,November,45,Saturday,13 Nov 2021,08:00,40,49,89,40,49,89,No Group
Manchester City Council - Chorlton,Chorlton Place,2021,November,45,Saturday,13 Nov 2021,09:00,147,156,303,147,156,303,No Group
Manchester City Council - Chorlton,Chorlton Place,2021,November,45,Saturday,13 Nov 2021,10:00,153,165,318,153,165,318,No Group
Manchester City Council - Chorlton,Chorlton Place,2021,November,45,Saturday,13 Nov 2021,11:00,265,257,522,265,257,522,No Group
Manchester City Council - Chorlton,Chorlton Place,2021,November,45,Saturday,13 Nov 2021,12:00,224,235,459,224,235,459,No Group
Manchester City Council - Chorlton,Chorlton Place,2021,November,45,Saturday,13 Nov 2021,13:00,245,260,505,245,260,505,No Group
Manchester City Council - Chorlton,Chorlton Place,2021,November,45,Saturday,13 Nov 2021,14:00,198,194,392,198,194,392,No Group
Manchester City Council - Chorlton,Chorlton Place,2021,November,45,Saturday,13 Nov 2021,15:00,248,223,471,248,223,471,No Group
Manchester City Council - Chorlton,Chorlton Place,2021,November,45,Saturday,13 Nov 2021,16:00,174,224,398,174,224,398,No Group
Manchester City Council - Chorlton,Chorlton Place,2021,November,45,Saturday,13 Nov 2021,17:00,121,101,222,121,101,222,No Group
Manchester City Council - Chorlton,Chorlton Place,2021,November,45,Saturday,13 Nov 2021,18:00,88,69,157,88,69,157,No Group
Manchester City Council - Chorlton,Chorlton Place,2021,November,45,Saturday,13 Nov 2021,19:00,78,81,159,78,81,159,No Group
Manchester City Council - Chorlton,Chorlton Place,2021,November,45,Saturday,13 Nov 2021,20:00,65,63,128,65,63,128,No Group
Manchester City Council - Chorlton,Chorlton Place,2021,November,45,Saturday,13 Nov 2021,21:00,45,75,120,45,75,120,No Group
Manchester City Council - Chorlton,Chorlton Place,2021,November,45,Saturday,13 Nov 2021,22:00,39,44,83,39,44,83,No Group
Manchester City Council - Chorlton,Chorlton Place,2021,November,45,Saturday,13 Nov 2021,23:00,25,47,72,25,47,72,No Group
Manchester City Council - Chorlton,Chorlton Place,2021,November,45,Sunday,14 Nov 2021,00:00,14,14,28,14,14,28,No Group
Manchester City Council - Chorlton,Chorlton Place,2021,November,45,Sunday,14 Nov 2021,01:00,21,0,21,21,0,21,No Group
Manchester City Council - Chorlton,Chorlton Place,2021,November,45,Sunday,14 Nov 2021,02:00,6,0,6,6,0,6,No Group
Manchester City Council - Chorlton,Chorlton Place,2021,November,45,Sunday,14 Nov 2021,03:00,3,1,4,3,1,4,No Group
Manchester City Council - Chorlton,Chorlton Place,2021,November,45,Sunday,14 Nov 2021,04:00,1,1,2,1,1,2,No Group
Manchester City Council - Chorlton,Chorlton Place,2021,November,45,Sunday,14 Nov 2021,05:00,2,2,4,2,2,4,No Group
Manchester City Council - Chorlton,Chorlton Place,2021,November,45,Sunday,14 Nov 2021,06:00,3,3,6,3,3,6,No Group
Manchester City Council - Chorlton,Chorlton Place,2021,November,45,Sunday,14 Nov 2021,07:00,4,10,14,4,10,14,No Group
Manchester City Council - Chorlton,Chorlton Place,2021,November,45,Sunday,14 Nov 2021,08:00,9,25,34,9,25,34,No Group
Manchester City Council - Chorlton,Chorlton Place,2021,November,45,Sunday,14 Nov 2021,09:00,74,186,260,74,186,260,No Group
Manchester City Council - Chorlton,Chorlton Place,2021,November,45,Sunday,14 Nov 2021,10:00,164,98,262,164,98,262,No Group
Manchester City Council - Chorlton,Chorlton Place,2021,November,45,Sunday,14 Nov 2021,11:00,101,129,230,101,129,230,No Group
Manchester City Council - Chorlton,Chorlton Place,2021,November,45,Sunday,14 Nov 2021,12:00,103,148,251,103,148,251,No Group
Manchester City Council - Chorlton,Chorlton Place,2021,November,45,Sunday,14 Nov 2021,13:00,142,153,295,142,153,295,No Group
Manchester City Council - Chorlton,Chorlton Place,2021,November,45,Sunday,14 Nov 2021,14:00,111,113,224,111,113,224,No Group
Manchester City Council - Chorlton,Chorlton Place,2021,November,45,Sunday,14 Nov 2021,15:00,112,105,217,112,105,217,No Group
Manchester City Council - Chorlton,Chorlton Place,2021,November,45,Sunday,14 Nov 2021,16:00,96,96,192,96,96,192,No Group
Manchester City Council - Chorlton,Chorlton Place,2021,November,45,Sunday,14 Nov 2021,17:00,53,59,112,53,59,112,No Group
Manchester City Council - Chorlton,Chorlton Place,2021,November,45,Sunday,14 Nov 2021,18:00,41,46,87,41,46,87,No Group
Manchester City Council - Chorlton,Chorlton Place,2021,November,45,Sunday,14 Nov 2021,19:00,42,49,91,42,49,91,No Group
Manchester City Council - Chorlton,Chorlton Place,2021,November,45,Sunday,14 Nov 2021,20:00,36,32,68,36,32,68,No Group
Manchester City Council - Chorlton,Chorlton Place,2021,November,45,Sunday,14 Nov 2021,21:00,19,16,35,19,16,35,No Group
Manchester City Council - Chorlton,Chorlton Place,2021,November,45,Sunday,14 Nov 2021,22:00,13,7,20,13,7,20,No Group
Manchester City Council - Chorlton,Chorlton Place,2021,November,45,Sunday,14 Nov 2021,23:00,13,8,21,13,8,21,No Group
Manchester City Council - Chorlton,Chorlton Place,2021,November,46,Monday,15 Nov 2021,00:00,5,1,6,5,1,6,No Group
Manchester City Council - Chorlton,Chorlton Place,2021,November,46,Monday,15 Nov 2021,01:00,3,0,3,3,0,3,No Group
Manchester City Council - Chorlton,Chorlton Place,2021,November,46,Monday,15 Nov 2021,02:00,2,0,2,2,0,2,No Group
Manchester City Council - Chorlton,Chorlton Place,2021,November,46,Monday,15 Nov 2021,03:00,0,0,0,0,0,0,No Group
Manchester City Council - Chorlton,Chorlton Place,2021,November,46,Monday,15 Nov 2021,04:00,2,5,7,2,5,7,No Group
Manchester City Council - Chorlton,Chorlton Place,2021,November,46,Monday,15 Nov 2021,05:00,2,6,8,2,6,8,No Group
Manchester City Council - Chorlton,Chorlton Place,2021,November,46,Monday,15 Nov 2021,06:00,2,18,20,2,18,20,No Group
Manchester City Council - Chorlton,Chorlton Place,2021,November,46,Monday,15 Nov 2021,07:00,30,60,90,30,60,90,No Group
Manchester City Council - Chorlton,Chorlton Place,2021,November,46,Monday,15 Nov 2021,08:00,34,84,118,34,84,118,No Group
Manchester City Council - Chorlton,Chorlton Place,2021,November,46,Monday,15 Nov 2021,09:00,65,100,165,65,100,165,No Group
Manchester City Council - Chorlton,Chorlton Place,2021,November,46,Monday,15 Nov 2021,10:00,79,92,171,79,92,171,No Group
Manchester City Council - Chorlton,Chorlton Place,2021,November,46,Monday,15 Nov 2021,11:00,113,132,245,113,132,245,No Group
Manchester City Council - Chorlton,Chorlton Place,2021,November,46,Monday,15 Nov 2021,12:00,131,142,273,131,142,273,No Group
Manchester City Council - Chorlton,Chorlton Place,2021,November,46,Monday,15 Nov 2021,13:00,135,134,269,135,134,269,No Group
Manchester City Council - Chorlton,Chorlton Place,2021,November,46,Monday,15 Nov 2021,14:00,140,136,276,140,136,276,No Group
Manchester City Council - Chorlton,Chorlton Place,2021,November,46,Monday,15 Nov 2021,15:00,113,118,231,113,118,231,No Group
Manchester City Council - Chorlton,Chorlton Place,2021,November,46,Monday,15 Nov 2021,16:00,110,108,218,110,108,218,No Group
Manchester City Council - Chorlton,Chorlton Place,2021,November,46,Monday,15 Nov 2021,17:00,96,102,198,96,102,198,No Group
Manchester City Council - Chorlton,Chorlton Place,2021,November,46,Monday,15 Nov 2021,18:00,79,47,126,79,47,126,No Group
Manchester City Council - Chorlton,Chorlton Place,2021,November,46,Monday,15 Nov 2021,19:00,48,33,81,48,33,81,No Group
Manchester City Council - Chorlton,Chorlton Place,2021,November,46,Monday,15 Nov 2021,20:00,42,30,72,42,30,72,No Group
Manchester City Council - Chorlton,Chorlton Place,2021,November,46,Monday,15 Nov 2021,21:00,22,19,41,22,19,41,No Group
Manchester City Council - Chorlton,Chorlton Place,2021,November,46,Monday,15 Nov 2021,22:00,12,21,33,12,21,33,No Group
Manchester City Council - Chorlton,Chorlton Place,2021,November,46,Monday,15 Nov 2021,23:00,12,11,23,12,11,23,No Group
Manchester City Council - Chorlton,Chorlton Place,2021,November,46,Tuesday,16 Nov 2021,00:00,6,5,11,6,5,11,No Group
Manchester City Council - Chorlton,Chorlton Place,2021,November,46,Tuesday,16 Nov 2021,01:00,5,3,8,5,3,8,No Group
Manchester City Council - Chorlton,Chorlton Place,2021,November,46,Tuesday,16 Nov 2021,02:00,0,0,0,0,0,0,No Group
Manchester City Council - Chorlton,Chorlton Place,2021,November,46,Tuesday,16 Nov 2021,03:00,0,0,0,0,0,0,No Group
Manchester City Council - Chorlton,Chorlton Place,2021,November,46,Tuesday,16 Nov 2021,04:00,0,1,1,0,1,1,No Group
Manchester City Council - Chorlton,Chorlton Place,2021,November,46,Tuesday,16 Nov 2021,05:00,8,7,15,8,7,15,No Group
Manchester City Council - Chorlton,Chorlton Place,2021,November,46,Tuesday,16 Nov 2021,06:00,2,17,19,2,17,19,No Group
Manchester City Council - Chorlton,Chorlton Place,2021,November,46,Tuesday,16 Nov 2021,07:00,28,62,90,28,62,90,No Group
Manchester City Council - Chorlton,Chorlton Place,2021,November,46,Tuesday,16 Nov 2021,08:00,34,110,144,34,110,144,No Group
Manchester City Council - Chorlton,Chorlton Place,2021,November,46,Tuesday,16 Nov 2021,09:00,71,106,177,71,106,177,No Group
Manchester City Council - Chorlton,Chorlton Place,2021,November,46,Tuesday,16 Nov 2021,10:00,107,123,230,107,123,230,No Group
Manchester City Council - Chorlton,Chorlton Place,2021,November,46,Tuesday,16 Nov 2021,11:00,127,130,257,127,130,257,No Group
Manchester City Council - Chorlton,Chorlton Place,2021,November,46,Tuesday,16 Nov 2021,12:00,154,176,330,154,176,330,No Group
Manchester City Council - Chorlton,Chorlton Place,2021,November,46,Tuesday,16 Nov 2021,13:00,156,140,296,156,140,296,No Group
Manchester City Council - Chorlton,Chorlton Place,2021,November,46,Tuesday,16 Nov 2021,14:00,141,137,278,141,137,278,No Group
Manchester City Council - Chorlton,Chorlton Place,2021,November,46,Tuesday,16 Nov 2021,15:00,138,132,270,138,132,270,No Group
Manchester City Council - Chorlton,Chorlton Place,2021,November,46,Tuesday,16 Nov 2021,16:00,141,115,256,141,115,256,No Group
Manchester City Council - Chorlton,Chorlton Place,2021,November,46,Tuesday,16 Nov 2021,17:00,81,83,164,81,83,164,No Group
Manchester City Council - Chorlton,Chorlton Place,2021,November,46,Tuesday,16 Nov 2021,18:00,82,55,137,82,55,137,No Group
Manchester City Council - Chorlton,Chorlton Place,2021,November,46,Tuesday,16 Nov 2021,19:00,53,34,87,53,34,87,No Group
Manchester City Council - Chorlton,Chorlton Place,2021,November,46,Tuesday,16 Nov 2021,20:00,26,27,53,26,27,53,No Group
Manchester City Council - Chorlton,Chorlton Place,2021,November,46,Tuesday,16 Nov 2021,21:00,18,28,46,18,28,46,No Group
Manchester City Council - Chorlton,Chorlton Place,2021,November,46,Tuesday,16 Nov 2021,22:00,15,25,40,15,25,40,No Group
Manchester City Council - Chorlton,Chorlton Place,2021,November,46,Tuesday,16 Nov 2021,23:00,6,1,7,6,1,7,No Group
Manchester City Council - Chorlton,Chorlton Place,2021,November,46,Wednesday,17 Nov 2021,00:00,0,2,2,0,2,2,No Group
Manchester City Council - Chorlton,Chorlton Place,2021,November,46,Wednesday,17 Nov 2021,01:00,1,0,1,1,0,1,No Group
Manchester City Council - Chorlton,Chorlton Place,2021,November,46,Wednesday,17 Nov 2021,02:00,3,0,3,3,0,3,No Group
Manchester City Council - Chorlton,Chorlton Place,2021,November,46,Wednesday,17 Nov 2021,03:00,0,1,1,0,1,1,No Group
Manchester City Council - Chorlton,Chorlton Place,2021,November,46,Wednesday,17 Nov 2021,04:00,1,2,3,1,2,3,No Group
Manchester City Council - Chorlton,Chorlton Place,2021,November,46,Wednesday,17 Nov 2021,05:00,0,7,7,0,7,7,No Group
Manchester City Council - Chorlton,Chorlton Place,2021,November,46,Wednesday,17 Nov 2021,06:00,2,12,14,2,12,14,No Group
Manchester City Council - Chorlton,Chorlton Place,2021,November,46,Wednesday,17 Nov 2021,07:00,23,65,88,23,65,88,No Group
Manchester City Council - Chorlton,Chorlton Place,2021,November,46,Wednesday,17 Nov 2021,08:00,35,76,111,35,76,111,No Group
Manchester City Council - Chorlton,Chorlton Place,2021,November,46,Wednesday,17 Nov 2021,09:00,67,100,167,67,100,167,No Group
Manchester City Council - Chorlton,Chorlton Place,2021,November,46,Wednesday,17 Nov 2021,10:00,111,139,250,111,139,250,No Group
Manchester City Council - Chorlton,Chorlton Place,2021,November,46,Wednesday,17 Nov 2021,11:00,150,165,315,150,165,315,No Group
Manchester City Council - Chorlton,Chorlton Place,2021,November,46,Wednesday,17 Nov 2021,12:00,156,169,325,156,169,325,No Group
Manchester City Council - Chorlton,Chorlton Place,2021,November,46,Wednesday,17 Nov 2021,13:00,135,151,286,135,151,286,No Group
Manchester City Council - Chorlton,Chorlton Place,2021,November,46,Wednesday,17 Nov 2021,14:00,116,135,251,116,135,251,No Group
Manchester City Council - Chorlton,Chorlton Place,2021,November,46,Wednesday,17 Nov 2021,15:00,145,152,297,145,152,297,No Group
Manchester City Council - Chorlton,Chorlton Place,2021,November,46,Wednesday,17 Nov 2021,16:00,112,108,220,112,108,220,No Group
Manchester City Council - Chorlton,Chorlton Place,2021,November,46,Wednesday,17 Nov 2021,17:00,105,95,200,105,95,200,No Group
Manchester City Council - Chorlton,Chorlton Place,2021,November,46,Wednesday,17 Nov 2021,18:00,93,56,149,93,56,149,No Group
Manchester City Council - Chorlton,Chorlton Place,2021,November,46,Wednesday,17 Nov 2021,19:00,81,48,129,81,48,129,No Group
Manchester City Council - Chorlton,Chorlton Place,2021,November,46,Wednesday,17 Nov 2021,20:00,50,59,109,50,59,109,No Group
Manchester City Council - Chorlton,Chorlton Place,2021,November,46,Wednesday,17 Nov 2021,21:00,34,31,65,34,31,65,No Group
Manchester City Council - Chorlton,Chorlton Place,2021,November,46,Wednesday,17 Nov 2021,22:00,30,15,45,30,15,45,No Group
Manchester City Council - Chorlton,Chorlton Place,2021,November,46,Wednesday,17 Nov 2021,23:00,16,8,24,16,8,24,No Group
Manchester City Council - Chorlton,Chorlton Place,2021,November,46,Thursday,18 Nov 2021,00:00,11,7,18,11,7,18,No Group
Manchester City Council - Chorlton,Chorlton Place,2021,November,46,Thursday,18 Nov 2021,01:00,3,3,6,3,3,6,No Group
Manchester City Council - Chorlton,Chorlton Place,2021,November,46,Thursday,18 Nov 2021,02:00,0,2,2,0,2,2,No Group
Manchester City Council - Chorlton,Chorlton Place,2021,November,46,Thursday,18 Nov 2021,03:00,0,0,0,0,0,0,No Group
Manchester City Council - Chorlton,Chorlton Place,2021,November,46,Thursday,18 Nov 2021,04:00,2,2,4,2,2,4,No Group
Manchester City Council - Chorlton,Chorlton Place,2021,November,46,Thursday,18 Nov 2021,05:00,1,3,4,1,3,4,No Group
Manchester City Council - Chorlton,Chorlton Place,2021,November,46,Thursday,18 Nov 2021,06:00,1,15,16,1,15,16,No Group
Manchester City Council - Chorlton,Chorlton Place,2021,November,46,Thursday,18 Nov 2021,07:00,23,48,71,23,48,71,No Group
Manchester City Council - Chorlton,Chorlton Place,2021,November,46,Thursday,18 Nov 2021,08:00,52,109,161,52,109,161,No Group
Manchester City Council - Chorlton,Chorlton Place,2021,November,46,Thursday,18 Nov 2021,09:00,122,144,266,122,144,266,No Group
Manchester City Council - Chorlton,Chorlton Place,2021,November,46,Thursday,18 Nov 2021,10:00,131,157,288,131,157,288,No Group
Manchester City Council - Chorlton,Chorlton Place,2021,November,46,Thursday,18 Nov 2021,11:00,144,165,309,144,165,309,No Group
Manchester City Council - Chorlton,Chorlton Place,2021,November,46,Thursday,18 Nov 2021,12:00,150,184,334,150,184,334,No Group
Manchester City Council - Chorlton,Chorlton Place,2021,November,46,Thursday,18 Nov 2021,13:00,150,155,305,150,155,305,No Group
Manchester City Council - Chorlton,Chorlton Place,2021,November,46,Thursday,18 Nov 2021,14:00,146,135,281,146,135,281,No Group
Manchester City Council - Chorlton,Chorlton Place,2021,November,46,Thursday,18 Nov 2021,15:00,136,135,271,136,135,271,No Group
Manchester City Council - Chorlton,Chorlton Place,2021,November,46,Thursday,18 Nov 2021,16:00,86,92,178,86,92,178,No Group
Manchester City Council - Chorlton,Chorlton Place,2021,November,46,Thursday,18 Nov 2021,17:00,72,76,148,72,76,148,No Group
Manchester City Council - Chorlton,Chorlton Place,2021,November,46,Thursday,18 Nov 2021,18:00,87,64,151,87,64,151,No Group
Manchester City Council - Chorlton,Chorlton Place,2021,November,46,Thursday,18 Nov 2021,19:00,57,70,127,57,70,127,No Group
Manchester City Council - Chorlton,Chorlton Place,2021,November,46,Thursday,18 Nov 2021,20:00,42,39,81,42,39,81,No Group
Manchester City Council - Chorlton,Chorlton Place,2021,November,46,Thursday,18 Nov 2021,21:00,26,45,71,26,45,71,No Group
Manchester City Council - Chorlton,Chorlton Place,2021,November,46,Thursday,18 Nov 2021,22:00,18,19,37,18,19,37,No Group
Manchester City Council - Chorlton,Chorlton Place,2021,November,46,Thursday,18 Nov 2021,23:00,25,13,38,25,13,38,No Group
Manchester City Council - Chorlton,Chorlton Place,2021,November,46,Friday,19 Nov 2021,00:00,6,4,10,6,4,10,No Group
Manchester City Council - Chorlton,Chorlton Place,2021,November,46,Friday,19 Nov 2021,01:00,3,1,4,3,1,4,No Group
Manchester City Council - Chorlton,Chorlton Place,2021,November,46,Friday,19 Nov 2021,02:00,1,0,1,1,0,1,No Group
Manchester City Council - Chorlton,Chorlton Place,2021,November,46,Friday,19 Nov 2021,03:00,0,0,0,0,0,0,No Group
Manchester City Council - Chorlton,Chorlton Place,2021,November,46,Friday,19 Nov 2021,04:00,1,4,5,1,4,5,No Group
Manchester City Council - Chorlton,Chorlton Place,2021,November,46,Friday,19 Nov 2021,05:00,1,6,7,1,6,7,No Group
Manchester City Council - Chorlton,Chorlton Place,2021,November,46,Friday,19 Nov 2021,06:00,6,14,20,6,14,20,No Group
Manchester City Council - Chorlton,Chorlton Place,2021,November,46,Friday,19 Nov 2021,07:00,17,65,82,17,65,82,No Group
Manchester City Council - Chorlton,Chorlton Place,2021,November,46,Friday,19 Nov 2021,08:00,40,88,128,40,88,128,No Group
Manchester City Council - Chorlton,Chorlton Place,2021,November,46,Friday,19 Nov 2021,09:00,89,97,186,89,97,186,No Group
Manchester City Council - Chorlton,Chorlton Place,2021,November,46,Friday,19 Nov 2021,10:00,129,143,272,129,143,272,No Group
Manchester City Council - Chorlton,Chorlton Place,2021,November,46,Friday,19 Nov 2021,11:00,156,195,351,156,195,351,No Group
Manchester City Council - Chorlton,Chorlton Place,2021,November,46,Friday,19 Nov 2021,12:00,198,191,389,198,191,389,No Group
Manchester City Council - Chorlton,Chorlton Place,2021,November,46,Friday,19 Nov 2021,13:00,152,157,309,152,157,309,No Group
Manchester City Council - Chorlton,Chorlton Place,2021,November,46,Friday,19 Nov 2021,14:00,173,181,354,173,181,354,No Group
Manchester City Council - Chorlton,Chorlton Place,2021,November,46,Friday,19 Nov 2021,15:00,159,162,321,159,162,321,No Group
Manchester City Council - Chorlton,Chorlton Place,2021,November,46,Friday,19 Nov 2021,16:00,139,134,273,139,134,273,No Group
Manchester City Council - Chorlton,Chorlton Place,2021,November,46,Friday,19 Nov 2021,17:00,96,96,192,96,96,192,No Group
Manchester City Council - Chorlton,Chorlton Place,2021,November,46,Friday,19 Nov 2021,18:00,83,84,167,83,84,167,No Group
Manchester City Council - Chorlton,Chorlton Place,2021,November,46,Friday,19 Nov 2021,19:00,72,91,163,72,91,163,No Group
Manchester City Council - Chorlton,Chorlton Place,2021,November,46,Friday,19 Nov 2021,20:00,67,45,112,67,45,112,No Group
Manchester City Council - Chorlton,Chorlton Place,2021,November,46,Friday,19 Nov 2021,21:00,40,39,79,40,39,79,No Group
Manchester City Council - Chorlton,Chorlton Place,2021,November,46,Friday,19 Nov 2021,22:00,40,40,80,40,40,80,No Group
Manchester City Council - Chorlton,Chorlton Place,2021,November,46,Friday,19 Nov 2021,23:00,41,33,74,41,33,74,No Group
Manchester City Council - Chorlton,Chorlton Place,2021,November,46,Saturday,20 Nov 2021,00:00,11,35,46,11,35,46,No Group
Manchester City Council - Chorlton,Chorlton Place,2021,November,46,Saturday,20 Nov 2021,01:00,20,1,21,20,1,21,No Group
Manchester City Council - Chorlton,Chorlton Place,2021,November,46,Saturday,20 Nov 2021,02:00,2,0,2,2,0,2,No Group
Manchester City Council - Chorlton,Chorlton Place,2021,November,46,Saturday,20 Nov 2021,03:00,1,0,1,1,0,1,No Group
Manchester City Council - Chorlton,Chorlton Place,2021,November,46,Saturday,20 Nov 2021,04:00,0,4,4,0,4,4,No Group
Manchester City Council - Chorlton,Chorlton Place,2021,November,46,Saturday,20 Nov 2021,05:00,1,3,4,1,3,4,No Group
Manchester City Council - Chorlton,Chorlton Place,2021,November,46,Saturday,20 Nov 2021,06:00,3,9,12,3,9,12,No Group
Manchester City Council - Chorlton,Chorlton Place,2021,November,46,Saturday,20 Nov 2021,07:00,13,26,39,13,26,39,No Group
Manchester City Council - Chorlton,Chorlton Place,2021,November,46,Saturday,20 Nov 2021,08:00,40,43,83,40,43,83,No Group
Manchester City Council - Chorlton,Chorlton Place,2021,November,46,Saturday,20 Nov 2021,09:00,110,122,232,110,122,232,No Group
Manchester City Council - Chorlton,Chorlton Place,2021,November,46,Saturday,20 Nov 2021,10:00,156,210,366,156,210,366,No Group
Manchester City Council - Chorlton,Chorlton Place,2021,November,46,Saturday,20 Nov 2021,11:00,218,230,448,218,230,448,No Group
Manchester City Council - Chorlton,Chorlton Place,2021,November,46,Saturday,20 Nov 2021,12:00,217,262,479,217,262,479,No Group
Manchester City Council - Chorlton,Chorlton Place,2021,November,46,Saturday,20 Nov 2021,13:00,243,232,475,243,232,475,No Group
Manchester City Council - Chorlton,Chorlton Place,2021,November,46,Saturday,20 Nov 2021,14:00,258,250,508,258,250,508,No Group
Manchester City Council - Chorlton,Chorlton Place,2021,November,46,Saturday,20 Nov 2021,15:00,215,232,447,215,232,447,No Group
Manchester City Council - Chorlton,Chorlton Place,2021,November,46,Saturday,20 Nov 2021,16:00,153,147,300,153,147,300,No Group
Manchester City Council - Chorlton,Chorlton Place,2021,November,46,Saturday,20 Nov 2021,17:00,79,78,157,79,78,157,No Group
Manchester City Council - Chorlton,Chorlton Place,2021,November,46,Saturday,20 Nov 2021,18:00,60,67,127,60,67,127,No Group
Manchester City Council - Chorlton,Chorlton Place,2021,November,46,Saturday,20 Nov 2021,19:00,66,62,128,66,62,128,No Group
Manchester City Council - Chorlton,Chorlton Place,2021,November,46,Saturday,20 Nov 2021,20:00,54,58,112,54,58,112,No Group
Manchester City Council - Chorlton,Chorlton Place,2021,November,46,Saturday,20 Nov 2021,21:00,43,61,104,43,61,104,No Group
Manchester City Council - Chorlton,Chorlton Place,2021,November,46,Saturday,20 Nov 2021,22:00,29,40,69,29,40,69,No Group
Manchester City Council - Chorlton,Chorlton Place,2021,November,46,Saturday,20 Nov 2021,23:00,25,25,50,25,25,50,No Group
Manchester City Council - Chorlton,Chorlton Place,2021,November,46,Sunday,21 Nov 2021,00:00,15,3,18,15,3,18,No Group
Manchester City Council - Chorlton,Chorlton Place,2021,November,46,Sunday,21 Nov 2021,01:00,24,4,28,24,4,28,No Group
Manchester City Council - Chorlton,Chorlton Place,2021,November,46,Sunday,21 Nov 2021,02:00,5,0,5,5,0,5,No Group
Manchester City Council - Chorlton,Chorlton Place,2021,November,46,Sunday,21 Nov 2021,03:00,2,1,3,2,1,3,No Group
Manchester City Council - Chorlton,Chorlton Place,2021,November,46,Sunday,21 Nov 2021,04:00,2,0,2,2,0,2,No Group
Manchester City Council - Chorlton,Chorlton Place,2021,November,46,Sunday,21 Nov 2021,05:00,1,2,3,1,2,3,No Group
Manchester City Council - Chorlton,Chorlton Place,2021,November,46,Sunday,21 Nov 2021,06:00,1,4,5,1,4,5,No Group
Manchester City Council - Chorlton,Chorlton Place,2021,November,46,Sunday,21 Nov 2021,07:00,0,6,6,0,6,6,No Group
Manchester City Council - Chorlton,Chorlton Place,2021,November,46,Sunday,21 Nov 2021,08:00,9,19,28,9,19,28,No Group
Manchester City Council - Chorlton,Chorlton Place,2021,November,46,Sunday,21 Nov 2021,09:00,33,80,113,33,80,113,No Group
Manchester City Council - Chorlton,Chorlton Place,2021,November,46,Sunday,21 Nov 2021,10:00,102,105,207,102,105,207,No Group
Manchester City Council - Chorlton,Chorlton Place,2021,November,46,Sunday,21 Nov 2021,11:00,110,140,250,110,140,250,No Group
Manchester City Council - Chorlton,Chorlton Place,2021,November,46,Sunday,21 Nov 2021,12:00,116,111,227,116,111,227,No Group
Manchester City Council - Chorlton,Chorlton Place,2021,November,46,Sunday,21 Nov 2021,13:00,125,154,279,125,154,279,No Group
Manchester City Council - Chorlton,Chorlton Place,2021,November,46,Sunday,21 Nov 2021,14:00,125,117,242,125,117,242,No Group
Manchester City Council - Chorlton,Chorlton Place,2021,November,46,Sunday,21 Nov 2021,15:00,96,109,205,96,109,205,No Group
Manchester City Council - Chorlton,Chorlton Place,2021,November,46,Sunday,21 Nov 2021,16:00,67,62,129,67,62,129,No Group
Manchester City Council - Chorlton,Chorlton Place,2021,November,46,Sunday,21 Nov 2021,17:00,61,58,119,61,58,119,No Group
Manchester City Council - Chorlton,Chorlton Place,2021,November,46,Sunday,21 Nov 2021,18:00,30,41,71,30,41,71,No Group
Manchester City Council - Chorlton,Chorlton Place,2021,November,46,Sunday,21 Nov 2021,19:00,38,34,72,38,34,72,No Group
Manchester City Council - Chorlton,Chorlton Place,2021,November,46,Sunday,21 Nov 2021,20:00,21,35,56,21,35,56,No Group
Manchester City Council - Chorlton,Chorlton Place,2021,November,46,Sunday,21 Nov 2021,21:00,18,21,39,18,21,39,No Group
Manchester City Council - Chorlton,Chorlton Place,2021,November,46,Sunday,21 Nov 2021,22:00,17,11,28,17,11,28,No Group
Manchester City Council - Chorlton,Chorlton Place,2021,November,46,Sunday,21 Nov 2021,23:00,18,3,21,18,3,21,No Group
Manchester City Council - Chorlton,Chorlton Place,2021,November,47,Monday,22 Nov 2021,00:00,9,4,13,9,4,13,No Group
Manchester City Council - Chorlton,Chorlton Place,2021,November,47,Monday,22 Nov 2021,01:00,1,4,5,1,4,5,No Group
Manchester City Council - Chorlton,Chorlton Place,2021,November,47,Monday,22 Nov 2021,02:00,2,3,5,2,3,5,No Group
Manchester City Council - Chorlton,Chorlton Place,2021,November,47,Monday,22 Nov 2021,03:00,2,1,3,2,1,3,No Group
Manchester City Council - Chorlton,Chorlton Place,2021,November,47,Monday,22 Nov 2021,04:00,2,6,8,2,6,8,No Group
Manchester City Council - Chorlton,Chorlton Place,2021,November,47,Monday,22 Nov 2021,05:00,1,8,9,1,8,9,No Group
Manchester City Council - Chorlton,Chorlton Place,2021,November,47,Monday,22 Nov 2021,06:00,3,20,23,3,20,23,No Group
Manchester City Council - Chorlton,Chorlton Place,2021,November,47,Monday,22 Nov 2021,07:00,30,76,106,30,76,106,No Group
Manchester City Council - Chorlton,Chorlton Place,2021,November,47,Monday,22 Nov 2021,08:00,27,85,112,27,85,112,No Group
Manchester City Council - Chorlton,Chorlton Place,2021,November,47,Monday,22 Nov 2021,09:00,64,98,162,64,98,162,No Group
Manchester City Council - Chorlton,Chorlton Place,2021,November,47,Monday,22 Nov 2021,10:00,76,97,173,76,97,173,No Group
Manchester City Council - Chorlton,Chorlton Place,2021,November,47,Monday,22 Nov 2021,11:00,102,117,219,102,117,219,No Group
Manchester City Council - Chorlton,Chorlton Place,2021,November,47,Monday,22 Nov 2021,12:00,85,102,187,85,102,187,No Group
Manchester City Council - Chorlton,Chorlton Place,2021,November,47,Monday,22 Nov 2021,13:00,125,129,254,125,129,254,No Group
Manchester City Council - Chorlton,Chorlton Place,2021,November,47,Monday,22 Nov 2021,14:00,133,134,267,133,134,267,No Group
Manchester City Council - Chorlton,Chorlton Place,2021,November,47,Monday,22 Nov 2021,15:00,147,129,276,147,129,276,No Group
Manchester City Council - Chorlton,Chorlton Place,2021,November,47,Monday,22 Nov 2021,16:00,100,85,185,100,85,185,No Group
Manchester City Council - Chorlton,Chorlton Place,2021,November,47,Monday,22 Nov 2021,17:00,103,78,181,103,78,181,No Group
Manchester City Council - Chorlton,Chorlton Place,2021,November,47,Monday,22 Nov 2021,18:00,80,44,124,80,44,124,No Group
Manchester City Council - Chorlton,Chorlton Place,2021,November,47,Monday,22 Nov 2021,19:00,59,44,103,59,44,103,No Group
Manchester City Council - Chorlton,Chorlton Place,2021,November,47,Monday,22 Nov 2021,20:00,41,29,70,41,29,70,No Group
Manchester City Council - Chorlton,Chorlton Place,2021,November,47,Monday,22 Nov 2021,21:00,22,28,50,22,28,50,No Group
Manchester City Council - Chorlton,Chorlton Place,2021,November,47,Monday,22 Nov 2021,22:00,12,9,21,12,9,21,No Group
Manchester City Council - Chorlton,Chorlton Place,2021,November,47,Monday,22 Nov 2021,23:00,8,3,11,8,3,11,No Group
Manchester City Council - Chorlton,Chorlton Place,2021,November,47,Tuesday,23 Nov 2021,00:00,0,1,1,0,1,1,No Group
Manchester City Council - Chorlton,Chorlton Place,2021,November,47,Tuesday,23 Nov 2021,01:00,1,0,1,1,0,1,No Group
Manchester City Council - Chorlton,Chorlton Place,2021,November,47,Tuesday,23 Nov 2021,02:00,2,1,3,2,1,3,No Group
Manchester City Council - Chorlton,Chorlton Place,2021,November,47,Tuesday,23 Nov 2021,03:00,0,0,0,0,0,0,No Group
Manchester City Council - Chorlton,Chorlton Place,2021,November,47,Tuesday,23 Nov 2021,04:00,0,2,2,0,2,2,No Group
Manchester City Council - Chorlton,Chorlton Place,2021,November,47,Tuesday,23 Nov 2021,05:00,1,4,5,1,4,5,No Group
Manchester City Council - Chorlton,Chorlton Place,2021,November,47,Tuesday,23 Nov 2021,06:00,5,22,27,5,22,27,No Group
Manchester City Council - Chorlton,Chorlton Place,2021,November,47,Tuesday,23 Nov 2021,07:00,20,70,90,20,70,90,No Group
Manchester City Council - Chorlton,Chorlton Place,2021,November,47,Tuesday,23 Nov 2021,08:00,37,96,133,37,96,133,No Group
Manchester City Council - Chorlton,Chorlton Place,2021,November,47,Tuesday,23 Nov 2021,09:00,68,79,147,68,79,147,No Group
Manchester City Council - Chorlton,Chorlton Place,2021,November,47,Tuesday,23 Nov 2021,10:00,92,104,196,92,104,196,No Group
Manchester City Council - Chorlton,Chorlton Place,2021,November,47,Tuesday,23 Nov 2021,11:00,110,105,215,110,105,215,No Group
Manchester City Council - Chorlton,Chorlton Place,2021,November,47,Tuesday,23 Nov 2021,12:00,147,165,312,147,165,312,No Group
Manchester City Council - Chorlton,Chorlton Place,2021,November,47,Tuesday,23 Nov 2021,13:00,147,144,291,147,144,291,No Group
Manchester City Council - Chorlton,Chorlton Place,2021,November,47,Tuesday,23 Nov 2021,14:00,126,125,251,126,125,251,No Group
Manchester City Council - Chorlton,Chorlton Place,2021,November,47,Tuesday,23 Nov 2021,15:00,125,142,267,125,142,267,No Group
Manchester City Council - Chorlton,Chorlton Place,2021,November,47,Tuesday,23 Nov 2021,16:00,123,96,219,123,96,219,No Group
Manchester City Council - Chorlton,Chorlton Place,2021,November,47,Tuesday,23 Nov 2021,17:00,97,71,168,97,71,168,No Group
Manchester City Council - Chorlton,Chorlton Place,2021,November,47,Tuesday,23 Nov 2021,18:00,81,62,143,81,62,143,No Group
Manchester City Council - Chorlton,Chorlton Place,2021,November,47,Tuesday,23 Nov 2021,19:00,65,43,108,65,43,108,No Group
Manchester City Council - Chorlton,Chorlton Place,2021,November,47,Tuesday,23 Nov 2021,20:00,42,31,73,42,31,73,No Group
Manchester City Council - Chorlton,Chorlton Place,2021,November,47,Tuesday,23 Nov 2021,21:00,20,20,40,20,20,40,No Group
Manchester City Council - Chorlton,Chorlton Place,2021,November,47,Tuesday,23 Nov 2021,22:00,19,27,46,19,27,46,No Group
Manchester City Council - Chorlton,Chorlton Place,2021,November,47,Tuesday,23 Nov 2021,23:00,26,7,33,26,7,33,No Group
Manchester City Council - Chorlton,Chorlton Place,2021,November,47,Wednesday,24 Nov 2021,00:00,6,1,7,6,1,7,No Group
Manchester City Council - Chorlton,Chorlton Place,2021,November,47,Wednesday,24 Nov 2021,01:00,1,0,1,1,0,1,No Group
Manchester City Council - Chorlton,Chorlton Place,2021,November,47,Wednesday,24 Nov 2021,02:00,0,0,0,0,0,0,No Group
Manchester City Council - Chorlton,Chorlton Place,2021,November,47,Wednesday,24 Nov 2021,03:00,0,0,0,0,0,0,No Group
Manchester City Council - Chorlton,Chorlton Place,2021,November,47,Wednesday,24 Nov 2021,04:00,1,1,2,1,1,2,No Group
Manchester City Council - Chorlton,Chorlton Place,2021,November,47,Wednesday,24 Nov 2021,05:00,1,3,4,1,3,4,No Group
Manchester City Council - Chorlton,Chorlton Place,2021,November,47,Wednesday,24 Nov 2021,06:00,3,20,23,3,20,23,No Group
Manchester City Council - Chorlton,Chorlton Place,2021,November,47,Wednesday,24 Nov 2021,07:00,26,60,86,26,60,86,No Group
Manchester City Council - Chorlton,Chorlton Place,2021,November,47,Wednesday,24 Nov 2021,08:00,32,90,122,32,90,122,No Group
Manchester City Council - Chorlton,Chorlton Place,2021,November,47,Wednesday,24 Nov 2021,09:00,60,94,154,60,94,154,No Group
Manchester City Council - Chorlton,Chorlton Place,2021,November,47,Wednesday,24 Nov 2021,10:00,110,111,221,110,111,221,No Group
Manchester City Council - Chorlton,Chorlton Place,2021,November,47,Wednesday,24 Nov 2021,11:00,111,122,233,111,122,233,No Group
Manchester City Council - Chorlton,Chorlton Place,2021,November,47,Wednesday,24 Nov 2021,12:00,148,162,310,148,162,310,No Group
Manchester City Council - Chorlton,Chorlton Place,2021,November,47,Wednesday,24 Nov 2021,13:00,124,147,271,124,147,271,No Group
Manchester City Council - Chorlton,Chorlton Place,2021,November,47,Wednesday,24 Nov 2021,14:00,152,170,322,152,170,322,No Group
Manchester City Council - Chorlton,Chorlton Place,2021,November,47,Wednesday,24 Nov 2021,15:00,151,150,301,151,150,301,No Group
Manchester City Council - Chorlton,Chorlton Place,2021,November,47,Wednesday,24 Nov 2021,16:00,114,101,215,114,101,215,No Group
Manchester City Council - Chorlton,Chorlton Place,2021,November,47,Wednesday,24 Nov 2021,17:00,87,69,156,87,69,156,No Group
Manchester City Council - Chorlton,Chorlton Place,2021,November,47,Wednesday,24 Nov 2021,18:00,55,59,114,55,59,114,No Group
Manchester City Council - Chorlton,Chorlton Place,2021,November,47,Wednesday,24 Nov 2021,19:00,59,38,97,59,38,97,No Group
Manchester City Council - Chorlton,Chorlton Place,2021,November,47,Wednesday,24 Nov 2021,20:00,33,42,75,33,42,75,No Group
Manchester City Council - Chorlton,Chorlton Place,2021,November,47,Wednesday,24 Nov 2021,21:00,33,40,73,33,40,73,No Group
Manchester City Council - Chorlton,Chorlton Place,2021,November,47,Wednesday,24 Nov 2021,22:00,26,10,36,26,10,36,No Group
Manchester City Council - Chorlton,Chorlton Place,2021,November,47,Wednesday,24 Nov 2021,23:00,16,7,23,16,7,23,No Group
Manchester City Council - Chorlton,Chorlton Place,2021,November,47,Thursday,25 Nov 2021,00:00,3,0,3,3,0,3,No Group
Manchester City Council - Chorlton,Chorlton Place,2021,November,47,Thursday,25 Nov 2021,01:00,4,0,4,4,0,4,No Group
Manchester City Council - Chorlton,Chorlton Place,2021,November,47,Thursday,25 Nov 2021,02:00,0,0,0,0,0,0,No Group
Manchester City Council - Chorlton,Chorlton Place,2021,November,47,Thursday,25 Nov 2021,03:00,2,0,2,2,0,2,No Group
Manchester City Council - Chorlton,Chorlton Place,2021,November,47,Thursday,25 Nov 2021,04:00,3,4,7,3,4,7,No Group
Manchester City Council - Chorlton,Chorlton Place,2021,November,47,Thursday,25 Nov 2021,05:00,1,1,2,1,1,2,No Group
Manchester City Council - Chorlton,Chorlton Place,2021,November,47,Thursday,25 Nov 2021,06:00,3,25,28,3,25,28,No Group
Manchester City Council - Chorlton,Chorlton Place,2021,November,47,Thursday,25 Nov 2021,07:00,19,56,75,19,56,75,No Group
Manchester City Council - Chorlton,Chorlton Place,2021,November,47,Thursday,25 Nov 2021,08:00,40,89,129,40,89,129,No Group
Manchester City Council - Chorlton,Chorlton Place,2021,November,47,Thursday,25 Nov 2021,09:00,58,91,149,58,91,149,No Group
Manchester City Council - Chorlton,Chorlton Place,2021,November,47,Thursday,25 Nov 2021,10:00,163,334,497,163,334,497,No Group
Manchester City Council - Chorlton,Chorlton Place,2021,November,47,Thursday,25 Nov 2021,11:00,165,278,443,165,278,443,No Group
Manchester City Council - Chorlton,Chorlton Place,2021,November,47,Thursday,25 Nov 2021,12:00,142,160,302,142,160,302,No Group
Manchester City Council - Chorlton,Chorlton Place,2021,November,47,Thursday,25 Nov 2021,13:00,158,170,328,158,170,328,No Group
Manchester City Council - Chorlton,Chorlton Place,2021,November,47,Thursday,25 Nov 2021,14:00,132,166,298,132,166,298,No Group
Manchester City Council - Chorlton,Chorlton Place,2021,November,47,Thursday,25 Nov 2021,15:00,150,125,275,150,125,275,No Group
Manchester City Council - Chorlton,Chorlton Place,2021,November,47,Thursday,25 Nov 2021,16:00,112,109,221,112,109,221,No Group
Manchester City Council - Chorlton,Chorlton Place,2021,November,47,Thursday,25 Nov 2021,17:00,88,85,173,88,85,173,No Group
Manchester City Council - Chorlton,Chorlton Place,2021,November,47,Thursday,25 Nov 2021,18:00,93,66,159,93,66,159,No Group
Manchester City Council - Chorlton,Chorlton Place,2021,November,47,Thursday,25 Nov 2021,19:00,107,95,202,107,95,202,No Group
Manchester City Council - Chorlton,Chorlton Place,2021,November,47,Thursday,25 Nov 2021,20:00,53,51,104,53,51,104,No Group
Manchester City Council - Chorlton,Chorlton Place,2021,November,47,Thursday,25 Nov 2021,21:00,16,28,44,16,28,44,No Group
Manchester City Council - Chorlton,Chorlton Place,2021,November,47,Thursday,25 Nov 2021,22:00,13,16,29,13,16,29,No Group
Manchester City Council - Chorlton,Chorlton Place,2021,November,47,Thursday,25 Nov 2021,23:00,23,4,27,23,4,27,No Group
Manchester City Council - Chorlton,Chorlton Place,2021,November,47,Friday,26 Nov 2021,00:00,3,3,6,3,3,6,No Group
Manchester City Council - Chorlton,Chorlton Place,2021,November,47,Friday,26 Nov 2021,01:00,3,1,4,3,1,4,No Group
Manchester City Council - Chorlton,Chorlton Place,2021,November,47,Friday,26 Nov 2021,02:00,1,1,2,1,1,2,No Group
Manchester City Council - Chorlton,Chorlton Place,2021,November,47,Friday,26 Nov 2021,03:00,0,1,1,0,1,1,No Group
Manchester City Council - Chorlton,Chorlton Place,2021,November,47,Friday,26 Nov 2021,04:00,0,2,2,0,2,2,No Group
Manchester City Council - Chorlton,Chorlton Place,2021,November,47,Friday,26 Nov 2021,05:00,1,3,4,1,3,4,No Group
Manchester City Council - Chorlton,Chorlton Place,2021,November,47,Friday,26 Nov 2021,06:00,2,17,19,2,17,19,No Group
Manchester City Council - Chorlton,Chorlton Place,2021,November,47,Friday,26 Nov 2021,07:00,21,54,75,21,54,75,No Group
Manchester City Council - Chorlton,Chorlton Place,2021,November,47,Friday,26 Nov 2021,08:00,36,89,125,36,89,125,No Group
Manchester City Council - Chorlton,Chorlton Place,2021,November,47,Friday,26 Nov 2021,09:00,102,122,224,102,122,224,No Group
Manchester City Council - Chorlton,Chorlton Place,2021,November,47,Friday,26 Nov 2021,10:00,141,135,276,141,135,276,No Group
Manchester City Council - Chorlton,Chorlton Place,2021,November,47,Friday,26 Nov 2021,11:00,162,226,388,162,226,388,No Group
Manchester City Council - Chorlton,Chorlton Place,2021,November,47,Friday,26 Nov 2021,12:00,196,211,407,196,211,407,No Group
Manchester City Council - Chorlton,Chorlton Place,2021,November,47,Friday,26 Nov 2021,13:00,189,196,385,189,196,385,No Group
Manchester City Council - Chorlton,Chorlton Place,2021,November,47,Friday,26 Nov 2021,14:00,173,185,358,173,185,358,No Group
Manchester City Council - Chorlton,Chorlton Place,2021,November,47,Friday,26 Nov 2021,15:00,174,158,332,174,158,332,No Group
Manchester City Council - Chorlton,Chorlton Place,2021,November,47,Friday,26 Nov 2021,16:00,133,141,274,133,141,274,No Group
Manchester City Council - Chorlton,Chorlton Place,2021,November,47,Friday,26 Nov 2021,17:00,96,79,175,96,79,175,No Group
Manchester City Council - Chorlton,Chorlton Place,2021,November,47,Friday,26 Nov 2021,18:00,72,57,129,72,57,129,No Group
Manchester City Council - Chorlton,Chorlton Place,2021,November,47,Friday,26 Nov 2021,19:00,79,66,145,79,66,145,No Group
Manchester City Council - Chorlton,Chorlton Place,2021,November,47,Friday,26 Nov 2021,20:00,54,52,106,54,52,106,No Group
Manchester City Council - Chorlton,Chorlton Place,2021,November,47,Friday,26 Nov 2021,21:00,23,45,68,23,45,68,No Group
Manchester City Council - Chorlton,Chorlton Place,2021,November,47,Friday,26 Nov 2021,22:00,30,27,57,30,27,57,No Group
Manchester City Council - Chorlton,Chorlton Place,2021,November,47,Friday,26 Nov 2021,23:00,19,15,34,19,15,34,No Group
Manchester City Council - Chorlton,Chorlton Place,2021,November,47,Saturday,27 Nov 2021,00:00,13,10,23,13,10,23,No Group
Manchester City Council - Chorlton,Chorlton Place,2021,November,47,Saturday,27 Nov 2021,01:00,9,9,18,9,9,18,No Group
Manchester City Council - Chorlton,Chorlton Place,2021,November,47,Saturday,27 Nov 2021,02:00,17,19,36,17,19,36,No Group
Manchester City Council - Chorlton,Chorlton Place,2021,November,47,Saturday,27 Nov 2021,03:00,3,0,3,3,0,3,No Group
Manchester City Council - Chorlton,Chorlton Place,2021,November,47,Saturday,27 Nov 2021,04:00,0,6,6,0,6,6,No Group
Manchester City Council - Chorlton,Chorlton Place,2021,November,47,Saturday,27 Nov 2021,05:00,1,2,3,1,2,3,No Group
Manchester City Council - Chorlton,Chorlton Place,2021,November,47,Saturday,27 Nov 2021,06:00,2,9,11,2,9,11,No Group
Manchester City Council - Chorlton,Chorlton Place,2021,November,47,Saturday,27 Nov 2021,07:00,4,11,15,4,11,15,No Group
Manchester City Council - Chorlton,Chorlton Place,2021,November,47,Saturday,27 Nov 2021,08:00,32,41,73,32,41,73,No Group
Manchester City Council - Chorlton,Chorlton Place,2021,November,47,Saturday,27 Nov 2021,09:00,89,111,200,89,111,200,No Group
Manchester City Council - Chorlton,Chorlton Place,2021,November,47,Saturday,27 Nov 2021,10:00,136,143,279,136,143,279,No Group
Manchester City Council - Chorlton,Chorlton Place,2021,November,47,Saturday,27 Nov 2021,11:00,162,193,355,162,193,355,No Group
Manchester City Council - Chorlton,Chorlton Place,2021,November,47,Saturday,27 Nov 2021,12:00,197,210,407,197,210,407,No Group
Manchester City Council - Chorlton,Chorlton Place,2021,November,47,Saturday,27 Nov 2021,13:00,194,228,422,194,228,422,No Group
Manchester City Council - Chorlton,Chorlton Place,2021,November,47,Saturday,27 Nov 2021,14:00,209,218,427,209,218,427,No Group
Manchester City Council - Chorlton,Chorlton Place,2021,November,47,Saturday,27 Nov 2021,15:00,230,203,433,230,203,433,No Group
Manchester City Council - Chorlton,Chorlton Place,2021,November,47,Saturday,27 Nov 2021,16:00,156,173,329,156,173,329,No Group
Manchester City Council - Chorlton,Chorlton Place,2021,November,47,Saturday,27 Nov 2021,17:00,89,91,180,89,91,180,No Group
Manchester City Council - Chorlton,Chorlton Place,2021,November,47,Saturday,27 Nov 2021,18:00,44,53,97,44,53,97,No Group
Manchester City Council - Chorlton,Chorlton Place,2021,November,47,Saturday,27 Nov 2021,19:00,60,65,125,60,65,125,No Group
Manchester City Council - Chorlton,Chorlton Place,2021,November,47,Saturday,27 Nov 2021,20:00,25,48,73,25,48,73,No Group
Manchester City Council - Chorlton,Chorlton Place,2021,November,47,Saturday,27 Nov 2021,21:00,37,40,77,37,40,77,No Group
Manchester City Council - Chorlton,Chorlton Place,2021,November,47,Saturday,27 Nov 2021,22:00,44,32,76,44,32,76,No Group
Manchester City Council - Chorlton,Chorlton Place,2021,November,47,Saturday,27 Nov 2021,23:00,21,8,29,21,8,29,No Group
Manchester City Council - Chorlton,Chorlton Place,2021,November,47,Sunday,28 Nov 2021,00:00,18,12,30,18,12,30,No Group
Manchester City Council - Chorlton,Chorlton Place,2021,November,47,Sunday,28 Nov 2021,01:00,15,6,21,15,6,21,No Group
Manchester City Council - Chorlton,Chorlton Place,2021,November,47,Sunday,28 Nov 2021,02:00,2,2,4,2,2,4,No Group
Manchester City Council - Chorlton,Chorlton Place,2021,November,47,Sunday,28 Nov 2021,03:00,8,0,8,8,0,8,No Group
Manchester City Council - Chorlton,Chorlton Place,2021,November,47,Sunday,28 Nov 2021,04:00,3,0,3,3,0,3,No Group
Manchester City Council - Chorlton,Chorlton Place,2021,November,47,Sunday,28 Nov 2021,05:00,0,1,1,0,1,1,No Group
Manchester City Council - Chorlton,Chorlton Place,2021,November,47,Sunday,28 Nov 2021,06:00,2,5,7,2,5,7,No Group
Manchester City Council - Chorlton,Chorlton Place,2021,November,47,Sunday,28 Nov 2021,07:00,3,8,11,3,8,11,No Group
Manchester City Council - Chorlton,Chorlton Place,2021,November,47,Sunday,28 Nov 2021,08:00,11,31,42,11,31,42,No Group
Manchester City Council - Chorlton,Chorlton Place,2021,November,47,Sunday,28 Nov 2021,09:00,29,28,57,29,28,57,No Group
Manchester City Council - Chorlton,Chorlton Place,2021,November,47,Sunday,28 Nov 2021,10:00,49,65,114,49,65,114,No Group
Manchester City Council - Chorlton,Chorlton Place,2021,November,47,Sunday,28 Nov 2021,11:00,89,98,187,89,98,187,No Group
Manchester City Council - Chorlton,Chorlton Place,2021,November,47,Sunday,28 Nov 2021,12:00,113,123,236,113,123,236,No Group
Manchester City Council - Chorlton,Chorlton Place,2021,November,47,Sunday,28 Nov 2021,13:00,128,160,288,128,160,288,No Group
Manchester City Council - Chorlton,Chorlton Place,2021,November,47,Sunday,28 Nov 2021,14:00,146,132,278,146,132,278,No Group
Manchester City Council - Chorlton,Chorlton Place,2021,November,47,Sunday,28 Nov 2021,15:00,162,152,314,162,152,314,No Group
Manchester City Council - Chorlton,Chorlton Place,2021,November,47,Sunday,28 Nov 2021,16:00,63,44,107,63,44,107,No Group
Manchester City Council - Chorlton,Chorlton Place,2021,November,47,Sunday,28 Nov 2021,17:00,38,31,69,38,31,69,No Group
Manchester City Council - Chorlton,Chorlton Place,2021,November,47,Sunday,28 Nov 2021,18:00,27,39,66,27,39,66,No Group
Manchester City Council - Chorlton,Chorlton Place,2021,November,47,Sunday,28 Nov 2021,19:00,24,28,52,24,28,52,No Group
Manchester City Council - Chorlton,Chorlton Place,2021,November,47,Sunday,28 Nov 2021,20:00,19,26,45,19,26,45,No Group
Manchester City Council - Chorlton,Chorlton Place,2021,November,47,Sunday,28 Nov 2021,21:00,29,21,50,29,21,50,No Group
Manchester City Council - Chorlton,Chorlton Place,2021,November,47,Sunday,28 Nov 2021,22:00,5,11,16,5,11,16,No Group
Manchester City Council - Chorlton,Chorlton Place,2021,November,47,Sunday,28 Nov 2021,23:00,4,5,9,4,5,9,No Group
Manchester City Council - Chorlton,Chorlton Place,2021,December,48,Monday,29 Nov 2021,00:00,12,5,17,12,5,17,No Group
Manchester City Council - Chorlton,Chorlton Place,2021,December,48,Monday,29 Nov 2021,01:00,2,1,3,2,1,3,No Group
Manchester City Council - Chorlton,Chorlton Place,2021,December,48,Monday,29 Nov 2021,02:00,0,0,0,0,0,0,No Group
Manchester City Council - Chorlton,Chorlton Place,2021,December,48,Monday,29 Nov 2021,03:00,0,0,0,0,0,0,No Group
Manchester City Council - Chorlton,Chorlton Place,2021,December,48,Monday,29 Nov 2021,04:00,0,2,2,0,2,2,No Group
Manchester City Council - Chorlton,Chorlton Place,2021,December,48,Monday,29 Nov 2021,05:00,1,2,3,1,2,3,No Group
Manchester City Council - Chorlton,Chorlton Place,2021,December,48,Monday,29 Nov 2021,06:00,7,27,34,7,27,34,No Group
Manchester City Council - Chorlton,Chorlton Place,2021,December,48,Monday,29 Nov 2021,07:00,10,45,55,10,45,55,No Group
Manchester City Council - Chorlton,Chorlton Place,2021,December,48,Monday,29 Nov 2021,08:00,46,87,133,46,87,133,No Group
Manchester City Council - Chorlton,Chorlton Place,2021,December,48,Monday,29 Nov 2021,09:00,83,130,213,83,130,213,No Group
Manchester City Council - Chorlton,Chorlton Place,2021,December,48,Monday,29 Nov 2021,10:00,94,104,198,94,104,198,No Group
Manchester City Council - Chorlton,Chorlton Place,2021,December,48,Monday,29 Nov 2021,11:00,101,126,227,101,126,227,No Group
Manchester City Council - Chorlton,Chorlton Place,2021,December,48,Monday,29 Nov 2021,12:00,164,146,310,164,146,310,No Group
Manchester City Council - Chorlton,Chorlton Place,2021,December,48,Monday,29 Nov 2021,13:00,155,156,311,155,156,311,No Group
Manchester City Council - Chorlton,Chorlton Place,2021,December,48,Monday,29 Nov 2021,14:00,127,163,290,127,163,290,No Group
Manchester City Council - Chorlton,Chorlton Place,2021,December,48,Monday,29 Nov 2021,15:00,144,146,290,144,146,290,No Group
Manchester City Council - Chorlton,Chorlton Place,2021,December,48,Monday,29 Nov 2021,16:00,85,76,161,85,76,161,No Group
Manchester City Council - Chorlton,Chorlton Place,2021,December,48,Monday,29 Nov 2021,17:00,54,51,105,54,51,105,No Group
Manchester City Council - Chorlton,Chorlton Place,2021,December,48,Monday,29 Nov 2021,18:00,43,29,72,43,29,72,No Group
Manchester City Council - Chorlton,Chorlton Place,2021,December,48,Monday,29 Nov 2021,19:00,30,18,48,30,18,48,No Group
Manchester City Council - Chorlton,Chorlton Place,2021,December,48,Monday,29 Nov 2021,20:00,27,26,53,27,26,53,No Group
Manchester City Council - Chorlton,Chorlton Place,2021,December,48,Monday,29 Nov 2021,21:00,8,7,15,8,7,15,No Group
Manchester City Council - Chorlton,Chorlton Place,2021,December,48,Monday,29 Nov 2021,22:00,10,8,18,10,8,18,No Group
Manchester City Council - Chorlton,Chorlton Place,2021,December,48,Monday,29 Nov 2021,23:00,10,2,12,10,2,12,No Group
Manchester City Council - Chorlton,Chorlton Place,2021,December,48,Tuesday,30 Nov 2021,00:00,5,6,11,5,6,11,No Group
Manchester City Council - Chorlton,Chorlton Place,2021,December,48,Tuesday,30 Nov 2021,01:00,0,1,1,0,1,1,No Group
Manchester City Council - Chorlton,Chorlton Place,2021,December,48,Tuesday,30 Nov 2021,02:00,1,1,2,1,1,2,No Group
Manchester City Council - Chorlton,Chorlton Place,2021,December,48,Tuesday,30 Nov 2021,03:00,0,0,0,0,0,0,No Group
Manchester City Council - Chorlton,Chorlton Place,2021,December,48,Tuesday,30 Nov 2021,04:00,3,0,3,3,0,3,No Group
Manchester City Council - Chorlton,Chorlton Place,2021,December,48,Tuesday,30 Nov 2021,05:00,0,2,2,0,2,2,No Group
Manchester City Council - Chorlton,Chorlton Place,2021,December,48,Tuesday,30 Nov 2021,06:00,5,13,18,5,13,18,No Group
Manchester City Council - Chorlton,Chorlton Place,2021,December,48,Tuesday,30 Nov 2021,07:00,17,51,68,17,51,68,No Group
Manchester City Council - Chorlton,Chorlton Place,2021,December,48,Tuesday,30 Nov 2021,08:00,39,101,140,39,101,140,No Group
Manchester City Council - Chorlton,Chorlton Place,2021,December,48,Tuesday,30 Nov 2021,09:00,61,105,166,61,105,166,No Group
Manchester City Council - Chorlton,Chorlton Place,2021,December,48,Tuesday,30 Nov 2021,10:00,83,88,171,83,88,171,No Group
Manchester City Council - Chorlton,Chorlton Place,2021,December,48,Tuesday,30 Nov 2021,11:00,119,157,276,119,157,276,No Group
Manchester City Council - Chorlton,Chorlton Place,2021,December,48,Tuesday,30 Nov 2021,12:00,144,163,307,144,163,307,No Group
Manchester City Council - Chorlton,Chorlton Place,2021,December,48,Tuesday,30 Nov 2021,13:00,177,188,365,177,188,365,No Group
Manchester City Council - Chorlton,Chorlton Place,2021,December,48,Tuesday,30 Nov 2021,14:00,141,155,296,141,155,296,No Group
Manchester City Council - Chorlton,Chorlton Place,2021,December,48,Tuesday,30 Nov 2021,15:00,146,153,299,146,153,299,No Group
Manchester City Council - Chorlton,Chorlton Place,2021,December,48,Tuesday,30 Nov 2021,16:00,119,96,215,119,96,215,No Group
Manchester City Council - Chorlton,Chorlton Place,2021,December,48,Tuesday,30 Nov 2021,17:00,85,67,152,85,67,152,No Group
Manchester City Council - Chorlton,Chorlton Place,2021,December,48,Tuesday,30 Nov 2021,18:00,76,50,126,76,50,126,No Group
Manchester City Council - Chorlton,Chorlton Place,2021,December,48,Tuesday,30 Nov 2021,19:00,45,39,84,45,39,84,No Group
Manchester City Council - Chorlton,Chorlton Place,2021,December,48,Tuesday,30 Nov 2021,20:00,30,35,65,30,35,65,No Group
Manchester City Council - Chorlton,Chorlton Place,2021,December,48,Tuesday,30 Nov 2021,21:00,15,12,27,15,12,27,No Group
Manchester City Council - Chorlton,Chorlton Place,2021,December,48,Tuesday,30 Nov 2021,22:00,15,15,30,15,15,30,No Group
Manchester City Council - Chorlton,Chorlton Place,2021,December,48,Tuesday,30 Nov 2021,23:00,13,2,15,13,2,15,No Group
Manchester City Council - Chorlton,Chorlton Place,2021,December,48,Wednesday,01 Dec 2021,00:00,6,2,8,6,2,8,No Group
Manchester City Council - Chorlton,Chorlton Place,2021,December,48,Wednesday,01 Dec 2021,01:00,2,2,4,2,2,4,No Group
Manchester City Council - Chorlton,Chorlton Place,2021,December,48,Wednesday,01 Dec 2021,02:00,0,1,1,0,1,1,No Group
Manchester City Council - Chorlton,Chorlton Place,2021,December,48,Wednesday,01 Dec 2021,03:00,0,3,3,0,3,3,No Group
Manchester City Council - Chorlton,Chorlton Place,2021,December,48,Wednesday,01 Dec 2021,04:00,0,2,2,0,2,2,No Group
Manchester City Council - Chorlton,Chorlton Place,2021,December,48,Wednesday,01 Dec 2021,05:00,5,13,18,5,13,18,No Group
Manchester City Council - Chorlton,Chorlton Place,2021,December,48,Wednesday,01 Dec 2021,06:00,6,22,28,6,22,28,No Group
Manchester City Council - Chorlton,Chorlton Place,2021,December,48,Wednesday,01 Dec 2021,07:00,9,57,66,9,57,66,No Group
Manchester City Council - Chorlton,Chorlton Place,2021,December,48,Wednesday,01 Dec 2021,08:00,42,96,138,42,96,138,No Group
Manchester City Council - Chorlton,Chorlton Place,2021,December,48,Wednesday,01 Dec 2021,09:00,99,145,244,99,145,244,No Group
Manchester City Council - Chorlton,Chorlton Place,2021,December,48,Wednesday,01 Dec 2021,10:00,128,144,272,128,144,272,No Group
Manchester City Council - Chorlton,Chorlton Place,2021,December,48,Wednesday,01 Dec 2021,11:00,132,166,298,132,166,298,No Group
Manchester City Council - Chorlton,Chorlton Place,2021,December,48,Wednesday,01 Dec 2021,12:00,118,139,257,118,139,257,No Group
Manchester City Council - Chorlton,Chorlton Place,2021,December,48,Wednesday,01 Dec 2021,13:00,163,168,331,163,168,331,No Group
Manchester City Council - Chorlton,Chorlton Place,2021,December,48,Wednesday,01 Dec 2021,14:00,135,161,296,135,161,296,No Group
Manchester City Council - Chorlton,Chorlton Place,2021,December,48,Wednesday,01 Dec 2021,15:00,154,145,299,154,145,299,No Group
Manchester City Council - Chorlton,Chorlton Place,2021,December,48,Wednesday,01 Dec 2021,16:00,102,112,214,102,112,214,No Group
Manchester City Council - Chorlton,Chorlton Place,2021,December,48,Wednesday,01 Dec 2021,17:00,80,56,136,80,56,136,No Group
Manchester City Council - Chorlton,Chorlton Place,2021,December,48,Wednesday,01 Dec 2021,18:00,81,63,144,81,63,144,No Group
Manchester City Council - Chorlton,Chorlton Place,2021,December,48,Wednesday,01 Dec 2021,19:00,65,45,110,65,45,110,No Group
Manchester City Council - Chorlton,Chorlton Place,2021,December,48,Wednesday,01 Dec 2021,20:00,35,34,69,35,34,69,No Group
Manchester City Council - Chorlton,Chorlton Place,2021,December,48,Wednesday,01 Dec 2021,21:00,28,32,60,28,32,60,No Group
Manchester City Council - Chorlton,Chorlton Place,2021,December,48,Wednesday,01 Dec 2021,22:00,36,28,64,36,28,64,No Group
Manchester City Council - Chorlton,Chorlton Place,2021,December,48,Wednesday,01 Dec 2021,23:00,16,13,29,16,13,29,No Group
Manchester City Council - Chorlton,Chorlton Place,2021,December,48,Thursday,02 Dec 2021,00:00,4,4,8,4,4,8,No Group
Manchester City Council - Chorlton,Chorlton Place,2021,December,48,Thursday,02 Dec 2021,01:00,0,2,2,0,2,2,No Group
Manchester City Council - Chorlton,Chorlton Place,2021,December,48,Thursday,02 Dec 2021,02:00,0,0,0,0,0,0,No Group
Manchester City Council - Chorlton,Chorlton Place,2021,December,48,Thursday,02 Dec 2021,03:00,0,0,0,0,0,0,No Group
Manchester City Council - Chorlton,Chorlton Place,2021,December,48,Thursday,02 Dec 2021,04:00,0,2,2,0,2,2,No Group
Manchester City Council - Chorlton,Chorlton Place,2021,December,48,Thursday,02 Dec 2021,05:00,0,7,7,0,7,7,No Group
Manchester City Council - Chorlton,Chorlton Place,2021,December,48,Thursday,02 Dec 2021,06:00,3,27,30,3,27,30,No Group
Manchester City Council - Chorlton,Chorlton Place,2021,December,48,Thursday,02 Dec 2021,07:00,15,49,64,15,49,64,No Group
Manchester City Council - Chorlton,Chorlton Place,2021,December,48,Thursday,02 Dec 2021,08:00,41,88,129,41,88,129,No Group
Manchester City Council - Chorlton,Chorlton Place,2021,December,48,Thursday,02 Dec 2021,09:00,63,87,150,63,87,150,No Group
Manchester City Council - Chorlton,Chorlton Place,2021,December,48,Thursday,02 Dec 2021,10:00,133,205,338,133,205,338,No Group
Manchester City Council - Chorlton,Chorlton Place,2021,December,48,Thursday,02 Dec 2021,11:00,136,185,321,136,185,321,No Group
Manchester City Council - Chorlton,Chorlton Place,2021,December,48,Thursday,02 Dec 2021,12:00,105,99,204,105,99,204,No Group
Manchester City Council - Chorlton,Chorlton Place,2021,December,48,Thursday,02 Dec 2021,13:00,182,215,397,182,215,397,No Group
Manchester City Council - Chorlton,Chorlton Place,2021,December,48,Thursday,02 Dec 2021,14:00,154,179,333,154,179,333,No Group
Manchester City Council - Chorlton,Chorlton Place,2021,December,48,Thursday,02 Dec 2021,15:00,165,146,311,165,146,311,No Group
Manchester City Council - Chorlton,Chorlton Place,2021,December,48,Thursday,02 Dec 2021,16:00,138,129,267,138,129,267,No Group
Manchester City Council - Chorlton,Chorlton Place,2021,December,48,Thursday,02 Dec 2021,17:00,104,101,205,104,101,205,No Group
Manchester City Council - Chorlton,Chorlton Place,2021,December,48,Thursday,02 Dec 2021,18:00,108,70,178,108,70,178,No Group
Manchester City Council - Chorlton,Chorlton Place,2021,December,48,Thursday,02 Dec 2021,19:00,86,69,155,86,69,155,No Group
Manchester City Council - Chorlton,Chorlton Place,2021,December,48,Thursday,02 Dec 2021,20:00,62,45,107,62,45,107,No Group
Manchester City Council - Chorlton,Chorlton Place,2021,December,48,Thursday,02 Dec 2021,21:00,27,44,71,27,44,71,No Group
Manchester City Council - Chorlton,Chorlton Place,2021,December,48,Thursday,02 Dec 2021,22:00,17,17,34,17,17,34,No Group
Manchester City Council - Chorlton,Chorlton Place,2021,December,48,Thursday,02 Dec 2021,23:00,15,17,32,15,17,32,No Group
Manchester City Council - Chorlton,Chorlton Place,2021,December,48,Friday,03 Dec 2021,00:00,8,1,9,8,1,9,No Group
Manchester City Council - Chorlton,Chorlton Place,2021,December,48,Friday,03 Dec 2021,01:00,9,0,9,9,0,9,No Group
Manchester City Council - Chorlton,Chorlton Place,2021,December,48,Friday,03 Dec 2021,02:00,1,1,2,1,1,2,No Group
Manchester City Council - Chorlton,Chorlton Place,2021,December,48,Friday,03 Dec 2021,03:00,0,1,1,0,1,1,No Group
Manchester City Council - Chorlton,Chorlton Place,2021,December,48,Friday,03 Dec 2021,04:00,0,2,2,0,2,2,No Group
Manchester City Council - Chorlton,Chorlton Place,2021,December,48,Friday,03 Dec 2021,05:00,0,7,7,0,7,7,No Group
Manchester City Council - Chorlton,Chorlton Place,2021,December,48,Friday,03 Dec 2021,06:00,2,15,17,2,15,17,No Group
Manchester City Council - Chorlton,Chorlton Place,2021,December,48,Friday,03 Dec 2021,07:00,14,41,55,14,41,55,No Group
Manchester City Council - Chorlton,Chorlton Place,2021,December,48,Friday,03 Dec 2021,08:00,48,112,160,48,112,160,No Group
Manchester City Council - Chorlton,Chorlton Place,2021,December,48,Friday,03 Dec 2021,09:00,106,110,216,106,110,216,No Group
Manchester City Council - Chorlton,Chorlton Place,2021,December,48,Friday,03 Dec 2021,10:00,163,169,332,163,169,332,No Group
Manchester City Council - Chorlton,Chorlton Place,2021,December,48,Friday,03 Dec 2021,11:00,179,205,384,179,205,384,No Group
Manchester City Council - Chorlton,Chorlton Place,2021,December,48,Friday,03 Dec 2021,12:00,187,224,411,187,224,411,No Group
Manchester City Council - Chorlton,Chorlton Place,2021,December,48,Friday,03 Dec 2021,13:00,185,181,366,185,181,366,No Group
Manchester City Council - Chorlton,Chorlton Place,2021,December,48,Friday,03 Dec 2021,14:00,199,177,376,199,177,376,No Group
Manchester City Council - Chorlton,Chorlton Place,2021,December,48,Friday,03 Dec 2021,15:00,179,176,355,179,176,355,No Group
Manchester City Council - Chorlton,Chorlton Place,2021,December,48,Friday,03 Dec 2021,16:00,99,119,218,99,119,218,No Group
Manchester City Council - Chorlton,Chorlton Place,2021,December,48,Friday,03 Dec 2021,17:00,66,73,139,66,73,139,No Group
Manchester City Council - Chorlton,Chorlton Place,2021,December,48,Friday,03 Dec 2021,18:00,66,57,123,66,57,123,No Group
Manchester City Council - Chorlton,Chorlton Place,2021,December,48,Friday,03 Dec 2021,19:00,75,68,143,75,68,143,No Group
Manchester City Council - Chorlton,Chorlton Place,2021,December,48,Friday,03 Dec 2021,20:00,65,42,107,65,42,107,No Group
Manchester City Council - Chorlton,Chorlton Place,2021,December,48,Friday,03 Dec 2021,21:00,26,33,59,26,33,59,No Group
Manchester City Council - Chorlton,Chorlton Place,2021,December,48,Friday,03 Dec 2021,22:00,24,37,61,24,37,61,No Group
Manchester City Council - Chorlton,Chorlton Place,2021,December,48,Friday,03 Dec 2021,23:00,39,30,69,39,30,69,No Group
Manchester City Council - Chorlton,Chorlton Place,2021,December,48,Saturday,04 Dec 2021,00:00,25,28,53,25,28,53,No Group
Manchester City Council - Chorlton,Chorlton Place,2021,December,48,Saturday,04 Dec 2021,01:00,9,2,11,9,2,11,No Group
Manchester City Council - Chorlton,Chorlton Place,2021,December,48,Saturday,04 Dec 2021,02:00,7,3,10,7,3,10,No Group
Manchester City Council - Chorlton,Chorlton Place,2021,December,48,Saturday,04 Dec 2021,03:00,2,2,4,2,2,4,No Group
Manchester City Council - Chorlton,Chorlton Place,2021,December,48,Saturday,04 Dec 2021,04:00,0,1,1,0,1,1,No Group
Manchester City Council - Chorlton,Chorlton Place,2021,December,48,Saturday,04 Dec 2021,05:00,0,1,1,0,1,1,No Group
Manchester City Council - Chorlton,Chorlton Place,2021,December,48,Saturday,04 Dec 2021,06:00,0,5,5,0,5,5,No Group
Manchester City Council - Chorlton,Chorlton Place,2021,December,48,Saturday,04 Dec 2021,07:00,3,14,17,3,14,17,No Group
Manchester City Council - Chorlton,Chorlton Place,2021,December,48,Saturday,04 Dec 2021,08:00,36,43,79,36,43,79,No Group
Manchester City Council - Chorlton,Chorlton Place,2021,December,48,Saturday,04 Dec 2021,09:00,105,149,254,105,149,254,No Group
Manchester City Council - Chorlton,Chorlton Place,2021,December,48,Saturday,04 Dec 2021,10:00,182,170,352,182,170,352,No Group
Manchester City Council - Chorlton,Chorlton Place,2021,December,48,Saturday,04 Dec 2021,11:00,217,264,481,217,264,481,No Group
Manchester City Council - Chorlton,Chorlton Place,2021,December,48,Saturday,04 Dec 2021,12:00,192,219,411,192,219,411,No Group
Manchester City Council - Chorlton,Chorlton Place,2021,December,48,Saturday,04 Dec 2021,13:00,160,178,338,160,178,338,No Group
Manchester City Council - Chorlton,Chorlton Place,2021,December,48,Saturday,04 Dec 2021,14:00,202,201,403,202,201,403,No Group
Manchester City Council - Chorlton,Chorlton Place,2021,December,48,Saturday,04 Dec 2021,15:00,194,182,376,194,182,376,No Group
Manchester City Council - Chorlton,Chorlton Place,2021,December,48,Saturday,04 Dec 2021,16:00,96,83,179,96,83,179,No Group
Manchester City Council - Chorlton,Chorlton Place,2021,December,48,Saturday,04 Dec 2021,17:00,52,55,107,52,55,107,No Group
Manchester City Council - Chorlton,Chorlton Place,2021,December,48,Saturday,04 Dec 2021,18:00,32,39,71,32,39,71,No Group
Manchester City Council - Chorlton,Chorlton Place,2021,December,48,Saturday,04 Dec 2021,19:00,35,38,73,35,38,73,No Group
Manchester City Council - Chorlton,Chorlton Place,2021,December,48,Saturday,04 Dec 2021,20:00,18,42,60,18,42,60,No Group
Manchester City Council - Chorlton,Chorlton Place,2021,December,48,Saturday,04 Dec 2021,21:00,44,105,149,44,105,149,No Group
Manchester City Council - Chorlton,Chorlton Place,2021,December,48,Saturday,04 Dec 2021,22:00,24,31,55,24,31,55,No Group
Manchester City Council - Chorlton,Chorlton Place,2021,December,48,Saturday,04 Dec 2021,23:00,19,27,46,19,27,46,No Group
Manchester City Council - Chorlton,Chorlton Place,2021,December,48,Sunday,05 Dec 2021,00:00,9,24,33,9,24,33,No Group
Manchester City Council - Chorlton,Chorlton Place,2021,December,48,Sunday,05 Dec 2021,01:00,4,1,5,4,1,5,No Group
Manchester City Council - Chorlton,Chorlton Place,2021,December,48,Sunday,05 Dec 2021,02:00,0,2,2,0,2,2,No Group
Manchester City Council - Chorlton,Chorlton Place,2021,December,48,Sunday,05 Dec 2021,03:00,0,0,0,0,0,0,No Group
Manchester City Council - Chorlton,Chorlton Place,2021,December,48,Sunday,05 Dec 2021,04:00,0,0,0,0,0,0,No Group
Manchester City Council - Chorlton,Chorlton Place,2021,December,48,Sunday,05 Dec 2021,05:00,1,0,1,1,0,1,No Group
Manchester City Council - Chorlton,Chorlton Place,2021,December,48,Sunday,05 Dec 2021,06:00,1,1,2,1,1,2,No Group
Manchester City Council - Chorlton,Chorlton Place,2021,December,48,Sunday,05 Dec 2021,07:00,3,6,9,3,6,9,No Group
Manchester City Council - Chorlton,Chorlton Place,2021,December,48,Sunday,05 Dec 2021,08:00,13,21,34,13,21,34,No Group
Manchester City Council - Chorlton,Chorlton Place,2021,December,48,Sunday,05 Dec 2021,09:00,34,37,71,34,37,71,No Group
Manchester City Council - Chorlton,Chorlton Place,2021,December,48,Sunday,05 Dec 2021,10:00,48,76,124,48,76,124,No Group
Manchester City Council - Chorlton,Chorlton Place,2021,December,48,Sunday,05 Dec 2021,11:00,92,117,209,92,117,209,No Group
Manchester City Council - Chorlton,Chorlton Place,2021,December,48,Sunday,05 Dec 2021,12:00,107,131,238,107,131,238,No Group
Manchester City Council - Chorlton,Chorlton Place,2021,December,48,Sunday,05 Dec 2021,13:00,121,162,283,121,162,283,No Group
Manchester City Council - Chorlton,Chorlton Place,2021,December,48,Sunday,05 Dec 2021,14:00,129,141,270,129,141,270,No Group
Manchester City Council - Chorlton,Chorlton Place,2021,December,48,Sunday,05 Dec 2021,15:00,107,104,211,107,104,211,No Group
Manchester City Council - Chorlton,Chorlton Place,2021,December,48,Sunday,05 Dec 2021,16:00,95,93,188,95,93,188,No Group
Manchester City Council - Chorlton,Chorlton Place,2021,December,48,Sunday,05 Dec 2021,17:00,96,81,177,96,81,177,No Group
Manchester City Council - Chorlton,Chorlton Place,2021,December,48,Sunday,05 Dec 2021,18:00,67,77,144,67,77,144,No Group
Manchester City Council - Chorlton,Chorlton Place,2021,December,48,Sunday,05 Dec 2021,19:00,54,65,119,54,65,119,No Group
Manchester City Council - Chorlton,Chorlton Place,2021,December,48,Sunday,05 Dec 2021,20:00,29,39,68,29,39,68,No Group
Manchester City Council - Chorlton,Chorlton Place,2021,December,48,Sunday,05 Dec 2021,21:00,27,27,54,27,27,54,No Group
Manchester City Council - Chorlton,Chorlton Place,2021,December,48,Sunday,05 Dec 2021,22:00,15,7,22,15,7,22,No Group
Manchester City Council - Chorlton,Chorlton Place,2021,December,48,Sunday,05 Dec 2021,23:00,13,8,21,13,8,21,No Group
Manchester City Council - Chorlton,Chorlton Place,2021,December,49,Monday,06 Dec 2021,00:00,11,0,11,11,0,11,No Group
Manchester City Council - Chorlton,Chorlton Place,2021,December,49,Monday,06 Dec 2021,01:00,2,0,2,2,0,2,No Group
Manchester City Council - Chorlton,Chorlton Place,2021,December,49,Monday,06 Dec 2021,02:00,0,1,1,0,1,1,No Group
Manchester City Council - Chorlton,Chorlton Place,2021,December,49,Monday,06 Dec 2021,03:00,0,0,0,0,0,0,No Group
Manchester City Council - Chorlton,Chorlton Place,2021,December,49,Monday,06 Dec 2021,04:00,1,8,9,1,8,9,No Group
Manchester City Council - Chorlton,Chorlton Place,2021,December,49,Monday,06 Dec 2021,05:00,0,5,5,0,5,5,No Group
Manchester City Council - Chorlton,Chorlton Place,2021,December,49,Monday,06 Dec 2021,06:00,7,31,38,7,31,38,No Group
Manchester City Council - Chorlton,Chorlton Place,2021,December,49,Monday,06 Dec 2021,07:00,11,43,54,11,43,54,No Group
Manchester City Council - Chorlton,Chorlton Place,2021,December,49,Monday,06 Dec 2021,08:00,30,97,127,30,97,127,No Group
Manchester City Council - Chorlton,Chorlton Place,2021,December,49,Monday,06 Dec 2021,09:00,83,108,191,83,108,191,No Group
Manchester City Council - Chorlton,Chorlton Place,2021,December,49,Monday,06 Dec 2021,10:00,90,117,207,90,117,207,No Group
Manchester City Council - Chorlton,Chorlton Place,2021,December,49,Monday,06 Dec 2021,11:00,90,116,206,90,116,206,No Group
Manchester City Council - Chorlton,Chorlton Place,2021,December,49,Monday,06 Dec 2021,12:00,135,142,277,135,142,277,No Group
Manchester City Council - Chorlton,Chorlton Place,2021,December,49,Monday,06 Dec 2021,13:00,136,183,319,136,183,319,No Group
Manchester City Council - Chorlton,Chorlton Place,2021,December,49,Monday,06 Dec 2021,14:00,123,166,289,123,166,289,No Group
Manchester City Council - Chorlton,Chorlton Place,2021,December,49,Monday,06 Dec 2021,15:00,167,150,317,167,150,317,No Group
Manchester City Council - Chorlton,Chorlton Place,2021,December,49,Monday,06 Dec 2021,16:00,97,91,188,97,91,188,No Group
Manchester City Council - Chorlton,Chorlton Place,2021,December,49,Monday,06 Dec 2021,17:00,78,63,141,78,63,141,No Group
Manchester City Council - Chorlton,Chorlton Place,2021,December,49,Monday,06 Dec 2021,18:00,56,49,105,56,49,105,No Group
Manchester City Council - Chorlton,Chorlton Place,2021,December,49,Monday,06 Dec 2021,19:00,59,38,97,59,38,97,No Group
Manchester City Council - Chorlton,Chorlton Place,2021,December,49,Monday,06 Dec 2021,20:00,16,29,45,16,29,45,No Group
Manchester City Council - Chorlton,Chorlton Place,2021,December,49,Monday,06 Dec 2021,21:00,17,15,32,17,15,32,No Group
Manchester City Council - Chorlton,Chorlton Place,2021,December,49,Monday,06 Dec 2021,22:00,15,16,31,15,16,31,No Group
Manchester City Council - Chorlton,Chorlton Place,2021,December,49,Monday,06 Dec 2021,23:00,12,6,18,12,6,18,No Group
Manchester City Council - Chorlton,Chorlton Place,2021,December,49,Tuesday,07 Dec 2021,00:00,7,4,11,7,4,11,No Group
Manchester City Council - Chorlton,Chorlton Place,2021,December,49,Tuesday,07 Dec 2021,01:00,0,2,2,0,2,2,No Group
Manchester City Council - Chorlton,Chorlton Place,2021,December,49,Tuesday,07 Dec 2021,02:00,0,0,0,0,0,0,No Group
Manchester City Council - Chorlton,Chorlton Place,2021,December,49,Tuesday,07 Dec 2021,03:00,0,0,0,0,0,0,No Group
Manchester City Council - Chorlton,Chorlton Place,2021,December,49,Tuesday,07 Dec 2021,04:00,0,4,4,0,4,4,No Group
Manchester City Council - Chorlton,Chorlton Place,2021,December,49,Tuesday,07 Dec 2021,05:00,5,5,10,5,5,10,No Group
Manchester City Council - Chorlton,Chorlton Place,2021,December,49,Tuesday,07 Dec 2021,06:00,2,16,18,2,16,18,No Group
Manchester City Council - Chorlton,Chorlton Place,2021,December,49,Tuesday,07 Dec 2021,07:00,16,48,64,16,48,64,No Group
Manchester City Council - Chorlton,Chorlton Place,2021,December,49,Tuesday,07 Dec 2021,08:00,38,110,148,38,110,148,No Group
Manchester City Council - Chorlton,Chorlton Place,2021,December,49,Tuesday,07 Dec 2021,09:00,83,97,180,83,97,180,No Group
Manchester City Council - Chorlton,Chorlton Place,2021,December,49,Tuesday,07 Dec 2021,10:00,89,107,196,89,107,196,No Group
Manchester City Council - Chorlton,Chorlton Place,2021,December,49,Tuesday,07 Dec 2021,11:00,128,158,286,128,158,286,No Group
Manchester City Council - Chorlton,Chorlton Place,2021,December,49,Tuesday,07 Dec 2021,12:00,136,154,290,136,154,290,No Group
Manchester City Council - Chorlton,Chorlton Place,2021,December,49,Tuesday,07 Dec 2021,13:00,212,147,359,212,147,359,No Group
Manchester City Council - Chorlton,Chorlton Place,2021,December,49,Tuesday,07 Dec 2021,14:00,113,102,215,113,102,215,No Group
Manchester City Council - Chorlton,Chorlton Place,2021,December,49,Tuesday,07 Dec 2021,15:00,147,139,286,147,139,286,No Group
Manchester City Council - Chorlton,Chorlton Place,2021,December,49,Tuesday,07 Dec 2021,16:00,95,108,203,95,108,203,No Group
Manchester City Council - Chorlton,Chorlton Place,2021,December,49,Tuesday,07 Dec 2021,17:00,67,55,122,67,55,122,No Group
Manchester City Council - Chorlton,Chorlton Place,2021,December,49,Tuesday,07 Dec 2021,18:00,79,45,124,79,45,124,No Group
Manchester City Council - Chorlton,Chorlton Place,2021,December,49,Tuesday,07 Dec 2021,19:00,53,47,100,53,47,100,No Group
Manchester City Council - Chorlton,Chorlton Place,2021,December,49,Tuesday,07 Dec 2021,20:00,43,32,75,43,32,75,No Group
Manchester City Council - Chorlton,Chorlton Place,2021,December,49,Tuesday,07 Dec 2021,21:00,33,33,66,33,33,66,No Group
Manchester City Council - Chorlton,Chorlton Place,2021,December,49,Tuesday,07 Dec 2021,22:00,19,12,31,19,12,31,No Group
Manchester City Council - Chorlton,Chorlton Place,2021,December,49,Tuesday,07 Dec 2021,23:00,10,5,15,10,5,15,No Group
Manchester City Council - Chorlton,Chorlton Place,2021,December,49,Wednesday,08 Dec 2021,00:00,4,4,8,4,4,8,No Group
Manchester City Council - Chorlton,Chorlton Place,2021,December,49,Wednesday,08 Dec 2021,01:00,0,0,0,0,0,0,No Group
Manchester City Council - Chorlton,Chorlton Place,2021,December,49,Wednesday,08 Dec 2021,02:00,4,2,6,4,2,6,No Group
Manchester City Council - Chorlton,Chorlton Place,2021,December,49,Wednesday,08 Dec 2021,03:00,0,0,0,0,0,0,No Group
Manchester City Council - Chorlton,Chorlton Place,2021,December,49,Wednesday,08 Dec 2021,04:00,0,5,5,0,5,5,No Group
Manchester City Council - Chorlton,Chorlton Place,2021,December,49,Wednesday,08 Dec 2021,05:00,1,5,6,1,5,6,No Group
Manchester City Council - Chorlton,Chorlton Place,2021,December,49,Wednesday,08 Dec 2021,06:00,5,12,17,5,12,17,No Group
Manchester City Council - Chorlton,Chorlton Place,2021,December,49,Wednesday,08 Dec 2021,07:00,0,14,14,0,14,14,No Group
Manchester City Council - Chorlton,Chorlton Place,2021,December,49,Wednesday,08 Dec 2021,08:00,23,62,85,23,62,85,No Group
Manchester City Council - Chorlton,Chorlton Place,2021,December,49,Wednesday,08 Dec 2021,09:00,80,110,190,80,110,190,No Group
Manchester City Council - Chorlton,Chorlton Place,2021,December,49,Wednesday,08 Dec 2021,10:00,100,114,214,100,114,214,No Group
Manchester City Council - Chorlton,Chorlton Place,2021,December,49,Wednesday,08 Dec 2021,11:00,144,153,297,144,153,297,No Group
Manchester City Council - Chorlton,Chorlton Place,2021,December,49,Wednesday,08 Dec 2021,12:00,154,156,310,154,156,310,No Group
Manchester City Council - Chorlton,Chorlton Place,2021,December,49,Wednesday,08 Dec 2021,13:00,174,161,335,174,161,335,No Group
Manchester City Council - Chorlton,Chorlton Place,2021,December,49,Wednesday,08 Dec 2021,14:00,151,179,330,151,179,330,No Group
Manchester City Council - Chorlton,Chorlton Place,2021,December,49,Wednesday,08 Dec 2021,15:00,177,142,319,177,142,319,No Group
Manchester City Council - Chorlton,Chorlton Place,2021,December,49,Wednesday,08 Dec 2021,16:00,125,96,221,125,96,221,No Group
Manchester City Council - Chorlton,Chorlton Place,2021,December,49,Wednesday,08 Dec 2021,17:00,35,39,74,35,39,74,No Group
Manchester City Council - Chorlton,Chorlton Place,2021,December,49,Wednesday,08 Dec 2021,18:00,43,32,75,43,32,75,No Group
Manchester City Council - Chorlton,Chorlton Place,2021,December,49,Wednesday,08 Dec 2021,19:00,38,45,83,38,45,83,No Group
Manchester City Council - Chorlton,Chorlton Place,2021,December,49,Wednesday,08 Dec 2021,20:00,28,26,54,28,26,54,No Group
Manchester City Council - Chorlton,Chorlton Place,2021,December,49,Wednesday,08 Dec 2021,21:00,15,24,39,15,24,39,No Group
Manchester City Council - Chorlton,Chorlton Place,2021,December,49,Wednesday,08 Dec 2021,22:00,25,19,44,25,19,44,No Group
Manchester City Council - Chorlton,Chorlton Place,2021,December,49,Wednesday,08 Dec 2021,23:00,15,11,26,15,11,26,No Group
Manchester City Council - Chorlton,Chorlton Place,2021,December,49,Thursday,09 Dec 2021,00:00,3,7,10,3,7,10,No Group
Manchester City Council - Chorlton,Chorlton Place,2021,December,49,Thursday,09 Dec 2021,01:00,0,3,3,0,3,3,No Group
Manchester City Council - Chorlton,Chorlton Place,2021,December,49,Thursday,09 Dec 2021,02:00,0,1,1,0,1,1,No Group
Manchester City Council - Chorlton,Chorlton Place,2021,December,49,Thursday,09 Dec 2021,03:00,0,0,0,0,0,0,No Group
Manchester City Council - Chorlton,Chorlton Place,2021,December,49,Thursday,09 Dec 2021,04:00,0,1,1,0,1,1,No Group
Manchester City Council - Chorlton,Chorlton Place,2021,December,49,Thursday,09 Dec 2021,05:00,2,3,5,2,3,5,No Group
Manchester City Council - Chorlton,Chorlton Place,2021,December,49,Thursday,09 Dec 2021,06:00,7,16,23,7,16,23,No Group
Manchester City Council - Chorlton,Chorlton Place,2021,December,49,Thursday,09 Dec 2021,07:00,12,38,50,12,38,50,No Group
Manchester City Council - Chorlton,Chorlton Place,2021,December,49,Thursday,09 Dec 2021,08:00,79,129,208,79,129,208,No Group
Manchester City Council - Chorlton,Chorlton Place,2021,December,49,Thursday,09 Dec 2021,09:00,98,153,251,98,153,251,No Group
Manchester City Council - Chorlton,Chorlton Place,2021,December,49,Thursday,09 Dec 2021,10:00,97,115,212,97,115,212,No Group
Manchester City Council - Chorlton,Chorlton Place,2021,December,49,Thursday,09 Dec 2021,11:00,148,209,357,148,209,357,No Group
Manchester City Council - Chorlton,Chorlton Place,2021,December,49,Thursday,09 Dec 2021,12:00,165,180,345,165,180,345,No Group
Manchester City Council - Chorlton,Chorlton Place,2021,December,49,Thursday,09 Dec 2021,13:00,162,160,322,162,160,322,No Group
Manchester City Council - Chorlton,Chorlton Place,2021,December,49,Thursday,09 Dec 2021,14:00,149,190,339,149,190,339,No Group
Manchester City Council - Chorlton,Chorlton Place,2021,December,49,Thursday,09 Dec 2021,15:00,145,158,303,145,158,303,No Group
Manchester City Council - Chorlton,Chorlton Place,2021,December,49,Thursday,09 Dec 2021,16:00,96,101,197,96,101,197,No Group
Manchester City Council - Chorlton,Chorlton Place,2021,December,49,Thursday,09 Dec 2021,17:00,61,59,120,61,59,120,No Group
Manchester City Council - Chorlton,Chorlton Place,2021,December,49,Thursday,09 Dec 2021,18:00,58,44,102,58,44,102,No Group
Manchester City Council - Chorlton,Chorlton Place,2021,December,49,Thursday,09 Dec 2021,19:00,38,45,83,38,45,83,No Group
Manchester City Council - Chorlton,Chorlton Place,2021,December,49,Thursday,09 Dec 2021,20:00,26,26,52,26,26,52,No Group
Manchester City Council - Chorlton,Chorlton Place,2021,December,49,Thursday,09 Dec 2021,21:00,26,16,42,26,16,42,No Group
Manchester City Council - Chorlton,Chorlton Place,2021,December,49,Thursday,09 Dec 2021,22:00,22,22,44,22,22,44,No Group
Manchester City Council - Chorlton,Chorlton Place,2021,December,49,Thursday,09 Dec 2021,23:00,6,8,14,6,8,14,No Group
Manchester City Council - Chorlton,Chorlton Place,2021,December,49,Friday,10 Dec 2021,00:00,5,1,6,5,1,6,No Group
Manchester City Council - Chorlton,Chorlton Place,2021,December,49,Friday,10 Dec 2021,01:00,21,19,40,21,19,40,No Group
Manchester City Council - Chorlton,Chorlton Place,2021,December,49,Friday,10 Dec 2021,02:00,7,2,9,7,2,9,No Group
Manchester City Council - Chorlton,Chorlton Place,2021,December,49,Friday,10 Dec 2021,03:00,7,4,11,7,4,11,No Group
Manchester City Council - Chorlton,Chorlton Place,2021,December,49,Friday,10 Dec 2021,04:00,0,3,3,0,3,3,No Group
Manchester City Council - Chorlton,Chorlton Place,2021,December,49,Friday,10 Dec 2021,05:00,2,3,5,2,3,5,No Group
Manchester City Council - Chorlton,Chorlton Place,2021,December,49,Friday,10 Dec 2021,06:00,4,10,14,4,10,14,No Group
Manchester City Council - Chorlton,Chorlton Place,2021,December,49,Friday,10 Dec 2021,07:00,9,34,43,9,34,43,No Group
Manchester City Council - Chorlton,Chorlton Place,2021,December,49,Friday,10 Dec 2021,08:00,47,81,128,47,81,128,No Group
Manchester City Council - Chorlton,Chorlton Place,2021,December,49,Friday,10 Dec 2021,09:00,107,157,264,107,157,264,No Group
Manchester City Council - Chorlton,Chorlton Place,2021,December,49,Friday,10 Dec 2021,10:00,151,182,333,151,182,333,No Group
Manchester City Council - Chorlton,Chorlton Place,2021,December,49,Friday,10 Dec 2021,11:00,206,249,455,206,249,455,No Group
Manchester City Council - Chorlton,Chorlton Place,2021,December,49,Friday,10 Dec 2021,12:00,150,164,314,150,164,314,No Group
Manchester City Council - Chorlton,Chorlton Place,2021,December,49,Friday,10 Dec 2021,13:00,148,181,329,148,181,329,No Group
Manchester City Council - Chorlton,Chorlton Place,2021,December,49,Friday,10 Dec 2021,14:00,196,221,417,196,221,417,No Group
Manchester City Council - Chorlton,Chorlton Place,2021,December,49,Friday,10 Dec 2021,15:00,213,175,388,213,175,388,No Group
Manchester City Council - Chorlton,Chorlton Place,2021,December,49,Friday,10 Dec 2021,16:00,103,109,212,103,109,212,No Group
Manchester City Council - Chorlton,Chorlton Place,2021,December,49,Friday,10 Dec 2021,17:00,55,53,108,55,53,108,No Group
Manchester City Council - Chorlton,Chorlton Place,2021,December,49,Friday,10 Dec 2021,18:00,61,41,102,61,41,102,No Group
Manchester City Council - Chorlton,Chorlton Place,2021,December,49,Friday,10 Dec 2021,19:00,60,47,107,60,47,107,No Group
Manchester City Council - Chorlton,Chorlton Place,2021,December,49,Friday,10 Dec 2021,20:00,35,50,85,35,50,85,No Group
Manchester City Council - Chorlton,Chorlton Place,2021,December,49,Friday,10 Dec 2021,21:00,26,29,55,26,29,55,No Group
Manchester City Council - Chorlton,Chorlton Place,2021,December,49,Friday,10 Dec 2021,22:00,31,23,54,31,23,54,No Group
Manchester City Council - Chorlton,Chorlton Place,2021,December,49,Friday,10 Dec 2021,23:00,33,35,68,33,35,68,No Group
Manchester City Council - Chorlton,Chorlton Place,2021,December,49,Saturday,11 Dec 2021,00:00,16,17,33,16,17,33,No Group
Manchester City Council - Chorlton,Chorlton Place,2021,December,49,Saturday,11 Dec 2021,01:00,10,4,14,10,4,14,No Group
Manchester City Council - Chorlton,Chorlton Place,2021,December,49,Saturday,11 Dec 2021,02:00,11,7,18,11,7,18,No Group
Manchester City Council - Chorlton,Chorlton Place,2021,December,49,Saturday,11 Dec 2021,03:00,4,1,5,4,1,5,No Group
Manchester City Council - Chorlton,Chorlton Place,2021,December,49,Saturday,11 Dec 2021,04:00,1,6,7,1,6,7,No Group
Manchester City Council - Chorlton,Chorlton Place,2021,December,49,Saturday,11 Dec 2021,05:00,1,3,4,1,3,4,No Group
Manchester City Council - Chorlton,Chorlton Place,2021,December,49,Saturday,11 Dec 2021,06:00,1,4,5,1,4,5,No Group
Manchester City Council - Chorlton,Chorlton Place,2021,December,49,Saturday,11 Dec 2021,07:00,13,19,32,13,19,32,No Group
Manchester City Council - Chorlton,Chorlton Place,2021,December,49,Saturday,11 Dec 2021,08:00,47,54,101,47,54,101,No Group
Manchester City Council - Chorlton,Chorlton Place,2021,December,49,Saturday,11 Dec 2021,09:00,98,122,220,98,122,220,No Group
Manchester City Council - Chorlton,Chorlton Place,2021,December,49,Saturday,11 Dec 2021,10:00,146,166,312,146,166,312,No Group
Manchester City Council - Chorlton,Chorlton Place,2021,December,49,Saturday,11 Dec 2021,11:00,214,222,436,214,222,436,No Group
Manchester City Council - Chorlton,Chorlton Place,2021,December,49,Saturday,11 Dec 2021,12:00,286,286,572,286,286,572,No Group
Manchester City Council - Chorlton,Chorlton Place,2021,December,49,Saturday,11 Dec 2021,13:00,292,300,592,292,300,592,No Group
Manchester City Council - Chorlton,Chorlton Place,2021,December,49,Saturday,11 Dec 2021,14:00,320,330,650,320,330,650,No Group
Manchester City Council - Chorlton,Chorlton Place,2021,December,49,Saturday,11 Dec 2021,15:00,211,265,476,211,265,476,No Group
Manchester City Council - Chorlton,Chorlton Place,2021,December,49,Saturday,11 Dec 2021,16:00,81,76,157,81,76,157,No Group
Manchester City Council - Chorlton,Chorlton Place,2021,December,49,Saturday,11 Dec 2021,17:00,61,66,127,61,66,127,No Group
Manchester City Council - Chorlton,Chorlton Place,2021,December,49,Saturday,11 Dec 2021,18:00,55,48,103,55,48,103,No Group
Manchester City Council - Chorlton,Chorlton Place,2021,December,49,Saturday,11 Dec 2021,19:00,52,70,122,52,70,122,No Group
Manchester City Council - Chorlton,Chorlton Place,2021,December,49,Saturday,11 Dec 2021,20:00,38,51,89,38,51,89,No Group
Manchester City Council - Chorlton,Chorlton Place,2021,December,49,Saturday,11 Dec 2021,21:00,31,46,77,31,46,77,No Group
Manchester City Council - Chorlton,Chorlton Place,2021,December,49,Saturday,11 Dec 2021,22:00,17,35,52,17,35,52,No Group
Manchester City Council - Chorlton,Chorlton Place,2021,December,49,Saturday,11 Dec 2021,23:00,28,19,47,28,19,47,No Group
Manchester City Council - Chorlton,Chorlton Place,2021,December,49,Sunday,12 Dec 2021,00:00,17,12,29,17,12,29,No Group
Manchester City Council - Chorlton,Chorlton Place,2021,December,49,Sunday,12 Dec 2021,01:00,5,5,10,5,5,10,No Group
Manchester City Council - Chorlton,Chorlton Place,2021,December,49,Sunday,12 Dec 2021,02:00,6,2,8,6,2,8,No Group
Manchester City Council - Chorlton,Chorlton Place,2021,December,49,Sunday,12 Dec 2021,03:00,2,0,2,2,0,2,No Group
Manchester City Council - Chorlton,Chorlton Place,2021,December,49,Sunday,12 Dec 2021,04:00,2,0,2,2,0,2,No Group
Manchester City Council - Chorlton,Chorlton Place,2021,December,49,Sunday,12 Dec 2021,05:00,2,0,2,2,0,2,No Group
Manchester City Council - Chorlton,Chorlton Place,2021,December,49,Sunday,12 Dec 2021,06:00,0,2,2,0,2,2,No Group
Manchester City Council - Chorlton,Chorlton Place,2021,December,49,Sunday,12 Dec 2021,07:00,7,10,17,7,10,17,No Group
Manchester City Council - Chorlton,Chorlton Place,2021,December,49,Sunday,12 Dec 2021,08:00,14,32,46,14,32,46,No Group
Manchester City Council - Chorlton,Chorlton Place,2021,December,49,Sunday,12 Dec 2021,09:00,30,42,72,30,42,72,No Group
Manchester City Council - Chorlton,Chorlton Place,2021,December,49,Sunday,12 Dec 2021,10:00,74,82,156,74,82,156,No Group
Manchester City Council - Chorlton,Chorlton Place,2021,December,49,Sunday,12 Dec 2021,11:00,97,118,215,97,118,215,No Group
Manchester City Council - Chorlton,Chorlton Place,2021,December,49,Sunday,12 Dec 2021,12:00,110,142,252,110,142,252,No Group
Manchester City Council - Chorlton,Chorlton Place,2021,December,49,Sunday,12 Dec 2021,13:00,127,154,281,127,154,281,No Group
Manchester City Council - Chorlton,Chorlton Place,2021,December,49,Sunday,12 Dec 2021,14:00,146,166,312,146,166,312,No Group
Manchester City Council - Chorlton,Chorlton Place,2021,December,49,Sunday,12 Dec 2021,15:00,120,123,243,120,123,243,No Group
Manchester City Council - Chorlton,Chorlton Place,2021,December,49,Sunday,12 Dec 2021,16:00,63,74,137,63,74,137,No Group
Manchester City Council - Chorlton,Chorlton Place,2021,December,49,Sunday,12 Dec 2021,17:00,59,58,117,59,58,117,No Group
Manchester City Council - Chorlton,Chorlton Place,2021,December,49,Sunday,12 Dec 2021,18:00,29,51,80,29,51,80,No Group
Manchester City Council - Chorlton,Chorlton Place,2021,December,49,Sunday,12 Dec 2021,19:00,28,38,66,28,38,66,No Group
Manchester City Council - Chorlton,Chorlton Place,2021,December,49,Sunday,12 Dec 2021,20:00,32,26,58,32,26,58,No Group
Manchester City Council - Chorlton,Chorlton Place,2021,December,49,Sunday,12 Dec 2021,21:00,20,20,40,20,20,40,No Group
Manchester City Council - Chorlton,Chorlton Place,2021,December,49,Sunday,12 Dec 2021,22:00,13,11,24,13,11,24,No Group
Manchester City Council - Chorlton,Chorlton Place,2021,December,49,Sunday,12 Dec 2021,23:00,15,8,23,15,8,23,No Group
Manchester City Council - Chorlton,Chorlton Place,2021,December,50,Monday,13 Dec 2021,00:00,11,5,16,11,5,16,No Group
Manchester City Council - Chorlton,Chorlton Place,2021,December,50,Monday,13 Dec 2021,01:00,7,2,9,7,2,9,No Group
Manchester City Council - Chorlton,Chorlton Place,2021,December,50,Monday,13 Dec 2021,02:00,1,3,4,1,3,4,No Group
Manchester City Council - Chorlton,Chorlton Place,2021,December,50,Monday,13 Dec 2021,03:00,0,0,0,0,0,0,No Group
Manchester City Council - Chorlton,Chorlton Place,2021,December,50,Monday,13 Dec 2021,04:00,0,4,4,0,4,4,No Group
Manchester City Council - Chorlton,Chorlton Place,2021,December,50,Monday,13 Dec 2021,05:00,4,13,17,4,13,17,No Group
Manchester City Council - Chorlton,Chorlton Place,2021,December,50,Monday,13 Dec 2021,06:00,6,18,24,6,18,24,No Group
Manchester City Council - Chorlton,Chorlton Place,2021,December,50,Monday,13 Dec 2021,07:00,5,47,52,5,47,52,No Group
Manchester City Council - Chorlton,Chorlton Place,2021,December,50,Monday,13 Dec 2021,08:00,40,79,119,40,79,119,No Group
Manchester City Council - Chorlton,Chorlton Place,2021,December,50,Monday,13 Dec 2021,09:00,97,110,207,97,110,207,No Group
Manchester City Council - Chorlton,Chorlton Place,2021,December,50,Monday,13 Dec 2021,10:00,108,124,232,108,124,232,No Group
Manchester City Council - Chorlton,Chorlton Place,2021,December,50,Monday,13 Dec 2021,11:00,106,137,243,106,137,243,No Group
Manchester City Council - Chorlton,Chorlton Place,2021,December,50,Monday,13 Dec 2021,12:00,161,175,336,161,175,336,No Group
Manchester City Council - Chorlton,Chorlton Place,2021,December,50,Monday,13 Dec 2021,13:00,194,200,394,194,200,394,No Group
Manchester City Council - Chorlton,Chorlton Place,2021,December,50,Monday,13 Dec 2021,14:00,179,175,354,179,175,354,No Group
Manchester City Council - Chorlton,Chorlton Place,2021,December,50,Monday,13 Dec 2021,15:00,173,164,337,173,164,337,No Group
Manchester City Council - Chorlton,Chorlton Place,2021,December,50,Monday,13 Dec 2021,16:00,76,82,158,76,82,158,No Group
Manchester City Council - Chorlton,Chorlton Place,2021,December,50,Monday,13 Dec 2021,17:00,74,71,145,74,71,145,No Group
Manchester City Council - Chorlton,Chorlton Place,2021,December,50,Monday,13 Dec 2021,18:00,44,33,77,44,33,77,No Group
Manchester City Council - Chorlton,Chorlton Place,2021,December,50,Monday,13 Dec 2021,19:00,36,29,65,36,29,65,No Group
Manchester City Council - Chorlton,Chorlton Place,2021,December,50,Monday,13 Dec 2021,20:00,22,16,38,22,16,38,No Group
Manchester City Council - Chorlton,Chorlton Place,2021,December,50,Monday,13 Dec 2021,21:00,8,19,27,8,19,27,No Group
Manchester City Council - Chorlton,Chorlton Place,2021,December,50,Monday,13 Dec 2021,22:00,6,20,26,6,20,26,No Group
Manchester City Council - Chorlton,Chorlton Place,2021,December,50,Monday,13 Dec 2021,23:00,6,8,14,6,8,14,No Group
Manchester City Council - Chorlton,Chorlton Place,2021,December,50,Tuesday,14 Dec 2021,00:00,5,0,5,5,0,5,No Group
Manchester City Council - Chorlton,Chorlton Place,2021,December,50,Tuesday,14 Dec 2021,01:00,1,0,1,1,0,1,No Group
Manchester City Council - Chorlton,Chorlton Place,2021,December,50,Tuesday,14 Dec 2021,02:00,1,0,1,1,0,1,No Group
Manchester City Council - Chorlton,Chorlton Place,2021,December,50,Tuesday,14 Dec 2021,03:00,0,1,1,0,1,1,No Group
Manchester City Council - Chorlton,Chorlton Place,2021,December,50,Tuesday,14 Dec 2021,04:00,0,2,2,0,2,2,No Group
Manchester City Council - Chorlton,Chorlton Place,2021,December,50,Tuesday,14 Dec 2021,05:00,10,19,29,10,19,29,No Group
Manchester City Council - Chorlton,Chorlton Place,2021,December,50,Tuesday,14 Dec 2021,06:00,10,15,25,10,15,25,No Group
Manchester City Council - Chorlton,Chorlton Place,2021,December,50,Tuesday,14 Dec 2021,07:00,10,41,51,10,41,51,No Group
Manchester City Council - Chorlton,Chorlton Place,2021,December,50,Tuesday,14 Dec 2021,08:00,51,94,145,51,94,145,No Group
Manchester City Council - Chorlton,Chorlton Place,2021,December,50,Tuesday,14 Dec 2021,09:00,75,83,158,75,83,158,No Group
Manchester City Council - Chorlton,Chorlton Place,2021,December,50,Tuesday,14 Dec 2021,10:00,124,140,264,124,140,264,No Group
Manchester City Council - Chorlton,Chorlton Place,2021,December,50,Tuesday,14 Dec 2021,11:00,143,175,318,143,175,318,No Group
Manchester City Council - Chorlton,Chorlton Place,2021,December,50,Tuesday,14 Dec 2021,12:00,148,174,322,148,174,322,No Group
Manchester City Council - Chorlton,Chorlton Place,2021,December,50,Tuesday,14 Dec 2021,13:00,152,149,301,152,149,301,No Group
Manchester City Council - Chorlton,Chorlton Place,2021,December,50,Tuesday,14 Dec 2021,14:00,163,197,360,163,197,360,No Group
Manchester City Council - Chorlton,Chorlton Place,2021,December,50,Tuesday,14 Dec 2021,15:00,146,168,314,146,168,314,No Group
Manchester City Council - Chorlton,Chorlton Place,2021,December,50,Tuesday,14 Dec 2021,16:00,133,107,240,133,107,240,No Group
Manchester City Council - Chorlton,Chorlton Place,2021,December,50,Tuesday,14 Dec 2021,17:00,80,85,165,80,85,165,No Group
Manchester City Council - Chorlton,Chorlton Place,2021,December,50,Tuesday,14 Dec 2021,18:00,85,87,172,85,87,172,No Group
Manchester City Council - Chorlton,Chorlton Place,2021,December,50,Tuesday,14 Dec 2021,19:00,58,43,101,58,43,101,No Group
Manchester City Council - Chorlton,Chorlton Place,2021,December,50,Tuesday,14 Dec 2021,20:00,36,34,70,36,34,70,No Group
Manchester City Council - Chorlton,Chorlton Place,2021,December,50,Tuesday,14 Dec 2021,21:00,31,34,65,31,34,65,No Group
Manchester City Council - Chorlton,Chorlton Place,2021,December,50,Tuesday,14 Dec 2021,22:00,33,20,53,33,20,53,No Group
Manchester City Council - Chorlton,Chorlton Place,2021,December,50,Tuesday,14 Dec 2021,23:00,16,13,29,16,13,29,No Group
Manchester City Council - Chorlton,Chorlton Place,2021,December,50,Wednesday,15 Dec 2021,00:00,9,8,17,9,8,17,No Group
Manchester City Council - Chorlton,Chorlton Place,2021,December,50,Wednesday,15 Dec 2021,01:00,8,8,16,8,8,16,No Group
Manchester City Council - Chorlton,Chorlton Place,2021,December,50,Wednesday,15 Dec 2021,02:00,2,2,4,2,2,4,No Group
Manchester City Council - Chorlton,Chorlton Place,2021,December,50,Wednesday,15 Dec 2021,03:00,0,0,0,0,0,0,No Group
Manchester City Council - Chorlton,Chorlton Place,2021,December,50,Wednesday,15 Dec 2021,04:00,0,4,4,0,4,4,No Group
Manchester City Council - Chorlton,Chorlton Place,2021,December,50,Wednesday,15 Dec 2021,05:00,7,18,25,7,18,25,No Group
Manchester City Council - Chorlton,Chorlton Place,2021,December,50,Wednesday,15 Dec 2021,06:00,8,24,32,8,24,32,No Group
Manchester City Council - Chorlton,Chorlton Place,2021,December,50,Wednesday,15 Dec 2021,07:00,7,37,44,7,37,44,No Group
Manchester City Council - Chorlton,Chorlton Place,2021,December,50,Wednesday,15 Dec 2021,08:00,51,78,129,51,78,129,No Group
Manchester City Council - Chorlton,Chorlton Place,2021,December,50,Wednesday,15 Dec 2021,09:00,74,90,164,74,90,164,No Group
Manchester City Council - Chorlton,Chorlton Place,2021,December,50,Wednesday,15 Dec 2021,10:00,112,123,235,112,123,235,No Group
Manchester City Council - Chorlton,Chorlton Place,2021,December,50,Wednesday,15 Dec 2021,11:00,129,147,276,129,147,276,No Group
Manchester City Council - Chorlton,Chorlton Place,2021,December,50,Wednesday,15 Dec 2021,12:00,142,223,365,142,223,365,No Group
Manchester City Council - Chorlton,Chorlton Place,2021,December,50,Wednesday,15 Dec 2021,13:00,119,129,248,119,129,248,No Group
Manchester City Council - Chorlton,Chorlton Place,2021,December,50,Wednesday,15 Dec 2021,14:00,177,196,373,177,196,373,No Group
Manchester City Council - Chorlton,Chorlton Place,2021,December,50,Wednesday,15 Dec 2021,15:00,158,173,331,158,173,331,No Group
Manchester City Council - Chorlton,Chorlton Place,2021,December,50,Wednesday,15 Dec 2021,16:00,138,148,286,138,148,286,No Group
Manchester City Council - Chorlton,Chorlton Place,2021,December,50,Wednesday,15 Dec 2021,17:00,73,84,157,73,84,157,No Group
Manchester City Council - Chorlton,Chorlton Place,2021,December,50,Wednesday,15 Dec 2021,18:00,80,67,147,80,67,147,No Group
Manchester City Council - Chorlton,Chorlton Place,2021,December,50,Wednesday,15 Dec 2021,19:00,67,63,130,67,63,130,No Group
Manchester City Council - Chorlton,Chorlton Place,2021,December,50,Wednesday,15 Dec 2021,20:00,39,40,79,39,40,79,No Group
Manchester City Council - Chorlton,Chorlton Place,2021,December,50,Wednesday,15 Dec 2021,21:00,23,27,50,23,27,50,No Group
Manchester City Council - Chorlton,Chorlton Place,2021,December,50,Wednesday,15 Dec 2021,22:00,21,15,36,21,15,36,No Group
Manchester City Council - Chorlton,Chorlton Place,2021,December,50,Wednesday,15 Dec 2021,23:00,21,14,35,21,14,35,No Group
Manchester City Council - Chorlton,Chorlton Place,2021,December,50,Thursday,16 Dec 2021,00:00,18,3,21,18,3,21,No Group
Manchester City Council - Chorlton,Chorlton Place,2021,December,50,Thursday,16 Dec 2021,01:00,7,0,7,7,0,7,No Group
Manchester City Council - Chorlton,Chorlton Place,2021,December,50,Thursday,16 Dec 2021,02:00,0,0,0,0,0,0,No Group
Manchester City Council - Chorlton,Chorlton Place,2021,December,50,Thursday,16 Dec 2021,03:00,0,2,2,0,2,2,No Group
Manchester City Council - Chorlton,Chorlton Place,2021,December,50,Thursday,16 Dec 2021,04:00,0,4,4,0,4,4,No Group
Manchester City Council - Chorlton,Chorlton Place,2021,December,50,Thursday,16 Dec 2021,05:00,8,14,22,8,14,22,No Group
Manchester City Council - Chorlton,Chorlton Place,2021,December,50,Thursday,16 Dec 2021,06:00,8,24,32,8,24,32,No Group
Manchester City Council - Chorlton,Chorlton Place,2021,December,50,Thursday,16 Dec 2021,07:00,11,48,59,11,48,59,No Group
Manchester City Council - Chorlton,Chorlton Place,2021,December,50,Thursday,16 Dec 2021,08:00,50,85,135,50,85,135,No Group
Manchester City Council - Chorlton,Chorlton Place,2021,December,50,Thursday,16 Dec 2021,09:00,89,102,191,89,102,191,No Group
Manchester City Council - Chorlton,Chorlton Place,2021,December,50,Thursday,16 Dec 2021,10:00,123,129,252,123,129,252,No Group
Manchester City Council - Chorlton,Chorlton Place,2021,December,50,Thursday,16 Dec 2021,11:00,134,165,299,134,165,299,No Group
Manchester City Council - Chorlton,Chorlton Place,2021,December,50,Thursday,16 Dec 2021,12:00,189,191,380,189,191,380,No Group
Manchester City Council - Chorlton,Chorlton Place,2021,December,50,Thursday,16 Dec 2021,13:00,147,180,327,147,180,327,No Group
Manchester City Council - Chorlton,Chorlton Place,2021,December,50,Thursday,16 Dec 2021,14:00,190,189,379,190,189,379,No Group
Manchester City Council - Chorlton,Chorlton Place,2021,December,50,Thursday,16 Dec 2021,15:00,146,159,305,146,159,305,No Group
Manchester City Council - Chorlton,Chorlton Place,2021,December,50,Thursday,16 Dec 2021,16:00,122,115,237,122,115,237,No Group
Manchester City Council - Chorlton,Chorlton Place,2021,December,50,Thursday,16 Dec 2021,17:00,98,92,190,98,92,190,No Group
Manchester City Council - Chorlton,Chorlton Place,2021,December,50,Thursday,16 Dec 2021,18:00,86,94,180,86,94,180,No Group
Manchester City Council - Chorlton,Chorlton Place,2021,December,50,Thursday,16 Dec 2021,19:00,51,54,105,51,54,105,No Group
Manchester City Council - Chorlton,Chorlton Place,2021,December,50,Thursday,16 Dec 2021,20:00,37,34,71,37,34,71,No Group
Manchester City Council - Chorlton,Chorlton Place,2021,December,50,Thursday,16 Dec 2021,21:00,27,26,53,27,26,53,No Group
Manchester City Council - Chorlton,Chorlton Place,2021,December,50,Thursday,16 Dec 2021,22:00,16,23,39,16,23,39,No Group
Manchester City Council - Chorlton,Chorlton Place,2021,December,50,Thursday,16 Dec 2021,23:00,5,14,19,5,14,19,No Group
Manchester City Council - Chorlton,Chorlton Place,2021,December,50,Friday,17 Dec 2021,00:00,21,1,22,21,1,22,No Group
Manchester City Council - Chorlton,Chorlton Place,2021,December,50,Friday,17 Dec 2021,01:00,1,2,3,1,2,3,No Group
Manchester City Council - Chorlton,Chorlton Place,2021,December,50,Friday,17 Dec 2021,02:00,4,0,4,4,0,4,No Group
Manchester City Council - Chorlton,Chorlton Place,2021,December,50,Friday,17 Dec 2021,03:00,1,1,2,1,1,2,No Group
Manchester City Council - Chorlton,Chorlton Place,2021,December,50,Friday,17 Dec 2021,04:00,1,3,4,1,3,4,No Group
Manchester City Council - Chorlton,Chorlton Place,2021,December,50,Friday,17 Dec 2021,05:00,2,6,8,2,6,8,No Group
Manchester City Council - Chorlton,Chorlton Place,2021,December,50,Friday,17 Dec 2021,06:00,14,26,40,14,26,40,No Group
Manchester City Council - Chorlton,Chorlton Place,2021,December,50,Friday,17 Dec 2021,07:00,12,39,51,12,39,51,No Group
Manchester City Council - Chorlton,Chorlton Place,2021,December,50,Friday,17 Dec 2021,08:00,72,95,167,72,95,167,No Group
Manchester City Council - Chorlton,Chorlton Place,2021,December,50,Friday,17 Dec 2021,09:00,95,95,190,95,95,190,No Group
Manchester City Council - Chorlton,Chorlton Place,2021,December,50,Friday,17 Dec 2021,10:00,191,162,353,191,162,353,No Group
Manchester City Council - Chorlton,Chorlton Place,2021,December,50,Friday,17 Dec 2021,11:00,182,201,383,182,201,383,No Group
Manchester City Council - Chorlton,Chorlton Place,2021,December,50,Friday,17 Dec 2021,12:00,158,211,369,158,211,369,No Group
Manchester City Council - Chorlton,Chorlton Place,2021,December,50,Friday,17 Dec 2021,13:00,170,198,368,170,198,368,No Group
Manchester City Council - Chorlton,Chorlton Place,2021,December,50,Friday,17 Dec 2021,14:00,217,238,455,217,238,455,No Group
Manchester City Council - Chorlton,Chorlton Place,2021,December,50,Friday,17 Dec 2021,15:00,183,161,344,183,161,344,No Group
Manchester City Council - Chorlton,Chorlton Place,2021,December,50,Friday,17 Dec 2021,16:00,135,134,269,135,134,269,No Group
Manchester City Council - Chorlton,Chorlton Place,2021,December,50,Friday,17 Dec 2021,17:00,95,79,174,95,79,174,No Group
Manchester City Council - Chorlton,Chorlton Place,2021,December,50,Friday,17 Dec 2021,18:00,79,73,152,79,73,152,No Group
Manchester City Council - Chorlton,Chorlton Place,2021,December,50,Friday,17 Dec 2021,19:00,51,52,103,51,52,103,No Group
Manchester City Council - Chorlton,Chorlton Place,2021,December,50,Friday,17 Dec 2021,20:00,37,38,75,37,38,75,No Group
Manchester City Council - Chorlton,Chorlton Place,2021,December,50,Friday,17 Dec 2021,21:00,27,36,63,27,36,63,No Group
Manchester City Council - Chorlton,Chorlton Place,2021,December,50,Friday,17 Dec 2021,22:00,29,19,48,29,19,48,No Group
Manchester City Council - Chorlton,Chorlton Place,2021,December,50,Friday,17 Dec 2021,23:00,22,29,51,22,29,51,No Group
Manchester City Council - Chorlton,Chorlton Place,2021,December,50,Saturday,18 Dec 2021,00:00,9,16,25,9,16,25,No Group
Manchester City Council - Chorlton,Chorlton Place,2021,December,50,Saturday,18 Dec 2021,01:00,14,4,18,14,4,18,No Group
Manchester City Council - Chorlton,Chorlton Place,2021,December,50,Saturday,18 Dec 2021,02:00,0,2,2,0,2,2,No Group
Manchester City Council - Chorlton,Chorlton Place,2021,December,50,Saturday,18 Dec 2021,03:00,1,1,2,1,1,2,No Group
Manchester City Council - Chorlton,Chorlton Place,2021,December,50,Saturday,18 Dec 2021,04:00,0,1,1,0,1,1,No Group
Manchester City Council - Chorlton,Chorlton Place,2021,December,50,Saturday,18 Dec 2021,05:00,1,3,4,1,3,4,No Group
Manchester City Council - Chorlton,Chorlton Place,2021,December,50,Saturday,18 Dec 2021,06:00,2,8,10,2,8,10,No Group
Manchester City Council - Chorlton,Chorlton Place,2021,December,50,Saturday,18 Dec 2021,07:00,3,17,20,3,17,20,No Group
Manchester City Council - Chorlton,Chorlton Place,2021,December,50,Saturday,18 Dec 2021,08:00,38,45,83,38,45,83,No Group
Manchester City Council - Chorlton,Chorlton Place,2021,December,50,Saturday,18 Dec 2021,09:00,91,103,194,91,103,194,No Group
Manchester City Council - Chorlton,Chorlton Place,2021,December,50,Saturday,18 Dec 2021,10:00,197,159,356,197,159,356,No Group
Manchester City Council - Chorlton,Chorlton Place,2021,December,50,Saturday,18 Dec 2021,11:00,197,226,423,197,226,423,No Group
Manchester City Council - Chorlton,Chorlton Place,2021,December,50,Saturday,18 Dec 2021,12:00,176,210,386,176,210,386,No Group
Manchester City Council - Chorlton,Chorlton Place,2021,December,50,Saturday,18 Dec 2021,13:00,242,249,491,242,249,491,No Group
Manchester City Council - Chorlton,Chorlton Place,2021,December,50,Saturday,18 Dec 2021,14:00,322,289,611,322,289,611,No Group
Manchester City Council - Chorlton,Chorlton Place,2021,December,50,Saturday,18 Dec 2021,15:00,296,266,562,296,266,562,No Group
Manchester City Council - Chorlton,Chorlton Place,2021,December,50,Saturday,18 Dec 2021,16:00,194,187,381,194,187,381,No Group
Manchester City Council - Chorlton,Chorlton Place,2021,December,50,Saturday,18 Dec 2021,17:00,91,78,169,91,78,169,No Group
Manchester City Council - Chorlton,Chorlton Place,2021,December,50,Saturday,18 Dec 2021,18:00,58,50,108,58,50,108,No Group
Manchester City Council - Chorlton,Chorlton Place,2021,December,50,Saturday,18 Dec 2021,19:00,50,91,141,50,91,141,No Group
Manchester City Council - Chorlton,Chorlton Place,2021,December,50,Saturday,18 Dec 2021,20:00,48,45,93,48,45,93,No Group
Manchester City Council - Chorlton,Chorlton Place,2021,December,50,Saturday,18 Dec 2021,21:00,24,34,58,24,34,58,No Group
Manchester City Council - Chorlton,Chorlton Place,2021,December,50,Saturday,18 Dec 2021,22:00,25,29,54,25,29,54,No Group
Manchester City Council - Chorlton,Chorlton Place,2021,December,50,Saturday,18 Dec 2021,23:00,8,19,27,8,19,27,No Group
Manchester City Council - Chorlton,Chorlton Place,2021,December,50,Sunday,19 Dec 2021,00:00,15,12,27,15,12,27,No Group
Manchester City Council - Chorlton,Chorlton Place,2021,December,50,Sunday,19 Dec 2021,01:00,16,3,19,16,3,19,No Group
Manchester City Council - Chorlton,Chorlton Place,2021,December,50,Sunday,19 Dec 2021,02:00,3,2,5,3,2,5,No Group
Manchester City Council - Chorlton,Chorlton Place,2021,December,50,Sunday,19 Dec 2021,03:00,0,2,2,0,2,2,No Group
Manchester City Council - Chorlton,Chorlton Place,2021,December,50,Sunday,19 Dec 2021,04:00,0,0,0,0,0,0,No Group
Manchester City Council - Chorlton,Chorlton Place,2021,December,50,Sunday,19 Dec 2021,05:00,0,0,0,0,0,0,No Group
Manchester City Council - Chorlton,Chorlton Place,2021,December,50,Sunday,19 Dec 2021,06:00,2,9,11,2,9,11,No Group
Manchester City Council - Chorlton,Chorlton Place,2021,December,50,Sunday,19 Dec 2021,07:00,3,8,11,3,8,11,No Group
Manchester City Council - Chorlton,Chorlton Place,2021,December,50,Sunday,19 Dec 2021,08:00,12,24,36,12,24,36,No Group
Manchester City Council - Chorlton,Chorlton Place,2021,December,50,Sunday,19 Dec 2021,09:00,41,57,98,41,57,98,No Group
Manchester City Council - Chorlton,Chorlton Place,2021,December,50,Sunday,19 Dec 2021,10:00,75,65,140,75,65,140,No Group
Manchester City Council - Chorlton,Chorlton Place,2021,December,50,Sunday,19 Dec 2021,11:00,120,113,233,120,113,233,No Group
Manchester City Council - Chorlton,Chorlton Place,2021,December,50,Sunday,19 Dec 2021,12:00,122,114,236,122,114,236,No Group
Manchester City Council - Chorlton,Chorlton Place,2021,December,50,Sunday,19 Dec 2021,13:00,140,141,281,140,141,281,No Group
Manchester City Council - Chorlton,Chorlton Place,2021,December,50,Sunday,19 Dec 2021,14:00,111,104,215,111,104,215,No Group
Manchester City Council - Chorlton,Chorlton Place,2021,December,50,Sunday,19 Dec 2021,15:00,92,100,192,92,100,192,No Group
Manchester City Council - Chorlton,Chorlton Place,2021,December,50,Sunday,19 Dec 2021,16:00,74,72,146,74,72,146,No Group
Manchester City Council - Chorlton,Chorlton Place,2021,December,50,Sunday,19 Dec 2021,17:00,29,30,59,29,30,59,No Group
Manchester City Council - Chorlton,Chorlton Place,2021,December,50,Sunday,19 Dec 2021,18:00,25,38,63,25,38,63,No Group
Manchester City Council - Chorlton,Chorlton Place,2021,December,50,Sunday,19 Dec 2021,19:00,25,34,59,25,34,59,No Group
Manchester City Council - Chorlton,Chorlton Place,2021,December,50,Sunday,19 Dec 2021,20:00,18,23,41,18,23,41,No Group
Manchester City Council - Chorlton,Chorlton Place,2021,December,50,Sunday,19 Dec 2021,21:00,22,19,41,22,19,41,No Group
Manchester City Council - Chorlton,Chorlton Place,2021,December,50,Sunday,19 Dec 2021,22:00,14,12,26,14,12,26,No Group
Manchester City Council - Chorlton,Chorlton Place,2021,December,50,Sunday,19 Dec 2021,23:00,14,8,22,14,8,22,No Group
Manchester City Council - Chorlton,Chorlton Place,2021,December,51,Monday,20 Dec 2021,00:00,13,7,20,13,7,20,No Group
Manchester City Council - Chorlton,Chorlton Place,2021,December,51,Monday,20 Dec 2021,01:00,3,4,7,3,4,7,No Group
Manchester City Council - Chorlton,Chorlton Place,2021,December,51,Monday,20 Dec 2021,02:00,0,2,2,0,2,2,No Group
Manchester City Council - Chorlton,Chorlton Place,2021,December,51,Monday,20 Dec 2021,03:00,0,1,1,0,1,1,No Group
Manchester City Council - Chorlton,Chorlton Place,2021,December,51,Monday,20 Dec 2021,04:00,1,4,5,1,4,5,No Group
Manchester City Council - Chorlton,Chorlton Place,2021,December,51,Monday,20 Dec 2021,05:00,0,4,4,0,4,4,No Group
Manchester City Council - Chorlton,Chorlton Place,2021,December,51,Monday,20 Dec 2021,06:00,4,9,13,4,9,13,No Group
Manchester City Council - Chorlton,Chorlton Place,2021,December,51,Monday,20 Dec 2021,07:00,12,43,55,12,43,55,No Group
Manchester City Council - Chorlton,Chorlton Place,2021,December,51,Monday,20 Dec 2021,08:00,40,55,95,40,55,95,No Group
Manchester City Council - Chorlton,Chorlton Place,2021,December,51,Monday,20 Dec 2021,09:00,85,94,179,85,94,179,No Group
Manchester City Council - Chorlton,Chorlton Place,2021,December,51,Monday,20 Dec 2021,10:00,129,147,276,129,147,276,No Group
Manchester City Council - Chorlton,Chorlton Place,2021,December,51,Monday,20 Dec 2021,11:00,171,170,341,171,170,341,No Group
Manchester City Council - Chorlton,Chorlton Place,2021,December,51,Monday,20 Dec 2021,12:00,170,172,342,170,172,342,No Group
Manchester City Council - Chorlton,Chorlton Place,2021,December,51,Monday,20 Dec 2021,13:00,189,219,408,189,219,408,No Group
Manchester City Council - Chorlton,Chorlton Place,2021,December,51,Monday,20 Dec 2021,14:00,195,207,402,195,207,402,No Group
Manchester City Council - Chorlton,Chorlton Place,2021,December,51,Monday,20 Dec 2021,15:00,155,161,316,155,161,316,No Group
Manchester City Council - Chorlton,Chorlton Place,2021,December,51,Monday,20 Dec 2021,16:00,152,149,301,152,149,301,No Group
Manchester City Council - Chorlton,Chorlton Place,2021,December,51,Monday,20 Dec 2021,17:00,95,91,186,95,91,186,No Group
Manchester City Council - Chorlton,Chorlton Place,2021,December,51,Monday,20 Dec 2021,18:00,85,61,146,85,61,146,No Group
Manchester City Council - Chorlton,Chorlton Place,2021,December,51,Monday,20 Dec 2021,19:00,35,37,72,35,37,72,No Group
Manchester City Council - Chorlton,Chorlton Place,2021,December,51,Monday,20 Dec 2021,20:00,45,43,88,45,43,88,No Group
Manchester City Council - Chorlton,Chorlton Place,2021,December,51,Monday,20 Dec 2021,21:00,21,31,52,21,31,52,No Group
Manchester City Council - Chorlton,Chorlton Place,2021,December,51,Monday,20 Dec 2021,22:00,13,18,31,13,18,31,No Group
Manchester City Council - Chorlton,Chorlton Place,2021,December,51,Monday,20 Dec 2021,23:00,9,13,22,9,13,22,No Group
Manchester City Council - Chorlton,Chorlton Place,2021,December,51,Tuesday,21 Dec 2021,00:00,10,5,15,10,5,15,No Group
Manchester City Council - Chorlton,Chorlton Place,2021,December,51,Tuesday,21 Dec 2021,01:00,5,0,5,5,0,5,No Group
Manchester City Council - Chorlton,Chorlton Place,2021,December,51,Tuesday,21 Dec 2021,02:00,1,0,1,1,0,1,No Group
Manchester City Council - Chorlton,Chorlton Place,2021,December,51,Tuesday,21 Dec 2021,03:00,0,2,2,0,2,2,No Group
Manchester City Council - Chorlton,Chorlton Place,2021,December,51,Tuesday,21 Dec 2021,04:00,1,4,5,1,4,5,No Group
Manchester City Council - Chorlton,Chorlton Place,2021,December,51,Tuesday,21 Dec 2021,05:00,4,4,8,4,4,8,No Group
Manchester City Council - Chorlton,Chorlton Place,2021,December,51,Tuesday,21 Dec 2021,06:00,8,14,22,8,14,22,No Group
Manchester City Council - Chorlton,Chorlton Place,2021,December,51,Tuesday,21 Dec 2021,07:00,19,31,50,19,31,50,No Group
Manchester City Council - Chorlton,Chorlton Place,2021,December,51,Tuesday,21 Dec 2021,08:00,35,66,101,35,66,101,No Group
Manchester City Council - Chorlton,Chorlton Place,2021,December,51,Tuesday,21 Dec 2021,09:00,112,134,246,112,134,246,No Group
Manchester City Council - Chorlton,Chorlton Place,2021,December,51,Tuesday,21 Dec 2021,10:00,144,151,295,144,151,295,No Group
Manchester City Council - Chorlton,Chorlton Place,2021,December,51,Tuesday,21 Dec 2021,11:00,155,226,381,155,226,381,No Group
Manchester City Council - Chorlton,Chorlton Place,2021,December,51,Tuesday,21 Dec 2021,12:00,269,267,536,269,267,536,No Group
Manchester City Council - Chorlton,Chorlton Place,2021,December,51,Tuesday,21 Dec 2021,13:00,245,260,505,245,260,505,No Group
Manchester City Council - Chorlton,Chorlton Place,2021,December,51,Tuesday,21 Dec 2021,14:00,205,199,404,205,199,404,No Group
Manchester City Council - Chorlton,Chorlton Place,2021,December,51,Tuesday,21 Dec 2021,15:00,203,192,395,203,192,395,No Group
Manchester City Council - Chorlton,Chorlton Place,2021,December,51,Tuesday,21 Dec 2021,16:00,147,148,295,147,148,295,No Group
Manchester City Council - Chorlton,Chorlton Place,2021,December,51,Tuesday,21 Dec 2021,17:00,126,110,236,126,110,236,No Group
Manchester City Council - Chorlton,Chorlton Place,2021,December,51,Tuesday,21 Dec 2021,18:00,68,76,144,68,76,144,No Group
Manchester City Council - Chorlton,Chorlton Place,2021,December,51,Tuesday,21 Dec 2021,19:00,42,38,80,42,38,80,No Group
Manchester City Council - Chorlton,Chorlton Place,2021,December,51,Tuesday,21 Dec 2021,20:00,33,29,62,33,29,62,No Group
Manchester City Council - Chorlton,Chorlton Place,2021,December,51,Tuesday,21 Dec 2021,21:00,24,19,43,24,19,43,No Group
Manchester City Council - Chorlton,Chorlton Place,2021,December,51,Tuesday,21 Dec 2021,22:00,10,16,26,10,16,26,No Group
Manchester City Council - Chorlton,Chorlton Place,2021,December,51,Tuesday,21 Dec 2021,23:00,16,13,29,16,13,29,No Group
Manchester City Council - Chorlton,Chorlton Place,2021,December,51,Wednesday,22 Dec 2021,00:00,17,8,25,17,8,25,No Group
Manchester City Council - Chorlton,Chorlton Place,2021,December,51,Wednesday,22 Dec 2021,01:00,4,2,6,4,2,6,No Group
Manchester City Council - Chorlton,Chorlton Place,2021,December,51,Wednesday,22 Dec 2021,02:00,1,0,1,1,0,1,No Group
Manchester City Council - Chorlton,Chorlton Place,2021,December,51,Wednesday,22 Dec 2021,03:00,1,2,3,1,2,3,No Group
Manchester City Council - Chorlton,Chorlton Place,2021,December,51,Wednesday,22 Dec 2021,04:00,1,2,3,1,2,3,No Group
Manchester City Council - Chorlton,Chorlton Place,2021,December,51,Wednesday,22 Dec 2021,05:00,3,8,11,3,8,11,No Group
Manchester City Council - Chorlton,Chorlton Place,2021,December,51,Wednesday,22 Dec 2021,06:00,2,11,13,2,11,13,No Group
Manchester City Council - Chorlton,Chorlton Place,2021,December,51,Wednesday,22 Dec 2021,07:00,17,43,60,17,43,60,No Group
Manchester City Council - Chorlton,Chorlton Place,2021,December,51,Wednesday,22 Dec 2021,08:00,73,81,154,73,81,154,No Group
Manchester City Council - Chorlton,Chorlton Place,2021,December,51,Wednesday,22 Dec 2021,09:00,99,120,219,99,120,219,No Group
Manchester City Council - Chorlton,Chorlton Place,2021,December,51,Wednesday,22 Dec 2021,10:00,184,195,379,184,195,379,No Group
Manchester City Council - Chorlton,Chorlton Place,2021,December,51,Wednesday,22 Dec 2021,11:00,212,217,429,212,217,429,No Group
Manchester City Council - Chorlton,Chorlton Place,2021,December,51,Wednesday,22 Dec 2021,12:00,217,232,449,217,232,449,No Group
Manchester City Council - Chorlton,Chorlton Place,2021,December,51,Wednesday,22 Dec 2021,13:00,207,272,479,207,272,479,No Group
Manchester City Council - Chorlton,Chorlton Place,2021,December,51,Wednesday,22 Dec 2021,14:00,242,235,477,242,235,477,No Group
Manchester City Council - Chorlton,Chorlton Place,2021,December,51,Wednesday,22 Dec 2021,15:00,231,248,479,231,248,479,No Group
Manchester City Council - Chorlton,Chorlton Place,2021,December,51,Wednesday,22 Dec 2021,16:00,92,105,197,92,105,197,No Group
Manchester City Council - Chorlton,Chorlton Place,2021,December,51,Wednesday,22 Dec 2021,17:00,63,78,141,63,78,141,No Group
Manchester City Council - Chorlton,Chorlton Place,2021,December,51,Wednesday,22 Dec 2021,18:00,38,37,75,38,37,75,No Group
Manchester City Council - Chorlton,Chorlton Place,2021,December,51,Wednesday,22 Dec 2021,19:00,38,22,60,38,22,60,No Group
Manchester City Council - Chorlton,Chorlton Place,2021,December,51,Wednesday,22 Dec 2021,20:00,15,17,32,15,17,32,No Group
Manchester City Council - Chorlton,Chorlton Place,2021,December,51,Wednesday,22 Dec 2021,21:00,14,18,32,14,18,32,No Group
Manchester City Council - Chorlton,Chorlton Place,2021,December,51,Wednesday,22 Dec 2021,22:00,9,4,13,9,4,13,No Group
Manchester City Council - Chorlton,Chorlton Place,2021,December,51,Wednesday,22 Dec 2021,23:00,5,5,10,5,5,10,No Group
Manchester City Council - Chorlton,Chorlton Place,2021,December,51,Thursday,23 Dec 2021,00:00,6,2,8,6,2,8,No Group
Manchester City Council - Chorlton,Chorlton Place,2021,December,51,Thursday,23 Dec 2021,01:00,2,2,4,2,2,4,No Group
Manchester City Council - Chorlton,Chorlton Place,2021,December,51,Thursday,23 Dec 2021,02:00,0,1,1,0,1,1,No Group
Manchester City Council - Chorlton,Chorlton Place,2021,December,51,Thursday,23 Dec 2021,03:00,0,1,1,0,1,1,No Group
Manchester City Council - Chorlton,Chorlton Place,2021,December,51,Thursday,23 Dec 2021,04:00,0,1,1,0,1,1,No Group
Manchester City Council - Chorlton,Chorlton Place,2021,December,51,Thursday,23 Dec 2021,05:00,1,1,2,1,1,2,No Group
Manchester City Council - Chorlton,Chorlton Place,2021,December,51,Thursday,23 Dec 2021,06:00,3,9,12,3,9,12,No Group
Manchester City Council - Chorlton,Chorlton Place,2021,December,51,Thursday,23 Dec 2021,07:00,24,14,38,24,14,38,No Group
Manchester City Council - Chorlton,Chorlton Place,2021,December,51,Thursday,23 Dec 2021,08:00,45,57,102,45,57,102,No Group
Manchester City Council - Chorlton,Chorlton Place,2021,December,51,Thursday,23 Dec 2021,09:00,139,129,268,139,129,268,No Group
Manchester City Council - Chorlton,Chorlton Place,2021,December,51,Thursday,23 Dec 2021,10:00,272,279,551,272,279,551,No Group
Manchester City Council - Chorlton,Chorlton Place,2021,December,51,Thursday,23 Dec 2021,11:00,284,315,599,284,315,599,No Group
Manchester City Council - Chorlton,Chorlton Place,2021,December,51,Thursday,23 Dec 2021,12:00,312,315,627,312,315,627,No Group
Manchester City Council - Chorlton,Chorlton Place,2021,December,51,Thursday,23 Dec 2021,13:00,269,299,568,269,299,568,No Group
Manchester City Council - Chorlton,Chorlton Place,2021,December,51,Thursday,23 Dec 2021,14:00,280,281,561,280,281,561,No Group
Manchester City Council - Chorlton,Chorlton Place,2021,December,51,Thursday,23 Dec 2021,15:00,285,248,533,285,248,533,No Group
Manchester City Council - Chorlton,Chorlton Place,2021,December,51,Thursday,23 Dec 2021,16:00,171,150,321,171,150,321,No Group
Manchester City Council - Chorlton,Chorlton Place,2021,December,51,Thursday,23 Dec 2021,17:00,57,66,123,57,66,123,No Group
Manchester City Council - Chorlton,Chorlton Place,2021,December,51,Thursday,23 Dec 2021,18:00,32,44,76,32,44,76,No Group
Manchester City Council - Chorlton,Chorlton Place,2021,December,51,Thursday,23 Dec 2021,19:00,34,26,60,34,26,60,No Group
Manchester City Council - Chorlton,Chorlton Place,2021,December,51,Thursday,23 Dec 2021,20:00,25,29,54,25,29,54,No Group
Manchester City Council - Chorlton,Chorlton Place,2021,December,51,Thursday,23 Dec 2021,21:00,17,19,36,17,19,36,No Group
Manchester City Council - Chorlton,Chorlton Place,2021,December,51,Thursday,23 Dec 2021,22:00,10,16,26,10,16,26,No Group
Manchester City Council - Chorlton,Chorlton Place,2021,December,51,Thursday,23 Dec 2021,23:00,9,11,20,9,11,20,No Group
Manchester City Council - Chorlton,Chorlton Place,2021,December,51,Friday,24 Dec 2021,00:00,5,2,7,5,2,7,No Group
Manchester City Council - Chorlton,Chorlton Place,2021,December,51,Friday,24 Dec 2021,01:00,0,1,1,0,1,1,No Group
Manchester City Council - Chorlton,Chorlton Place,2021,December,51,Friday,24 Dec 2021,02:00,0,0,0,0,0,0,No Group
Manchester City Council - Chorlton,Chorlton Place,2021,December,51,Friday,24 Dec 2021,03:00,1,2,3,1,2,3,No Group
Manchester City Council - Chorlton,Chorlton Place,2021,December,51,Friday,24 Dec 2021,04:00,4,4,8,4,4,8,No Group
Manchester City Council - Chorlton,Chorlton Place,2021,December,51,Friday,24 Dec 2021,05:00,0,4,4,0,4,4,No Group
Manchester City Council - Chorlton,Chorlton Place,2021,December,51,Friday,24 Dec 2021,06:00,7,19,26,7,19,26,No Group
Manchester City Council - Chorlton,Chorlton Place,2021,December,51,Friday,24 Dec 2021,07:00,26,35,61,26,35,61,No Group
Manchester City Council - Chorlton,Chorlton Place,2021,December,51,Friday,24 Dec 2021,08:00,91,97,188,91,97,188,No Group
Manchester City Council - Chorlton,Chorlton Place,2021,December,51,Friday,24 Dec 2021,09:00,175,158,333,175,158,333,No Group
Manchester City Council - Chorlton,Chorlton Place,2021,December,51,Friday,24 Dec 2021,10:00,220,236,456,220,236,456,No Group
Manchester City Council - Chorlton,Chorlton Place,2021,December,51,Friday,24 Dec 2021,11:00,274,348,622,274,348,622,No Group
Manchester City Council - Chorlton,Chorlton Place,2021,December,51,Friday,24 Dec 2021,12:00,239,287,526,239,287,526,No Group
Manchester City Council - Chorlton,Chorlton Place,2021,December,51,Friday,24 Dec 2021,13:00,221,291,512,221,291,512,No Group
Manchester City Council - Chorlton,Chorlton Place,2021,December,51,Friday,24 Dec 2021,14:00,210,204,414,210,204,414,No Group
Manchester City Council - Chorlton,Chorlton Place,2021,December,51,Friday,24 Dec 2021,15:00,156,164,320,156,164,320,No Group
Manchester City Council - Chorlton,Chorlton Place,2021,December,51,Friday,24 Dec 2021,16:00,103,83,186,103,83,186,No Group
Manchester City Council - Chorlton,Chorlton Place,2021,December,51,Friday,24 Dec 2021,17:00,80,80,160,80,80,160,No Group
Manchester City Council - Chorlton,Chorlton Place,2021,December,51,Friday,24 Dec 2021,18:00,54,53,107,54,53,107,No Group
Manchester City Council - Chorlton,Chorlton Place,2021,December,51,Friday,24 Dec 2021,19:00,26,47,73,26,47,73,No Group
Manchester City Council - Chorlton,Chorlton Place,2021,December,51,Friday,24 Dec 2021,20:00,13,31,44,13,31,44,No Group
Manchester City Council - Chorlton,Chorlton Place,2021,December,51,Friday,24 Dec 2021,21:00,18,14,32,18,14,32,No Group
Manchester City Council - Chorlton,Chorlton Place,2021,December,51,Friday,24 Dec 2021,22:00,7,15,22,7,15,22,No Group
Manchester City Council - Chorlton,Chorlton Place,2021,December,51,Friday,24 Dec 2021,23:00,8,11,19,8,11,19,No Group
Manchester City Council - Chorlton,Chorlton Place,2021,December,51,Saturday,25 Dec 2021,00:00,21,24,45,21,24,45,No Group
Manchester City Council - Chorlton,Chorlton Place,2021,December,51,Saturday,25 Dec 2021,01:00,6,3,9,6,3,9,No Group
Manchester City Council - Chorlton,Chorlton Place,2021,December,51,Saturday,25 Dec 2021,02:00,3,3,6,3,3,6,No Group
Manchester City Council - Chorlton,Chorlton Place,2021,December,51,Saturday,25 Dec 2021,03:00,1,0,1,1,0,1,No Group
Manchester City Council - Chorlton,Chorlton Place,2021,December,51,Saturday,25 Dec 2021,04:00,2,2,4,2,2,4,No Group
Manchester City Council - Chorlton,Chorlton Place,2021,December,51,Saturday,25 Dec 2021,05:00,0,1,1,0,1,1,No Group
Manchester City Council - Chorlton,Chorlton Place,2021,December,51,Saturday,25 Dec 2021,06:00,2,0,2,2,0,2,No Group
Manchester City Council - Chorlton,Chorlton Place,2021,December,51,Saturday,25 Dec 2021,07:00,1,0,1,1,0,1,No Group
Manchester City Council - Chorlton,Chorlton Place,2021,December,51,Saturday,25 Dec 2021,08:00,4,2,6,4,2,6,No Group
Manchester City Council - Chorlton,Chorlton Place,2021,December,51,Saturday,25 Dec 2021,09:00,11,9,20,11,9,20,No Group
Manchester City Council - Chorlton,Chorlton Place,2021,December,51,Saturday,25 Dec 2021,10:00,21,16,37,21,16,37,No Group
Manchester City Council - Chorlton,Chorlton Place,2021,December,51,Saturday,25 Dec 2021,11:00,52,128,180,52,128,180,No Group
Manchester City Council - Chorlton,Chorlton Place,2021,December,51,Saturday,25 Dec 2021,12:00,18,30,48,18,30,48,No Group
Manchester City Council - Chorlton,Chorlton Place,2021,December,51,Saturday,25 Dec 2021,13:00,24,29,53,24,29,53,No Group
Manchester City Council - Chorlton,Chorlton Place,2021,December,51,Saturday,25 Dec 2021,14:00,22,33,55,22,33,55,No Group
Manchester City Council - Chorlton,Chorlton Place,2021,December,51,Saturday,25 Dec 2021,15:00,19,16,35,19,16,35,No Group
Manchester City Council - Chorlton,Chorlton Place,2021,December,51,Saturday,25 Dec 2021,16:00,6,18,24,6,18,24,No Group
Manchester City Council - Chorlton,Chorlton Place,2021,December,51,Saturday,25 Dec 2021,17:00,9,14,23,9,14,23,No Group
Manchester City Council - Chorlton,Chorlton Place,2021,December,51,Saturday,25 Dec 2021,18:00,24,22,46,24,22,46,No Group
Manchester City Council - Chorlton,Chorlton Place,2021,December,51,Saturday,25 Dec 2021,19:00,14,22,36,14,22,36,No Group
Manchester City Council - Chorlton,Chorlton Place,2021,December,51,Saturday,25 Dec 2021,20:00,9,12,21,9,12,21,No Group
Manchester City Council - Chorlton,Chorlton Place,2021,December,51,Saturday,25 Dec 2021,21:00,3,6,9,3,6,9,No Group
Manchester City Council - Chorlton,Chorlton Place,2021,December,51,Saturday,25 Dec 2021,22:00,7,4,11,7,4,11,No Group
Manchester City Council - Chorlton,Chorlton Place,2021,December,51,Saturday,25 Dec 2021,23:00,1,6,7,1,6,7,No Group
Manchester City Council - Chorlton,Chorlton Place,2021,December,51,Sunday,26 Dec 2021,00:00,2,1,3,2,1,3,No Group
Manchester City Council - Chorlton,Chorlton Place,2021,December,51,Sunday,26 Dec 2021,01:00,1,3,4,1,3,4,No Group
Manchester City Council - Chorlton,Chorlton Place,2021,December,51,Sunday,26 Dec 2021,02:00,0,0,0,0,0,0,No Group
Manchester City Council - Chorlton,Chorlton Place,2021,December,51,Sunday,26 Dec 2021,03:00,0,0,0,0,0,0,No Group
Manchester City Council - Chorlton,Chorlton Place,2021,December,51,Sunday,26 Dec 2021,04:00,0,0,0,0,0,0,No Group
Manchester City Council - Chorlton,Chorlton Place,2021,December,51,Sunday,26 Dec 2021,05:00,0,1,1,0,1,1,No Group
Manchester City Council - Chorlton,Chorlton Place,2021,December,51,Sunday,26 Dec 2021,06:00,1,2,3,1,2,3,No Group
Manchester City Council - Chorlton,Chorlton Place,2021,December,51,Sunday,26 Dec 2021,07:00,2,2,4,2,2,4,No Group
Manchester City Council - Chorlton,Chorlton Place,2021,December,51,Sunday,26 Dec 2021,08:00,17,19,36,17,19,36,No Group
Manchester City Council - Chorlton,Chorlton Place,2021,December,51,Sunday,26 Dec 2021,09:00,39,43,82,39,43,82,No Group
Manchester City Council - Chorlton,Chorlton Place,2021,December,51,Sunday,26 Dec 2021,10:00,36,47,83,36,47,83,No Group
Manchester City Council - Chorlton,Chorlton Place,2021,December,51,Sunday,26 Dec 2021,11:00,53,45,98,53,45,98,No Group
Manchester City Council - Chorlton,Chorlton Place,2021,December,51,Sunday,26 Dec 2021,12:00,29,29,58,29,29,58,No Group
Manchester City Council - Chorlton,Chorlton Place,2021,December,51,Sunday,26 Dec 2021,13:00,75,82,157,75,82,157,No Group
Manchester City Council - Chorlton,Chorlton Place,2021,December,51,Sunday,26 Dec 2021,14:00,37,60,97,37,60,97,No Group
Manchester City Council - Chorlton,Chorlton Place,2021,December,51,Sunday,26 Dec 2021,15:00,61,53,114,61,53,114,No Group
Manchester City Council - Chorlton,Chorlton Place,2021,December,51,Sunday,26 Dec 2021,16:00,34,31,65,34,31,65,No Group
Manchester City Council - Chorlton,Chorlton Place,2021,December,51,Sunday,26 Dec 2021,17:00,29,28,57,29,28,57,No Group
Manchester City Council - Chorlton,Chorlton Place,2021,December,51,Sunday,26 Dec 2021,18:00,25,26,51,25,26,51,No Group
Manchester City Council - Chorlton,Chorlton Place,2021,December,51,Sunday,26 Dec 2021,19:00,22,25,47,22,25,47,No Group
Manchester City Council - Chorlton,Chorlton Place,2021,December,51,Sunday,26 Dec 2021,20:00,30,25,55,30,25,55,No Group
Manchester City Council - Chorlton,Chorlton Place,2021,December,51,Sunday,26 Dec 2021,21:00,27,29,56,27,29,56,No Group
Manchester City Council - Chorlton,Chorlton Place,2021,December,51,Sunday,26 Dec 2021,22:00,11,24,35,11,24,35,No Group
Manchester City Council - Chorlton,Chorlton Place,2021,December,51,Sunday,26 Dec 2021,23:00,12,11,23,12,11,23,No Group
Manchester City Council - Chorlton,Chorlton Place,2021,December,52,Monday,27 Dec 2021,00:00,3,3,6,3,3,6,No Group
Manchester City Council - Chorlton,Chorlton Place,2021,December,52,Monday,27 Dec 2021,01:00,6,4,10,6,4,10,No Group
Manchester City Council - Chorlton,Chorlton Place,2021,December,52,Monday,27 Dec 2021,02:00,3,0,3,3,0,3,No Group
Manchester City Council - Chorlton,Chorlton Place,2021,December,52,Monday,27 Dec 2021,03:00,2,2,4,2,2,4,No Group
Manchester City Council - Chorlton,Chorlton Place,2021,December,52,Monday,27 Dec 2021,04:00,0,0,0,0,0,0,No Group
Manchester City Council - Chorlton,Chorlton Place,2021,December,52,Monday,27 Dec 2021,05:00,0,0,0,0,0,0,No Group
Manchester City Council - Chorlton,Chorlton Place,2021,December,52,Monday,27 Dec 2021,06:00,0,3,3,0,3,3,No Group
Manchester City Council - Chorlton,Chorlton Place,2021,December,52,Monday,27 Dec 2021,07:00,4,6,10,4,6,10,No Group
Manchester City Council - Chorlton,Chorlton Place,2021,December,52,Monday,27 Dec 2021,08:00,20,31,51,20,31,51,No Group
Manchester City Council - Chorlton,Chorlton Place,2021,December,52,Monday,27 Dec 2021,09:00,52,39,91,52,39,91,No Group
Manchester City Council - Chorlton,Chorlton Place,2021,December,52,Monday,27 Dec 2021,10:00,65,58,123,65,58,123,No Group
Manchester City Council - Chorlton,Chorlton Place,2021,December,52,Monday,27 Dec 2021,11:00,75,75,150,75,75,150,No Group
Manchester City Council - Chorlton,Chorlton Place,2021,December,52,Monday,27 Dec 2021,12:00,90,116,206,90,116,206,No Group
Manchester City Council - Chorlton,Chorlton Place,2021,December,52,Monday,27 Dec 2021,13:00,102,111,213,102,111,213,No Group
Manchester City Council - Chorlton,Chorlton Place,2021,December,52,Monday,27 Dec 2021,14:00,100,115,215,100,115,215,No Group
Manchester City Council - Chorlton,Chorlton Place,2021,December,52,Monday,27 Dec 2021,15:00,98,83,181,98,83,181,No Group
Manchester City Council - Chorlton,Chorlton Place,2021,December,52,Monday,27 Dec 2021,16:00,54,62,116,54,62,116,No Group
Manchester City Council - Chorlton,Chorlton Place,2021,December,52,Monday,27 Dec 2021,17:00,20,30,50,20,30,50,No Group
Manchester City Council - Chorlton,Chorlton Place,2021,December,52,Monday,27 Dec 2021,18:00,23,18,41,23,18,41,No Group
Manchester City Council - Chorlton,Chorlton Place,2021,December,52,Monday,27 Dec 2021,19:00,28,17,45,28,17,45,No Group
Manchester City Council - Chorlton,Chorlton Place,2021,December,52,Monday,27 Dec 2021,20:00,16,24,40,16,24,40,No Group
Manchester City Council - Chorlton,Chorlton Place,2021,December,52,Monday,27 Dec 2021,21:00,10,17,27,10,17,27,No Group
Manchester City Council - Chorlton,Chorlton Place,2021,December,52,Monday,27 Dec 2021,22:00,13,47,60,13,47,60,No Group
Manchester City Council - Chorlton,Chorlton Place,2021,December,52,Monday,27 Dec 2021,23:00,14,6,20,14,6,20,No Group
Manchester City Council - Chorlton,Chorlton Place,2021,December,52,Tuesday,28 Dec 2021,00:00,11,3,14,11,3,14,No Group
Manchester City Council - Chorlton,Chorlton Place,2021,December,52,Tuesday,28 Dec 2021,01:00,4,3,7,4,3,7,No Group
Manchester City Council - Chorlton,Chorlton Place,2021,December,52,Tuesday,28 Dec 2021,02:00,2,1,3,2,1,3,No Group
Manchester City Council - Chorlton,Chorlton Place,2021,December,52,Tuesday,28 Dec 2021,03:00,3,2,5,3,2,5,No Group
Manchester City Council - Chorlton,Chorlton Place,2021,December,52,Tuesday,28 Dec 2021,04:00,0,3,3,0,3,3,No Group
Manchester City Council - Chorlton,Chorlton Place,2021,December,52,Tuesday,28 Dec 2021,05:00,6,6,12,6,6,12,No Group
Manchester City Council - Chorlton,Chorlton Place,2021,December,52,Tuesday,28 Dec 2021,06:00,1,4,5,1,4,5,No Group
Manchester City Council - Chorlton,Chorlton Place,2021,December,52,Tuesday,28 Dec 2021,07:00,2,3,5,2,3,5,No Group
Manchester City Council - Chorlton,Chorlton Place,2021,December,52,Tuesday,28 Dec 2021,08:00,10,9,19,10,9,19,No Group
Manchester City Council - Chorlton,Chorlton Place,2021,December,52,Tuesday,28 Dec 2021,09:00,33,51,84,33,51,84,No Group
Manchester City Council - Chorlton,Chorlton Place,2021,December,52,Tuesday,28 Dec 2021,10:00,57,69,126,57,69,126,No Group
Manchester City Council - Chorlton,Chorlton Place,2021,December,52,Tuesday,28 Dec 2021,11:00,96,119,215,96,119,215,No Group
Manchester City Council - Chorlton,Chorlton Place,2021,December,52,Tuesday,28 Dec 2021,12:00,140,131,271,140,131,271,No Group
Manchester City Council - Chorlton,Chorlton Place,2021,December,52,Tuesday,28 Dec 2021,13:00,136,148,284,136,148,284,No Group
Manchester City Council - Chorlton,Chorlton Place,2021,December,52,Tuesday,28 Dec 2021,14:00,130,149,279,130,149,279,No Group
Manchester City Council - Chorlton,Chorlton Place,2021,December,52,Tuesday,28 Dec 2021,15:00,138,123,261,138,123,261,No Group
Manchester City Council - Chorlton,Chorlton Place,2021,December,52,Tuesday,28 Dec 2021,16:00,64,57,121,64,57,121,No Group
Manchester City Council - Chorlton,Chorlton Place,2021,December,52,Tuesday,28 Dec 2021,17:00,34,43,77,34,43,77,No Group
Manchester City Council - Chorlton,Chorlton Place,2021,December,52,Tuesday,28 Dec 2021,18:00,37,24,61,37,24,61,No Group
Manchester City Council - Chorlton,Chorlton Place,2021,December,52,Tuesday,28 Dec 2021,19:00,19,29,48,19,29,48,No Group
Manchester City Council - Chorlton,Chorlton Place,2021,December,52,Tuesday,28 Dec 2021,20:00,23,23,46,23,23,46,No Group
Manchester City Council - Chorlton,Chorlton Place,2021,December,52,Tuesday,28 Dec 2021,21:00,21,29,50,21,29,50,No Group
Manchester City Council - Chorlton,Chorlton Place,2021,December,52,Tuesday,28 Dec 2021,22:00,13,5,18,13,5,18,No Group
Manchester City Council - Chorlton,Chorlton Place,2021,December,52,Tuesday,28 Dec 2021,23:00,4,7,11,4,7,11,No Group
Manchester City Council - Chorlton,Chorlton Place,2021,December,52,Wednesday,29 Dec 2021,00:00,6,2,8,6,2,8,No Group
Manchester City Council - Chorlton,Chorlton Place,2021,December,52,Wednesday,29 Dec 2021,01:00,2,2,4,2,2,4,No Group
Manchester City Council - Chorlton,Chorlton Place,2021,December,52,Wednesday,29 Dec 2021,02:00,0,0,0,0,0,0,No Group
Manchester City Council - Chorlton,Chorlton Place,2021,December,52,Wednesday,29 Dec 2021,03:00,2,0,2,2,0,2,No Group
Manchester City Council - Chorlton,Chorlton Place,2021,December,52,Wednesday,29 Dec 2021,04:00,0,2,2,0,2,2,No Group
Manchester City Council - Chorlton,Chorlton Place,2021,December,52,Wednesday,29 Dec 2021,05:00,1,1,2,1,1,2,No Group
Manchester City Council - Chorlton,Chorlton Place,2021,December,52,Wednesday,29 Dec 2021,06:00,2,7,9,2,7,9,No Group
Manchester City Council - Chorlton,Chorlton Place,2021,December,52,Wednesday,29 Dec 2021,07:00,7,16,23,7,16,23,No Group
Manchester City Council - Chorlton,Chorlton Place,2021,December,52,Wednesday,29 Dec 2021,08:00,34,45,79,34,45,79,No Group
Manchester City Council - Chorlton,Chorlton Place,2021,December,52,Wednesday,29 Dec 2021,09:00,50,70,120,50,70,120,No Group
Manchester City Council - Chorlton,Chorlton Place,2021,December,52,Wednesday,29 Dec 2021,10:00,105,149,254,105,149,254,No Group
Manchester City Council - Chorlton,Chorlton Place,2021,December,52,Wednesday,29 Dec 2021,11:00,121,187,308,121,187,308,No Group
Manchester City Council - Chorlton,Chorlton Place,2021,December,52,Wednesday,29 Dec 2021,12:00,163,208,371,163,208,371,No Group
Manchester City Council - Chorlton,Chorlton Place,2021,December,52,Wednesday,29 Dec 2021,13:00,158,182,340,158,182,340,No Group
Manchester City Council - Chorlton,Chorlton Place,2021,December,52,Wednesday,29 Dec 2021,14:00,206,243,449,206,243,449,No Group
Manchester City Council - Chorlton,Chorlton Place,2021,December,52,Wednesday,29 Dec 2021,15:00,203,239,442,203,239,442,No Group
Manchester City Council - Chorlton,Chorlton Place,2021,December,52,Wednesday,29 Dec 2021,16:00,104,120,224,104,120,224,No Group
Manchester City Council - Chorlton,Chorlton Place,2021,December,52,Wednesday,29 Dec 2021,17:00,44,53,97,44,53,97,No Group
Manchester City Council - Chorlton,Chorlton Place,2021,December,52,Wednesday,29 Dec 2021,18:00,35,50,85,35,50,85,No Group
Manchester City Council - Chorlton,Chorlton Place,2021,December,52,Wednesday,29 Dec 2021,19:00,19,23,42,19,23,42,No Group
Manchester City Council - Chorlton,Chorlton Place,2021,December,52,Wednesday,29 Dec 2021,20:00,27,32,59,27,32,59,No Group
Manchester City Council - Chorlton,Chorlton Place,2021,December,52,Wednesday,29 Dec 2021,21:00,18,25,43,18,25,43,No Group
Manchester City Council - Chorlton,Chorlton Place,2021,December,52,Wednesday,29 Dec 2021,22:00,16,15,31,16,15,31,No Group
Manchester City Council - Chorlton,Chorlton Place,2021,December,52,Wednesday,29 Dec 2021,23:00,23,17,40,23,17,40,No Group
Manchester City Council - Chorlton,Chorlton Place,2021,December,52,Thursday,30 Dec 2021,00:00,11,1,12,11,1,12,No Group
Manchester City Council - Chorlton,Chorlton Place,2021,December,52,Thursday,30 Dec 2021,01:00,1,1,2,1,1,2,No Group
Manchester City Council - Chorlton,Chorlton Place,2021,December,52,Thursday,30 Dec 2021,02:00,0,1,1,0,1,1,No Group
Manchester City Council - Chorlton,Chorlton Place,2021,December,52,Thursday,30 Dec 2021,03:00,0,1,1,0,1,1,No Group
Manchester City Council - Chorlton,Chorlton Place,2021,December,52,Thursday,30 Dec 2021,04:00,0,1,1,0,1,1,No Group
Manchester City Council - Chorlton,Chorlton Place,2021,December,52,Thursday,30 Dec 2021,05:00,0,1,1,0,1,1,No Group
Manchester City Council - Chorlton,Chorlton Place,2021,December,52,Thursday,30 Dec 2021,06:00,4,5,9,4,5,9,No Group
Manchester City Council - Chorlton,Chorlton Place,2021,December,52,Thursday,30 Dec 2021,07:00,22,21,43,22,21,43,No Group
Manchester City Council - Chorlton,Chorlton Place,2021,December,52,Thursday,30 Dec 2021,08:00,31,40,71,31,40,71,No Group
Manchester City Council - Chorlton,Chorlton Place,2021,December,52,Thursday,30 Dec 2021,09:00,73,81,154,73,81,154,No Group
Manchester City Council - Chorlton,Chorlton Place,2021,December,52,Thursday,30 Dec 2021,10:00,125,133,258,125,133,258,No Group
Manchester City Council - Chorlton,Chorlton Place,2021,December,52,Thursday,30 Dec 2021,11:00,179,243,422,179,243,422,No Group
Manchester City Council - Chorlton,Chorlton Place,2021,December,52,Thursday,30 Dec 2021,12:00,231,266,497,231,266,497,No Group
Manchester City Council - Chorlton,Chorlton Place,2021,December,52,Thursday,30 Dec 2021,13:00,248,294,542,248,294,542,No Group
Manchester City Council - Chorlton,Chorlton Place,2021,December,52,Thursday,30 Dec 2021,14:00,211,220,431,211,220,431,No Group
Manchester City Council - Chorlton,Chorlton Place,2021,December,52,Thursday,30 Dec 2021,15:00,127,154,281,127,154,281,No Group
Manchester City Council - Chorlton,Chorlton Place,2021,December,52,Thursday,30 Dec 2021,16:00,67,62,129,67,62,129,No Group
Manchester City Council - Chorlton,Chorlton Place,2021,December,52,Thursday,30 Dec 2021,17:00,42,36,78,42,36,78,No Group
Manchester City Council - Chorlton,Chorlton Place,2021,December,52,Thursday,30 Dec 2021,18:00,35,47,82,35,47,82,No Group
Manchester City Council - Chorlton,Chorlton Place,2021,December,52,Thursday,30 Dec 2021,19:00,51,49,100,51,49,100,No Group
Manchester City Council - Chorlton,Chorlton Place,2021,December,52,Thursday,30 Dec 2021,20:00,25,30,55,25,30,55,No Group
Manchester City Council - Chorlton,Chorlton Place,2021,December,52,Thursday,30 Dec 2021,21:00,8,18,26,8,18,26,No Group
Manchester City Council - Chorlton,Chorlton Place,2021,December,52,Thursday,30 Dec 2021,22:00,21,30,51,21,30,51,No Group
Manchester City Council - Chorlton,Chorlton Place,2021,December,52,Thursday,30 Dec 2021,23:00,10,19,29,10,19,29,No Group
Manchester City Council - Chorlton,Chorlton Place,2021,December,52,Friday,31 Dec 2021,00:00,8,4,12,8,4,12,No Group
Manchester City Council - Chorlton,Chorlton Place,2021,December,52,Friday,31 Dec 2021,01:00,1,2,3,1,2,3,No Group
Manchester City Council - Chorlton,Chorlton Place,2021,December,52,Friday,31 Dec 2021,02:00,0,0,0,0,0,0,No Group
Manchester City Council - Chorlton,Chorlton Place,2021,December,52,Friday,31 Dec 2021,03:00,1,1,2,1,1,2,No Group
Manchester City Council - Chorlton,Chorlton Place,2021,December,52,Friday,31 Dec 2021,04:00,1,2,3,1,2,3,No Group
Manchester City Council - Chorlton,Chorlton Place,2021,December,52,Friday,31 Dec 2021,05:00,1,1,2,1,1,2,No Group
Manchester City Council - Chorlton,Chorlton Place,2021,December,52,Friday,31 Dec 2021,06:00,14,10,24,14,10,24,No Group
Manchester City Council - Chorlton,Chorlton Place,2021,December,52,Friday,31 Dec 2021,07:00,7,22,29,7,22,29,No Group
Manchester City Council - Chorlton,Chorlton Place,2021,December,52,Friday,31 Dec 2021,08:00,41,53,94,41,53,94,No Group
Manchester City Council - Chorlton,Chorlton Place,2021,December,52,Friday,31 Dec 2021,09:00,92,119,211,92,119,211,No Group
Manchester City Council - Chorlton,Chorlton Place,2021,December,52,Friday,31 Dec 2021,10:00,122,138,260,122,138,260,No Group
Manchester City Council - Chorlton,Chorlton Place,2021,December,52,Friday,31 Dec 2021,11:00,271,475,746,271,475,746,No Group
Manchester City Council - Chorlton,Chorlton Place,2021,December,52,Friday,31 Dec 2021,12:00,251,366,617,251,366,617,No Group
Manchester City Council - Chorlton,Chorlton Place,2021,December,52,Friday,31 Dec 2021,13:00,215,246,461,215,246,461,No Group
Manchester City Council - Chorlton,Chorlton Place,2021,December,52,Friday,31 Dec 2021,14:00,197,219,416,197,219,416,No Group
Manchester City Council - Chorlton,Chorlton Place,2021,December,52,Friday,31 Dec 2021,15:00,199,202,401,199,202,401,No Group
Manchester City Council - Chorlton,Chorlton Place,2021,December,52,Friday,31 Dec 2021,16:00,101,109,210,101,109,210,No Group
Manchester City Council - Chorlton,Chorlton Place,2021,December,52,Friday,31 Dec 2021,17:00,62,65,127,62,65,127,No Group
Manchester City Council - Chorlton,Chorlton Place,2021,December,52,Friday,31 Dec 2021,18:00,42,31,73,42,31,73,No Group
Manchester City Council - Chorlton,Chorlton Place,2021,December,52,Friday,31 Dec 2021,19:00,37,72,109,37,72,109,No Group
Manchester City Council - Chorlton,Chorlton Place,2021,December,52,Friday,31 Dec 2021,20:00,32,59,91,32,59,91,No Group
Manchester City Council - Chorlton,Chorlton Place,2021,December,52,Friday,31 Dec 2021,21:00,27,31,58,27,31,58,No Group
Manchester City Council - Chorlton,Chorlton Place,2021,December,52,Friday,31 Dec 2021,22:00,28,26,54,28,26,54,No Group
Manchester City Council - Chorlton,Chorlton Place,2021,December,52,Friday,31 Dec 2021,23:00,23,22,45,23,22,45,No Group
