Site,LocationName,BRCYear,BRCMonthName,BRCWeekNum,DayName,Date,Hour,InCount,OutCount,ReportCount,FactoredInCount,FactoredOutCount,FactoredReportCount,LocationGroup
Manchester City Council - Chorlton,Chorlton Place,2020,January,1,Wednesday,01 Jan 2020,,857,846,1703,857,846,1703,No Group
Manchester City Council - Chorlton,Chorlton Place,2020,January,1,Thursday,02 Jan 2020,,1441,1668,3109,1441,1668,3109,No Group
Manchester City Council - Chorlton,Chorlton Place,2020,January,1,Friday,03 Jan 2020,,1890,2313,4203,1890,2313,4203,No Group
Manchester City Council - Chorlton,Chorlton Place,2020,January,1,Saturday,04 Jan 2020,,2186,2742,4928,2186,2742,4928,No Group
Manchester City Council - Chorlton,Chorlton Place,2020,January,1,Sunday,05 Jan 2020,,1006,1155,2161,1006,1155,2161,No Group
Manchester City Council - Chorlton,Chorlton Place,2020,January,2,Monday,06 Jan 2020,,1394,1743,3137,1394,1743,3137,No Group
Manchester City Council - Chorlton,Chorlton Place,2020,January,2,Tuesday,07 Jan 2020,,1600,1887,3487,1600,1887,3487,No Group
Manchester City Council - Chorlton,Chorlton Place,2020,January,2,Wednesday,08 Jan 2020,,1578,1793,3371,1578,1793,3371,No Group
Manchester City Council - Chorlton,Chorlton Place,2020,January,2,Thursday,09 Jan 2020,,1477,1767,3244,1477,1767,3244,No Group
Manchester City Council - Chorlton,Chorlton Place,2020,January,2,Friday,10 Jan 2020,,1679,2087,3766,1679,2087,3766,No Group
Manchester City Council - Chorlton,Chorlton Place,2020,January,2,Saturday,11 Jan 2020,,2106,2364,4470,2106,2364,4470,No Group
Manchester City Council - Chorlton,Chorlton Place,2020,January,2,Sunday,12 Jan 2020,,974,1176,2150,974,1176,2150,No Group
Manchester City Council - Chorlton,Chorlton Place,2020,January,3,Monday,13 Jan 2020,,1436,1720,3156,1436,1720,3156,No Group
Manchester City Council - Chorlton,Chorlton Place,2020,January,3,Tuesday,14 Jan 2020,,1597,1992,3589,1597,1992,3589,No Group
Manchester City Council - Chorlton,Chorlton Place,2020,January,3,Wednesday,15 Jan 2020,,1959,2862,4821,1959,2862,4821,No Group
Manchester City Council - Chorlton,Chorlton Place,2020,January,3,Thursday,16 Jan 2020,,1551,1647,3198,1551,1647,3198,No Group
Manchester City Council - Chorlton,Chorlton Place,2020,January,3,Friday,17 Jan 2020,,2041,2417,4458,2041,2417,4458,No Group
Manchester City Council - Chorlton,Chorlton Place,2020,January,3,Saturday,18 Jan 2020,,3122,4655,7777,3122,4655,7777,No Group
Manchester City Council - Chorlton,Chorlton Place,2020,January,3,Sunday,19 Jan 2020,,949,1042,1991,949,1042,1991,No Group
Manchester City Council - Chorlton,Chorlton Place,2020,January,4,Monday,20 Jan 2020,,1881,2854,4735,1881,2854,4735,No Group
Manchester City Council - Chorlton,Chorlton Place,2020,January,4,Tuesday,21 Jan 2020,,1491,1674,3165,1491,1674,3165,No Group
Manchester City Council - Chorlton,Chorlton Place,2020,January,4,Wednesday,22 Jan 2020,,1560,1926,3486,1560,1926,3486,No Group
Manchester City Council - Chorlton,Chorlton Place,2020,January,4,Thursday,23 Jan 2020,,1603,1987,3590,1603,1987,3590,No Group
Manchester City Council - Chorlton,Chorlton Place,2020,January,4,Friday,24 Jan 2020,,2070,2502,4572,2070,2502,4572,No Group
Manchester City Council - Chorlton,Chorlton Place,2020,January,4,Saturday,25 Jan 2020,,2501,2805,5306,2501,2805,5306,No Group
Manchester City Council - Chorlton,Chorlton Place,2020,January,4,Sunday,26 Jan 2020,,1225,1478,2703,1225,1478,2703,No Group
Manchester City Council - Chorlton,Chorlton Place,2020,January,5,Monday,27 Jan 2020,,1487,1722,3209,1487,1722,3209,No Group
Manchester City Council - Chorlton,Chorlton Place,2020,January,5,Tuesday,28 Jan 2020,,1575,1915,3490,1575,1915,3490,No Group
Manchester City Council - Chorlton,Chorlton Place,2020,January,5,Wednesday,29 Jan 2020,,1894,2604,4498,1894,2604,4498,No Group
Manchester City Council - Chorlton,Chorlton Place,2020,January,5,Thursday,30 Jan 2020,,1670,1866,3536,1670,1866,3536,No Group
Manchester City Council - Chorlton,Chorlton Place,2020,January,5,Friday,31 Jan 2020,,2061,2416,4477,2061,2416,4477,No Group
Manchester City Council - Chorlton,Chorlton Place,2020,January,5,Saturday,01 Feb 2020,,2302,2660,4962,2302,2660,4962,No Group
Manchester City Council - Chorlton,Chorlton Place,2020,January,5,Sunday,02 Feb 2020,,1085,1385,2470,1085,1385,2470,No Group
Manchester City Council - Chorlton,Chorlton Place,2020,February,6,Monday,03 Feb 2020,,1560,1963,3523,1560,1963,3523,No Group
Manchester City Council - Chorlton,Chorlton Place,2020,February,6,Tuesday,04 Feb 2020,,1635,1872,3507,1635,1872,3507,No Group
Manchester City Council - Chorlton,Chorlton Place,2020,February,6,Wednesday,05 Feb 2020,,1652,1861,3513,1652,1861,3513,No Group
Manchester City Council - Chorlton,Chorlton Place,2020,February,6,Thursday,06 Feb 2020,,2077,3283,5360,2077,3283,5360,No Group
Manchester City Council - Chorlton,Chorlton Place,2020,February,6,Friday,07 Feb 2020,,2142,3056,5198,2142,3056,5198,No Group
Manchester City Council - Chorlton,Chorlton Place,2020,February,6,Saturday,08 Feb 2020,,2835,4118,6953,2835,4118,6953,No Group
Manchester City Council - Chorlton,Chorlton Place,2020,February,6,Sunday,09 Feb 2020,,798,1003,1801,798,1003,1801,No Group
Manchester City Council - Chorlton,Chorlton Place,2020,February,7,Monday,10 Feb 2020,,1475,1662,3137,1475,1662,3137,No Group
Manchester City Council - Chorlton,Chorlton Place,2020,February,7,Tuesday,11 Feb 2020,,1345,1650,2995,1345,1650,2995,No Group
Manchester City Council - Chorlton,Chorlton Place,2020,February,7,Wednesday,12 Feb 2020,,1860,2180,4040,1860,2180,4040,No Group
Manchester City Council - Chorlton,Chorlton Place,2020,February,7,Thursday,13 Feb 2020,,1755,2021,3776,1755,2021,3776,No Group
Manchester City Council - Chorlton,Chorlton Place,2020,February,7,Friday,14 Feb 2020,,2055,2322,4377,2055,2322,4377,No Group
Manchester City Council - Chorlton,Chorlton Place,2020,February,7,Saturday,15 Feb 2020,,2397,2616,5013,2397,2616,5013,No Group
Manchester City Council - Chorlton,Chorlton Place,2020,February,7,Sunday,16 Feb 2020,,1034,1245,2279,1034,1245,2279,No Group
Manchester City Council - Chorlton,Chorlton Place,2020,February,8,Monday,17 Feb 2020,,1510,1732,3242,1510,1732,3242,No Group
Manchester City Council - Chorlton,Chorlton Place,2020,February,8,Tuesday,18 Feb 2020,,1548,1785,3333,1548,1785,3333,No Group
Manchester City Council - Chorlton,Chorlton Place,2020,February,8,Wednesday,19 Feb 2020,,1738,1945,3683,1738,1945,3683,No Group
Manchester City Council - Chorlton,Chorlton Place,2020,February,8,Thursday,20 Feb 2020,,1657,1996,3653,1657,1996,3653,No Group
Manchester City Council - Chorlton,Chorlton Place,2020,February,8,Friday,21 Feb 2020,,1867,2118,3985,1867,2118,3985,No Group
Manchester City Council - Chorlton,Chorlton Place,2020,February,8,Saturday,22 Feb 2020,,2188,2574,4762,2188,2574,4762,No Group
Manchester City Council - Chorlton,Chorlton Place,2020,February,8,Sunday,23 Feb 2020,,973,1224,2197,973,1224,2197,No Group
Manchester City Council - Chorlton,Chorlton Place,2020,February,9,Monday,24 Feb 2020,,1622,1832,3454,1622,1832,3454,No Group
Manchester City Council - Chorlton,Chorlton Place,2020,February,9,Tuesday,25 Feb 2020,,1577,1994,3571,1577,1994,3571,No Group
Manchester City Council - Chorlton,Chorlton Place,2020,February,9,Wednesday,26 Feb 2020,,1733,2229,3962,1733,2229,3962,No Group
Manchester City Council - Chorlton,Chorlton Place,2020,February,9,Thursday,27 Feb 2020,,1819,2747,4566,1819,2747,4566,No Group
Manchester City Council - Chorlton,Chorlton Place,2020,February,9,Friday,28 Feb 2020,,1914,2237,4151,1914,2237,4151,No Group
Manchester City Council - Chorlton,Chorlton Place,2020,February,9,Saturday,29 Feb 2020,,3587,4645,8232,3587,4645,8232,No Group
Manchester City Council - Chorlton,Chorlton Place,2020,February,9,Sunday,01 Mar 2020,,1674,2401,4075,1674,2401,4075,No Group
Manchester City Council - Chorlton,Chorlton Place,2020,March,10,Monday,02 Mar 2020,,2036,2774,4810,2036,2774,4810,No Group
Manchester City Council - Chorlton,Chorlton Place,2020,March,10,Tuesday,03 Mar 2020,,1579,1880,3459,1579,1880,3459,No Group
Manchester City Council - Chorlton,Chorlton Place,2020,March,10,Wednesday,04 Mar 2020,,1666,1855,3521,1666,1855,3521,No Group
Manchester City Council - Chorlton,Chorlton Place,2020,March,10,Thursday,05 Mar 2020,,2253,2877,5130,2253,2877,5130,No Group
Manchester City Council - Chorlton,Chorlton Place,2020,March,10,Friday,06 Mar 2020,,2992,4261,7253,2992,4261,7253,No Group
Manchester City Council - Chorlton,Chorlton Place,2020,March,10,Saturday,07 Mar 2020,,2414,2743,5157,2414,2743,5157,No Group
Manchester City Council - Chorlton,Chorlton Place,2020,March,10,Sunday,08 Mar 2020,,1457,1858,3315,1457,1858,3315,No Group
Manchester City Council - Chorlton,Chorlton Place,2020,March,11,Monday,09 Mar 2020,,1494,1711,3205,1494,1711,3205,No Group
Manchester City Council - Chorlton,Chorlton Place,2020,March,11,Tuesday,10 Mar 2020,,1617,1945,3562,1617,1945,3562,No Group
Manchester City Council - Chorlton,Chorlton Place,2020,March,11,Wednesday,11 Mar 2020,,1599,2227,3826,1599,2227,3826,No Group
Manchester City Council - Chorlton,Chorlton Place,2020,March,11,Thursday,12 Mar 2020,,1977,2731,4708,1977,2731,4708,No Group
Manchester City Council - Chorlton,Chorlton Place,2020,March,11,Friday,13 Mar 2020,,2134,2627,4761,2134,2627,4761,No Group
Manchester City Council - Chorlton,Chorlton Place,2020,March,11,Saturday,14 Mar 2020,,2383,2666,5049,2383,2666,5049,No Group
Manchester City Council - Chorlton,Chorlton Place,2020,March,11,Sunday,15 Mar 2020,,1067,1301,2368,1067,1301,2368,No Group
Manchester City Council - Chorlton,Chorlton Place,2020,March,12,Monday,16 Mar 2020,,1810,2374,4184,1810,2374,4184,No Group
Manchester City Council - Chorlton,Chorlton Place,2020,March,12,Tuesday,17 Mar 2020,,1602,1834,3436,1602,1834,3436,No Group
Manchester City Council - Chorlton,Chorlton Place,2020,March,12,Wednesday,18 Mar 2020,,1260,1502,2762,1260,1502,2762,No Group
Manchester City Council - Chorlton,Chorlton Place,2020,March,12,Thursday,19 Mar 2020,,1587,1825,3412,1587,1825,3412,No Group
Manchester City Council - Chorlton,Chorlton Place,2020,March,12,Friday,20 Mar 2020,,2117,2696,4813,2117,2696,4813,No Group
Manchester City Council - Chorlton,Chorlton Place,2020,March,12,Saturday,21 Mar 2020,,1736,2068,3804,1736,2068,3804,No Group
Manchester City Council - Chorlton,Chorlton Place,2020,March,12,Sunday,22 Mar 2020,,896,1226,2122,896,1226,2122,No Group
Manchester City Council - Chorlton,Chorlton Place,2020,March,13,Monday,23 Mar 2020,,1119,1613,2732,1119,1613,2732,No Group
Manchester City Council - Chorlton,Chorlton Place,2020,March,13,Tuesday,24 Mar 2020,,845,1221,2066,845,1221,2066,No Group
Manchester City Council - Chorlton,Chorlton Place,2020,March,13,Wednesday,25 Mar 2020,,949,1369,2318,949,1369,2318,No Group
Manchester City Council - Chorlton,Chorlton Place,2020,March,13,Thursday,26 Mar 2020,,985,1432,2417,985,1432,2417,No Group
Manchester City Council - Chorlton,Chorlton Place,2020,March,13,Friday,27 Mar 2020,,1215,1596,2811,1215,1596,2811,No Group
Manchester City Council - Chorlton,Chorlton Place,2020,March,13,Saturday,28 Mar 2020,,728,818,1546,728,818,1546,No Group
Manchester City Council - Chorlton,Chorlton Place,2020,March,13,Sunday,29 Mar 2020,,301,436,737,301,436,737,No Group
Manchester City Council - Chorlton,Chorlton Place,2020,March,14,Monday,30 Mar 2020,,567,644,1211,567,644,1211,No Group
Manchester City Council - Chorlton,Chorlton Place,2020,March,14,Tuesday,31 Mar 2020,,644,729,1373,644,729,1373,No Group
Manchester City Council - Chorlton,Chorlton Place,2020,March,14,Wednesday,01 Apr 2020,,550,645,1195,550,645,1195,No Group
Manchester City Council - Chorlton,Chorlton Place,2020,March,14,Thursday,02 Apr 2020,,611,732,1343,611,732,1343,No Group
Manchester City Council - Chorlton,Chorlton Place,2020,March,14,Friday,03 Apr 2020,,758,883,1641,758,883,1641,No Group
Manchester City Council - Chorlton,Chorlton Place,2020,March,14,Saturday,04 Apr 2020,,707,744,1451,707,744,1451,No Group
Manchester City Council - Chorlton,Chorlton Place,2020,March,14,Sunday,05 Apr 2020,,373,476,849,373,476,849,No Group
Manchester City Council - Chorlton,Chorlton Place,2020,April,15,Monday,06 Apr 2020,,805,907,1712,805,907,1712,No Group
Manchester City Council - Chorlton,Chorlton Place,2020,April,15,Tuesday,07 Apr 2020,,851,1120,1971,851,1120,1971,No Group
Manchester City Council - Chorlton,Chorlton Place,2020,April,15,Wednesday,08 Apr 2020,,795,1000,1795,795,1000,1795,No Group
Manchester City Council - Chorlton,Chorlton Place,2020,April,15,Thursday,09 Apr 2020,,782,982,1764,782,982,1764,No Group
Manchester City Council - Chorlton,Chorlton Place,2020,April,15,Friday,10 Apr 2020,,705,808,1513,705,808,1513,No Group
Manchester City Council - Chorlton,Chorlton Place,2020,April,15,Saturday,11 Apr 2020,,972,1138,2110,972,1138,2110,No Group
Manchester City Council - Chorlton,Chorlton Place,2020,April,15,Sunday,12 Apr 2020,,321,366,687,321,366,687,No Group
Manchester City Council - Chorlton,Chorlton Place,2020,April,16,Monday,13 Apr 2020,,616,797,1413,616,797,1413,No Group
Manchester City Council - Chorlton,Chorlton Place,2020,April,16,Tuesday,14 Apr 2020,,989,1180,2169,989,1180,2169,No Group
Manchester City Council - Chorlton,Chorlton Place,2020,April,16,Wednesday,15 Apr 2020,,924,1072,1996,924,1072,1996,No Group
Manchester City Council - Chorlton,Chorlton Place,2020,April,16,Thursday,16 Apr 2020,,858,964,1822,858,964,1822,No Group
Manchester City Council - Chorlton,Chorlton Place,2020,April,16,Friday,17 Apr 2020,,958,1151,2109,958,1151,2109,No Group
Manchester City Council - Chorlton,Chorlton Place,2020,April,16,Saturday,18 Apr 2020,,653,735,1388,653,735,1388,No Group
Manchester City Council - Chorlton,Chorlton Place,2020,April,16,Sunday,19 Apr 2020,,587,686,1273,587,686,1273,No Group
Manchester City Council - Chorlton,Chorlton Place,2020,April,17,Monday,20 Apr 2020,,845,964,1809,845,964,1809,No Group
Manchester City Council - Chorlton,Chorlton Place,2020,April,17,Tuesday,21 Apr 2020,,918,1008,1926,918,1008,1926,No Group
Manchester City Council - Chorlton,Chorlton Place,2020,April,17,Wednesday,22 Apr 2020,,834,927,1761,834,927,1761,No Group
Manchester City Council - Chorlton,Chorlton Place,2020,April,17,Thursday,23 Apr 2020,,759,884,1643,759,884,1643,No Group
Manchester City Council - Chorlton,Chorlton Place,2020,April,17,Friday,24 Apr 2020,,1041,1189,2230,1041,1189,2230,No Group
Manchester City Council - Chorlton,Chorlton Place,2020,April,17,Saturday,25 Apr 2020,,1097,1162,2259,1097,1162,2259,No Group
Manchester City Council - Chorlton,Chorlton Place,2020,April,17,Sunday,26 Apr 2020,,406,491,897,406,491,897,No Group
Manchester City Council - Chorlton,Chorlton Place,2020,April,18,Monday,27 Apr 2020,,733,878,1611,733,878,1611,No Group
Manchester City Council - Chorlton,Chorlton Place,2020,April,18,Tuesday,28 Apr 2020,,580,647,1227,580,647,1227,No Group
Manchester City Council - Chorlton,Chorlton Place,2020,April,18,Wednesday,29 Apr 2020,,561,599,1160,561,599,1160,No Group
Manchester City Council - Chorlton,Chorlton Place,2020,April,18,Thursday,30 Apr 2020,,659,750,1409,659,750,1409,No Group
Manchester City Council - Chorlton,Chorlton Place,2020,April,18,Friday,01 May 2020,,936,965,1901,936,965,1901,No Group
Manchester City Council - Chorlton,Chorlton Place,2020,April,18,Saturday,02 May 2020,,893,983,1876,893,983,1876,No Group
Manchester City Council - Chorlton,Chorlton Place,2020,April,18,Sunday,03 May 2020,,457,536,993,457,536,993,No Group
Manchester City Council - Chorlton,Chorlton Place,2020,May,19,Monday,04 May 2020,,758,852,1610,758,852,1610,No Group
Manchester City Council - Chorlton,Chorlton Place,2020,May,19,Tuesday,05 May 2020,,853,984,1837,853,984,1837,No Group
Manchester City Council - Chorlton,Chorlton Place,2020,May,19,Wednesday,06 May 2020,,880,1037,1917,880,1037,1917,No Group
Manchester City Council - Chorlton,Chorlton Place,2020,May,19,Thursday,07 May 2020,,978,1043,2021,978,1043,2021,No Group
Manchester City Council - Chorlton,Chorlton Place,2020,May,19,Friday,08 May 2020,,854,986,1840,854,986,1840,No Group
Manchester City Council - Chorlton,Chorlton Place,2020,May,19,Saturday,09 May 2020,,1073,1144,2217,1073,1144,2217,No Group
Manchester City Council - Chorlton,Chorlton Place,2020,May,19,Sunday,10 May 2020,,354,432,786,354,432,786,No Group
Manchester City Council - Chorlton,Chorlton Place,2020,May,20,Monday,11 May 2020,,804,852,1656,804,852,1656,No Group
Manchester City Council - Chorlton,Chorlton Place,2020,May,20,Tuesday,12 May 2020,,611,701,1312,611,701,1312,No Group
Manchester City Council - Chorlton,Chorlton Place,2020,May,20,Wednesday,13 May 2020,,777,827,1604,777,827,1604,No Group
Manchester City Council - Chorlton,Chorlton Place,2020,May,20,Thursday,14 May 2020,,932,1042,1974,932,1042,1974,No Group
Manchester City Council - Chorlton,Chorlton Place,2020,May,20,Friday,15 May 2020,,898,961,1859,898,961,1859,No Group
Manchester City Council - Chorlton,Chorlton Place,2020,May,20,Saturday,16 May 2020,,982,1070,2052,982,1070,2052,No Group
Manchester City Council - Chorlton,Chorlton Place,2020,May,20,Sunday,17 May 2020,,463,477,940,463,477,940,No Group
Manchester City Council - Chorlton,Chorlton Place,2020,May,21,Monday,18 May 2020,,745,781,1526,745,781,1526,No Group
Manchester City Council - Chorlton,Chorlton Place,2020,May,21,Tuesday,19 May 2020,,757,838,1595,757,838,1595,No Group
Manchester City Council - Chorlton,Chorlton Place,2020,May,21,Wednesday,20 May 2020,,985,1089,2074,985,1089,2074,No Group
Manchester City Council - Chorlton,Chorlton Place,2020,May,21,Thursday,21 May 2020,,1021,1092,2113,1021,1092,2113,No Group
Manchester City Council - Chorlton,Chorlton Place,2020,May,21,Friday,22 May 2020,,1036,1106,2142,1036,1106,2142,No Group
Manchester City Council - Chorlton,Chorlton Place,2020,May,21,Saturday,23 May 2020,,993,1079,2072,993,1079,2072,No Group
Manchester City Council - Chorlton,Chorlton Place,2020,May,21,Sunday,24 May 2020,,515,532,1047,515,532,1047,No Group
Manchester City Council - Chorlton,Chorlton Place,2020,May,22,Monday,25 May 2020,,748,825,1573,748,825,1573,No Group
Manchester City Council - Chorlton,Chorlton Place,2020,May,22,Tuesday,26 May 2020,,868,938,1806,868,938,1806,No Group
Manchester City Council - Chorlton,Chorlton Place,2020,May,22,Wednesday,27 May 2020,,995,1120,2115,995,1120,2115,No Group
Manchester City Council - Chorlton,Chorlton Place,2020,May,22,Thursday,28 May 2020,,1097,1171,2268,1097,1171,2268,No Group
Manchester City Council - Chorlton,Chorlton Place,2020,May,22,Friday,29 May 2020,,1307,1274,2581,1307,1274,2581,No Group
Manchester City Council - Chorlton,Chorlton Place,2020,May,22,Saturday,30 May 2020,,1387,1432,2819,1387,1432,2819,No Group
Manchester City Council - Chorlton,Chorlton Place,2020,May,22,Sunday,31 May 2020,,609,638,1247,609,638,1247,No Group
Manchester City Council - Chorlton,Chorlton Place,2020,June,23,Monday,01 Jun 2020,,1028,1087,2115,1028,1087,2115,No Group
Manchester City Council - Chorlton,Chorlton Place,2020,June,23,Tuesday,02 Jun 2020,,1060,1184,2244,1060,1184,2244,No Group
Manchester City Council - Chorlton,Chorlton Place,2020,June,23,Wednesday,03 Jun 2020,,862,975,1837,862,975,1837,No Group
Manchester City Council - Chorlton,Chorlton Place,2020,June,23,Thursday,04 Jun 2020,,920,922,1842,920,922,1842,No Group
Manchester City Council - Chorlton,Chorlton Place,2020,June,23,Friday,05 Jun 2020,,1038,1067,2105,1038,1067,2105,No Group
Manchester City Council - Chorlton,Chorlton Place,2020,June,23,Saturday,06 Jun 2020,,1155,1189,2344,1155,1189,2344,No Group
Manchester City Council - Chorlton,Chorlton Place,2020,June,23,Sunday,07 Jun 2020,,537,609,1146,537,609,1146,No Group
Manchester City Council - Chorlton,Chorlton Place,2020,June,24,Monday,08 Jun 2020,,841,889,1730,841,889,1730,No Group
Manchester City Council - Chorlton,Chorlton Place,2020,June,24,Tuesday,09 Jun 2020,,939,948,1887,939,948,1887,No Group
Manchester City Council - Chorlton,Chorlton Place,2020,June,24,Wednesday,10 Jun 2020,,925,984,1909,925,984,1909,No Group
Manchester City Council - Chorlton,Chorlton Place,2020,June,24,Thursday,11 Jun 2020,,951,977,1928,951,977,1928,No Group
Manchester City Council - Chorlton,Chorlton Place,2020,June,24,Friday,12 Jun 2020,,1001,1040,2041,1001,1040,2041,No Group
Manchester City Council - Chorlton,Chorlton Place,2020,June,24,Saturday,13 Jun 2020,,1253,1271,2524,1253,1271,2524,No Group
Manchester City Council - Chorlton,Chorlton Place,2020,June,24,Sunday,14 Jun 2020,,556,641,1197,556,641,1197,No Group
Manchester City Council - Chorlton,Chorlton Place,2020,June,25,Monday,15 Jun 2020,,1024,1081,2105,1024,1081,2105,No Group
Manchester City Council - Chorlton,Chorlton Place,2020,June,25,Tuesday,16 Jun 2020,,1015,1108,2123,1015,1108,2123,No Group
Manchester City Council - Chorlton,Chorlton Place,2020,June,25,Wednesday,17 Jun 2020,,1197,1279,2476,1197,1279,2476,No Group
Manchester City Council - Chorlton,Chorlton Place,2020,June,25,Thursday,18 Jun 2020,,1060,1182,2242,1060,1182,2242,No Group
Manchester City Council - Chorlton,Chorlton Place,2020,June,25,Friday,19 Jun 2020,,1335,1311,2646,1335,1311,2646,No Group
Manchester City Council - Chorlton,Chorlton Place,2020,June,25,Saturday,20 Jun 2020,,1726,1724,3450,1726,1724,3450,No Group
Manchester City Council - Chorlton,Chorlton Place,2020,June,25,Sunday,21 Jun 2020,,718,812,1530,718,812,1530,No Group
Manchester City Council - Chorlton,Chorlton Place,2020,June,26,Monday,22 Jun 2020,,1104,1162,2266,1104,1162,2266,No Group
Manchester City Council - Chorlton,Chorlton Place,2020,June,26,Tuesday,23 Jun 2020,,1189,1210,2399,1189,1210,2399,No Group
Manchester City Council - Chorlton,Chorlton Place,2020,June,26,Wednesday,24 Jun 2020,,1304,1429,2733,1304,1429,2733,No Group
Manchester City Council - Chorlton,Chorlton Place,2020,June,26,Thursday,25 Jun 2020,,1202,1330,2532,1202,1330,2532,No Group
Manchester City Council - Chorlton,Chorlton Place,2020,June,26,Friday,26 Jun 2020,,1345,1403,2748,1345,1403,2748,No Group
Manchester City Council - Chorlton,Chorlton Place,2020,June,26,Saturday,27 Jun 2020,,1660,1679,3339,1660,1679,3339,No Group
Manchester City Council - Chorlton,Chorlton Place,2020,June,26,Sunday,28 Jun 2020,,712,732,1444,712,732,1444,No Group
Manchester City Council - Chorlton,Chorlton Place,2020,June,27,Monday,29 Jun 2020,,1225,1277,2502,1225,1277,2502,No Group
Manchester City Council - Chorlton,Chorlton Place,2020,June,27,Tuesday,30 Jun 2020,,1262,1326,2588,1262,1326,2588,No Group
Manchester City Council - Chorlton,Chorlton Place,2020,June,27,Wednesday,01 Jul 2020,,1232,1315,2547,1232,1315,2547,No Group
Manchester City Council - Chorlton,Chorlton Place,2020,June,27,Thursday,02 Jul 2020,,1215,1306,2521,1215,1306,2521,No Group
Manchester City Council - Chorlton,Chorlton Place,2020,June,27,Friday,03 Jul 2020,,1423,1466,2889,1423,1466,2889,No Group
Manchester City Council - Chorlton,Chorlton Place,2020,June,27,Saturday,04 Jul 2020,,1870,2022,3892,1870,2022,3892,No Group
Manchester City Council - Chorlton,Chorlton Place,2020,June,27,Sunday,05 Jul 2020,,847,875,1722,847,875,1722,No Group
Manchester City Council - Chorlton,Chorlton Place,2020,July,28,Monday,06 Jul 2020,,1464,1550,3014,1464,1550,3014,No Group
Manchester City Council - Chorlton,Chorlton Place,2020,July,28,Tuesday,07 Jul 2020,,1319,1337,2656,1319,1337,2656,No Group
Manchester City Council - Chorlton,Chorlton Place,2020,July,28,Wednesday,08 Jul 2020,,1330,1305,2635,1330,1305,2635,No Group
Manchester City Council - Chorlton,Chorlton Place,2020,July,28,Thursday,09 Jul 2020,,1378,1394,2772,1378,1394,2772,No Group
Manchester City Council - Chorlton,Chorlton Place,2020,July,28,Friday,10 Jul 2020,,1741,1888,3629,1741,1888,3629,No Group
Manchester City Council - Chorlton,Chorlton Place,2020,July,28,Saturday,11 Jul 2020,,1705,1804,3509,1705,1804,3509,No Group
Manchester City Council - Chorlton,Chorlton Place,2020,July,28,Sunday,12 Jul 2020,,973,986,1959,973,986,1959,No Group
Manchester City Council - Chorlton,Chorlton Place,2020,July,29,Monday,13 Jul 2020,,1247,1258,2505,1247,1258,2505,No Group
Manchester City Council - Chorlton,Chorlton Place,2020,July,29,Tuesday,14 Jul 2020,,1376,1370,2746,1376,1370,2746,No Group
Manchester City Council - Chorlton,Chorlton Place,2020,July,29,Wednesday,15 Jul 2020,,1501,1527,3028,1501,1527,3028,No Group
Manchester City Council - Chorlton,Chorlton Place,2020,July,29,Thursday,16 Jul 2020,,1304,1457,2761,1304,1457,2761,No Group
Manchester City Council - Chorlton,Chorlton Place,2020,July,29,Friday,17 Jul 2020,,1563,1588,3151,1563,1588,3151,No Group
Manchester City Council - Chorlton,Chorlton Place,2020,July,29,Saturday,18 Jul 2020,,2066,2019,4085,2066,2019,4085,No Group
Manchester City Council - Chorlton,Chorlton Place,2020,July,29,Sunday,19 Jul 2020,,929,901,1830,929,901,1830,No Group
Manchester City Council - Chorlton,Chorlton Place,2020,July,30,Monday,20 Jul 2020,,1364,1344,2708,1364,1344,2708,No Group
Manchester City Council - Chorlton,Chorlton Place,2020,July,30,Tuesday,21 Jul 2020,,1383,1481,2864,1383,1481,2864,No Group
Manchester City Council - Chorlton,Chorlton Place,2020,July,30,Wednesday,22 Jul 2020,,1440,1506,2946,1440,1506,2946,No Group
Manchester City Council - Chorlton,Chorlton Place,2020,July,30,Thursday,23 Jul 2020,,1305,1375,2680,1305,1375,2680,No Group
Manchester City Council - Chorlton,Chorlton Place,2020,July,30,Friday,24 Jul 2020,,1816,1877,3693,1816,1877,3693,No Group
Manchester City Council - Chorlton,Chorlton Place,2020,July,30,Saturday,25 Jul 2020,,1793,1817,3610,1793,1817,3610,No Group
Manchester City Council - Chorlton,Chorlton Place,2020,July,30,Sunday,26 Jul 2020,,840,969,1809,840,969,1809,No Group
Manchester City Council - Chorlton,Chorlton Place,2020,July,31,Monday,27 Jul 2020,,1336,1404,2740,1336,1404,2740,No Group
Manchester City Council - Chorlton,Chorlton Place,2020,July,31,Tuesday,28 Jul 2020,,1537,1536,3073,1537,1536,3073,No Group
Manchester City Council - Chorlton,Chorlton Place,2020,July,31,Wednesday,29 Jul 2020,,1489,1562,3051,1489,1562,3051,No Group
Manchester City Council - Chorlton,Chorlton Place,2020,July,31,Thursday,30 Jul 2020,,1546,1650,3196,1546,1650,3196,No Group
Manchester City Council - Chorlton,Chorlton Place,2020,July,31,Friday,31 Jul 2020,,1633,1878,3511,1633,1878,3511,No Group
Manchester City Council - Chorlton,Chorlton Place,2020,July,31,Saturday,01 Aug 2020,,1688,1674,3362,1688,1674,3362,No Group
Manchester City Council - Chorlton,Chorlton Place,2020,July,31,Sunday,02 Aug 2020,,990,1018,2008,990,1018,2008,No Group
Manchester City Council - Chorlton,Chorlton Place,2020,August,32,Monday,03 Aug 2020,,1507,1626,3133,1507,1626,3133,No Group
Manchester City Council - Chorlton,Chorlton Place,2020,August,32,Tuesday,04 Aug 2020,,1331,1445,2776,1331,1445,2776,No Group
Manchester City Council - Chorlton,Chorlton Place,2020,August,32,Wednesday,05 Aug 2020,,1495,1603,3098,1495,1603,3098,No Group
Manchester City Council - Chorlton,Chorlton Place,2020,August,32,Thursday,06 Aug 2020,,1408,1517,2925,1408,1517,2925,No Group
Manchester City Council - Chorlton,Chorlton Place,2020,August,32,Friday,07 Aug 2020,,1521,1647,3168,1521,1647,3168,No Group
Manchester City Council - Chorlton,Chorlton Place,2020,August,32,Saturday,08 Aug 2020,,1619,1764,3383,1619,1764,3383,No Group
Manchester City Council - Chorlton,Chorlton Place,2020,August,32,Sunday,09 Aug 2020,,923,1054,1977,923,1054,1977,No Group
Manchester City Council - Chorlton,Chorlton Place,2020,August,33,Monday,10 Aug 2020,,1407,1533,2940,1407,1533,2940,No Group
Manchester City Council - Chorlton,Chorlton Place,2020,August,33,Tuesday,11 Aug 2020,,1637,1816,3453,1637,1816,3453,No Group
Manchester City Council - Chorlton,Chorlton Place,2020,August,33,Wednesday,12 Aug 2020,,1575,1794,3369,1575,1794,3369,No Group
Manchester City Council - Chorlton,Chorlton Place,2020,August,33,Thursday,13 Aug 2020,,1725,1780,3505,1725,1780,3505,No Group
Manchester City Council - Chorlton,Chorlton Place,2020,August,33,Friday,14 Aug 2020,,1734,1910,3644,1734,1910,3644,No Group
Manchester City Council - Chorlton,Chorlton Place,2020,August,33,Saturday,15 Aug 2020,,2102,2223,4325,2102,2223,4325,No Group
Manchester City Council - Chorlton,Chorlton Place,2020,August,33,Sunday,16 Aug 2020,,827,869,1696,827,869,1696,No Group
Manchester City Council - Chorlton,Chorlton Place,2020,August,34,Monday,17 Aug 2020,,1270,1349,2619,1270,1349,2619,No Group
Manchester City Council - Chorlton,Chorlton Place,2020,August,34,Tuesday,18 Aug 2020,,1718,1743,3461,1718,1743,3461,No Group
Manchester City Council - Chorlton,Chorlton Place,2020,August,34,Wednesday,19 Aug 2020,,1498,1626,3124,1498,1626,3124,No Group
Manchester City Council - Chorlton,Chorlton Place,2020,August,34,Thursday,20 Aug 2020,,1721,1839,3560,1721,1839,3560,No Group
Manchester City Council - Chorlton,Chorlton Place,2020,August,34,Friday,21 Aug 2020,,1594,1636,3230,1594,1636,3230,No Group
Manchester City Council - Chorlton,Chorlton Place,2020,August,34,Saturday,22 Aug 2020,,1705,1959,3664,1705,1959,3664,No Group
Manchester City Council - Chorlton,Chorlton Place,2020,August,34,Sunday,23 Aug 2020,,868,1003,1871,868,1003,1871,No Group
Manchester City Council - Chorlton,Chorlton Place,2020,August,35,Monday,24 Aug 2020,,1777,1861,3638,1777,1861,3638,No Group
Manchester City Council - Chorlton,Chorlton Place,2020,August,35,Tuesday,25 Aug 2020,,1412,1555,2967,1412,1555,2967,No Group
Manchester City Council - Chorlton,Chorlton Place,2020,August,35,Wednesday,26 Aug 2020,,1530,1686,3216,1530,1686,3216,No Group
Manchester City Council - Chorlton,Chorlton Place,2020,August,35,Thursday,27 Aug 2020,,1355,1468,2823,1355,1468,2823,No Group
Manchester City Council - Chorlton,Chorlton Place,2020,August,35,Friday,28 Aug 2020,,1712,1801,3513,1712,1801,3513,No Group
Manchester City Council - Chorlton,Chorlton Place,2020,August,35,Saturday,29 Aug 2020,,1698,1795,3493,1698,1795,3493,No Group
Manchester City Council - Chorlton,Chorlton Place,2020,August,35,Sunday,30 Aug 2020,,958,1032,1990,958,1032,1990,No Group
Manchester City Council - Chorlton,Chorlton Place,2020,September,36,Monday,31 Aug 2020,,1184,1325,2509,1184,1325,2509,No Group
Manchester City Council - Chorlton,Chorlton Place,2020,September,36,Tuesday,01 Sep 2020,,1899,2078,3977,1899,2078,3977,No Group
Manchester City Council - Chorlton,Chorlton Place,2020,September,36,Wednesday,02 Sep 2020,,1547,1674,3221,1547,1674,3221,No Group
Manchester City Council - Chorlton,Chorlton Place,2020,September,36,Thursday,03 Sep 2020,,1600,1626,3226,1600,1626,3226,No Group
Manchester City Council - Chorlton,Chorlton Place,2020,September,36,Friday,04 Sep 2020,,1864,1954,3818,1864,1954,3818,No Group
Manchester City Council - Chorlton,Chorlton Place,2020,September,36,Saturday,05 Sep 2020,,2083,2203,4286,2083,2203,4286,No Group
Manchester City Council - Chorlton,Chorlton Place,2020,September,36,Sunday,06 Sep 2020,,981,1025,2006,981,1025,2006,No Group
Manchester City Council - Chorlton,Chorlton Place,2020,September,37,Monday,07 Sep 2020,,1435,1516,2951,1435,1516,2951,No Group
Manchester City Council - Chorlton,Chorlton Place,2020,September,37,Tuesday,08 Sep 2020,,1508,1617,3125,1508,1617,3125,No Group
Manchester City Council - Chorlton,Chorlton Place,2020,September,37,Wednesday,09 Sep 2020,,1559,1759,3318,1559,1759,3318,No Group
Manchester City Council - Chorlton,Chorlton Place,2020,September,37,Thursday,10 Sep 2020,,1338,1475,2813,1338,1475,2813,No Group
Manchester City Council - Chorlton,Chorlton Place,2020,September,37,Friday,11 Sep 2020,,1515,1617,3132,1515,1617,3132,No Group
Manchester City Council - Chorlton,Chorlton Place,2020,September,37,Saturday,12 Sep 2020,,2175,2374,4549,2175,2374,4549,No Group
Manchester City Council - Chorlton,Chorlton Place,2020,September,37,Sunday,13 Sep 2020,,1028,1138,2166,1028,1138,2166,No Group
Manchester City Council - Chorlton,Chorlton Place,2020,September,38,Monday,14 Sep 2020,,1585,1865,3450,1585,1865,3450,No Group
Manchester City Council - Chorlton,Chorlton Place,2020,September,38,Tuesday,15 Sep 2020,,1666,1866,3532,1666,1866,3532,No Group
Manchester City Council - Chorlton,Chorlton Place,2020,September,38,Wednesday,16 Sep 2020,,1608,1937,3545,1608,1937,3545,No Group
Manchester City Council - Chorlton,Chorlton Place,2020,September,38,Thursday,17 Sep 2020,,1690,1934,3624,1690,1934,3624,No Group
Manchester City Council - Chorlton,Chorlton Place,2020,September,38,Friday,18 Sep 2020,,1856,2041,3897,1856,2041,3897,No Group
Manchester City Council - Chorlton,Chorlton Place,2020,September,38,Saturday,19 Sep 2020,,2288,2499,4787,2288,2499,4787,No Group
Manchester City Council - Chorlton,Chorlton Place,2020,September,38,Sunday,20 Sep 2020,,1107,1266,2373,1107,1266,2373,No Group
Manchester City Council - Chorlton,Chorlton Place,2020,September,39,Monday,21 Sep 2020,,1537,1878,3415,1537,1878,3415,No Group
Manchester City Council - Chorlton,Chorlton Place,2020,September,39,Tuesday,22 Sep 2020,,1631,1793,3424,1631,1793,3424,No Group
Manchester City Council - Chorlton,Chorlton Place,2020,September,39,Wednesday,23 Sep 2020,,1440,1503,2943,1440,1503,2943,No Group
Manchester City Council - Chorlton,Chorlton Place,2020,September,39,Thursday,24 Sep 2020,,1699,1942,3641,1699,1942,3641,No Group
Manchester City Council - Chorlton,Chorlton Place,2020,September,39,Friday,25 Sep 2020,,1902,2347,4249,1902,2347,4249,No Group
Manchester City Council - Chorlton,Chorlton Place,2020,September,39,Saturday,26 Sep 2020,,2159,2394,4553,2159,2394,4553,No Group
Manchester City Council - Chorlton,Chorlton Place,2020,September,39,Sunday,27 Sep 2020,,1198,1449,2647,1198,1449,2647,No Group
Manchester City Council - Chorlton,Chorlton Place,2020,September,40,Monday,28 Sep 2020,,1154,1326,2480,1154,1326,2480,No Group
Manchester City Council - Chorlton,Chorlton Place,2020,September,40,Tuesday,29 Sep 2020,,1764,1999,3763,1764,1999,3763,No Group
Manchester City Council - Chorlton,Chorlton Place,2020,September,40,Wednesday,30 Sep 2020,,1328,1483,2811,1328,1483,2811,No Group
Manchester City Council - Chorlton,Chorlton Place,2020,September,40,Thursday,01 Oct 2020,,1520,1680,3200,1520,1680,3200,No Group
Manchester City Council - Chorlton,Chorlton Place,2020,September,40,Friday,02 Oct 2020,,1575,1618,3193,1575,1618,3193,No Group
Manchester City Council - Chorlton,Chorlton Place,2020,September,40,Saturday,03 Oct 2020,,1770,1854,3624,1770,1854,3624,No Group
Manchester City Council - Chorlton,Chorlton Place,2020,September,40,Sunday,04 Oct 2020,,974,1146,2120,974,1146,2120,No Group
Manchester City Council - Chorlton,Chorlton Place,2020,October,41,Monday,05 Oct 2020,,1397,1669,3066,1397,1669,3066,No Group
Manchester City Council - Chorlton,Chorlton Place,2020,October,41,Tuesday,06 Oct 2020,,1505,1634,3139,1505,1634,3139,No Group
Manchester City Council - Chorlton,Chorlton Place,2020,October,41,Wednesday,07 Oct 2020,,1414,1590,3004,1414,1590,3004,No Group
Manchester City Council - Chorlton,Chorlton Place,2020,October,41,Thursday,08 Oct 2020,,1311,1506,2817,1311,1506,2817,No Group
Manchester City Council - Chorlton,Chorlton Place,2020,October,41,Friday,09 Oct 2020,,1411,1510,2921,1411,1510,2921,No Group
Manchester City Council - Chorlton,Chorlton Place,2020,October,41,Saturday,10 Oct 2020,,2064,2173,4237,2064,2173,4237,No Group
Manchester City Council - Chorlton,Chorlton Place,2020,October,41,Sunday,11 Oct 2020,,1051,1457,2508,1051,1457,2508,No Group
Manchester City Council - Chorlton,Chorlton Place,2020,October,42,Monday,12 Oct 2020,,1240,1365,2605,1240,1365,2605,No Group
Manchester City Council - Chorlton,Chorlton Place,2020,October,42,Tuesday,13 Oct 2020,,1351,1436,2787,1351,1436,2787,No Group
Manchester City Council - Chorlton,Chorlton Place,2020,October,42,Wednesday,14 Oct 2020,,1527,1889,3416,1527,1889,3416,No Group
Manchester City Council - Chorlton,Chorlton Place,2020,October,42,Thursday,15 Oct 2020,,1505,1935,3440,1505,1935,3440,No Group
Manchester City Council - Chorlton,Chorlton Place,2020,October,42,Friday,16 Oct 2020,,1677,1726,3403,1677,1726,3403,No Group
Manchester City Council - Chorlton,Chorlton Place,2020,October,42,Saturday,17 Oct 2020,,1991,2062,4053,1991,2062,4053,No Group
Manchester City Council - Chorlton,Chorlton Place,2020,October,42,Sunday,18 Oct 2020,,804,887,1691,804,887,1691,No Group
Manchester City Council - Chorlton,Chorlton Place,2020,October,43,Monday,19 Oct 2020,,1224,1305,2529,1224,1305,2529,No Group
Manchester City Council - Chorlton,Chorlton Place,2020,October,43,Tuesday,20 Oct 2020,,1513,2023,3536,1513,2023,3536,No Group
Manchester City Council - Chorlton,Chorlton Place,2020,October,43,Wednesday,21 Oct 2020,,1419,1451,2870,1419,1451,2870,No Group
Manchester City Council - Chorlton,Chorlton Place,2020,October,43,Thursday,22 Oct 2020,,1405,1579,2984,1405,1579,2984,No Group
Manchester City Council - Chorlton,Chorlton Place,2020,October,43,Friday,23 Oct 2020,,1321,1488,2809,1321,1488,2809,No Group
Manchester City Council - Chorlton,Chorlton Place,2020,October,43,Saturday,24 Oct 2020,,1678,1747,3425,1678,1747,3425,No Group
Manchester City Council - Chorlton,Chorlton Place,2020,October,43,Sunday,25 Oct 2020,,916,1148,2064,916,1148,2064,No Group
Manchester City Council - Chorlton,Chorlton Place,2020,October,44,Monday,26 Oct 2020,,1174,1299,2473,1174,1299,2473,No Group
Manchester City Council - Chorlton,Chorlton Place,2020,October,44,Tuesday,27 Oct 2020,,1389,1437,2826,1389,1437,2826,No Group
Manchester City Council - Chorlton,Chorlton Place,2020,October,44,Wednesday,28 Oct 2020,,1355,1854,3209,1355,1854,3209,No Group
Manchester City Council - Chorlton,Chorlton Place,2020,October,44,Thursday,29 Oct 2020,,1325,1457,2782,1325,1457,2782,No Group
Manchester City Council - Chorlton,Chorlton Place,2020,October,44,Friday,30 Oct 2020,,1591,1775,3366,1591,1775,3366,No Group
Manchester City Council - Chorlton,Chorlton Place,2020,October,44,Saturday,31 Oct 2020,,1839,1932,3771,1839,1932,3771,No Group
Manchester City Council - Chorlton,Chorlton Place,2020,October,44,Sunday,01 Nov 2020,,775,869,1644,775,869,1644,No Group
Manchester City Council - Chorlton,Chorlton Place,2020,November,45,Monday,02 Nov 2020,,1189,1368,2557,1189,1368,2557,No Group
Manchester City Council - Chorlton,Chorlton Place,2020,November,45,Tuesday,03 Nov 2020,,1332,1563,2895,1332,1563,2895,No Group
Manchester City Council - Chorlton,Chorlton Place,2020,November,45,Wednesday,04 Nov 2020,,1501,1665,3166,1501,1665,3166,No Group
Manchester City Council - Chorlton,Chorlton Place,2020,November,45,Thursday,05 Nov 2020,,970,1133,2103,970,1133,2103,No Group
Manchester City Council - Chorlton,Chorlton Place,2020,November,45,Friday,06 Nov 2020,,1225,1347,2572,1225,1347,2572,No Group
Manchester City Council - Chorlton,Chorlton Place,2020,November,45,Saturday,07 Nov 2020,,1438,1504,2942,1438,1504,2942,No Group
Manchester City Council - Chorlton,Chorlton Place,2020,November,45,Sunday,08 Nov 2020,,557,642,1199,557,642,1199,No Group
Manchester City Council - Chorlton,Chorlton Place,2020,November,46,Monday,09 Nov 2020,,996,1028,2024,996,1028,2024,No Group
Manchester City Council - Chorlton,Chorlton Place,2020,November,46,Tuesday,10 Nov 2020,,1205,1585,2790,1205,1585,2790,No Group
Manchester City Council - Chorlton,Chorlton Place,2020,November,46,Wednesday,11 Nov 2020,,1007,1146,2153,1007,1146,2153,No Group
Manchester City Council - Chorlton,Chorlton Place,2020,November,46,Thursday,12 Nov 2020,,1129,1179,2308,1129,1179,2308,No Group
Manchester City Council - Chorlton,Chorlton Place,2020,November,46,Friday,13 Nov 2020,,1346,1543,2889,1346,1543,2889,No Group
Manchester City Council - Chorlton,Chorlton Place,2020,November,46,Saturday,14 Nov 2020,,1554,1612,3166,1554,1612,3166,No Group
Manchester City Council - Chorlton,Chorlton Place,2020,November,46,Sunday,15 Nov 2020,,874,1113,1987,874,1113,1987,No Group
Manchester City Council - Chorlton,Chorlton Place,2020,November,47,Monday,16 Nov 2020,,882,1029,1911,882,1029,1911,No Group
Manchester City Council - Chorlton,Chorlton Place,2020,November,47,Tuesday,17 Nov 2020,,1173,1355,2528,1173,1355,2528,No Group
Manchester City Council - Chorlton,Chorlton Place,2020,November,47,Wednesday,18 Nov 2020,,1010,1067,2077,1010,1067,2077,No Group
Manchester City Council - Chorlton,Chorlton Place,2020,November,47,Thursday,19 Nov 2020,,1164,1215,2379,1164,1215,2379,No Group
Manchester City Council - Chorlton,Chorlton Place,2020,November,47,Friday,20 Nov 2020,,983,1157,2140,983,1157,2140,No Group
Manchester City Council - Chorlton,Chorlton Place,2020,November,47,Saturday,21 Nov 2020,,1556,1701,3257,1556,1701,3257,No Group
Manchester City Council - Chorlton,Chorlton Place,2020,November,47,Sunday,22 Nov 2020,,791,824,1615,791,824,1615,No Group
Manchester City Council - Chorlton,Chorlton Place,2020,November,48,Monday,23 Nov 2020,,926,959,1885,926,959,1885,No Group
Manchester City Council - Chorlton,Chorlton Place,2020,November,48,Tuesday,24 Nov 2020,,1065,1171,2236,1065,1171,2236,No Group
Manchester City Council - Chorlton,Chorlton Place,2020,November,48,Wednesday,25 Nov 2020,,1008,1153,2161,1008,1153,2161,No Group
Manchester City Council - Chorlton,Chorlton Place,2020,November,48,Thursday,26 Nov 2020,,1112,1145,2257,1112,1145,2257,No Group
Manchester City Council - Chorlton,Chorlton Place,2020,November,48,Friday,27 Nov 2020,,1258,1364,2622,1258,1364,2622,No Group
Manchester City Council - Chorlton,Chorlton Place,2020,November,48,Saturday,28 Nov 2020,,1474,1590,3064,1474,1590,3064,No Group
Manchester City Council - Chorlton,Chorlton Place,2020,November,48,Sunday,29 Nov 2020,,654,756,1410,654,756,1410,No Group
Manchester City Council - Chorlton,Chorlton Place,2020,December,49,Monday,30 Nov 2020,,918,1063,1981,918,1063,1981,No Group
Manchester City Council - Chorlton,Chorlton Place,2020,December,49,Tuesday,01 Dec 2020,,1032,1174,2206,1032,1174,2206,No Group
Manchester City Council - Chorlton,Chorlton Place,2020,December,49,Wednesday,02 Dec 2020,,1263,1439,2702,1263,1439,2702,No Group
Manchester City Council - Chorlton,Chorlton Place,2020,December,49,Thursday,03 Dec 2020,,1334,1462,2796,1334,1462,2796,No Group
Manchester City Council - Chorlton,Chorlton Place,2020,December,49,Friday,04 Dec 2020,,1384,1600,2984,1384,1600,2984,No Group
Manchester City Council - Chorlton,Chorlton Place,2020,December,49,Saturday,05 Dec 2020,,2129,2386,4515,2129,2386,4515,No Group
Manchester City Council - Chorlton,Chorlton Place,2020,December,49,Sunday,06 Dec 2020,,662,598,1260,662,598,1260,No Group
Manchester City Council - Chorlton,Chorlton Place,2020,December,50,Monday,07 Dec 2020,,1174,1353,2527,1174,1353,2527,No Group
Manchester City Council - Chorlton,Chorlton Place,2020,December,50,Tuesday,08 Dec 2020,,1266,1361,2627,1266,1361,2627,No Group
Manchester City Council - Chorlton,Chorlton Place,2020,December,50,Wednesday,09 Dec 2020,,1359,1526,2885,1359,1526,2885,No Group
Manchester City Council - Chorlton,Chorlton Place,2020,December,50,Thursday,10 Dec 2020,,1279,1428,2707,1279,1428,2707,No Group
Manchester City Council - Chorlton,Chorlton Place,2020,December,50,Friday,11 Dec 2020,,1652,1827,3479,1652,1827,3479,No Group
Manchester City Council - Chorlton,Chorlton Place,2020,December,50,Saturday,12 Dec 2020,,1894,1913,3807,1894,1913,3807,No Group
Manchester City Council - Chorlton,Chorlton Place,2020,December,50,Sunday,13 Dec 2020,,703,783,1486,703,783,1486,No Group
Manchester City Council - Chorlton,Chorlton Place,2020,December,51,Monday,14 Dec 2020,,1342,1471,2813,1342,1471,2813,No Group
Manchester City Council - Chorlton,Chorlton Place,2020,December,51,Tuesday,15 Dec 2020,,1362,1422,2784,1362,1422,2784,No Group
Manchester City Council - Chorlton,Chorlton Place,2020,December,51,Wednesday,16 Dec 2020,,1430,1619,3049,1430,1619,3049,No Group
Manchester City Council - Chorlton,Chorlton Place,2020,December,51,Thursday,17 Dec 2020,,1565,1652,3217,1565,1652,3217,No Group
Manchester City Council - Chorlton,Chorlton Place,2020,December,51,Friday,18 Dec 2020,,1772,1959,3731,1772,1959,3731,No Group
Manchester City Council - Chorlton,Chorlton Place,2020,December,51,Saturday,19 Dec 2020,,2050,2061,4111,2050,2061,4111,No Group
Manchester City Council - Chorlton,Chorlton Place,2020,December,51,Sunday,20 Dec 2020,,949,1058,2007,949,1058,2007,No Group
Manchester City Council - Chorlton,Chorlton Place,2020,December,52,Monday,21 Dec 2020,,1734,1870,3604,1734,1870,3604,No Group
Manchester City Council - Chorlton,Chorlton Place,2020,December,52,Tuesday,22 Dec 2020,,1714,1795,3509,1714,1795,3509,No Group
Manchester City Council - Chorlton,Chorlton Place,2020,December,52,Wednesday,23 Dec 2020,,2134,2015,4149,2134,2015,4149,No Group
Manchester City Council - Chorlton,Chorlton Place,2020,December,52,Thursday,24 Dec 2020,,1958,2325,4283,1958,2325,4283,No Group
Manchester City Council - Chorlton,Chorlton Place,2020,December,52,Friday,25 Dec 2020,,151,224,375,151,224,375,No Group
Manchester City Council - Chorlton,Chorlton Place,2020,December,52,Saturday,26 Dec 2020,,487,572,1059,487,572,1059,No Group
Manchester City Council - Chorlton,Chorlton Place,2020,December,52,Sunday,27 Dec 2020,,676,765,1441,676,765,1441,No Group
Manchester City Council - Chorlton,Chorlton Place,2020,December,53,Monday,28 Dec 2020,,798,873,1671,798,873,1671,No Group
Manchester City Council - Chorlton,Chorlton Place,2020,December,53,Tuesday,29 Dec 2020,,1387,1423,2810,1387,1423,2810,No Group
Manchester City Council - Chorlton,Chorlton Place,2020,December,53,Wednesday,30 Dec 2020,,1482,1543,3025,1482,1543,3025,No Group
Manchester City Council - Chorlton,Chorlton Place,2020,December,53,Thursday,31 Dec 2020,,1403,1510,2913,1403,1510,2913,No Group
