Site,LocationName,BRCYear,BRCMonthName,BRCWeekNum,DayName,Date,Hour,InCount,OutCount,ReportCount,FactoredInCount,FactoredOutCount,FactoredReportCount,LocationGroup
Manchester City Council - Chorlton,Chorlton Place,2020,January,1,Wednesday,01 Jan 2020,00:00,37,22,59,37,22,59,No Group
Manchester City Council - Chorlton,Chorlton Place,2020,January,1,Wednesday,01 Jan 2020,01:00,44,32,76,44,32,76,No Group
Manchester City Council - Chorlton,Chorlton Place,2020,January,1,Wednesday,01 Jan 2020,02:00,33,11,44,33,11,44,No Group
Manchester City Council - Chorlton,Chorlton Place,2020,January,1,Wednesday,01 Jan 2020,03:00,13,3,16,13,3,16,No Group
Manchester City Council - Chorlton,Chorlton Place,2020,January,1,Wednesday,01 Jan 2020,04:00,2,3,5,2,3,5,No Group
Manchester City Council - Chorlton,Chorlton Place,2020,January,1,Wednesday,01 Jan 2020,05:00,4,2,6,4,2,6,No Group
Manchester City Council - Chorlton,Chorlton Place,2020,January,1,Wednesday,01 Jan 2020,06:00,2,4,6,2,4,6,No Group
Manchester City Council - Chorlton,Chorlton Place,2020,January,1,Wednesday,01 Jan 2020,07:00,7,7,14,7,7,14,No Group
Manchester City Council - Chorlton,Chorlton Place,2020,January,1,Wednesday,01 Jan 2020,08:00,7,11,18,7,11,18,No Group
Manchester City Council - Chorlton,Chorlton Place,2020,January,1,Wednesday,01 Jan 2020,09:00,29,30,59,29,30,59,No Group
Manchester City Council - Chorlton,Chorlton Place,2020,January,1,Wednesday,01 Jan 2020,10:00,78,80,158,78,80,158,No Group
Manchester City Council - Chorlton,Chorlton Place,2020,January,1,Wednesday,01 Jan 2020,11:00,57,62,119,57,62,119,No Group
Manchester City Council - Chorlton,Chorlton Place,2020,January,1,Wednesday,01 Jan 2020,12:00,68,75,143,68,75,143,No Group
Manchester City Council - Chorlton,Chorlton Place,2020,January,1,Wednesday,01 Jan 2020,13:00,85,81,166,85,81,166,No Group
Manchester City Council - Chorlton,Chorlton Place,2020,January,1,Wednesday,01 Jan 2020,14:00,72,78,150,72,78,150,No Group
Manchester City Council - Chorlton,Chorlton Place,2020,January,1,Wednesday,01 Jan 2020,15:00,69,88,157,69,88,157,No Group
Manchester City Council - Chorlton,Chorlton Place,2020,January,1,Wednesday,01 Jan 2020,16:00,56,49,105,56,49,105,No Group
Manchester City Council - Chorlton,Chorlton Place,2020,January,1,Wednesday,01 Jan 2020,17:00,41,68,109,41,68,109,No Group
Manchester City Council - Chorlton,Chorlton Place,2020,January,1,Wednesday,01 Jan 2020,18:00,23,32,55,23,32,55,No Group
Manchester City Council - Chorlton,Chorlton Place,2020,January,1,Wednesday,01 Jan 2020,19:00,29,27,56,29,27,56,No Group
Manchester City Council - Chorlton,Chorlton Place,2020,January,1,Wednesday,01 Jan 2020,20:00,51,22,73,51,22,73,No Group
Manchester City Council - Chorlton,Chorlton Place,2020,January,1,Wednesday,01 Jan 2020,21:00,21,18,39,21,18,39,No Group
Manchester City Council - Chorlton,Chorlton Place,2020,January,1,Wednesday,01 Jan 2020,22:00,19,20,39,19,20,39,No Group
Manchester City Council - Chorlton,Chorlton Place,2020,January,1,Wednesday,01 Jan 2020,23:00,10,21,31,10,21,31,No Group
Manchester City Council - Chorlton,Chorlton Place,2020,January,1,Thursday,02 Jan 2020,00:00,6,1,7,6,1,7,No Group
Manchester City Council - Chorlton,Chorlton Place,2020,January,1,Thursday,02 Jan 2020,01:00,4,1,5,4,1,5,No Group
Manchester City Council - Chorlton,Chorlton Place,2020,January,1,Thursday,02 Jan 2020,02:00,0,0,0,0,0,0,No Group
Manchester City Council - Chorlton,Chorlton Place,2020,January,1,Thursday,02 Jan 2020,03:00,1,3,4,1,3,4,No Group
Manchester City Council - Chorlton,Chorlton Place,2020,January,1,Thursday,02 Jan 2020,04:00,3,1,4,3,1,4,No Group
Manchester City Council - Chorlton,Chorlton Place,2020,January,1,Thursday,02 Jan 2020,05:00,2,7,9,2,7,9,No Group
Manchester City Council - Chorlton,Chorlton Place,2020,January,1,Thursday,02 Jan 2020,06:00,5,10,15,5,10,15,No Group
Manchester City Council - Chorlton,Chorlton Place,2020,January,1,Thursday,02 Jan 2020,07:00,13,61,74,13,61,74,No Group
Manchester City Council - Chorlton,Chorlton Place,2020,January,1,Thursday,02 Jan 2020,08:00,25,73,98,25,73,98,No Group
Manchester City Council - Chorlton,Chorlton Place,2020,January,1,Thursday,02 Jan 2020,09:00,61,102,163,61,102,163,No Group
Manchester City Council - Chorlton,Chorlton Place,2020,January,1,Thursday,02 Jan 2020,10:00,120,129,249,120,129,249,No Group
Manchester City Council - Chorlton,Chorlton Place,2020,January,1,Thursday,02 Jan 2020,11:00,156,171,327,156,171,327,No Group
Manchester City Council - Chorlton,Chorlton Place,2020,January,1,Thursday,02 Jan 2020,12:00,149,169,318,149,169,318,No Group
Manchester City Council - Chorlton,Chorlton Place,2020,January,1,Thursday,02 Jan 2020,13:00,170,167,337,170,167,337,No Group
Manchester City Council - Chorlton,Chorlton Place,2020,January,1,Thursday,02 Jan 2020,14:00,165,180,345,165,180,345,No Group
Manchester City Council - Chorlton,Chorlton Place,2020,January,1,Thursday,02 Jan 2020,15:00,141,160,301,141,160,301,No Group
Manchester City Council - Chorlton,Chorlton Place,2020,January,1,Thursday,02 Jan 2020,16:00,133,133,266,133,133,266,No Group
Manchester City Council - Chorlton,Chorlton Place,2020,January,1,Thursday,02 Jan 2020,17:00,101,77,178,101,77,178,No Group
Manchester City Council - Chorlton,Chorlton Place,2020,January,1,Thursday,02 Jan 2020,18:00,60,66,126,60,66,126,No Group
Manchester City Council - Chorlton,Chorlton Place,2020,January,1,Thursday,02 Jan 2020,19:00,45,43,88,45,43,88,No Group
Manchester City Council - Chorlton,Chorlton Place,2020,January,1,Thursday,02 Jan 2020,20:00,38,39,77,38,39,77,No Group
Manchester City Council - Chorlton,Chorlton Place,2020,January,1,Thursday,02 Jan 2020,21:00,22,26,48,22,26,48,No Group
Manchester City Council - Chorlton,Chorlton Place,2020,January,1,Thursday,02 Jan 2020,22:00,9,20,29,9,20,29,No Group
Manchester City Council - Chorlton,Chorlton Place,2020,January,1,Thursday,02 Jan 2020,23:00,12,29,41,12,29,41,No Group
Manchester City Council - Chorlton,Chorlton Place,2020,January,1,Friday,03 Jan 2020,00:00,5,14,19,5,14,19,No Group
Manchester City Council - Chorlton,Chorlton Place,2020,January,1,Friday,03 Jan 2020,01:00,1,38,39,1,38,39,No Group
Manchester City Council - Chorlton,Chorlton Place,2020,January,1,Friday,03 Jan 2020,02:00,0,7,7,0,7,7,No Group
Manchester City Council - Chorlton,Chorlton Place,2020,January,1,Friday,03 Jan 2020,03:00,0,2,2,0,2,2,No Group
Manchester City Council - Chorlton,Chorlton Place,2020,January,1,Friday,03 Jan 2020,04:00,1,2,3,1,2,3,No Group
Manchester City Council - Chorlton,Chorlton Place,2020,January,1,Friday,03 Jan 2020,05:00,4,4,8,4,4,8,No Group
Manchester City Council - Chorlton,Chorlton Place,2020,January,1,Friday,03 Jan 2020,06:00,4,15,19,4,15,19,No Group
Manchester City Council - Chorlton,Chorlton Place,2020,January,1,Friday,03 Jan 2020,07:00,17,48,65,17,48,65,No Group
Manchester City Council - Chorlton,Chorlton Place,2020,January,1,Friday,03 Jan 2020,08:00,33,89,122,33,89,122,No Group
Manchester City Council - Chorlton,Chorlton Place,2020,January,1,Friday,03 Jan 2020,09:00,84,110,194,84,110,194,No Group
Manchester City Council - Chorlton,Chorlton Place,2020,January,1,Friday,03 Jan 2020,10:00,130,172,302,130,172,302,No Group
Manchester City Council - Chorlton,Chorlton Place,2020,January,1,Friday,03 Jan 2020,11:00,197,249,446,197,249,446,No Group
Manchester City Council - Chorlton,Chorlton Place,2020,January,1,Friday,03 Jan 2020,12:00,227,353,580,227,353,580,No Group
Manchester City Council - Chorlton,Chorlton Place,2020,January,1,Friday,03 Jan 2020,13:00,174,226,400,174,226,400,No Group
Manchester City Council - Chorlton,Chorlton Place,2020,January,1,Friday,03 Jan 2020,14:00,196,204,400,196,204,400,No Group
Manchester City Council - Chorlton,Chorlton Place,2020,January,1,Friday,03 Jan 2020,15:00,160,193,353,160,193,353,No Group
Manchester City Council - Chorlton,Chorlton Place,2020,January,1,Friday,03 Jan 2020,16:00,173,151,324,173,151,324,No Group
Manchester City Council - Chorlton,Chorlton Place,2020,January,1,Friday,03 Jan 2020,17:00,127,102,229,127,102,229,No Group
Manchester City Council - Chorlton,Chorlton Place,2020,January,1,Friday,03 Jan 2020,18:00,103,76,179,103,76,179,No Group
Manchester City Council - Chorlton,Chorlton Place,2020,January,1,Friday,03 Jan 2020,19:00,92,88,180,92,88,180,No Group
Manchester City Council - Chorlton,Chorlton Place,2020,January,1,Friday,03 Jan 2020,20:00,68,49,117,68,49,117,No Group
Manchester City Council - Chorlton,Chorlton Place,2020,January,1,Friday,03 Jan 2020,21:00,37,52,89,37,52,89,No Group
Manchester City Council - Chorlton,Chorlton Place,2020,January,1,Friday,03 Jan 2020,22:00,31,37,68,31,37,68,No Group
Manchester City Council - Chorlton,Chorlton Place,2020,January,1,Friday,03 Jan 2020,23:00,26,32,58,26,32,58,No Group
Manchester City Council - Chorlton,Chorlton Place,2020,January,1,Saturday,04 Jan 2020,00:00,25,8,33,25,8,33,No Group
Manchester City Council - Chorlton,Chorlton Place,2020,January,1,Saturday,04 Jan 2020,01:00,4,2,6,4,2,6,No Group
Manchester City Council - Chorlton,Chorlton Place,2020,January,1,Saturday,04 Jan 2020,02:00,4,3,7,4,3,7,No Group
Manchester City Council - Chorlton,Chorlton Place,2020,January,1,Saturday,04 Jan 2020,03:00,0,3,3,0,3,3,No Group
Manchester City Council - Chorlton,Chorlton Place,2020,January,1,Saturday,04 Jan 2020,04:00,1,2,3,1,2,3,No Group
Manchester City Council - Chorlton,Chorlton Place,2020,January,1,Saturday,04 Jan 2020,05:00,10,11,21,10,11,21,No Group
Manchester City Council - Chorlton,Chorlton Place,2020,January,1,Saturday,04 Jan 2020,06:00,2,5,7,2,5,7,No Group
Manchester City Council - Chorlton,Chorlton Place,2020,January,1,Saturday,04 Jan 2020,07:00,13,31,44,13,31,44,No Group
Manchester City Council - Chorlton,Chorlton Place,2020,January,1,Saturday,04 Jan 2020,08:00,22,26,48,22,26,48,No Group
Manchester City Council - Chorlton,Chorlton Place,2020,January,1,Saturday,04 Jan 2020,09:00,52,97,149,52,97,149,No Group
Manchester City Council - Chorlton,Chorlton Place,2020,January,1,Saturday,04 Jan 2020,10:00,227,355,582,227,355,582,No Group
Manchester City Council - Chorlton,Chorlton Place,2020,January,1,Saturday,04 Jan 2020,11:00,312,599,911,312,599,911,No Group
Manchester City Council - Chorlton,Chorlton Place,2020,January,1,Saturday,04 Jan 2020,12:00,261,338,599,261,338,599,No Group
Manchester City Council - Chorlton,Chorlton Place,2020,January,1,Saturday,04 Jan 2020,13:00,247,245,492,247,245,492,No Group
Manchester City Council - Chorlton,Chorlton Place,2020,January,1,Saturday,04 Jan 2020,14:00,224,244,468,224,244,468,No Group
Manchester City Council - Chorlton,Chorlton Place,2020,January,1,Saturday,04 Jan 2020,15:00,222,231,453,222,231,453,No Group
Manchester City Council - Chorlton,Chorlton Place,2020,January,1,Saturday,04 Jan 2020,16:00,167,190,357,167,190,357,No Group
Manchester City Council - Chorlton,Chorlton Place,2020,January,1,Saturday,04 Jan 2020,17:00,109,91,200,109,91,200,No Group
Manchester City Council - Chorlton,Chorlton Place,2020,January,1,Saturday,04 Jan 2020,18:00,55,48,103,55,48,103,No Group
Manchester City Council - Chorlton,Chorlton Place,2020,January,1,Saturday,04 Jan 2020,19:00,64,68,132,64,68,132,No Group
Manchester City Council - Chorlton,Chorlton Place,2020,January,1,Saturday,04 Jan 2020,20:00,82,61,143,82,61,143,No Group
Manchester City Council - Chorlton,Chorlton Place,2020,January,1,Saturday,04 Jan 2020,21:00,36,30,66,36,30,66,No Group
Manchester City Council - Chorlton,Chorlton Place,2020,January,1,Saturday,04 Jan 2020,22:00,22,28,50,22,28,50,No Group
Manchester City Council - Chorlton,Chorlton Place,2020,January,1,Saturday,04 Jan 2020,23:00,25,26,51,25,26,51,No Group
Manchester City Council - Chorlton,Chorlton Place,2020,January,1,Sunday,05 Jan 2020,00:00,20,32,52,20,32,52,No Group
Manchester City Council - Chorlton,Chorlton Place,2020,January,1,Sunday,05 Jan 2020,01:00,9,7,16,9,7,16,No Group
Manchester City Council - Chorlton,Chorlton Place,2020,January,1,Sunday,05 Jan 2020,02:00,2,1,3,2,1,3,No Group
Manchester City Council - Chorlton,Chorlton Place,2020,January,1,Sunday,05 Jan 2020,03:00,0,1,1,0,1,1,No Group
Manchester City Council - Chorlton,Chorlton Place,2020,January,1,Sunday,05 Jan 2020,04:00,0,0,0,0,0,0,No Group
Manchester City Council - Chorlton,Chorlton Place,2020,January,1,Sunday,05 Jan 2020,05:00,0,3,3,0,3,3,No Group
Manchester City Council - Chorlton,Chorlton Place,2020,January,1,Sunday,05 Jan 2020,06:00,1,2,3,1,2,3,No Group
Manchester City Council - Chorlton,Chorlton Place,2020,January,1,Sunday,05 Jan 2020,07:00,6,8,14,6,8,14,No Group
Manchester City Council - Chorlton,Chorlton Place,2020,January,1,Sunday,05 Jan 2020,08:00,25,30,55,25,30,55,No Group
Manchester City Council - Chorlton,Chorlton Place,2020,January,1,Sunday,05 Jan 2020,09:00,19,47,66,19,47,66,No Group
Manchester City Council - Chorlton,Chorlton Place,2020,January,1,Sunday,05 Jan 2020,10:00,64,78,142,64,78,142,No Group
Manchester City Council - Chorlton,Chorlton Place,2020,January,1,Sunday,05 Jan 2020,11:00,97,108,205,97,108,205,No Group
Manchester City Council - Chorlton,Chorlton Place,2020,January,1,Sunday,05 Jan 2020,12:00,111,142,253,111,142,253,No Group
Manchester City Council - Chorlton,Chorlton Place,2020,January,1,Sunday,05 Jan 2020,13:00,101,136,237,101,136,237,No Group
Manchester City Council - Chorlton,Chorlton Place,2020,January,1,Sunday,05 Jan 2020,14:00,124,142,266,124,142,266,No Group
Manchester City Council - Chorlton,Chorlton Place,2020,January,1,Sunday,05 Jan 2020,15:00,123,129,252,123,129,252,No Group
Manchester City Council - Chorlton,Chorlton Place,2020,January,1,Sunday,05 Jan 2020,16:00,64,56,120,64,56,120,No Group
Manchester City Council - Chorlton,Chorlton Place,2020,January,1,Sunday,05 Jan 2020,17:00,68,62,130,68,62,130,No Group
Manchester City Council - Chorlton,Chorlton Place,2020,January,1,Sunday,05 Jan 2020,18:00,72,61,133,72,61,133,No Group
Manchester City Council - Chorlton,Chorlton Place,2020,January,1,Sunday,05 Jan 2020,19:00,31,30,61,31,30,61,No Group
Manchester City Council - Chorlton,Chorlton Place,2020,January,1,Sunday,05 Jan 2020,20:00,38,34,72,38,34,72,No Group
Manchester City Council - Chorlton,Chorlton Place,2020,January,1,Sunday,05 Jan 2020,21:00,15,18,33,15,18,33,No Group
Manchester City Council - Chorlton,Chorlton Place,2020,January,1,Sunday,05 Jan 2020,22:00,15,23,38,15,23,38,No Group
Manchester City Council - Chorlton,Chorlton Place,2020,January,1,Sunday,05 Jan 2020,23:00,1,5,6,1,5,6,No Group
Manchester City Council - Chorlton,Chorlton Place,2020,January,2,Monday,06 Jan 2020,00:00,2,3,5,2,3,5,No Group
Manchester City Council - Chorlton,Chorlton Place,2020,January,2,Monday,06 Jan 2020,01:00,1,0,1,1,0,1,No Group
Manchester City Council - Chorlton,Chorlton Place,2020,January,2,Monday,06 Jan 2020,02:00,1,4,5,1,4,5,No Group
Manchester City Council - Chorlton,Chorlton Place,2020,January,2,Monday,06 Jan 2020,03:00,1,5,6,1,5,6,No Group
Manchester City Council - Chorlton,Chorlton Place,2020,January,2,Monday,06 Jan 2020,04:00,1,4,5,1,4,5,No Group
Manchester City Council - Chorlton,Chorlton Place,2020,January,2,Monday,06 Jan 2020,05:00,2,6,8,2,6,8,No Group
Manchester City Council - Chorlton,Chorlton Place,2020,January,2,Monday,06 Jan 2020,06:00,15,38,53,15,38,53,No Group
Manchester City Council - Chorlton,Chorlton Place,2020,January,2,Monday,06 Jan 2020,07:00,23,87,110,23,87,110,No Group
Manchester City Council - Chorlton,Chorlton Place,2020,January,2,Monday,06 Jan 2020,08:00,23,134,157,23,134,157,No Group
Manchester City Council - Chorlton,Chorlton Place,2020,January,2,Monday,06 Jan 2020,09:00,60,112,172,60,112,172,No Group
Manchester City Council - Chorlton,Chorlton Place,2020,January,2,Monday,06 Jan 2020,10:00,107,109,216,107,109,216,No Group
Manchester City Council - Chorlton,Chorlton Place,2020,January,2,Monday,06 Jan 2020,11:00,111,137,248,111,137,248,No Group
Manchester City Council - Chorlton,Chorlton Place,2020,January,2,Monday,06 Jan 2020,12:00,140,176,316,140,176,316,No Group
Manchester City Council - Chorlton,Chorlton Place,2020,January,2,Monday,06 Jan 2020,13:00,143,165,308,143,165,308,No Group
Manchester City Council - Chorlton,Chorlton Place,2020,January,2,Monday,06 Jan 2020,14:00,140,164,304,140,164,304,No Group
Manchester City Council - Chorlton,Chorlton Place,2020,January,2,Monday,06 Jan 2020,15:00,156,168,324,156,168,324,No Group
Manchester City Council - Chorlton,Chorlton Place,2020,January,2,Monday,06 Jan 2020,16:00,127,128,255,127,128,255,No Group
Manchester City Council - Chorlton,Chorlton Place,2020,January,2,Monday,06 Jan 2020,17:00,110,77,187,110,77,187,No Group
Manchester City Council - Chorlton,Chorlton Place,2020,January,2,Monday,06 Jan 2020,18:00,100,61,161,100,61,161,No Group
Manchester City Council - Chorlton,Chorlton Place,2020,January,2,Monday,06 Jan 2020,19:00,51,54,105,51,54,105,No Group
Manchester City Council - Chorlton,Chorlton Place,2020,January,2,Monday,06 Jan 2020,20:00,37,36,73,37,36,73,No Group
Manchester City Council - Chorlton,Chorlton Place,2020,January,2,Monday,06 Jan 2020,21:00,20,39,59,20,39,59,No Group
Manchester City Council - Chorlton,Chorlton Place,2020,January,2,Monday,06 Jan 2020,22:00,18,17,35,18,17,35,No Group
Manchester City Council - Chorlton,Chorlton Place,2020,January,2,Monday,06 Jan 2020,23:00,5,19,24,5,19,24,No Group
Manchester City Council - Chorlton,Chorlton Place,2020,January,2,Tuesday,07 Jan 2020,00:00,6,14,20,6,14,20,No Group
Manchester City Council - Chorlton,Chorlton Place,2020,January,2,Tuesday,07 Jan 2020,01:00,0,0,0,0,0,0,No Group
Manchester City Council - Chorlton,Chorlton Place,2020,January,2,Tuesday,07 Jan 2020,02:00,0,0,0,0,0,0,No Group
Manchester City Council - Chorlton,Chorlton Place,2020,January,2,Tuesday,07 Jan 2020,03:00,0,4,4,0,4,4,No Group
Manchester City Council - Chorlton,Chorlton Place,2020,January,2,Tuesday,07 Jan 2020,04:00,1,1,2,1,1,2,No Group
Manchester City Council - Chorlton,Chorlton Place,2020,January,2,Tuesday,07 Jan 2020,05:00,1,3,4,1,3,4,No Group
Manchester City Council - Chorlton,Chorlton Place,2020,January,2,Tuesday,07 Jan 2020,06:00,5,21,26,5,21,26,No Group
Manchester City Council - Chorlton,Chorlton Place,2020,January,2,Tuesday,07 Jan 2020,07:00,24,90,114,24,90,114,No Group
Manchester City Council - Chorlton,Chorlton Place,2020,January,2,Tuesday,07 Jan 2020,08:00,34,137,171,34,137,171,No Group
Manchester City Council - Chorlton,Chorlton Place,2020,January,2,Tuesday,07 Jan 2020,09:00,79,133,212,79,133,212,No Group
Manchester City Council - Chorlton,Chorlton Place,2020,January,2,Tuesday,07 Jan 2020,10:00,114,125,239,114,125,239,No Group
Manchester City Council - Chorlton,Chorlton Place,2020,January,2,Tuesday,07 Jan 2020,11:00,139,174,313,139,174,313,No Group
Manchester City Council - Chorlton,Chorlton Place,2020,January,2,Tuesday,07 Jan 2020,12:00,159,156,315,159,156,315,No Group
Manchester City Council - Chorlton,Chorlton Place,2020,January,2,Tuesday,07 Jan 2020,13:00,145,192,337,145,192,337,No Group
Manchester City Council - Chorlton,Chorlton Place,2020,January,2,Tuesday,07 Jan 2020,14:00,140,158,298,140,158,298,No Group
Manchester City Council - Chorlton,Chorlton Place,2020,January,2,Tuesday,07 Jan 2020,15:00,184,182,366,184,182,366,No Group
Manchester City Council - Chorlton,Chorlton Place,2020,January,2,Tuesday,07 Jan 2020,16:00,132,118,250,132,118,250,No Group
Manchester City Council - Chorlton,Chorlton Place,2020,January,2,Tuesday,07 Jan 2020,17:00,123,105,228,123,105,228,No Group
Manchester City Council - Chorlton,Chorlton Place,2020,January,2,Tuesday,07 Jan 2020,18:00,117,82,199,117,82,199,No Group
Manchester City Council - Chorlton,Chorlton Place,2020,January,2,Tuesday,07 Jan 2020,19:00,75,63,138,75,63,138,No Group
Manchester City Council - Chorlton,Chorlton Place,2020,January,2,Tuesday,07 Jan 2020,20:00,46,48,94,46,48,94,No Group
Manchester City Council - Chorlton,Chorlton Place,2020,January,2,Tuesday,07 Jan 2020,21:00,33,32,65,33,32,65,No Group
Manchester City Council - Chorlton,Chorlton Place,2020,January,2,Tuesday,07 Jan 2020,22:00,24,32,56,24,32,56,No Group
Manchester City Council - Chorlton,Chorlton Place,2020,January,2,Tuesday,07 Jan 2020,23:00,19,17,36,19,17,36,No Group
Manchester City Council - Chorlton,Chorlton Place,2020,January,2,Wednesday,08 Jan 2020,00:00,3,3,6,3,3,6,No Group
Manchester City Council - Chorlton,Chorlton Place,2020,January,2,Wednesday,08 Jan 2020,01:00,2,0,2,2,0,2,No Group
Manchester City Council - Chorlton,Chorlton Place,2020,January,2,Wednesday,08 Jan 2020,02:00,0,0,0,0,0,0,No Group
Manchester City Council - Chorlton,Chorlton Place,2020,January,2,Wednesday,08 Jan 2020,03:00,0,6,6,0,6,6,No Group
Manchester City Council - Chorlton,Chorlton Place,2020,January,2,Wednesday,08 Jan 2020,04:00,0,2,2,0,2,2,No Group
Manchester City Council - Chorlton,Chorlton Place,2020,January,2,Wednesday,08 Jan 2020,05:00,0,1,1,0,1,1,No Group
Manchester City Council - Chorlton,Chorlton Place,2020,January,2,Wednesday,08 Jan 2020,06:00,7,28,35,7,28,35,No Group
Manchester City Council - Chorlton,Chorlton Place,2020,January,2,Wednesday,08 Jan 2020,07:00,21,98,119,21,98,119,No Group
Manchester City Council - Chorlton,Chorlton Place,2020,January,2,Wednesday,08 Jan 2020,08:00,41,133,174,41,133,174,No Group
Manchester City Council - Chorlton,Chorlton Place,2020,January,2,Wednesday,08 Jan 2020,09:00,97,131,228,97,131,228,No Group
Manchester City Council - Chorlton,Chorlton Place,2020,January,2,Wednesday,08 Jan 2020,10:00,105,142,247,105,142,247,No Group
Manchester City Council - Chorlton,Chorlton Place,2020,January,2,Wednesday,08 Jan 2020,11:00,133,162,295,133,162,295,No Group
Manchester City Council - Chorlton,Chorlton Place,2020,January,2,Wednesday,08 Jan 2020,12:00,154,192,346,154,192,346,No Group
Manchester City Council - Chorlton,Chorlton Place,2020,January,2,Wednesday,08 Jan 2020,13:00,143,145,288,143,145,288,No Group
Manchester City Council - Chorlton,Chorlton Place,2020,January,2,Wednesday,08 Jan 2020,14:00,163,158,321,163,158,321,No Group
Manchester City Council - Chorlton,Chorlton Place,2020,January,2,Wednesday,08 Jan 2020,15:00,144,172,316,144,172,316,No Group
Manchester City Council - Chorlton,Chorlton Place,2020,January,2,Wednesday,08 Jan 2020,16:00,129,99,228,129,99,228,No Group
Manchester City Council - Chorlton,Chorlton Place,2020,January,2,Wednesday,08 Jan 2020,17:00,135,95,230,135,95,230,No Group
Manchester City Council - Chorlton,Chorlton Place,2020,January,2,Wednesday,08 Jan 2020,18:00,112,71,183,112,71,183,No Group
Manchester City Council - Chorlton,Chorlton Place,2020,January,2,Wednesday,08 Jan 2020,19:00,79,57,136,79,57,136,No Group
Manchester City Council - Chorlton,Chorlton Place,2020,January,2,Wednesday,08 Jan 2020,20:00,53,38,91,53,38,91,No Group
Manchester City Council - Chorlton,Chorlton Place,2020,January,2,Wednesday,08 Jan 2020,21:00,26,29,55,26,29,55,No Group
Manchester City Council - Chorlton,Chorlton Place,2020,January,2,Wednesday,08 Jan 2020,22:00,19,11,30,19,11,30,No Group
Manchester City Council - Chorlton,Chorlton Place,2020,January,2,Wednesday,08 Jan 2020,23:00,12,20,32,12,20,32,No Group
Manchester City Council - Chorlton,Chorlton Place,2020,January,2,Thursday,09 Jan 2020,00:00,2,1,3,2,1,3,No Group
Manchester City Council - Chorlton,Chorlton Place,2020,January,2,Thursday,09 Jan 2020,01:00,3,2,5,3,2,5,No Group
Manchester City Council - Chorlton,Chorlton Place,2020,January,2,Thursday,09 Jan 2020,02:00,0,4,4,0,4,4,No Group
Manchester City Council - Chorlton,Chorlton Place,2020,January,2,Thursday,09 Jan 2020,03:00,0,0,0,0,0,0,No Group
Manchester City Council - Chorlton,Chorlton Place,2020,January,2,Thursday,09 Jan 2020,04:00,1,3,4,1,3,4,No Group
Manchester City Council - Chorlton,Chorlton Place,2020,January,2,Thursday,09 Jan 2020,05:00,2,4,6,2,4,6,No Group
Manchester City Council - Chorlton,Chorlton Place,2020,January,2,Thursday,09 Jan 2020,06:00,6,22,28,6,22,28,No Group
Manchester City Council - Chorlton,Chorlton Place,2020,January,2,Thursday,09 Jan 2020,07:00,25,119,144,25,119,144,No Group
Manchester City Council - Chorlton,Chorlton Place,2020,January,2,Thursday,09 Jan 2020,08:00,18,128,146,18,128,146,No Group
Manchester City Council - Chorlton,Chorlton Place,2020,January,2,Thursday,09 Jan 2020,09:00,86,126,212,86,126,212,No Group
Manchester City Council - Chorlton,Chorlton Place,2020,January,2,Thursday,09 Jan 2020,10:00,117,120,237,117,120,237,No Group
Manchester City Council - Chorlton,Chorlton Place,2020,January,2,Thursday,09 Jan 2020,11:00,117,121,238,117,121,238,No Group
Manchester City Council - Chorlton,Chorlton Place,2020,January,2,Thursday,09 Jan 2020,12:00,143,157,300,143,157,300,No Group
Manchester City Council - Chorlton,Chorlton Place,2020,January,2,Thursday,09 Jan 2020,13:00,138,154,292,138,154,292,No Group
Manchester City Council - Chorlton,Chorlton Place,2020,January,2,Thursday,09 Jan 2020,14:00,128,161,289,128,161,289,No Group
Manchester City Council - Chorlton,Chorlton Place,2020,January,2,Thursday,09 Jan 2020,15:00,124,144,268,124,144,268,No Group
Manchester City Council - Chorlton,Chorlton Place,2020,January,2,Thursday,09 Jan 2020,16:00,132,112,244,132,112,244,No Group
Manchester City Council - Chorlton,Chorlton Place,2020,January,2,Thursday,09 Jan 2020,17:00,129,109,238,129,109,238,No Group
Manchester City Council - Chorlton,Chorlton Place,2020,January,2,Thursday,09 Jan 2020,18:00,101,85,186,101,85,186,No Group
Manchester City Council - Chorlton,Chorlton Place,2020,January,2,Thursday,09 Jan 2020,19:00,94,70,164,94,70,164,No Group
Manchester City Council - Chorlton,Chorlton Place,2020,January,2,Thursday,09 Jan 2020,20:00,45,41,86,45,41,86,No Group
Manchester City Council - Chorlton,Chorlton Place,2020,January,2,Thursday,09 Jan 2020,21:00,30,43,73,30,43,73,No Group
Manchester City Council - Chorlton,Chorlton Place,2020,January,2,Thursday,09 Jan 2020,22:00,21,33,54,21,33,54,No Group
Manchester City Council - Chorlton,Chorlton Place,2020,January,2,Thursday,09 Jan 2020,23:00,15,8,23,15,8,23,No Group
Manchester City Council - Chorlton,Chorlton Place,2020,January,2,Friday,10 Jan 2020,00:00,5,2,7,5,2,7,No Group
Manchester City Council - Chorlton,Chorlton Place,2020,January,2,Friday,10 Jan 2020,01:00,1,1,2,1,1,2,No Group
Manchester City Council - Chorlton,Chorlton Place,2020,January,2,Friday,10 Jan 2020,02:00,2,0,2,2,0,2,No Group
Manchester City Council - Chorlton,Chorlton Place,2020,January,2,Friday,10 Jan 2020,03:00,3,3,6,3,3,6,No Group
Manchester City Council - Chorlton,Chorlton Place,2020,January,2,Friday,10 Jan 2020,04:00,1,2,3,1,2,3,No Group
Manchester City Council - Chorlton,Chorlton Place,2020,January,2,Friday,10 Jan 2020,05:00,3,0,3,3,0,3,No Group
Manchester City Council - Chorlton,Chorlton Place,2020,January,2,Friday,10 Jan 2020,06:00,6,22,28,6,22,28,No Group
Manchester City Council - Chorlton,Chorlton Place,2020,January,2,Friday,10 Jan 2020,07:00,18,97,115,18,97,115,No Group
Manchester City Council - Chorlton,Chorlton Place,2020,January,2,Friday,10 Jan 2020,08:00,37,127,164,37,127,164,No Group
Manchester City Council - Chorlton,Chorlton Place,2020,January,2,Friday,10 Jan 2020,09:00,88,142,230,88,142,230,No Group
Manchester City Council - Chorlton,Chorlton Place,2020,January,2,Friday,10 Jan 2020,10:00,80,135,215,80,135,215,No Group
Manchester City Council - Chorlton,Chorlton Place,2020,January,2,Friday,10 Jan 2020,11:00,133,185,318,133,185,318,No Group
Manchester City Council - Chorlton,Chorlton Place,2020,January,2,Friday,10 Jan 2020,12:00,158,195,353,158,195,353,No Group
Manchester City Council - Chorlton,Chorlton Place,2020,January,2,Friday,10 Jan 2020,13:00,171,170,341,171,170,341,No Group
Manchester City Council - Chorlton,Chorlton Place,2020,January,2,Friday,10 Jan 2020,14:00,180,194,374,180,194,374,No Group
Manchester City Council - Chorlton,Chorlton Place,2020,January,2,Friday,10 Jan 2020,15:00,167,182,349,167,182,349,No Group
Manchester City Council - Chorlton,Chorlton Place,2020,January,2,Friday,10 Jan 2020,16:00,144,173,317,144,173,317,No Group
Manchester City Council - Chorlton,Chorlton Place,2020,January,2,Friday,10 Jan 2020,17:00,142,137,279,142,137,279,No Group
Manchester City Council - Chorlton,Chorlton Place,2020,January,2,Friday,10 Jan 2020,18:00,106,80,186,106,80,186,No Group
Manchester City Council - Chorlton,Chorlton Place,2020,January,2,Friday,10 Jan 2020,19:00,77,84,161,77,84,161,No Group
Manchester City Council - Chorlton,Chorlton Place,2020,January,2,Friday,10 Jan 2020,20:00,60,66,126,60,66,126,No Group
Manchester City Council - Chorlton,Chorlton Place,2020,January,2,Friday,10 Jan 2020,21:00,38,26,64,38,26,64,No Group
Manchester City Council - Chorlton,Chorlton Place,2020,January,2,Friday,10 Jan 2020,22:00,32,28,60,32,28,60,No Group
Manchester City Council - Chorlton,Chorlton Place,2020,January,2,Friday,10 Jan 2020,23:00,27,36,63,27,36,63,No Group
Manchester City Council - Chorlton,Chorlton Place,2020,January,2,Saturday,11 Jan 2020,00:00,16,27,43,16,27,43,No Group
Manchester City Council - Chorlton,Chorlton Place,2020,January,2,Saturday,11 Jan 2020,01:00,19,7,26,19,7,26,No Group
Manchester City Council - Chorlton,Chorlton Place,2020,January,2,Saturday,11 Jan 2020,02:00,7,5,12,7,5,12,No Group
Manchester City Council - Chorlton,Chorlton Place,2020,January,2,Saturday,11 Jan 2020,03:00,1,2,3,1,2,3,No Group
Manchester City Council - Chorlton,Chorlton Place,2020,January,2,Saturday,11 Jan 2020,04:00,1,4,5,1,4,5,No Group
Manchester City Council - Chorlton,Chorlton Place,2020,January,2,Saturday,11 Jan 2020,05:00,8,16,24,8,16,24,No Group
Manchester City Council - Chorlton,Chorlton Place,2020,January,2,Saturday,11 Jan 2020,06:00,6,11,17,6,11,17,No Group
Manchester City Council - Chorlton,Chorlton Place,2020,January,2,Saturday,11 Jan 2020,07:00,12,26,38,12,26,38,No Group
Manchester City Council - Chorlton,Chorlton Place,2020,January,2,Saturday,11 Jan 2020,08:00,40,52,92,40,52,92,No Group
Manchester City Council - Chorlton,Chorlton Place,2020,January,2,Saturday,11 Jan 2020,09:00,78,113,191,78,113,191,No Group
Manchester City Council - Chorlton,Chorlton Place,2020,January,2,Saturday,11 Jan 2020,10:00,164,203,367,164,203,367,No Group
Manchester City Council - Chorlton,Chorlton Place,2020,January,2,Saturday,11 Jan 2020,11:00,196,244,440,196,244,440,No Group
Manchester City Council - Chorlton,Chorlton Place,2020,January,2,Saturday,11 Jan 2020,12:00,248,276,524,248,276,524,No Group
Manchester City Council - Chorlton,Chorlton Place,2020,January,2,Saturday,11 Jan 2020,13:00,254,250,504,254,250,504,No Group
Manchester City Council - Chorlton,Chorlton Place,2020,January,2,Saturday,11 Jan 2020,14:00,245,251,496,245,251,496,No Group
Manchester City Council - Chorlton,Chorlton Place,2020,January,2,Saturday,11 Jan 2020,15:00,258,267,525,258,267,525,No Group
Manchester City Council - Chorlton,Chorlton Place,2020,January,2,Saturday,11 Jan 2020,16:00,179,191,370,179,191,370,No Group
Manchester City Council - Chorlton,Chorlton Place,2020,January,2,Saturday,11 Jan 2020,17:00,101,103,204,101,103,204,No Group
Manchester City Council - Chorlton,Chorlton Place,2020,January,2,Saturday,11 Jan 2020,18:00,70,102,172,70,102,172,No Group
Manchester City Council - Chorlton,Chorlton Place,2020,January,2,Saturday,11 Jan 2020,19:00,39,58,97,39,58,97,No Group
Manchester City Council - Chorlton,Chorlton Place,2020,January,2,Saturday,11 Jan 2020,20:00,44,50,94,44,50,94,No Group
Manchester City Council - Chorlton,Chorlton Place,2020,January,2,Saturday,11 Jan 2020,21:00,56,34,90,56,34,90,No Group
Manchester City Council - Chorlton,Chorlton Place,2020,January,2,Saturday,11 Jan 2020,22:00,47,35,82,47,35,82,No Group
Manchester City Council - Chorlton,Chorlton Place,2020,January,2,Saturday,11 Jan 2020,23:00,17,37,54,17,37,54,No Group
Manchester City Council - Chorlton,Chorlton Place,2020,January,2,Sunday,12 Jan 2020,00:00,7,15,22,7,15,22,No Group
Manchester City Council - Chorlton,Chorlton Place,2020,January,2,Sunday,12 Jan 2020,01:00,3,3,6,3,3,6,No Group
Manchester City Council - Chorlton,Chorlton Place,2020,January,2,Sunday,12 Jan 2020,02:00,0,2,2,0,2,2,No Group
Manchester City Council - Chorlton,Chorlton Place,2020,January,2,Sunday,12 Jan 2020,03:00,4,1,5,4,1,5,No Group
Manchester City Council - Chorlton,Chorlton Place,2020,January,2,Sunday,12 Jan 2020,04:00,2,2,4,2,2,4,No Group
Manchester City Council - Chorlton,Chorlton Place,2020,January,2,Sunday,12 Jan 2020,05:00,0,0,0,0,0,0,No Group
Manchester City Council - Chorlton,Chorlton Place,2020,January,2,Sunday,12 Jan 2020,06:00,0,2,2,0,2,2,No Group
Manchester City Council - Chorlton,Chorlton Place,2020,January,2,Sunday,12 Jan 2020,07:00,3,20,23,3,20,23,No Group
Manchester City Council - Chorlton,Chorlton Place,2020,January,2,Sunday,12 Jan 2020,08:00,15,29,44,15,29,44,No Group
Manchester City Council - Chorlton,Chorlton Place,2020,January,2,Sunday,12 Jan 2020,09:00,26,51,77,26,51,77,No Group
Manchester City Council - Chorlton,Chorlton Place,2020,January,2,Sunday,12 Jan 2020,10:00,49,62,111,49,62,111,No Group
Manchester City Council - Chorlton,Chorlton Place,2020,January,2,Sunday,12 Jan 2020,11:00,74,113,187,74,113,187,No Group
Manchester City Council - Chorlton,Chorlton Place,2020,January,2,Sunday,12 Jan 2020,12:00,49,98,147,49,98,147,No Group
Manchester City Council - Chorlton,Chorlton Place,2020,January,2,Sunday,12 Jan 2020,13:00,127,135,262,127,135,262,No Group
Manchester City Council - Chorlton,Chorlton Place,2020,January,2,Sunday,12 Jan 2020,14:00,123,139,262,123,139,262,No Group
Manchester City Council - Chorlton,Chorlton Place,2020,January,2,Sunday,12 Jan 2020,15:00,182,171,353,182,171,353,No Group
Manchester City Council - Chorlton,Chorlton Place,2020,January,2,Sunday,12 Jan 2020,16:00,125,122,247,125,122,247,No Group
Manchester City Council - Chorlton,Chorlton Place,2020,January,2,Sunday,12 Jan 2020,17:00,49,60,109,49,60,109,No Group
Manchester City Council - Chorlton,Chorlton Place,2020,January,2,Sunday,12 Jan 2020,18:00,41,49,90,41,49,90,No Group
Manchester City Council - Chorlton,Chorlton Place,2020,January,2,Sunday,12 Jan 2020,19:00,27,34,61,27,34,61,No Group
Manchester City Council - Chorlton,Chorlton Place,2020,January,2,Sunday,12 Jan 2020,20:00,29,16,45,29,16,45,No Group
Manchester City Council - Chorlton,Chorlton Place,2020,January,2,Sunday,12 Jan 2020,21:00,19,15,34,19,15,34,No Group
Manchester City Council - Chorlton,Chorlton Place,2020,January,2,Sunday,12 Jan 2020,22:00,11,21,32,11,21,32,No Group
Manchester City Council - Chorlton,Chorlton Place,2020,January,2,Sunday,12 Jan 2020,23:00,9,16,25,9,16,25,No Group
Manchester City Council - Chorlton,Chorlton Place,2020,January,3,Monday,13 Jan 2020,00:00,4,0,4,4,0,4,No Group
Manchester City Council - Chorlton,Chorlton Place,2020,January,3,Monday,13 Jan 2020,01:00,3,5,8,3,5,8,No Group
Manchester City Council - Chorlton,Chorlton Place,2020,January,3,Monday,13 Jan 2020,02:00,0,0,0,0,0,0,No Group
Manchester City Council - Chorlton,Chorlton Place,2020,January,3,Monday,13 Jan 2020,03:00,2,5,7,2,5,7,No Group
Manchester City Council - Chorlton,Chorlton Place,2020,January,3,Monday,13 Jan 2020,04:00,0,2,2,0,2,2,No Group
Manchester City Council - Chorlton,Chorlton Place,2020,January,3,Monday,13 Jan 2020,05:00,0,6,6,0,6,6,No Group
Manchester City Council - Chorlton,Chorlton Place,2020,January,3,Monday,13 Jan 2020,06:00,4,24,28,4,24,28,No Group
Manchester City Council - Chorlton,Chorlton Place,2020,January,3,Monday,13 Jan 2020,07:00,22,91,113,22,91,113,No Group
Manchester City Council - Chorlton,Chorlton Place,2020,January,3,Monday,13 Jan 2020,08:00,26,124,150,26,124,150,No Group
Manchester City Council - Chorlton,Chorlton Place,2020,January,3,Monday,13 Jan 2020,09:00,71,125,196,71,125,196,No Group
Manchester City Council - Chorlton,Chorlton Place,2020,January,3,Monday,13 Jan 2020,10:00,108,120,228,108,120,228,No Group
Manchester City Council - Chorlton,Chorlton Place,2020,January,3,Monday,13 Jan 2020,11:00,124,156,280,124,156,280,No Group
Manchester City Council - Chorlton,Chorlton Place,2020,January,3,Monday,13 Jan 2020,12:00,157,152,309,157,152,309,No Group
Manchester City Council - Chorlton,Chorlton Place,2020,January,3,Monday,13 Jan 2020,13:00,180,197,377,180,197,377,No Group
Manchester City Council - Chorlton,Chorlton Place,2020,January,3,Monday,13 Jan 2020,14:00,140,166,306,140,166,306,No Group
Manchester City Council - Chorlton,Chorlton Place,2020,January,3,Monday,13 Jan 2020,15:00,178,152,330,178,152,330,No Group
Manchester City Council - Chorlton,Chorlton Place,2020,January,3,Monday,13 Jan 2020,16:00,112,125,237,112,125,237,No Group
Manchester City Council - Chorlton,Chorlton Place,2020,January,3,Monday,13 Jan 2020,17:00,71,53,124,71,53,124,No Group
Manchester City Council - Chorlton,Chorlton Place,2020,January,3,Monday,13 Jan 2020,18:00,79,58,137,79,58,137,No Group
Manchester City Council - Chorlton,Chorlton Place,2020,January,3,Monday,13 Jan 2020,19:00,50,46,96,50,46,96,No Group
Manchester City Council - Chorlton,Chorlton Place,2020,January,3,Monday,13 Jan 2020,20:00,47,40,87,47,40,87,No Group
Manchester City Council - Chorlton,Chorlton Place,2020,January,3,Monday,13 Jan 2020,21:00,32,34,66,32,34,66,No Group
Manchester City Council - Chorlton,Chorlton Place,2020,January,3,Monday,13 Jan 2020,22:00,17,30,47,17,30,47,No Group
Manchester City Council - Chorlton,Chorlton Place,2020,January,3,Monday,13 Jan 2020,23:00,9,9,18,9,9,18,No Group
Manchester City Council - Chorlton,Chorlton Place,2020,January,3,Tuesday,14 Jan 2020,00:00,0,3,3,0,3,3,No Group
Manchester City Council - Chorlton,Chorlton Place,2020,January,3,Tuesday,14 Jan 2020,01:00,8,9,17,8,9,17,No Group
Manchester City Council - Chorlton,Chorlton Place,2020,January,3,Tuesday,14 Jan 2020,02:00,1,0,1,1,0,1,No Group
Manchester City Council - Chorlton,Chorlton Place,2020,January,3,Tuesday,14 Jan 2020,03:00,1,2,3,1,2,3,No Group
Manchester City Council - Chorlton,Chorlton Place,2020,January,3,Tuesday,14 Jan 2020,04:00,0,4,4,0,4,4,No Group
Manchester City Council - Chorlton,Chorlton Place,2020,January,3,Tuesday,14 Jan 2020,05:00,2,3,5,2,3,5,No Group
Manchester City Council - Chorlton,Chorlton Place,2020,January,3,Tuesday,14 Jan 2020,06:00,6,30,36,6,30,36,No Group
Manchester City Council - Chorlton,Chorlton Place,2020,January,3,Tuesday,14 Jan 2020,07:00,20,141,161,20,141,161,No Group
Manchester City Council - Chorlton,Chorlton Place,2020,January,3,Tuesday,14 Jan 2020,08:00,24,133,157,24,133,157,No Group
Manchester City Council - Chorlton,Chorlton Place,2020,January,3,Tuesday,14 Jan 2020,09:00,85,138,223,85,138,223,No Group
Manchester City Council - Chorlton,Chorlton Place,2020,January,3,Tuesday,14 Jan 2020,10:00,117,148,265,117,148,265,No Group
Manchester City Council - Chorlton,Chorlton Place,2020,January,3,Tuesday,14 Jan 2020,11:00,192,235,427,192,235,427,No Group
Manchester City Council - Chorlton,Chorlton Place,2020,January,3,Tuesday,14 Jan 2020,12:00,198,227,425,198,227,425,No Group
Manchester City Council - Chorlton,Chorlton Place,2020,January,3,Tuesday,14 Jan 2020,13:00,159,165,324,159,165,324,No Group
Manchester City Council - Chorlton,Chorlton Place,2020,January,3,Tuesday,14 Jan 2020,14:00,149,186,335,149,186,335,No Group
Manchester City Council - Chorlton,Chorlton Place,2020,January,3,Tuesday,14 Jan 2020,15:00,161,168,329,161,168,329,No Group
Manchester City Council - Chorlton,Chorlton Place,2020,January,3,Tuesday,14 Jan 2020,16:00,132,123,255,132,123,255,No Group
Manchester City Council - Chorlton,Chorlton Place,2020,January,3,Tuesday,14 Jan 2020,17:00,92,81,173,92,81,173,No Group
Manchester City Council - Chorlton,Chorlton Place,2020,January,3,Tuesday,14 Jan 2020,18:00,90,54,144,90,54,144,No Group
Manchester City Council - Chorlton,Chorlton Place,2020,January,3,Tuesday,14 Jan 2020,19:00,57,55,112,57,55,112,No Group
Manchester City Council - Chorlton,Chorlton Place,2020,January,3,Tuesday,14 Jan 2020,20:00,37,45,82,37,45,82,No Group
Manchester City Council - Chorlton,Chorlton Place,2020,January,3,Tuesday,14 Jan 2020,21:00,34,22,56,34,22,56,No Group
Manchester City Council - Chorlton,Chorlton Place,2020,January,3,Tuesday,14 Jan 2020,22:00,20,18,38,20,18,38,No Group
Manchester City Council - Chorlton,Chorlton Place,2020,January,3,Tuesday,14 Jan 2020,23:00,12,2,14,12,2,14,No Group
Manchester City Council - Chorlton,Chorlton Place,2020,January,3,Wednesday,15 Jan 2020,00:00,2,4,6,2,4,6,No Group
Manchester City Council - Chorlton,Chorlton Place,2020,January,3,Wednesday,15 Jan 2020,01:00,1,1,2,1,1,2,No Group
Manchester City Council - Chorlton,Chorlton Place,2020,January,3,Wednesday,15 Jan 2020,02:00,0,0,0,0,0,0,No Group
Manchester City Council - Chorlton,Chorlton Place,2020,January,3,Wednesday,15 Jan 2020,03:00,1,7,8,1,7,8,No Group
Manchester City Council - Chorlton,Chorlton Place,2020,January,3,Wednesday,15 Jan 2020,04:00,2,4,6,2,4,6,No Group
Manchester City Council - Chorlton,Chorlton Place,2020,January,3,Wednesday,15 Jan 2020,05:00,0,7,7,0,7,7,No Group
Manchester City Council - Chorlton,Chorlton Place,2020,January,3,Wednesday,15 Jan 2020,06:00,9,30,39,9,30,39,No Group
Manchester City Council - Chorlton,Chorlton Place,2020,January,3,Wednesday,15 Jan 2020,07:00,29,116,145,29,116,145,No Group
Manchester City Council - Chorlton,Chorlton Place,2020,January,3,Wednesday,15 Jan 2020,08:00,33,116,149,33,116,149,No Group
Manchester City Council - Chorlton,Chorlton Place,2020,January,3,Wednesday,15 Jan 2020,09:00,63,114,177,63,114,177,No Group
Manchester City Council - Chorlton,Chorlton Place,2020,January,3,Wednesday,15 Jan 2020,10:00,226,570,796,226,570,796,No Group
Manchester City Council - Chorlton,Chorlton Place,2020,January,3,Wednesday,15 Jan 2020,11:00,280,547,827,280,547,827,No Group
Manchester City Council - Chorlton,Chorlton Place,2020,January,3,Wednesday,15 Jan 2020,12:00,240,398,638,240,398,638,No Group
Manchester City Council - Chorlton,Chorlton Place,2020,January,3,Wednesday,15 Jan 2020,13:00,157,173,330,157,173,330,No Group
Manchester City Council - Chorlton,Chorlton Place,2020,January,3,Wednesday,15 Jan 2020,14:00,156,132,288,156,132,288,No Group
Manchester City Council - Chorlton,Chorlton Place,2020,January,3,Wednesday,15 Jan 2020,15:00,144,143,287,144,143,287,No Group
Manchester City Council - Chorlton,Chorlton Place,2020,January,3,Wednesday,15 Jan 2020,16:00,121,116,237,121,116,237,No Group
Manchester City Council - Chorlton,Chorlton Place,2020,January,3,Wednesday,15 Jan 2020,17:00,141,96,237,141,96,237,No Group
Manchester City Council - Chorlton,Chorlton Place,2020,January,3,Wednesday,15 Jan 2020,18:00,113,99,212,113,99,212,No Group
Manchester City Council - Chorlton,Chorlton Place,2020,January,3,Wednesday,15 Jan 2020,19:00,100,64,164,100,64,164,No Group
Manchester City Council - Chorlton,Chorlton Place,2020,January,3,Wednesday,15 Jan 2020,20:00,65,47,112,65,47,112,No Group
Manchester City Council - Chorlton,Chorlton Place,2020,January,3,Wednesday,15 Jan 2020,21:00,31,33,64,31,33,64,No Group
Manchester City Council - Chorlton,Chorlton Place,2020,January,3,Wednesday,15 Jan 2020,22:00,31,31,62,31,31,62,No Group
Manchester City Council - Chorlton,Chorlton Place,2020,January,3,Wednesday,15 Jan 2020,23:00,14,14,28,14,14,28,No Group
Manchester City Council - Chorlton,Chorlton Place,2020,January,3,Thursday,16 Jan 2020,00:00,21,1,22,21,1,22,No Group
Manchester City Council - Chorlton,Chorlton Place,2020,January,3,Thursday,16 Jan 2020,01:00,0,3,3,0,3,3,No Group
Manchester City Council - Chorlton,Chorlton Place,2020,January,3,Thursday,16 Jan 2020,02:00,1,0,1,1,0,1,No Group
Manchester City Council - Chorlton,Chorlton Place,2020,January,3,Thursday,16 Jan 2020,03:00,1,5,6,1,5,6,No Group
Manchester City Council - Chorlton,Chorlton Place,2020,January,3,Thursday,16 Jan 2020,04:00,0,1,1,0,1,1,No Group
Manchester City Council - Chorlton,Chorlton Place,2020,January,3,Thursday,16 Jan 2020,05:00,0,0,0,0,0,0,No Group
Manchester City Council - Chorlton,Chorlton Place,2020,January,3,Thursday,16 Jan 2020,06:00,8,22,30,8,22,30,No Group
Manchester City Council - Chorlton,Chorlton Place,2020,January,3,Thursday,16 Jan 2020,07:00,27,77,104,27,77,104,No Group
Manchester City Council - Chorlton,Chorlton Place,2020,January,3,Thursday,16 Jan 2020,08:00,26,145,171,26,145,171,No Group
Manchester City Council - Chorlton,Chorlton Place,2020,January,3,Thursday,16 Jan 2020,09:00,86,135,221,86,135,221,No Group
Manchester City Council - Chorlton,Chorlton Place,2020,January,3,Thursday,16 Jan 2020,10:00,183,99,282,183,99,282,No Group
Manchester City Council - Chorlton,Chorlton Place,2020,January,3,Thursday,16 Jan 2020,11:00,117,131,248,117,131,248,No Group
Manchester City Council - Chorlton,Chorlton Place,2020,January,3,Thursday,16 Jan 2020,12:00,137,155,292,137,155,292,No Group
Manchester City Council - Chorlton,Chorlton Place,2020,January,3,Thursday,16 Jan 2020,13:00,181,154,335,181,154,335,No Group
Manchester City Council - Chorlton,Chorlton Place,2020,January,3,Thursday,16 Jan 2020,14:00,158,170,328,158,170,328,No Group
Manchester City Council - Chorlton,Chorlton Place,2020,January,3,Thursday,16 Jan 2020,15:00,124,133,257,124,133,257,No Group
Manchester City Council - Chorlton,Chorlton Place,2020,January,3,Thursday,16 Jan 2020,16:00,129,140,269,129,140,269,No Group
Manchester City Council - Chorlton,Chorlton Place,2020,January,3,Thursday,16 Jan 2020,17:00,126,77,203,126,77,203,No Group
Manchester City Council - Chorlton,Chorlton Place,2020,January,3,Thursday,16 Jan 2020,18:00,67,65,132,67,65,132,No Group
Manchester City Council - Chorlton,Chorlton Place,2020,January,3,Thursday,16 Jan 2020,19:00,55,49,104,55,49,104,No Group
Manchester City Council - Chorlton,Chorlton Place,2020,January,3,Thursday,16 Jan 2020,20:00,35,30,65,35,30,65,No Group
Manchester City Council - Chorlton,Chorlton Place,2020,January,3,Thursday,16 Jan 2020,21:00,32,26,58,32,26,58,No Group
Manchester City Council - Chorlton,Chorlton Place,2020,January,3,Thursday,16 Jan 2020,22:00,23,17,40,23,17,40,No Group
Manchester City Council - Chorlton,Chorlton Place,2020,January,3,Thursday,16 Jan 2020,23:00,14,12,26,14,12,26,No Group
Manchester City Council - Chorlton,Chorlton Place,2020,January,3,Friday,17 Jan 2020,00:00,8,2,10,8,2,10,No Group
Manchester City Council - Chorlton,Chorlton Place,2020,January,3,Friday,17 Jan 2020,01:00,3,2,5,3,2,5,No Group
Manchester City Council - Chorlton,Chorlton Place,2020,January,3,Friday,17 Jan 2020,02:00,0,4,4,0,4,4,No Group
Manchester City Council - Chorlton,Chorlton Place,2020,January,3,Friday,17 Jan 2020,03:00,3,1,4,3,1,4,No Group
Manchester City Council - Chorlton,Chorlton Place,2020,January,3,Friday,17 Jan 2020,04:00,0,5,5,0,5,5,No Group
Manchester City Council - Chorlton,Chorlton Place,2020,January,3,Friday,17 Jan 2020,05:00,2,6,8,2,6,8,No Group
Manchester City Council - Chorlton,Chorlton Place,2020,January,3,Friday,17 Jan 2020,06:00,1,23,24,1,23,24,No Group
Manchester City Council - Chorlton,Chorlton Place,2020,January,3,Friday,17 Jan 2020,07:00,26,94,120,26,94,120,No Group
Manchester City Council - Chorlton,Chorlton Place,2020,January,3,Friday,17 Jan 2020,08:00,58,170,228,58,170,228,No Group
Manchester City Council - Chorlton,Chorlton Place,2020,January,3,Friday,17 Jan 2020,09:00,123,182,305,123,182,305,No Group
Manchester City Council - Chorlton,Chorlton Place,2020,January,3,Friday,17 Jan 2020,10:00,147,172,319,147,172,319,No Group
Manchester City Council - Chorlton,Chorlton Place,2020,January,3,Friday,17 Jan 2020,11:00,228,245,473,228,245,473,No Group
Manchester City Council - Chorlton,Chorlton Place,2020,January,3,Friday,17 Jan 2020,12:00,206,227,433,206,227,433,No Group
Manchester City Council - Chorlton,Chorlton Place,2020,January,3,Friday,17 Jan 2020,13:00,187,237,424,187,237,424,No Group
Manchester City Council - Chorlton,Chorlton Place,2020,January,3,Friday,17 Jan 2020,14:00,239,261,500,239,261,500,No Group
Manchester City Council - Chorlton,Chorlton Place,2020,January,3,Friday,17 Jan 2020,15:00,209,214,423,209,214,423,No Group
Manchester City Council - Chorlton,Chorlton Place,2020,January,3,Friday,17 Jan 2020,16:00,159,187,346,159,187,346,No Group
Manchester City Council - Chorlton,Chorlton Place,2020,January,3,Friday,17 Jan 2020,17:00,96,97,193,96,97,193,No Group
Manchester City Council - Chorlton,Chorlton Place,2020,January,3,Friday,17 Jan 2020,18:00,106,64,170,106,64,170,No Group
Manchester City Council - Chorlton,Chorlton Place,2020,January,3,Friday,17 Jan 2020,19:00,87,66,153,87,66,153,No Group
Manchester City Council - Chorlton,Chorlton Place,2020,January,3,Friday,17 Jan 2020,20:00,52,68,120,52,68,120,No Group
Manchester City Council - Chorlton,Chorlton Place,2020,January,3,Friday,17 Jan 2020,21:00,39,40,79,39,40,79,No Group
Manchester City Council - Chorlton,Chorlton Place,2020,January,3,Friday,17 Jan 2020,22:00,36,31,67,36,31,67,No Group
Manchester City Council - Chorlton,Chorlton Place,2020,January,3,Friday,17 Jan 2020,23:00,26,19,45,26,19,45,No Group
Manchester City Council - Chorlton,Chorlton Place,2020,January,3,Saturday,18 Jan 2020,00:00,21,23,44,21,23,44,No Group
Manchester City Council - Chorlton,Chorlton Place,2020,January,3,Saturday,18 Jan 2020,01:00,15,11,26,15,11,26,No Group
Manchester City Council - Chorlton,Chorlton Place,2020,January,3,Saturday,18 Jan 2020,02:00,8,1,9,8,1,9,No Group
Manchester City Council - Chorlton,Chorlton Place,2020,January,3,Saturday,18 Jan 2020,03:00,4,9,13,4,9,13,No Group
Manchester City Council - Chorlton,Chorlton Place,2020,January,3,Saturday,18 Jan 2020,04:00,2,32,34,2,32,34,No Group
Manchester City Council - Chorlton,Chorlton Place,2020,January,3,Saturday,18 Jan 2020,05:00,8,54,62,8,54,62,No Group
Manchester City Council - Chorlton,Chorlton Place,2020,January,3,Saturday,18 Jan 2020,06:00,7,63,70,7,63,70,No Group
Manchester City Council - Chorlton,Chorlton Place,2020,January,3,Saturday,18 Jan 2020,07:00,12,54,66,12,54,66,No Group
Manchester City Council - Chorlton,Chorlton Place,2020,January,3,Saturday,18 Jan 2020,08:00,33,61,94,33,61,94,No Group
Manchester City Council - Chorlton,Chorlton Place,2020,January,3,Saturday,18 Jan 2020,09:00,117,116,233,117,116,233,No Group
Manchester City Council - Chorlton,Chorlton Place,2020,January,3,Saturday,18 Jan 2020,10:00,278,517,795,278,517,795,No Group
Manchester City Council - Chorlton,Chorlton Place,2020,January,3,Saturday,18 Jan 2020,11:00,631,1447,2078,631,1447,2078,No Group
Manchester City Council - Chorlton,Chorlton Place,2020,January,3,Saturday,18 Jan 2020,12:00,451,676,1127,451,676,1127,No Group
Manchester City Council - Chorlton,Chorlton Place,2020,January,3,Saturday,18 Jan 2020,13:00,289,320,609,289,320,609,No Group
Manchester City Council - Chorlton,Chorlton Place,2020,January,3,Saturday,18 Jan 2020,14:00,304,321,625,304,321,625,No Group
Manchester City Council - Chorlton,Chorlton Place,2020,January,3,Saturday,18 Jan 2020,15:00,278,292,570,278,292,570,No Group
Manchester City Council - Chorlton,Chorlton Place,2020,January,3,Saturday,18 Jan 2020,16:00,195,199,394,195,199,394,No Group
Manchester City Council - Chorlton,Chorlton Place,2020,January,3,Saturday,18 Jan 2020,17:00,102,103,205,102,103,205,No Group
Manchester City Council - Chorlton,Chorlton Place,2020,January,3,Saturday,18 Jan 2020,18:00,71,87,158,71,87,158,No Group
Manchester City Council - Chorlton,Chorlton Place,2020,January,3,Saturday,18 Jan 2020,19:00,62,65,127,62,65,127,No Group
Manchester City Council - Chorlton,Chorlton Place,2020,January,3,Saturday,18 Jan 2020,20:00,96,71,167,96,71,167,No Group
Manchester City Council - Chorlton,Chorlton Place,2020,January,3,Saturday,18 Jan 2020,21:00,68,50,118,68,50,118,No Group
Manchester City Council - Chorlton,Chorlton Place,2020,January,3,Saturday,18 Jan 2020,22:00,36,51,87,36,51,87,No Group
Manchester City Council - Chorlton,Chorlton Place,2020,January,3,Saturday,18 Jan 2020,23:00,34,32,66,34,32,66,No Group
Manchester City Council - Chorlton,Chorlton Place,2020,January,3,Sunday,19 Jan 2020,00:00,24,47,71,24,47,71,No Group
Manchester City Council - Chorlton,Chorlton Place,2020,January,3,Sunday,19 Jan 2020,01:00,8,3,11,8,3,11,No Group
Manchester City Council - Chorlton,Chorlton Place,2020,January,3,Sunday,19 Jan 2020,02:00,3,1,4,3,1,4,No Group
Manchester City Council - Chorlton,Chorlton Place,2020,January,3,Sunday,19 Jan 2020,03:00,0,0,0,0,0,0,No Group
Manchester City Council - Chorlton,Chorlton Place,2020,January,3,Sunday,19 Jan 2020,04:00,1,1,2,1,1,2,No Group
Manchester City Council - Chorlton,Chorlton Place,2020,January,3,Sunday,19 Jan 2020,05:00,0,2,2,0,2,2,No Group
Manchester City Council - Chorlton,Chorlton Place,2020,January,3,Sunday,19 Jan 2020,06:00,3,2,5,3,2,5,No Group
Manchester City Council - Chorlton,Chorlton Place,2020,January,3,Sunday,19 Jan 2020,07:00,4,5,9,4,5,9,No Group
Manchester City Council - Chorlton,Chorlton Place,2020,January,3,Sunday,19 Jan 2020,08:00,10,27,37,10,27,37,No Group
Manchester City Council - Chorlton,Chorlton Place,2020,January,3,Sunday,19 Jan 2020,09:00,33,38,71,33,38,71,No Group
Manchester City Council - Chorlton,Chorlton Place,2020,January,3,Sunday,19 Jan 2020,10:00,62,90,152,62,90,152,No Group
Manchester City Council - Chorlton,Chorlton Place,2020,January,3,Sunday,19 Jan 2020,11:00,77,84,161,77,84,161,No Group
Manchester City Council - Chorlton,Chorlton Place,2020,January,3,Sunday,19 Jan 2020,12:00,104,122,226,104,122,226,No Group
Manchester City Council - Chorlton,Chorlton Place,2020,January,3,Sunday,19 Jan 2020,13:00,104,115,219,104,115,219,No Group
Manchester City Council - Chorlton,Chorlton Place,2020,January,3,Sunday,19 Jan 2020,14:00,123,112,235,123,112,235,No Group
Manchester City Council - Chorlton,Chorlton Place,2020,January,3,Sunday,19 Jan 2020,15:00,124,112,236,124,112,236,No Group
Manchester City Council - Chorlton,Chorlton Place,2020,January,3,Sunday,19 Jan 2020,16:00,86,76,162,86,76,162,No Group
Manchester City Council - Chorlton,Chorlton Place,2020,January,3,Sunday,19 Jan 2020,17:00,49,40,89,49,40,89,No Group
Manchester City Council - Chorlton,Chorlton Place,2020,January,3,Sunday,19 Jan 2020,18:00,39,54,93,39,54,93,No Group
Manchester City Council - Chorlton,Chorlton Place,2020,January,3,Sunday,19 Jan 2020,19:00,36,38,74,36,38,74,No Group
Manchester City Council - Chorlton,Chorlton Place,2020,January,3,Sunday,19 Jan 2020,20:00,19,31,50,19,31,50,No Group
Manchester City Council - Chorlton,Chorlton Place,2020,January,3,Sunday,19 Jan 2020,21:00,17,21,38,17,21,38,No Group
Manchester City Council - Chorlton,Chorlton Place,2020,January,3,Sunday,19 Jan 2020,22:00,18,9,27,18,9,27,No Group
Manchester City Council - Chorlton,Chorlton Place,2020,January,3,Sunday,19 Jan 2020,23:00,5,12,17,5,12,17,No Group
Manchester City Council - Chorlton,Chorlton Place,2020,January,4,Monday,20 Jan 2020,00:00,4,3,7,4,3,7,No Group
Manchester City Council - Chorlton,Chorlton Place,2020,January,4,Monday,20 Jan 2020,01:00,5,1,6,5,1,6,No Group
Manchester City Council - Chorlton,Chorlton Place,2020,January,4,Monday,20 Jan 2020,02:00,1,3,4,1,3,4,No Group
Manchester City Council - Chorlton,Chorlton Place,2020,January,4,Monday,20 Jan 2020,03:00,0,2,2,0,2,2,No Group
Manchester City Council - Chorlton,Chorlton Place,2020,January,4,Monday,20 Jan 2020,04:00,1,4,5,1,4,5,No Group
Manchester City Council - Chorlton,Chorlton Place,2020,January,4,Monday,20 Jan 2020,05:00,2,10,12,2,10,12,No Group
Manchester City Council - Chorlton,Chorlton Place,2020,January,4,Monday,20 Jan 2020,06:00,5,26,31,5,26,31,No Group
Manchester City Council - Chorlton,Chorlton Place,2020,January,4,Monday,20 Jan 2020,07:00,24,89,113,24,89,113,No Group
Manchester City Council - Chorlton,Chorlton Place,2020,January,4,Monday,20 Jan 2020,08:00,26,116,142,26,116,142,No Group
Manchester City Council - Chorlton,Chorlton Place,2020,January,4,Monday,20 Jan 2020,09:00,76,109,185,76,109,185,No Group
Manchester City Council - Chorlton,Chorlton Place,2020,January,4,Monday,20 Jan 2020,10:00,177,388,565,177,388,565,No Group
Manchester City Council - Chorlton,Chorlton Place,2020,January,4,Monday,20 Jan 2020,11:00,329,726,1055,329,726,1055,No Group
Manchester City Council - Chorlton,Chorlton Place,2020,January,4,Monday,20 Jan 2020,12:00,289,490,779,289,490,779,No Group
Manchester City Council - Chorlton,Chorlton Place,2020,January,4,Monday,20 Jan 2020,13:00,135,145,280,135,145,280,No Group
Manchester City Council - Chorlton,Chorlton Place,2020,January,4,Monday,20 Jan 2020,14:00,142,160,302,142,160,302,No Group
Manchester City Council - Chorlton,Chorlton Place,2020,January,4,Monday,20 Jan 2020,15:00,151,151,302,151,151,302,No Group
Manchester City Council - Chorlton,Chorlton Place,2020,January,4,Monday,20 Jan 2020,16:00,139,117,256,139,117,256,No Group
Manchester City Council - Chorlton,Chorlton Place,2020,January,4,Monday,20 Jan 2020,17:00,118,95,213,118,95,213,No Group
Manchester City Council - Chorlton,Chorlton Place,2020,January,4,Monday,20 Jan 2020,18:00,86,57,143,86,57,143,No Group
Manchester City Council - Chorlton,Chorlton Place,2020,January,4,Monday,20 Jan 2020,19:00,68,51,119,68,51,119,No Group
Manchester City Council - Chorlton,Chorlton Place,2020,January,4,Monday,20 Jan 2020,20:00,37,37,74,37,37,74,No Group
Manchester City Council - Chorlton,Chorlton Place,2020,January,4,Monday,20 Jan 2020,21:00,39,33,72,39,33,72,No Group
Manchester City Council - Chorlton,Chorlton Place,2020,January,4,Monday,20 Jan 2020,22:00,15,26,41,15,26,41,No Group
Manchester City Council - Chorlton,Chorlton Place,2020,January,4,Monday,20 Jan 2020,23:00,12,15,27,12,15,27,No Group
Manchester City Council - Chorlton,Chorlton Place,2020,January,4,Tuesday,21 Jan 2020,00:00,3,8,11,3,8,11,No Group
Manchester City Council - Chorlton,Chorlton Place,2020,January,4,Tuesday,21 Jan 2020,01:00,7,5,12,7,5,12,No Group
Manchester City Council - Chorlton,Chorlton Place,2020,January,4,Tuesday,21 Jan 2020,02:00,0,0,0,0,0,0,No Group
Manchester City Council - Chorlton,Chorlton Place,2020,January,4,Tuesday,21 Jan 2020,03:00,1,2,3,1,2,3,No Group
Manchester City Council - Chorlton,Chorlton Place,2020,January,4,Tuesday,21 Jan 2020,04:00,1,0,1,1,0,1,No Group
Manchester City Council - Chorlton,Chorlton Place,2020,January,4,Tuesday,21 Jan 2020,05:00,0,6,6,0,6,6,No Group
Manchester City Council - Chorlton,Chorlton Place,2020,January,4,Tuesday,21 Jan 2020,06:00,6,18,24,6,18,24,No Group
Manchester City Council - Chorlton,Chorlton Place,2020,January,4,Tuesday,21 Jan 2020,07:00,32,99,131,32,99,131,No Group
Manchester City Council - Chorlton,Chorlton Place,2020,January,4,Tuesday,21 Jan 2020,08:00,32,119,151,32,119,151,No Group
Manchester City Council - Chorlton,Chorlton Place,2020,January,4,Tuesday,21 Jan 2020,09:00,83,124,207,83,124,207,No Group
Manchester City Council - Chorlton,Chorlton Place,2020,January,4,Tuesday,21 Jan 2020,10:00,107,113,220,107,113,220,No Group
Manchester City Council - Chorlton,Chorlton Place,2020,January,4,Tuesday,21 Jan 2020,11:00,137,142,279,137,142,279,No Group
Manchester City Council - Chorlton,Chorlton Place,2020,January,4,Tuesday,21 Jan 2020,12:00,145,180,325,145,180,325,No Group
Manchester City Council - Chorlton,Chorlton Place,2020,January,4,Tuesday,21 Jan 2020,13:00,153,169,322,153,169,322,No Group
Manchester City Council - Chorlton,Chorlton Place,2020,January,4,Tuesday,21 Jan 2020,14:00,117,105,222,117,105,222,No Group
Manchester City Council - Chorlton,Chorlton Place,2020,January,4,Tuesday,21 Jan 2020,15:00,153,171,324,153,171,324,No Group
Manchester City Council - Chorlton,Chorlton Place,2020,January,4,Tuesday,21 Jan 2020,16:00,128,117,245,128,117,245,No Group
Manchester City Council - Chorlton,Chorlton Place,2020,January,4,Tuesday,21 Jan 2020,17:00,122,95,217,122,95,217,No Group
Manchester City Council - Chorlton,Chorlton Place,2020,January,4,Tuesday,21 Jan 2020,18:00,110,70,180,110,70,180,No Group
Manchester City Council - Chorlton,Chorlton Place,2020,January,4,Tuesday,21 Jan 2020,19:00,58,33,91,58,33,91,No Group
Manchester City Council - Chorlton,Chorlton Place,2020,January,4,Tuesday,21 Jan 2020,20:00,31,38,69,31,38,69,No Group
Manchester City Council - Chorlton,Chorlton Place,2020,January,4,Tuesday,21 Jan 2020,21:00,27,38,65,27,38,65,No Group
Manchester City Council - Chorlton,Chorlton Place,2020,January,4,Tuesday,21 Jan 2020,22:00,22,10,32,22,10,32,No Group
Manchester City Council - Chorlton,Chorlton Place,2020,January,4,Tuesday,21 Jan 2020,23:00,16,12,28,16,12,28,No Group
Manchester City Council - Chorlton,Chorlton Place,2020,January,4,Wednesday,22 Jan 2020,00:00,9,5,14,9,5,14,No Group
Manchester City Council - Chorlton,Chorlton Place,2020,January,4,Wednesday,22 Jan 2020,01:00,1,1,2,1,1,2,No Group
Manchester City Council - Chorlton,Chorlton Place,2020,January,4,Wednesday,22 Jan 2020,02:00,0,0,0,0,0,0,No Group
Manchester City Council - Chorlton,Chorlton Place,2020,January,4,Wednesday,22 Jan 2020,03:00,0,1,1,0,1,1,No Group
Manchester City Council - Chorlton,Chorlton Place,2020,January,4,Wednesday,22 Jan 2020,04:00,0,0,0,0,0,0,No Group
Manchester City Council - Chorlton,Chorlton Place,2020,January,4,Wednesday,22 Jan 2020,05:00,0,4,4,0,4,4,No Group
Manchester City Council - Chorlton,Chorlton Place,2020,January,4,Wednesday,22 Jan 2020,06:00,4,23,27,4,23,27,No Group
Manchester City Council - Chorlton,Chorlton Place,2020,January,4,Wednesday,22 Jan 2020,07:00,26,99,125,26,99,125,No Group
Manchester City Council - Chorlton,Chorlton Place,2020,January,4,Wednesday,22 Jan 2020,08:00,42,145,187,42,145,187,No Group
Manchester City Council - Chorlton,Chorlton Place,2020,January,4,Wednesday,22 Jan 2020,09:00,75,135,210,75,135,210,No Group
Manchester City Council - Chorlton,Chorlton Place,2020,January,4,Wednesday,22 Jan 2020,10:00,149,184,333,149,184,333,No Group
Manchester City Council - Chorlton,Chorlton Place,2020,January,4,Wednesday,22 Jan 2020,11:00,134,181,315,134,181,315,No Group
Manchester City Council - Chorlton,Chorlton Place,2020,January,4,Wednesday,22 Jan 2020,12:00,152,188,340,152,188,340,No Group
Manchester City Council - Chorlton,Chorlton Place,2020,January,4,Wednesday,22 Jan 2020,13:00,145,158,303,145,158,303,No Group
Manchester City Council - Chorlton,Chorlton Place,2020,January,4,Wednesday,22 Jan 2020,14:00,159,174,333,159,174,333,No Group
Manchester City Council - Chorlton,Chorlton Place,2020,January,4,Wednesday,22 Jan 2020,15:00,158,170,328,158,170,328,No Group
Manchester City Council - Chorlton,Chorlton Place,2020,January,4,Wednesday,22 Jan 2020,16:00,120,112,232,120,112,232,No Group
Manchester City Council - Chorlton,Chorlton Place,2020,January,4,Wednesday,22 Jan 2020,17:00,108,89,197,108,89,197,No Group
Manchester City Council - Chorlton,Chorlton Place,2020,January,4,Wednesday,22 Jan 2020,18:00,94,67,161,94,67,161,No Group
Manchester City Council - Chorlton,Chorlton Place,2020,January,4,Wednesday,22 Jan 2020,19:00,66,45,111,66,45,111,No Group
Manchester City Council - Chorlton,Chorlton Place,2020,January,4,Wednesday,22 Jan 2020,20:00,47,46,93,47,46,93,No Group
Manchester City Council - Chorlton,Chorlton Place,2020,January,4,Wednesday,22 Jan 2020,21:00,36,45,81,36,45,81,No Group
Manchester City Council - Chorlton,Chorlton Place,2020,January,4,Wednesday,22 Jan 2020,22:00,19,33,52,19,33,52,No Group
Manchester City Council - Chorlton,Chorlton Place,2020,January,4,Wednesday,22 Jan 2020,23:00,16,21,37,16,21,37,No Group
Manchester City Council - Chorlton,Chorlton Place,2020,January,4,Thursday,23 Jan 2020,00:00,4,2,6,4,2,6,No Group
Manchester City Council - Chorlton,Chorlton Place,2020,January,4,Thursday,23 Jan 2020,01:00,0,1,1,0,1,1,No Group
Manchester City Council - Chorlton,Chorlton Place,2020,January,4,Thursday,23 Jan 2020,02:00,0,1,1,0,1,1,No Group
Manchester City Council - Chorlton,Chorlton Place,2020,January,4,Thursday,23 Jan 2020,03:00,0,2,2,0,2,2,No Group
Manchester City Council - Chorlton,Chorlton Place,2020,January,4,Thursday,23 Jan 2020,04:00,0,0,0,0,0,0,No Group
Manchester City Council - Chorlton,Chorlton Place,2020,January,4,Thursday,23 Jan 2020,05:00,0,3,3,0,3,3,No Group
Manchester City Council - Chorlton,Chorlton Place,2020,January,4,Thursday,23 Jan 2020,06:00,8,20,28,8,20,28,No Group
Manchester City Council - Chorlton,Chorlton Place,2020,January,4,Thursday,23 Jan 2020,07:00,30,108,138,30,108,138,No Group
Manchester City Council - Chorlton,Chorlton Place,2020,January,4,Thursday,23 Jan 2020,08:00,25,171,196,25,171,196,No Group
Manchester City Council - Chorlton,Chorlton Place,2020,January,4,Thursday,23 Jan 2020,09:00,107,172,279,107,172,279,No Group
Manchester City Council - Chorlton,Chorlton Place,2020,January,4,Thursday,23 Jan 2020,10:00,134,141,275,134,141,275,No Group
Manchester City Council - Chorlton,Chorlton Place,2020,January,4,Thursday,23 Jan 2020,11:00,137,167,304,137,167,304,No Group
Manchester City Council - Chorlton,Chorlton Place,2020,January,4,Thursday,23 Jan 2020,12:00,169,215,384,169,215,384,No Group
Manchester City Council - Chorlton,Chorlton Place,2020,January,4,Thursday,23 Jan 2020,13:00,166,212,378,166,212,378,No Group
Manchester City Council - Chorlton,Chorlton Place,2020,January,4,Thursday,23 Jan 2020,14:00,181,165,346,181,165,346,No Group
Manchester City Council - Chorlton,Chorlton Place,2020,January,4,Thursday,23 Jan 2020,15:00,137,168,305,137,168,305,No Group
Manchester City Council - Chorlton,Chorlton Place,2020,January,4,Thursday,23 Jan 2020,16:00,129,123,252,129,123,252,No Group
Manchester City Council - Chorlton,Chorlton Place,2020,January,4,Thursday,23 Jan 2020,17:00,113,77,190,113,77,190,No Group
Manchester City Council - Chorlton,Chorlton Place,2020,January,4,Thursday,23 Jan 2020,18:00,91,70,161,91,70,161,No Group
Manchester City Council - Chorlton,Chorlton Place,2020,January,4,Thursday,23 Jan 2020,19:00,59,54,113,59,54,113,No Group
Manchester City Council - Chorlton,Chorlton Place,2020,January,4,Thursday,23 Jan 2020,20:00,49,42,91,49,42,91,No Group
Manchester City Council - Chorlton,Chorlton Place,2020,January,4,Thursday,23 Jan 2020,21:00,22,29,51,22,29,51,No Group
Manchester City Council - Chorlton,Chorlton Place,2020,January,4,Thursday,23 Jan 2020,22:00,26,27,53,26,27,53,No Group
Manchester City Council - Chorlton,Chorlton Place,2020,January,4,Thursday,23 Jan 2020,23:00,16,17,33,16,17,33,No Group
Manchester City Council - Chorlton,Chorlton Place,2020,January,4,Friday,24 Jan 2020,00:00,10,4,14,10,4,14,No Group
Manchester City Council - Chorlton,Chorlton Place,2020,January,4,Friday,24 Jan 2020,01:00,5,2,7,5,2,7,No Group
Manchester City Council - Chorlton,Chorlton Place,2020,January,4,Friday,24 Jan 2020,02:00,1,0,1,1,0,1,No Group
Manchester City Council - Chorlton,Chorlton Place,2020,January,4,Friday,24 Jan 2020,03:00,0,0,0,0,0,0,No Group
Manchester City Council - Chorlton,Chorlton Place,2020,January,4,Friday,24 Jan 2020,04:00,0,4,4,0,4,4,No Group
Manchester City Council - Chorlton,Chorlton Place,2020,January,4,Friday,24 Jan 2020,05:00,0,3,3,0,3,3,No Group
Manchester City Council - Chorlton,Chorlton Place,2020,January,4,Friday,24 Jan 2020,06:00,4,25,29,4,25,29,No Group
Manchester City Council - Chorlton,Chorlton Place,2020,January,4,Friday,24 Jan 2020,07:00,20,94,114,20,94,114,No Group
Manchester City Council - Chorlton,Chorlton Place,2020,January,4,Friday,24 Jan 2020,08:00,43,180,223,43,180,223,No Group
Manchester City Council - Chorlton,Chorlton Place,2020,January,4,Friday,24 Jan 2020,09:00,109,176,285,109,176,285,No Group
Manchester City Council - Chorlton,Chorlton Place,2020,January,4,Friday,24 Jan 2020,10:00,178,230,408,178,230,408,No Group
Manchester City Council - Chorlton,Chorlton Place,2020,January,4,Friday,24 Jan 2020,11:00,189,223,412,189,223,412,No Group
Manchester City Council - Chorlton,Chorlton Place,2020,January,4,Friday,24 Jan 2020,12:00,232,264,496,232,264,496,No Group
Manchester City Council - Chorlton,Chorlton Place,2020,January,4,Friday,24 Jan 2020,13:00,203,228,431,203,228,431,No Group
Manchester City Council - Chorlton,Chorlton Place,2020,January,4,Friday,24 Jan 2020,14:00,199,238,437,199,238,437,No Group
Manchester City Council - Chorlton,Chorlton Place,2020,January,4,Friday,24 Jan 2020,15:00,192,192,384,192,192,384,No Group
Manchester City Council - Chorlton,Chorlton Place,2020,January,4,Friday,24 Jan 2020,16:00,197,212,409,197,212,409,No Group
Manchester City Council - Chorlton,Chorlton Place,2020,January,4,Friday,24 Jan 2020,17:00,133,104,237,133,104,237,No Group
Manchester City Council - Chorlton,Chorlton Place,2020,January,4,Friday,24 Jan 2020,18:00,97,77,174,97,77,174,No Group
Manchester City Council - Chorlton,Chorlton Place,2020,January,4,Friday,24 Jan 2020,19:00,95,64,159,95,64,159,No Group
Manchester City Council - Chorlton,Chorlton Place,2020,January,4,Friday,24 Jan 2020,20:00,56,60,116,56,60,116,No Group
Manchester City Council - Chorlton,Chorlton Place,2020,January,4,Friday,24 Jan 2020,21:00,44,49,93,44,49,93,No Group
Manchester City Council - Chorlton,Chorlton Place,2020,January,4,Friday,24 Jan 2020,22:00,41,46,87,41,46,87,No Group
Manchester City Council - Chorlton,Chorlton Place,2020,January,4,Friday,24 Jan 2020,23:00,22,27,49,22,27,49,No Group
Manchester City Council - Chorlton,Chorlton Place,2020,January,4,Saturday,25 Jan 2020,00:00,32,43,75,32,43,75,No Group
Manchester City Council - Chorlton,Chorlton Place,2020,January,4,Saturday,25 Jan 2020,01:00,5,5,10,5,5,10,No Group
Manchester City Council - Chorlton,Chorlton Place,2020,January,4,Saturday,25 Jan 2020,02:00,4,0,4,4,0,4,No Group
Manchester City Council - Chorlton,Chorlton Place,2020,January,4,Saturday,25 Jan 2020,03:00,5,2,7,5,2,7,No Group
Manchester City Council - Chorlton,Chorlton Place,2020,January,4,Saturday,25 Jan 2020,04:00,4,11,15,4,11,15,No Group
Manchester City Council - Chorlton,Chorlton Place,2020,January,4,Saturday,25 Jan 2020,05:00,8,10,18,8,10,18,No Group
Manchester City Council - Chorlton,Chorlton Place,2020,January,4,Saturday,25 Jan 2020,06:00,5,9,14,5,9,14,No Group
Manchester City Council - Chorlton,Chorlton Place,2020,January,4,Saturday,25 Jan 2020,07:00,5,17,22,5,17,22,No Group
Manchester City Council - Chorlton,Chorlton Place,2020,January,4,Saturday,25 Jan 2020,08:00,41,64,105,41,64,105,No Group
Manchester City Council - Chorlton,Chorlton Place,2020,January,4,Saturday,25 Jan 2020,09:00,126,173,299,126,173,299,No Group
Manchester City Council - Chorlton,Chorlton Place,2020,January,4,Saturday,25 Jan 2020,10:00,196,242,438,196,242,438,No Group
Manchester City Council - Chorlton,Chorlton Place,2020,January,4,Saturday,25 Jan 2020,11:00,240,302,542,240,302,542,No Group
Manchester City Council - Chorlton,Chorlton Place,2020,January,4,Saturday,25 Jan 2020,12:00,304,290,594,304,290,594,No Group
Manchester City Council - Chorlton,Chorlton Place,2020,January,4,Saturday,25 Jan 2020,13:00,260,282,542,260,282,542,No Group
Manchester City Council - Chorlton,Chorlton Place,2020,January,4,Saturday,25 Jan 2020,14:00,274,276,550,274,276,550,No Group
Manchester City Council - Chorlton,Chorlton Place,2020,January,4,Saturday,25 Jan 2020,15:00,269,301,570,269,301,570,No Group
Manchester City Council - Chorlton,Chorlton Place,2020,January,4,Saturday,25 Jan 2020,16:00,205,191,396,205,191,396,No Group
Manchester City Council - Chorlton,Chorlton Place,2020,January,4,Saturday,25 Jan 2020,17:00,107,122,229,107,122,229,No Group
Manchester City Council - Chorlton,Chorlton Place,2020,January,4,Saturday,25 Jan 2020,18:00,103,104,207,103,104,207,No Group
Manchester City Council - Chorlton,Chorlton Place,2020,January,4,Saturday,25 Jan 2020,19:00,68,98,166,68,98,166,No Group
Manchester City Council - Chorlton,Chorlton Place,2020,January,4,Saturday,25 Jan 2020,20:00,68,79,147,68,79,147,No Group
Manchester City Council - Chorlton,Chorlton Place,2020,January,4,Saturday,25 Jan 2020,21:00,63,56,119,63,56,119,No Group
Manchester City Council - Chorlton,Chorlton Place,2020,January,4,Saturday,25 Jan 2020,22:00,52,71,123,52,71,123,No Group
Manchester City Council - Chorlton,Chorlton Place,2020,January,4,Saturday,25 Jan 2020,23:00,57,57,114,57,57,114,No Group
Manchester City Council - Chorlton,Chorlton Place,2020,January,4,Sunday,26 Jan 2020,00:00,59,69,128,59,69,128,No Group
Manchester City Council - Chorlton,Chorlton Place,2020,January,4,Sunday,26 Jan 2020,01:00,29,19,48,29,19,48,No Group
Manchester City Council - Chorlton,Chorlton Place,2020,January,4,Sunday,26 Jan 2020,02:00,9,1,10,9,1,10,No Group
Manchester City Council - Chorlton,Chorlton Place,2020,January,4,Sunday,26 Jan 2020,03:00,3,5,8,3,5,8,No Group
Manchester City Council - Chorlton,Chorlton Place,2020,January,4,Sunday,26 Jan 2020,04:00,2,6,8,2,6,8,No Group
Manchester City Council - Chorlton,Chorlton Place,2020,January,4,Sunday,26 Jan 2020,05:00,0,2,2,0,2,2,No Group
Manchester City Council - Chorlton,Chorlton Place,2020,January,4,Sunday,26 Jan 2020,06:00,6,8,14,6,8,14,No Group
Manchester City Council - Chorlton,Chorlton Place,2020,January,4,Sunday,26 Jan 2020,07:00,6,11,17,6,11,17,No Group
Manchester City Council - Chorlton,Chorlton Place,2020,January,4,Sunday,26 Jan 2020,08:00,13,25,38,13,25,38,No Group
Manchester City Council - Chorlton,Chorlton Place,2020,January,4,Sunday,26 Jan 2020,09:00,26,39,65,26,39,65,No Group
Manchester City Council - Chorlton,Chorlton Place,2020,January,4,Sunday,26 Jan 2020,10:00,108,145,253,108,145,253,No Group
Manchester City Council - Chorlton,Chorlton Place,2020,January,4,Sunday,26 Jan 2020,11:00,109,131,240,109,131,240,No Group
Manchester City Council - Chorlton,Chorlton Place,2020,January,4,Sunday,26 Jan 2020,12:00,143,175,318,143,175,318,No Group
Manchester City Council - Chorlton,Chorlton Place,2020,January,4,Sunday,26 Jan 2020,13:00,140,160,300,140,160,300,No Group
Manchester City Council - Chorlton,Chorlton Place,2020,January,4,Sunday,26 Jan 2020,14:00,109,159,268,109,159,268,No Group
Manchester City Council - Chorlton,Chorlton Place,2020,January,4,Sunday,26 Jan 2020,15:00,170,166,336,170,166,336,No Group
Manchester City Council - Chorlton,Chorlton Place,2020,January,4,Sunday,26 Jan 2020,16:00,104,121,225,104,121,225,No Group
Manchester City Council - Chorlton,Chorlton Place,2020,January,4,Sunday,26 Jan 2020,17:00,60,73,133,60,73,133,No Group
Manchester City Council - Chorlton,Chorlton Place,2020,January,4,Sunday,26 Jan 2020,18:00,42,50,92,42,50,92,No Group
Manchester City Council - Chorlton,Chorlton Place,2020,January,4,Sunday,26 Jan 2020,19:00,22,38,60,22,38,60,No Group
Manchester City Council - Chorlton,Chorlton Place,2020,January,4,Sunday,26 Jan 2020,20:00,19,33,52,19,33,52,No Group
Manchester City Council - Chorlton,Chorlton Place,2020,January,4,Sunday,26 Jan 2020,21:00,23,18,41,23,18,41,No Group
Manchester City Council - Chorlton,Chorlton Place,2020,January,4,Sunday,26 Jan 2020,22:00,15,19,34,15,19,34,No Group
Manchester City Council - Chorlton,Chorlton Place,2020,January,4,Sunday,26 Jan 2020,23:00,8,5,13,8,5,13,No Group
Manchester City Council - Chorlton,Chorlton Place,2020,January,5,Monday,27 Jan 2020,00:00,7,7,14,7,7,14,No Group
Manchester City Council - Chorlton,Chorlton Place,2020,January,5,Monday,27 Jan 2020,01:00,1,3,4,1,3,4,No Group
Manchester City Council - Chorlton,Chorlton Place,2020,January,5,Monday,27 Jan 2020,02:00,1,3,4,1,3,4,No Group
Manchester City Council - Chorlton,Chorlton Place,2020,January,5,Monday,27 Jan 2020,03:00,0,0,0,0,0,0,No Group
Manchester City Council - Chorlton,Chorlton Place,2020,January,5,Monday,27 Jan 2020,04:00,2,7,9,2,7,9,No Group
Manchester City Council - Chorlton,Chorlton Place,2020,January,5,Monday,27 Jan 2020,05:00,1,6,7,1,6,7,No Group
Manchester City Council - Chorlton,Chorlton Place,2020,January,5,Monday,27 Jan 2020,06:00,4,29,33,4,29,33,No Group
Manchester City Council - Chorlton,Chorlton Place,2020,January,5,Monday,27 Jan 2020,07:00,19,77,96,19,77,96,No Group
Manchester City Council - Chorlton,Chorlton Place,2020,January,5,Monday,27 Jan 2020,08:00,29,128,157,29,128,157,No Group
Manchester City Council - Chorlton,Chorlton Place,2020,January,5,Monday,27 Jan 2020,09:00,90,136,226,90,136,226,No Group
Manchester City Council - Chorlton,Chorlton Place,2020,January,5,Monday,27 Jan 2020,10:00,107,121,228,107,121,228,No Group
Manchester City Council - Chorlton,Chorlton Place,2020,January,5,Monday,27 Jan 2020,11:00,114,180,294,114,180,294,No Group
Manchester City Council - Chorlton,Chorlton Place,2020,January,5,Monday,27 Jan 2020,12:00,108,119,227,108,119,227,No Group
Manchester City Council - Chorlton,Chorlton Place,2020,January,5,Monday,27 Jan 2020,13:00,123,136,259,123,136,259,No Group
Manchester City Council - Chorlton,Chorlton Place,2020,January,5,Monday,27 Jan 2020,14:00,145,153,298,145,153,298,No Group
Manchester City Council - Chorlton,Chorlton Place,2020,January,5,Monday,27 Jan 2020,15:00,170,170,340,170,170,340,No Group
Manchester City Council - Chorlton,Chorlton Place,2020,January,5,Monday,27 Jan 2020,16:00,144,125,269,144,125,269,No Group
Manchester City Council - Chorlton,Chorlton Place,2020,January,5,Monday,27 Jan 2020,17:00,154,92,246,154,92,246,No Group
Manchester City Council - Chorlton,Chorlton Place,2020,January,5,Monday,27 Jan 2020,18:00,106,71,177,106,71,177,No Group
Manchester City Council - Chorlton,Chorlton Place,2020,January,5,Monday,27 Jan 2020,19:00,73,57,130,73,57,130,No Group
Manchester City Council - Chorlton,Chorlton Place,2020,January,5,Monday,27 Jan 2020,20:00,45,42,87,45,42,87,No Group
Manchester City Council - Chorlton,Chorlton Place,2020,January,5,Monday,27 Jan 2020,21:00,30,30,60,30,30,60,No Group
Manchester City Council - Chorlton,Chorlton Place,2020,January,5,Monday,27 Jan 2020,22:00,10,24,34,10,24,34,No Group
Manchester City Council - Chorlton,Chorlton Place,2020,January,5,Monday,27 Jan 2020,23:00,4,6,10,4,6,10,No Group
Manchester City Council - Chorlton,Chorlton Place,2020,January,5,Tuesday,28 Jan 2020,00:00,0,0,0,0,0,0,No Group
Manchester City Council - Chorlton,Chorlton Place,2020,January,5,Tuesday,28 Jan 2020,01:00,0,2,2,0,2,2,No Group
Manchester City Council - Chorlton,Chorlton Place,2020,January,5,Tuesday,28 Jan 2020,02:00,3,0,3,3,0,3,No Group
Manchester City Council - Chorlton,Chorlton Place,2020,January,5,Tuesday,28 Jan 2020,03:00,0,3,3,0,3,3,No Group
Manchester City Council - Chorlton,Chorlton Place,2020,January,5,Tuesday,28 Jan 2020,04:00,0,1,1,0,1,1,No Group
Manchester City Council - Chorlton,Chorlton Place,2020,January,5,Tuesday,28 Jan 2020,05:00,0,2,2,0,2,2,No Group
Manchester City Council - Chorlton,Chorlton Place,2020,January,5,Tuesday,28 Jan 2020,06:00,8,35,43,8,35,43,No Group
Manchester City Council - Chorlton,Chorlton Place,2020,January,5,Tuesday,28 Jan 2020,07:00,22,103,125,22,103,125,No Group
Manchester City Council - Chorlton,Chorlton Place,2020,January,5,Tuesday,28 Jan 2020,08:00,28,150,178,28,150,178,No Group
Manchester City Council - Chorlton,Chorlton Place,2020,January,5,Tuesday,28 Jan 2020,09:00,79,145,224,79,145,224,No Group
Manchester City Council - Chorlton,Chorlton Place,2020,January,5,Tuesday,28 Jan 2020,10:00,112,128,240,112,128,240,No Group
Manchester City Council - Chorlton,Chorlton Place,2020,January,5,Tuesday,28 Jan 2020,11:00,156,183,339,156,183,339,No Group
Manchester City Council - Chorlton,Chorlton Place,2020,January,5,Tuesday,28 Jan 2020,12:00,167,187,354,167,187,354,No Group
Manchester City Council - Chorlton,Chorlton Place,2020,January,5,Tuesday,28 Jan 2020,13:00,144,154,298,144,154,298,No Group
Manchester City Council - Chorlton,Chorlton Place,2020,January,5,Tuesday,28 Jan 2020,14:00,160,180,340,160,180,340,No Group
Manchester City Council - Chorlton,Chorlton Place,2020,January,5,Tuesday,28 Jan 2020,15:00,191,185,376,191,185,376,No Group
Manchester City Council - Chorlton,Chorlton Place,2020,January,5,Tuesday,28 Jan 2020,16:00,135,124,259,135,124,259,No Group
Manchester City Council - Chorlton,Chorlton Place,2020,January,5,Tuesday,28 Jan 2020,17:00,111,102,213,111,102,213,No Group
Manchester City Council - Chorlton,Chorlton Place,2020,January,5,Tuesday,28 Jan 2020,18:00,103,73,176,103,73,176,No Group
Manchester City Council - Chorlton,Chorlton Place,2020,January,5,Tuesday,28 Jan 2020,19:00,63,53,116,63,53,116,No Group
Manchester City Council - Chorlton,Chorlton Place,2020,January,5,Tuesday,28 Jan 2020,20:00,35,30,65,35,30,65,No Group
Manchester City Council - Chorlton,Chorlton Place,2020,January,5,Tuesday,28 Jan 2020,21:00,28,28,56,28,28,56,No Group
Manchester City Council - Chorlton,Chorlton Place,2020,January,5,Tuesday,28 Jan 2020,22:00,20,24,44,20,24,44,No Group
Manchester City Council - Chorlton,Chorlton Place,2020,January,5,Tuesday,28 Jan 2020,23:00,10,23,33,10,23,33,No Group
Manchester City Council - Chorlton,Chorlton Place,2020,January,5,Wednesday,29 Jan 2020,00:00,2,4,6,2,4,6,No Group
Manchester City Council - Chorlton,Chorlton Place,2020,January,5,Wednesday,29 Jan 2020,01:00,1,1,2,1,1,2,No Group
Manchester City Council - Chorlton,Chorlton Place,2020,January,5,Wednesday,29 Jan 2020,02:00,0,0,0,0,0,0,No Group
Manchester City Council - Chorlton,Chorlton Place,2020,January,5,Wednesday,29 Jan 2020,03:00,4,6,10,4,6,10,No Group
Manchester City Council - Chorlton,Chorlton Place,2020,January,5,Wednesday,29 Jan 2020,04:00,0,5,5,0,5,5,No Group
Manchester City Council - Chorlton,Chorlton Place,2020,January,5,Wednesday,29 Jan 2020,05:00,2,6,8,2,6,8,No Group
Manchester City Council - Chorlton,Chorlton Place,2020,January,5,Wednesday,29 Jan 2020,06:00,9,33,42,9,33,42,No Group
Manchester City Council - Chorlton,Chorlton Place,2020,January,5,Wednesday,29 Jan 2020,07:00,20,116,136,20,116,136,No Group
Manchester City Council - Chorlton,Chorlton Place,2020,January,5,Wednesday,29 Jan 2020,08:00,30,150,180,30,150,180,No Group
Manchester City Council - Chorlton,Chorlton Place,2020,January,5,Wednesday,29 Jan 2020,09:00,90,154,244,90,154,244,No Group
Manchester City Council - Chorlton,Chorlton Place,2020,January,5,Wednesday,29 Jan 2020,10:00,134,196,330,134,196,330,No Group
Manchester City Council - Chorlton,Chorlton Place,2020,January,5,Wednesday,29 Jan 2020,11:00,292,607,899,292,607,899,No Group
Manchester City Council - Chorlton,Chorlton Place,2020,January,5,Wednesday,29 Jan 2020,12:00,266,341,607,266,341,607,No Group
Manchester City Council - Chorlton,Chorlton Place,2020,January,5,Wednesday,29 Jan 2020,13:00,129,152,281,129,152,281,No Group
Manchester City Council - Chorlton,Chorlton Place,2020,January,5,Wednesday,29 Jan 2020,14:00,154,166,320,154,166,320,No Group
Manchester City Council - Chorlton,Chorlton Place,2020,January,5,Wednesday,29 Jan 2020,15:00,135,145,280,135,145,280,No Group
Manchester City Council - Chorlton,Chorlton Place,2020,January,5,Wednesday,29 Jan 2020,16:00,149,127,276,149,127,276,No Group
Manchester City Council - Chorlton,Chorlton Place,2020,January,5,Wednesday,29 Jan 2020,17:00,100,71,171,100,71,171,No Group
Manchester City Council - Chorlton,Chorlton Place,2020,January,5,Wednesday,29 Jan 2020,18:00,117,89,206,117,89,206,No Group
Manchester City Council - Chorlton,Chorlton Place,2020,January,5,Wednesday,29 Jan 2020,19:00,105,78,183,105,78,183,No Group
Manchester City Council - Chorlton,Chorlton Place,2020,January,5,Wednesday,29 Jan 2020,20:00,68,57,125,68,57,125,No Group
Manchester City Council - Chorlton,Chorlton Place,2020,January,5,Wednesday,29 Jan 2020,21:00,42,44,86,42,44,86,No Group
Manchester City Council - Chorlton,Chorlton Place,2020,January,5,Wednesday,29 Jan 2020,22:00,29,34,63,29,34,63,No Group
Manchester City Council - Chorlton,Chorlton Place,2020,January,5,Wednesday,29 Jan 2020,23:00,16,22,38,16,22,38,No Group
Manchester City Council - Chorlton,Chorlton Place,2020,January,5,Thursday,30 Jan 2020,00:00,17,1,18,17,1,18,No Group
Manchester City Council - Chorlton,Chorlton Place,2020,January,5,Thursday,30 Jan 2020,01:00,5,3,8,5,3,8,No Group
Manchester City Council - Chorlton,Chorlton Place,2020,January,5,Thursday,30 Jan 2020,02:00,3,0,3,3,0,3,No Group
Manchester City Council - Chorlton,Chorlton Place,2020,January,5,Thursday,30 Jan 2020,03:00,2,2,4,2,2,4,No Group
Manchester City Council - Chorlton,Chorlton Place,2020,January,5,Thursday,30 Jan 2020,04:00,0,2,2,0,2,2,No Group
Manchester City Council - Chorlton,Chorlton Place,2020,January,5,Thursday,30 Jan 2020,05:00,0,5,5,0,5,5,No Group
Manchester City Council - Chorlton,Chorlton Place,2020,January,5,Thursday,30 Jan 2020,06:00,6,24,30,6,24,30,No Group
Manchester City Council - Chorlton,Chorlton Place,2020,January,5,Thursday,30 Jan 2020,07:00,31,116,147,31,116,147,No Group
Manchester City Council - Chorlton,Chorlton Place,2020,January,5,Thursday,30 Jan 2020,08:00,32,135,167,32,135,167,No Group
Manchester City Council - Chorlton,Chorlton Place,2020,January,5,Thursday,30 Jan 2020,09:00,88,135,223,88,135,223,No Group
Manchester City Council - Chorlton,Chorlton Place,2020,January,5,Thursday,30 Jan 2020,10:00,125,119,244,125,119,244,No Group
Manchester City Council - Chorlton,Chorlton Place,2020,January,5,Thursday,30 Jan 2020,11:00,122,158,280,122,158,280,No Group
Manchester City Council - Chorlton,Chorlton Place,2020,January,5,Thursday,30 Jan 2020,12:00,157,168,325,157,168,325,No Group
Manchester City Council - Chorlton,Chorlton Place,2020,January,5,Thursday,30 Jan 2020,13:00,153,159,312,153,159,312,No Group
Manchester City Council - Chorlton,Chorlton Place,2020,January,5,Thursday,30 Jan 2020,14:00,165,169,334,165,169,334,No Group
Manchester City Council - Chorlton,Chorlton Place,2020,January,5,Thursday,30 Jan 2020,15:00,131,145,276,131,145,276,No Group
Manchester City Council - Chorlton,Chorlton Place,2020,January,5,Thursday,30 Jan 2020,16:00,142,145,287,142,145,287,No Group
Manchester City Council - Chorlton,Chorlton Place,2020,January,5,Thursday,30 Jan 2020,17:00,138,118,256,138,118,256,No Group
Manchester City Council - Chorlton,Chorlton Place,2020,January,5,Thursday,30 Jan 2020,18:00,117,89,206,117,89,206,No Group
Manchester City Council - Chorlton,Chorlton Place,2020,January,5,Thursday,30 Jan 2020,19:00,87,63,150,87,63,150,No Group
Manchester City Council - Chorlton,Chorlton Place,2020,January,5,Thursday,30 Jan 2020,20:00,55,50,105,55,50,105,No Group
Manchester City Council - Chorlton,Chorlton Place,2020,January,5,Thursday,30 Jan 2020,21:00,37,26,63,37,26,63,No Group
Manchester City Council - Chorlton,Chorlton Place,2020,January,5,Thursday,30 Jan 2020,22:00,35,24,59,35,24,59,No Group
Manchester City Council - Chorlton,Chorlton Place,2020,January,5,Thursday,30 Jan 2020,23:00,22,10,32,22,10,32,No Group
Manchester City Council - Chorlton,Chorlton Place,2020,January,5,Friday,31 Jan 2020,00:00,4,11,15,4,11,15,No Group
Manchester City Council - Chorlton,Chorlton Place,2020,January,5,Friday,31 Jan 2020,01:00,3,0,3,3,0,3,No Group
Manchester City Council - Chorlton,Chorlton Place,2020,January,5,Friday,31 Jan 2020,02:00,0,1,1,0,1,1,No Group
Manchester City Council - Chorlton,Chorlton Place,2020,January,5,Friday,31 Jan 2020,03:00,0,0,0,0,0,0,No Group
Manchester City Council - Chorlton,Chorlton Place,2020,January,5,Friday,31 Jan 2020,04:00,0,3,3,0,3,3,No Group
Manchester City Council - Chorlton,Chorlton Place,2020,January,5,Friday,31 Jan 2020,05:00,2,3,5,2,3,5,No Group
Manchester City Council - Chorlton,Chorlton Place,2020,January,5,Friday,31 Jan 2020,06:00,7,36,43,7,36,43,No Group
Manchester City Council - Chorlton,Chorlton Place,2020,January,5,Friday,31 Jan 2020,07:00,28,93,121,28,93,121,No Group
Manchester City Council - Chorlton,Chorlton Place,2020,January,5,Friday,31 Jan 2020,08:00,37,125,162,37,125,162,No Group
Manchester City Council - Chorlton,Chorlton Place,2020,January,5,Friday,31 Jan 2020,09:00,86,141,227,86,141,227,No Group
Manchester City Council - Chorlton,Chorlton Place,2020,January,5,Friday,31 Jan 2020,10:00,178,176,354,178,176,354,No Group
Manchester City Council - Chorlton,Chorlton Place,2020,January,5,Friday,31 Jan 2020,11:00,202,222,424,202,222,424,No Group
Manchester City Council - Chorlton,Chorlton Place,2020,January,5,Friday,31 Jan 2020,12:00,199,260,459,199,260,459,No Group
Manchester City Council - Chorlton,Chorlton Place,2020,January,5,Friday,31 Jan 2020,13:00,205,232,437,205,232,437,No Group
Manchester City Council - Chorlton,Chorlton Place,2020,January,5,Friday,31 Jan 2020,14:00,220,212,432,220,212,432,No Group
Manchester City Council - Chorlton,Chorlton Place,2020,January,5,Friday,31 Jan 2020,15:00,202,223,425,202,223,425,No Group
Manchester City Council - Chorlton,Chorlton Place,2020,January,5,Friday,31 Jan 2020,16:00,167,139,306,167,139,306,No Group
Manchester City Council - Chorlton,Chorlton Place,2020,January,5,Friday,31 Jan 2020,17:00,126,131,257,126,131,257,No Group
Manchester City Council - Chorlton,Chorlton Place,2020,January,5,Friday,31 Jan 2020,18:00,97,77,174,97,77,174,No Group
Manchester City Council - Chorlton,Chorlton Place,2020,January,5,Friday,31 Jan 2020,19:00,97,95,192,97,95,192,No Group
Manchester City Council - Chorlton,Chorlton Place,2020,January,5,Friday,31 Jan 2020,20:00,63,71,134,63,71,134,No Group
Manchester City Council - Chorlton,Chorlton Place,2020,January,5,Friday,31 Jan 2020,21:00,48,52,100,48,52,100,No Group
Manchester City Council - Chorlton,Chorlton Place,2020,January,5,Friday,31 Jan 2020,22:00,48,49,97,48,49,97,No Group
Manchester City Council - Chorlton,Chorlton Place,2020,January,5,Friday,31 Jan 2020,23:00,42,64,106,42,64,106,No Group
Manchester City Council - Chorlton,Chorlton Place,2020,January,5,Saturday,01 Feb 2020,00:00,24,62,86,24,62,86,No Group
Manchester City Council - Chorlton,Chorlton Place,2020,January,5,Saturday,01 Feb 2020,01:00,12,11,23,12,11,23,No Group
Manchester City Council - Chorlton,Chorlton Place,2020,January,5,Saturday,01 Feb 2020,02:00,9,1,10,9,1,10,No Group
Manchester City Council - Chorlton,Chorlton Place,2020,January,5,Saturday,01 Feb 2020,03:00,1,1,2,1,1,2,No Group
Manchester City Council - Chorlton,Chorlton Place,2020,January,5,Saturday,01 Feb 2020,04:00,8,16,24,8,16,24,No Group
Manchester City Council - Chorlton,Chorlton Place,2020,January,5,Saturday,01 Feb 2020,05:00,3,1,4,3,1,4,No Group
Manchester City Council - Chorlton,Chorlton Place,2020,January,5,Saturday,01 Feb 2020,06:00,5,14,19,5,14,19,No Group
Manchester City Council - Chorlton,Chorlton Place,2020,January,5,Saturday,01 Feb 2020,07:00,11,19,30,11,19,30,No Group
Manchester City Council - Chorlton,Chorlton Place,2020,January,5,Saturday,01 Feb 2020,08:00,39,82,121,39,82,121,No Group
Manchester City Council - Chorlton,Chorlton Place,2020,January,5,Saturday,01 Feb 2020,09:00,112,145,257,112,145,257,No Group
Manchester City Council - Chorlton,Chorlton Place,2020,January,5,Saturday,01 Feb 2020,10:00,172,186,358,172,186,358,No Group
Manchester City Council - Chorlton,Chorlton Place,2020,January,5,Saturday,01 Feb 2020,11:00,243,265,508,243,265,508,No Group
Manchester City Council - Chorlton,Chorlton Place,2020,January,5,Saturday,01 Feb 2020,12:00,297,321,618,297,321,618,No Group
Manchester City Council - Chorlton,Chorlton Place,2020,January,5,Saturday,01 Feb 2020,13:00,263,281,544,263,281,544,No Group
Manchester City Council - Chorlton,Chorlton Place,2020,January,5,Saturday,01 Feb 2020,14:00,227,266,493,227,266,493,No Group
Manchester City Council - Chorlton,Chorlton Place,2020,January,5,Saturday,01 Feb 2020,15:00,199,213,412,199,213,412,No Group
Manchester City Council - Chorlton,Chorlton Place,2020,January,5,Saturday,01 Feb 2020,16:00,159,202,361,159,202,361,No Group
Manchester City Council - Chorlton,Chorlton Place,2020,January,5,Saturday,01 Feb 2020,17:00,130,114,244,130,114,244,No Group
Manchester City Council - Chorlton,Chorlton Place,2020,January,5,Saturday,01 Feb 2020,18:00,72,102,174,72,102,174,No Group
Manchester City Council - Chorlton,Chorlton Place,2020,January,5,Saturday,01 Feb 2020,19:00,94,108,202,94,108,202,No Group
Manchester City Council - Chorlton,Chorlton Place,2020,January,5,Saturday,01 Feb 2020,20:00,61,68,129,61,68,129,No Group
Manchester City Council - Chorlton,Chorlton Place,2020,January,5,Saturday,01 Feb 2020,21:00,66,67,133,66,67,133,No Group
Manchester City Council - Chorlton,Chorlton Place,2020,January,5,Saturday,01 Feb 2020,22:00,58,68,126,58,68,126,No Group
Manchester City Council - Chorlton,Chorlton Place,2020,January,5,Saturday,01 Feb 2020,23:00,37,47,84,37,47,84,No Group
Manchester City Council - Chorlton,Chorlton Place,2020,January,5,Sunday,02 Feb 2020,00:00,34,32,66,34,32,66,No Group
Manchester City Council - Chorlton,Chorlton Place,2020,January,5,Sunday,02 Feb 2020,01:00,9,3,12,9,3,12,No Group
Manchester City Council - Chorlton,Chorlton Place,2020,January,5,Sunday,02 Feb 2020,02:00,8,5,13,8,5,13,No Group
Manchester City Council - Chorlton,Chorlton Place,2020,January,5,Sunday,02 Feb 2020,03:00,0,2,2,0,2,2,No Group
Manchester City Council - Chorlton,Chorlton Place,2020,January,5,Sunday,02 Feb 2020,04:00,2,4,6,2,4,6,No Group
Manchester City Council - Chorlton,Chorlton Place,2020,January,5,Sunday,02 Feb 2020,05:00,0,2,2,0,2,2,No Group
Manchester City Council - Chorlton,Chorlton Place,2020,January,5,Sunday,02 Feb 2020,06:00,1,6,7,1,6,7,No Group
Manchester City Council - Chorlton,Chorlton Place,2020,January,5,Sunday,02 Feb 2020,07:00,4,17,21,4,17,21,No Group
Manchester City Council - Chorlton,Chorlton Place,2020,January,5,Sunday,02 Feb 2020,08:00,20,30,50,20,30,50,No Group
Manchester City Council - Chorlton,Chorlton Place,2020,January,5,Sunday,02 Feb 2020,09:00,36,52,88,36,52,88,No Group
Manchester City Council - Chorlton,Chorlton Place,2020,January,5,Sunday,02 Feb 2020,10:00,33,71,104,33,71,104,No Group
Manchester City Council - Chorlton,Chorlton Place,2020,January,5,Sunday,02 Feb 2020,11:00,78,94,172,78,94,172,No Group
Manchester City Council - Chorlton,Chorlton Place,2020,January,5,Sunday,02 Feb 2020,12:00,153,194,347,153,194,347,No Group
Manchester City Council - Chorlton,Chorlton Place,2020,January,5,Sunday,02 Feb 2020,13:00,127,176,303,127,176,303,No Group
Manchester City Council - Chorlton,Chorlton Place,2020,January,5,Sunday,02 Feb 2020,14:00,138,150,288,138,150,288,No Group
Manchester City Council - Chorlton,Chorlton Place,2020,January,5,Sunday,02 Feb 2020,15:00,116,131,247,116,131,247,No Group
Manchester City Council - Chorlton,Chorlton Place,2020,January,5,Sunday,02 Feb 2020,16:00,98,117,215,98,117,215,No Group
Manchester City Council - Chorlton,Chorlton Place,2020,January,5,Sunday,02 Feb 2020,17:00,50,72,122,50,72,122,No Group
Manchester City Council - Chorlton,Chorlton Place,2020,January,5,Sunday,02 Feb 2020,18:00,46,57,103,46,57,103,No Group
Manchester City Council - Chorlton,Chorlton Place,2020,January,5,Sunday,02 Feb 2020,19:00,37,60,97,37,60,97,No Group
Manchester City Council - Chorlton,Chorlton Place,2020,January,5,Sunday,02 Feb 2020,20:00,51,44,95,51,44,95,No Group
Manchester City Council - Chorlton,Chorlton Place,2020,January,5,Sunday,02 Feb 2020,21:00,26,35,61,26,35,61,No Group
Manchester City Council - Chorlton,Chorlton Place,2020,January,5,Sunday,02 Feb 2020,22:00,11,21,32,11,21,32,No Group
Manchester City Council - Chorlton,Chorlton Place,2020,January,5,Sunday,02 Feb 2020,23:00,7,10,17,7,10,17,No Group
Manchester City Council - Chorlton,Chorlton Place,2020,February,6,Monday,03 Feb 2020,00:00,5,9,14,5,9,14,No Group
Manchester City Council - Chorlton,Chorlton Place,2020,February,6,Monday,03 Feb 2020,01:00,1,2,3,1,2,3,No Group
Manchester City Council - Chorlton,Chorlton Place,2020,February,6,Monday,03 Feb 2020,02:00,0,0,0,0,0,0,No Group
Manchester City Council - Chorlton,Chorlton Place,2020,February,6,Monday,03 Feb 2020,03:00,0,3,3,0,3,3,No Group
Manchester City Council - Chorlton,Chorlton Place,2020,February,6,Monday,03 Feb 2020,04:00,0,2,2,0,2,2,No Group
Manchester City Council - Chorlton,Chorlton Place,2020,February,6,Monday,03 Feb 2020,05:00,1,2,3,1,2,3,No Group
Manchester City Council - Chorlton,Chorlton Place,2020,February,6,Monday,03 Feb 2020,06:00,5,26,31,5,26,31,No Group
Manchester City Council - Chorlton,Chorlton Place,2020,February,6,Monday,03 Feb 2020,07:00,31,108,139,31,108,139,No Group
Manchester City Council - Chorlton,Chorlton Place,2020,February,6,Monday,03 Feb 2020,08:00,48,115,163,48,115,163,No Group
Manchester City Council - Chorlton,Chorlton Place,2020,February,6,Monday,03 Feb 2020,09:00,69,109,178,69,109,178,No Group
Manchester City Council - Chorlton,Chorlton Place,2020,February,6,Monday,03 Feb 2020,10:00,150,215,365,150,215,365,No Group
Manchester City Council - Chorlton,Chorlton Place,2020,February,6,Monday,03 Feb 2020,11:00,134,223,357,134,223,357,No Group
Manchester City Council - Chorlton,Chorlton Place,2020,February,6,Monday,03 Feb 2020,12:00,158,193,351,158,193,351,No Group
Manchester City Council - Chorlton,Chorlton Place,2020,February,6,Monday,03 Feb 2020,13:00,149,154,303,149,154,303,No Group
Manchester City Council - Chorlton,Chorlton Place,2020,February,6,Monday,03 Feb 2020,14:00,151,145,296,151,145,296,No Group
Manchester City Council - Chorlton,Chorlton Place,2020,February,6,Monday,03 Feb 2020,15:00,159,169,328,159,169,328,No Group
Manchester City Council - Chorlton,Chorlton Place,2020,February,6,Monday,03 Feb 2020,16:00,128,138,266,128,138,266,No Group
Manchester City Council - Chorlton,Chorlton Place,2020,February,6,Monday,03 Feb 2020,17:00,142,103,245,142,103,245,No Group
Manchester City Council - Chorlton,Chorlton Place,2020,February,6,Monday,03 Feb 2020,18:00,67,57,124,67,57,124,No Group
Manchester City Council - Chorlton,Chorlton Place,2020,February,6,Monday,03 Feb 2020,19:00,65,69,134,65,69,134,No Group
Manchester City Council - Chorlton,Chorlton Place,2020,February,6,Monday,03 Feb 2020,20:00,39,48,87,39,48,87,No Group
Manchester City Council - Chorlton,Chorlton Place,2020,February,6,Monday,03 Feb 2020,21:00,34,42,76,34,42,76,No Group
Manchester City Council - Chorlton,Chorlton Place,2020,February,6,Monday,03 Feb 2020,22:00,14,19,33,14,19,33,No Group
Manchester City Council - Chorlton,Chorlton Place,2020,February,6,Monday,03 Feb 2020,23:00,10,12,22,10,12,22,No Group
Manchester City Council - Chorlton,Chorlton Place,2020,February,6,Tuesday,04 Feb 2020,00:00,10,11,21,10,11,21,No Group
Manchester City Council - Chorlton,Chorlton Place,2020,February,6,Tuesday,04 Feb 2020,01:00,0,0,0,0,0,0,No Group
Manchester City Council - Chorlton,Chorlton Place,2020,February,6,Tuesday,04 Feb 2020,02:00,0,2,2,0,2,2,No Group
Manchester City Council - Chorlton,Chorlton Place,2020,February,6,Tuesday,04 Feb 2020,03:00,0,1,1,0,1,1,No Group
Manchester City Council - Chorlton,Chorlton Place,2020,February,6,Tuesday,04 Feb 2020,04:00,1,3,4,1,3,4,No Group
Manchester City Council - Chorlton,Chorlton Place,2020,February,6,Tuesday,04 Feb 2020,05:00,9,8,17,9,8,17,No Group
Manchester City Council - Chorlton,Chorlton Place,2020,February,6,Tuesday,04 Feb 2020,06:00,3,31,34,3,31,34,No Group
Manchester City Council - Chorlton,Chorlton Place,2020,February,6,Tuesday,04 Feb 2020,07:00,20,79,99,20,79,99,No Group
Manchester City Council - Chorlton,Chorlton Place,2020,February,6,Tuesday,04 Feb 2020,08:00,34,147,181,34,147,181,No Group
Manchester City Council - Chorlton,Chorlton Place,2020,February,6,Tuesday,04 Feb 2020,09:00,97,143,240,97,143,240,No Group
Manchester City Council - Chorlton,Chorlton Place,2020,February,6,Tuesday,04 Feb 2020,10:00,124,150,274,124,150,274,No Group
Manchester City Council - Chorlton,Chorlton Place,2020,February,6,Tuesday,04 Feb 2020,11:00,145,152,297,145,152,297,No Group
Manchester City Council - Chorlton,Chorlton Place,2020,February,6,Tuesday,04 Feb 2020,12:00,149,195,344,149,195,344,No Group
Manchester City Council - Chorlton,Chorlton Place,2020,February,6,Tuesday,04 Feb 2020,13:00,166,184,350,166,184,350,No Group
Manchester City Council - Chorlton,Chorlton Place,2020,February,6,Tuesday,04 Feb 2020,14:00,149,165,314,149,165,314,No Group
Manchester City Council - Chorlton,Chorlton Place,2020,February,6,Tuesday,04 Feb 2020,15:00,174,190,364,174,190,364,No Group
Manchester City Council - Chorlton,Chorlton Place,2020,February,6,Tuesday,04 Feb 2020,16:00,153,126,279,153,126,279,No Group
Manchester City Council - Chorlton,Chorlton Place,2020,February,6,Tuesday,04 Feb 2020,17:00,113,102,215,113,102,215,No Group
Manchester City Council - Chorlton,Chorlton Place,2020,February,6,Tuesday,04 Feb 2020,18:00,117,56,173,117,56,173,No Group
Manchester City Council - Chorlton,Chorlton Place,2020,February,6,Tuesday,04 Feb 2020,19:00,61,47,108,61,47,108,No Group
Manchester City Council - Chorlton,Chorlton Place,2020,February,6,Tuesday,04 Feb 2020,20:00,37,31,68,37,31,68,No Group
Manchester City Council - Chorlton,Chorlton Place,2020,February,6,Tuesday,04 Feb 2020,21:00,38,27,65,38,27,65,No Group
Manchester City Council - Chorlton,Chorlton Place,2020,February,6,Tuesday,04 Feb 2020,22:00,24,15,39,24,15,39,No Group
Manchester City Council - Chorlton,Chorlton Place,2020,February,6,Tuesday,04 Feb 2020,23:00,11,7,18,11,7,18,No Group
Manchester City Council - Chorlton,Chorlton Place,2020,February,6,Wednesday,05 Feb 2020,00:00,10,4,14,10,4,14,No Group
Manchester City Council - Chorlton,Chorlton Place,2020,February,6,Wednesday,05 Feb 2020,01:00,1,2,3,1,2,3,No Group
Manchester City Council - Chorlton,Chorlton Place,2020,February,6,Wednesday,05 Feb 2020,02:00,0,0,0,0,0,0,No Group
Manchester City Council - Chorlton,Chorlton Place,2020,February,6,Wednesday,05 Feb 2020,03:00,0,2,2,0,2,2,No Group
Manchester City Council - Chorlton,Chorlton Place,2020,February,6,Wednesday,05 Feb 2020,04:00,1,4,5,1,4,5,No Group
Manchester City Council - Chorlton,Chorlton Place,2020,February,6,Wednesday,05 Feb 2020,05:00,4,6,10,4,6,10,No Group
Manchester City Council - Chorlton,Chorlton Place,2020,February,6,Wednesday,05 Feb 2020,06:00,5,23,28,5,23,28,No Group
Manchester City Council - Chorlton,Chorlton Place,2020,February,6,Wednesday,05 Feb 2020,07:00,23,70,93,23,70,93,No Group
Manchester City Council - Chorlton,Chorlton Place,2020,February,6,Wednesday,05 Feb 2020,08:00,40,131,171,40,131,171,No Group
Manchester City Council - Chorlton,Chorlton Place,2020,February,6,Wednesday,05 Feb 2020,09:00,89,148,237,89,148,237,No Group
Manchester City Council - Chorlton,Chorlton Place,2020,February,6,Wednesday,05 Feb 2020,10:00,106,116,222,106,116,222,No Group
Manchester City Council - Chorlton,Chorlton Place,2020,February,6,Wednesday,05 Feb 2020,11:00,151,208,359,151,208,359,No Group
Manchester City Council - Chorlton,Chorlton Place,2020,February,6,Wednesday,05 Feb 2020,12:00,165,196,361,165,196,361,No Group
Manchester City Council - Chorlton,Chorlton Place,2020,February,6,Wednesday,05 Feb 2020,13:00,161,144,305,161,144,305,No Group
Manchester City Council - Chorlton,Chorlton Place,2020,February,6,Wednesday,05 Feb 2020,14:00,166,169,335,166,169,335,No Group
Manchester City Council - Chorlton,Chorlton Place,2020,February,6,Wednesday,05 Feb 2020,15:00,155,160,315,155,160,315,No Group
Manchester City Council - Chorlton,Chorlton Place,2020,February,6,Wednesday,05 Feb 2020,16:00,128,141,269,128,141,269,No Group
Manchester City Council - Chorlton,Chorlton Place,2020,February,6,Wednesday,05 Feb 2020,17:00,114,94,208,114,94,208,No Group
Manchester City Council - Chorlton,Chorlton Place,2020,February,6,Wednesday,05 Feb 2020,18:00,106,83,189,106,83,189,No Group
Manchester City Council - Chorlton,Chorlton Place,2020,February,6,Wednesday,05 Feb 2020,19:00,93,60,153,93,60,153,No Group
Manchester City Council - Chorlton,Chorlton Place,2020,February,6,Wednesday,05 Feb 2020,20:00,55,45,100,55,45,100,No Group
Manchester City Council - Chorlton,Chorlton Place,2020,February,6,Wednesday,05 Feb 2020,21:00,44,29,73,44,29,73,No Group
Manchester City Council - Chorlton,Chorlton Place,2020,February,6,Wednesday,05 Feb 2020,22:00,18,18,36,18,18,36,No Group
Manchester City Council - Chorlton,Chorlton Place,2020,February,6,Wednesday,05 Feb 2020,23:00,17,8,25,17,8,25,No Group
Manchester City Council - Chorlton,Chorlton Place,2020,February,6,Thursday,06 Feb 2020,00:00,8,0,8,8,0,8,No Group
Manchester City Council - Chorlton,Chorlton Place,2020,February,6,Thursday,06 Feb 2020,01:00,3,2,5,3,2,5,No Group
Manchester City Council - Chorlton,Chorlton Place,2020,February,6,Thursday,06 Feb 2020,02:00,2,2,4,2,2,4,No Group
Manchester City Council - Chorlton,Chorlton Place,2020,February,6,Thursday,06 Feb 2020,03:00,2,3,5,2,3,5,No Group
Manchester City Council - Chorlton,Chorlton Place,2020,February,6,Thursday,06 Feb 2020,04:00,0,1,1,0,1,1,No Group
Manchester City Council - Chorlton,Chorlton Place,2020,February,6,Thursday,06 Feb 2020,05:00,0,6,6,0,6,6,No Group
Manchester City Council - Chorlton,Chorlton Place,2020,February,6,Thursday,06 Feb 2020,06:00,6,25,31,6,25,31,No Group
Manchester City Council - Chorlton,Chorlton Place,2020,February,6,Thursday,06 Feb 2020,07:00,27,106,133,27,106,133,No Group
Manchester City Council - Chorlton,Chorlton Place,2020,February,6,Thursday,06 Feb 2020,08:00,42,142,184,42,142,184,No Group
Manchester City Council - Chorlton,Chorlton Place,2020,February,6,Thursday,06 Feb 2020,09:00,75,122,197,75,122,197,No Group
Manchester City Council - Chorlton,Chorlton Place,2020,February,6,Thursday,06 Feb 2020,10:00,262,682,944,262,682,944,No Group
Manchester City Council - Chorlton,Chorlton Place,2020,February,6,Thursday,06 Feb 2020,11:00,329,775,1104,329,775,1104,No Group
Manchester City Council - Chorlton,Chorlton Place,2020,February,6,Thursday,06 Feb 2020,12:00,275,467,742,275,467,742,No Group
Manchester City Council - Chorlton,Chorlton Place,2020,February,6,Thursday,06 Feb 2020,13:00,161,158,319,161,158,319,No Group
Manchester City Council - Chorlton,Chorlton Place,2020,February,6,Thursday,06 Feb 2020,14:00,147,152,299,147,152,299,No Group
Manchester City Council - Chorlton,Chorlton Place,2020,February,6,Thursday,06 Feb 2020,15:00,151,182,333,151,182,333,No Group
Manchester City Council - Chorlton,Chorlton Place,2020,February,6,Thursday,06 Feb 2020,16:00,135,140,275,135,140,275,No Group
Manchester City Council - Chorlton,Chorlton Place,2020,February,6,Thursday,06 Feb 2020,17:00,112,90,202,112,90,202,No Group
Manchester City Council - Chorlton,Chorlton Place,2020,February,6,Thursday,06 Feb 2020,18:00,119,64,183,119,64,183,No Group
Manchester City Council - Chorlton,Chorlton Place,2020,February,6,Thursday,06 Feb 2020,19:00,69,61,130,69,61,130,No Group
Manchester City Council - Chorlton,Chorlton Place,2020,February,6,Thursday,06 Feb 2020,20:00,47,38,85,47,38,85,No Group
Manchester City Council - Chorlton,Chorlton Place,2020,February,6,Thursday,06 Feb 2020,21:00,48,27,75,48,27,75,No Group
Manchester City Council - Chorlton,Chorlton Place,2020,February,6,Thursday,06 Feb 2020,22:00,38,29,67,38,29,67,No Group
Manchester City Council - Chorlton,Chorlton Place,2020,February,6,Thursday,06 Feb 2020,23:00,19,9,28,19,9,28,No Group
Manchester City Council - Chorlton,Chorlton Place,2020,February,6,Friday,07 Feb 2020,00:00,7,2,9,7,2,9,No Group
Manchester City Council - Chorlton,Chorlton Place,2020,February,6,Friday,07 Feb 2020,01:00,0,1,1,0,1,1,No Group
Manchester City Council - Chorlton,Chorlton Place,2020,February,6,Friday,07 Feb 2020,02:00,0,0,0,0,0,0,No Group
Manchester City Council - Chorlton,Chorlton Place,2020,February,6,Friday,07 Feb 2020,03:00,1,4,5,1,4,5,No Group
Manchester City Council - Chorlton,Chorlton Place,2020,February,6,Friday,07 Feb 2020,04:00,1,3,4,1,3,4,No Group
Manchester City Council - Chorlton,Chorlton Place,2020,February,6,Friday,07 Feb 2020,05:00,3,4,7,3,4,7,No Group
Manchester City Council - Chorlton,Chorlton Place,2020,February,6,Friday,07 Feb 2020,06:00,4,31,35,4,31,35,No Group
Manchester City Council - Chorlton,Chorlton Place,2020,February,6,Friday,07 Feb 2020,07:00,23,96,119,23,96,119,No Group
Manchester City Council - Chorlton,Chorlton Place,2020,February,6,Friday,07 Feb 2020,08:00,47,136,183,47,136,183,No Group
Manchester City Council - Chorlton,Chorlton Place,2020,February,6,Friday,07 Feb 2020,09:00,72,120,192,72,120,192,No Group
Manchester City Council - Chorlton,Chorlton Place,2020,February,6,Friday,07 Feb 2020,10:00,301,667,968,301,667,968,No Group
Manchester City Council - Chorlton,Chorlton Place,2020,February,6,Friday,07 Feb 2020,11:00,335,539,874,335,539,874,No Group
Manchester City Council - Chorlton,Chorlton Place,2020,February,6,Friday,07 Feb 2020,12:00,187,274,461,187,274,461,No Group
Manchester City Council - Chorlton,Chorlton Place,2020,February,6,Friday,07 Feb 2020,13:00,174,187,361,174,187,361,No Group
Manchester City Council - Chorlton,Chorlton Place,2020,February,6,Friday,07 Feb 2020,14:00,162,178,340,162,178,340,No Group
Manchester City Council - Chorlton,Chorlton Place,2020,February,6,Friday,07 Feb 2020,15:00,182,198,380,182,198,380,No Group
Manchester City Council - Chorlton,Chorlton Place,2020,February,6,Friday,07 Feb 2020,16:00,144,174,318,144,174,318,No Group
Manchester City Council - Chorlton,Chorlton Place,2020,February,6,Friday,07 Feb 2020,17:00,131,112,243,131,112,243,No Group
Manchester City Council - Chorlton,Chorlton Place,2020,February,6,Friday,07 Feb 2020,18:00,98,79,177,98,79,177,No Group
Manchester City Council - Chorlton,Chorlton Place,2020,February,6,Friday,07 Feb 2020,19:00,100,74,174,100,74,174,No Group
Manchester City Council - Chorlton,Chorlton Place,2020,February,6,Friday,07 Feb 2020,20:00,59,55,114,59,55,114,No Group
Manchester City Council - Chorlton,Chorlton Place,2020,February,6,Friday,07 Feb 2020,21:00,50,70,120,50,70,120,No Group
Manchester City Council - Chorlton,Chorlton Place,2020,February,6,Friday,07 Feb 2020,22:00,29,25,54,29,25,54,No Group
Manchester City Council - Chorlton,Chorlton Place,2020,February,6,Friday,07 Feb 2020,23:00,32,27,59,32,27,59,No Group
Manchester City Council - Chorlton,Chorlton Place,2020,February,6,Saturday,08 Feb 2020,00:00,30,49,79,30,49,79,No Group
Manchester City Council - Chorlton,Chorlton Place,2020,February,6,Saturday,08 Feb 2020,01:00,7,7,14,7,7,14,No Group
Manchester City Council - Chorlton,Chorlton Place,2020,February,6,Saturday,08 Feb 2020,02:00,3,2,5,3,2,5,No Group
Manchester City Council - Chorlton,Chorlton Place,2020,February,6,Saturday,08 Feb 2020,03:00,1,1,2,1,1,2,No Group
Manchester City Council - Chorlton,Chorlton Place,2020,February,6,Saturday,08 Feb 2020,04:00,4,6,10,4,6,10,No Group
Manchester City Council - Chorlton,Chorlton Place,2020,February,6,Saturday,08 Feb 2020,05:00,5,6,11,5,6,11,No Group
Manchester City Council - Chorlton,Chorlton Place,2020,February,6,Saturday,08 Feb 2020,06:00,4,10,14,4,10,14,No Group
Manchester City Council - Chorlton,Chorlton Place,2020,February,6,Saturday,08 Feb 2020,07:00,12,27,39,12,27,39,No Group
Manchester City Council - Chorlton,Chorlton Place,2020,February,6,Saturday,08 Feb 2020,08:00,43,49,92,43,49,92,No Group
Manchester City Council - Chorlton,Chorlton Place,2020,February,6,Saturday,08 Feb 2020,09:00,97,109,206,97,109,206,No Group
Manchester City Council - Chorlton,Chorlton Place,2020,February,6,Saturday,08 Feb 2020,10:00,356,763,1119,356,763,1119,No Group
Manchester City Council - Chorlton,Chorlton Place,2020,February,6,Saturday,08 Feb 2020,11:00,474,937,1411,474,937,1411,No Group
Manchester City Council - Chorlton,Chorlton Place,2020,February,6,Saturday,08 Feb 2020,12:00,472,732,1204,472,732,1204,No Group
Manchester City Council - Chorlton,Chorlton Place,2020,February,6,Saturday,08 Feb 2020,13:00,272,274,546,272,274,546,No Group
Manchester City Council - Chorlton,Chorlton Place,2020,February,6,Saturday,08 Feb 2020,14:00,274,295,569,274,295,569,No Group
Manchester City Council - Chorlton,Chorlton Place,2020,February,6,Saturday,08 Feb 2020,15:00,240,277,517,240,277,517,No Group
Manchester City Council - Chorlton,Chorlton Place,2020,February,6,Saturday,08 Feb 2020,16:00,164,183,347,164,183,347,No Group
Manchester City Council - Chorlton,Chorlton Place,2020,February,6,Saturday,08 Feb 2020,17:00,92,103,195,92,103,195,No Group
Manchester City Council - Chorlton,Chorlton Place,2020,February,6,Saturday,08 Feb 2020,18:00,84,80,164,84,80,164,No Group
Manchester City Council - Chorlton,Chorlton Place,2020,February,6,Saturday,08 Feb 2020,19:00,56,59,115,56,59,115,No Group
Manchester City Council - Chorlton,Chorlton Place,2020,February,6,Saturday,08 Feb 2020,20:00,48,40,88,48,40,88,No Group
Manchester City Council - Chorlton,Chorlton Place,2020,February,6,Saturday,08 Feb 2020,21:00,36,40,76,36,40,76,No Group
Manchester City Council - Chorlton,Chorlton Place,2020,February,6,Saturday,08 Feb 2020,22:00,36,43,79,36,43,79,No Group
Manchester City Council - Chorlton,Chorlton Place,2020,February,6,Saturday,08 Feb 2020,23:00,25,26,51,25,26,51,No Group
Manchester City Council - Chorlton,Chorlton Place,2020,February,6,Sunday,09 Feb 2020,00:00,21,38,59,21,38,59,No Group
Manchester City Council - Chorlton,Chorlton Place,2020,February,6,Sunday,09 Feb 2020,01:00,15,28,43,15,28,43,No Group
Manchester City Council - Chorlton,Chorlton Place,2020,February,6,Sunday,09 Feb 2020,02:00,10,4,14,10,4,14,No Group
Manchester City Council - Chorlton,Chorlton Place,2020,February,6,Sunday,09 Feb 2020,03:00,2,3,5,2,3,5,No Group
Manchester City Council - Chorlton,Chorlton Place,2020,February,6,Sunday,09 Feb 2020,04:00,0,2,2,0,2,2,No Group
Manchester City Council - Chorlton,Chorlton Place,2020,February,6,Sunday,09 Feb 2020,05:00,5,7,12,5,7,12,No Group
Manchester City Council - Chorlton,Chorlton Place,2020,February,6,Sunday,09 Feb 2020,06:00,2,7,9,2,7,9,No Group
Manchester City Council - Chorlton,Chorlton Place,2020,February,6,Sunday,09 Feb 2020,07:00,15,20,35,15,20,35,No Group
Manchester City Council - Chorlton,Chorlton Place,2020,February,6,Sunday,09 Feb 2020,08:00,15,31,46,15,31,46,No Group
Manchester City Council - Chorlton,Chorlton Place,2020,February,6,Sunday,09 Feb 2020,09:00,20,37,57,20,37,57,No Group
Manchester City Council - Chorlton,Chorlton Place,2020,February,6,Sunday,09 Feb 2020,10:00,50,67,117,50,67,117,No Group
Manchester City Council - Chorlton,Chorlton Place,2020,February,6,Sunday,09 Feb 2020,11:00,41,48,89,41,48,89,No Group
Manchester City Council - Chorlton,Chorlton Place,2020,February,6,Sunday,09 Feb 2020,12:00,81,73,154,81,73,154,No Group
Manchester City Council - Chorlton,Chorlton Place,2020,February,6,Sunday,09 Feb 2020,13:00,93,118,211,93,118,211,No Group
Manchester City Council - Chorlton,Chorlton Place,2020,February,6,Sunday,09 Feb 2020,14:00,120,119,239,120,119,239,No Group
Manchester City Council - Chorlton,Chorlton Place,2020,February,6,Sunday,09 Feb 2020,15:00,112,104,216,112,104,216,No Group
Manchester City Council - Chorlton,Chorlton Place,2020,February,6,Sunday,09 Feb 2020,16:00,60,86,146,60,86,146,No Group
Manchester City Council - Chorlton,Chorlton Place,2020,February,6,Sunday,09 Feb 2020,17:00,25,48,73,25,48,73,No Group
Manchester City Council - Chorlton,Chorlton Place,2020,February,6,Sunday,09 Feb 2020,18:00,24,41,65,24,41,65,No Group
Manchester City Council - Chorlton,Chorlton Place,2020,February,6,Sunday,09 Feb 2020,19:00,22,33,55,22,33,55,No Group
Manchester City Council - Chorlton,Chorlton Place,2020,February,6,Sunday,09 Feb 2020,20:00,21,21,42,21,21,42,No Group
Manchester City Council - Chorlton,Chorlton Place,2020,February,6,Sunday,09 Feb 2020,21:00,20,38,58,20,38,58,No Group
Manchester City Council - Chorlton,Chorlton Place,2020,February,6,Sunday,09 Feb 2020,22:00,15,12,27,15,12,27,No Group
Manchester City Council - Chorlton,Chorlton Place,2020,February,6,Sunday,09 Feb 2020,23:00,9,18,27,9,18,27,No Group
Manchester City Council - Chorlton,Chorlton Place,2020,February,7,Monday,10 Feb 2020,00:00,12,7,19,12,7,19,No Group
Manchester City Council - Chorlton,Chorlton Place,2020,February,7,Monday,10 Feb 2020,01:00,2,2,4,2,2,4,No Group
Manchester City Council - Chorlton,Chorlton Place,2020,February,7,Monday,10 Feb 2020,02:00,0,2,2,0,2,2,No Group
Manchester City Council - Chorlton,Chorlton Place,2020,February,7,Monday,10 Feb 2020,03:00,5,21,26,5,21,26,No Group
Manchester City Council - Chorlton,Chorlton Place,2020,February,7,Monday,10 Feb 2020,04:00,0,2,2,0,2,2,No Group
Manchester City Council - Chorlton,Chorlton Place,2020,February,7,Monday,10 Feb 2020,05:00,2,7,9,2,7,9,No Group
Manchester City Council - Chorlton,Chorlton Place,2020,February,7,Monday,10 Feb 2020,06:00,11,24,35,11,24,35,No Group
Manchester City Council - Chorlton,Chorlton Place,2020,February,7,Monday,10 Feb 2020,07:00,17,91,108,17,91,108,No Group
Manchester City Council - Chorlton,Chorlton Place,2020,February,7,Monday,10 Feb 2020,08:00,42,145,187,42,145,187,No Group
Manchester City Council - Chorlton,Chorlton Place,2020,February,7,Monday,10 Feb 2020,09:00,86,129,215,86,129,215,No Group
Manchester City Council - Chorlton,Chorlton Place,2020,February,7,Monday,10 Feb 2020,10:00,103,133,236,103,133,236,No Group
Manchester City Council - Chorlton,Chorlton Place,2020,February,7,Monday,10 Feb 2020,11:00,116,152,268,116,152,268,No Group
Manchester City Council - Chorlton,Chorlton Place,2020,February,7,Monday,10 Feb 2020,12:00,122,144,266,122,144,266,No Group
Manchester City Council - Chorlton,Chorlton Place,2020,February,7,Monday,10 Feb 2020,13:00,145,137,282,145,137,282,No Group
Manchester City Council - Chorlton,Chorlton Place,2020,February,7,Monday,10 Feb 2020,14:00,139,139,278,139,139,278,No Group
Manchester City Council - Chorlton,Chorlton Place,2020,February,7,Monday,10 Feb 2020,15:00,149,132,281,149,132,281,No Group
Manchester City Council - Chorlton,Chorlton Place,2020,February,7,Monday,10 Feb 2020,16:00,163,117,280,163,117,280,No Group
Manchester City Council - Chorlton,Chorlton Place,2020,February,7,Monday,10 Feb 2020,17:00,102,83,185,102,83,185,No Group
Manchester City Council - Chorlton,Chorlton Place,2020,February,7,Monday,10 Feb 2020,18:00,81,46,127,81,46,127,No Group
Manchester City Council - Chorlton,Chorlton Place,2020,February,7,Monday,10 Feb 2020,19:00,76,50,126,76,50,126,No Group
Manchester City Council - Chorlton,Chorlton Place,2020,February,7,Monday,10 Feb 2020,20:00,37,33,70,37,33,70,No Group
Manchester City Council - Chorlton,Chorlton Place,2020,February,7,Monday,10 Feb 2020,21:00,39,28,67,39,28,67,No Group
Manchester City Council - Chorlton,Chorlton Place,2020,February,7,Monday,10 Feb 2020,22:00,16,20,36,16,20,36,No Group
Manchester City Council - Chorlton,Chorlton Place,2020,February,7,Monday,10 Feb 2020,23:00,10,18,28,10,18,28,No Group
Manchester City Council - Chorlton,Chorlton Place,2020,February,7,Tuesday,11 Feb 2020,00:00,1,0,1,1,0,1,No Group
Manchester City Council - Chorlton,Chorlton Place,2020,February,7,Tuesday,11 Feb 2020,01:00,1,0,1,1,0,1,No Group
Manchester City Council - Chorlton,Chorlton Place,2020,February,7,Tuesday,11 Feb 2020,02:00,0,0,0,0,0,0,No Group
Manchester City Council - Chorlton,Chorlton Place,2020,February,7,Tuesday,11 Feb 2020,03:00,1,4,5,1,4,5,No Group
Manchester City Council - Chorlton,Chorlton Place,2020,February,7,Tuesday,11 Feb 2020,04:00,1,1,2,1,1,2,No Group
Manchester City Council - Chorlton,Chorlton Place,2020,February,7,Tuesday,11 Feb 2020,05:00,1,4,5,1,4,5,No Group
Manchester City Council - Chorlton,Chorlton Place,2020,February,7,Tuesday,11 Feb 2020,06:00,2,21,23,2,21,23,No Group
Manchester City Council - Chorlton,Chorlton Place,2020,February,7,Tuesday,11 Feb 2020,07:00,13,93,106,13,93,106,No Group
Manchester City Council - Chorlton,Chorlton Place,2020,February,7,Tuesday,11 Feb 2020,08:00,33,140,173,33,140,173,No Group
Manchester City Council - Chorlton,Chorlton Place,2020,February,7,Tuesday,11 Feb 2020,09:00,63,111,174,63,111,174,No Group
Manchester City Council - Chorlton,Chorlton Place,2020,February,7,Tuesday,11 Feb 2020,10:00,74,124,198,74,124,198,No Group
Manchester City Council - Chorlton,Chorlton Place,2020,February,7,Tuesday,11 Feb 2020,11:00,146,170,316,146,170,316,No Group
Manchester City Council - Chorlton,Chorlton Place,2020,February,7,Tuesday,11 Feb 2020,12:00,145,186,331,145,186,331,No Group
Manchester City Council - Chorlton,Chorlton Place,2020,February,7,Tuesday,11 Feb 2020,13:00,127,152,279,127,152,279,No Group
Manchester City Council - Chorlton,Chorlton Place,2020,February,7,Tuesday,11 Feb 2020,14:00,125,120,245,125,120,245,No Group
Manchester City Council - Chorlton,Chorlton Place,2020,February,7,Tuesday,11 Feb 2020,15:00,154,149,303,154,149,303,No Group
Manchester City Council - Chorlton,Chorlton Place,2020,February,7,Tuesday,11 Feb 2020,16:00,129,118,247,129,118,247,No Group
Manchester City Council - Chorlton,Chorlton Place,2020,February,7,Tuesday,11 Feb 2020,17:00,96,77,173,96,77,173,No Group
Manchester City Council - Chorlton,Chorlton Place,2020,February,7,Tuesday,11 Feb 2020,18:00,89,52,141,89,52,141,No Group
Manchester City Council - Chorlton,Chorlton Place,2020,February,7,Tuesday,11 Feb 2020,19:00,59,40,99,59,40,99,No Group
Manchester City Council - Chorlton,Chorlton Place,2020,February,7,Tuesday,11 Feb 2020,20:00,28,42,70,28,42,70,No Group
Manchester City Council - Chorlton,Chorlton Place,2020,February,7,Tuesday,11 Feb 2020,21:00,14,15,29,14,15,29,No Group
Manchester City Council - Chorlton,Chorlton Place,2020,February,7,Tuesday,11 Feb 2020,22:00,26,11,37,26,11,37,No Group
Manchester City Council - Chorlton,Chorlton Place,2020,February,7,Tuesday,11 Feb 2020,23:00,17,20,37,17,20,37,No Group
Manchester City Council - Chorlton,Chorlton Place,2020,February,7,Wednesday,12 Feb 2020,00:00,4,6,10,4,6,10,No Group
Manchester City Council - Chorlton,Chorlton Place,2020,February,7,Wednesday,12 Feb 2020,01:00,2,1,3,2,1,3,No Group
Manchester City Council - Chorlton,Chorlton Place,2020,February,7,Wednesday,12 Feb 2020,02:00,0,0,0,0,0,0,No Group
Manchester City Council - Chorlton,Chorlton Place,2020,February,7,Wednesday,12 Feb 2020,03:00,2,5,7,2,5,7,No Group
Manchester City Council - Chorlton,Chorlton Place,2020,February,7,Wednesday,12 Feb 2020,04:00,0,3,3,0,3,3,No Group
Manchester City Council - Chorlton,Chorlton Place,2020,February,7,Wednesday,12 Feb 2020,05:00,4,6,10,4,6,10,No Group
Manchester City Council - Chorlton,Chorlton Place,2020,February,7,Wednesday,12 Feb 2020,06:00,7,36,43,7,36,43,No Group
Manchester City Council - Chorlton,Chorlton Place,2020,February,7,Wednesday,12 Feb 2020,07:00,18,79,97,18,79,97,No Group
Manchester City Council - Chorlton,Chorlton Place,2020,February,7,Wednesday,12 Feb 2020,08:00,39,139,178,39,139,178,No Group
Manchester City Council - Chorlton,Chorlton Place,2020,February,7,Wednesday,12 Feb 2020,09:00,117,110,227,117,110,227,No Group
Manchester City Council - Chorlton,Chorlton Place,2020,February,7,Wednesday,12 Feb 2020,10:00,117,139,256,117,139,256,No Group
Manchester City Council - Chorlton,Chorlton Place,2020,February,7,Wednesday,12 Feb 2020,11:00,144,278,422,144,278,422,No Group
Manchester City Council - Chorlton,Chorlton Place,2020,February,7,Wednesday,12 Feb 2020,12:00,295,397,692,295,397,692,No Group
Manchester City Council - Chorlton,Chorlton Place,2020,February,7,Wednesday,12 Feb 2020,13:00,152,179,331,152,179,331,No Group
Manchester City Council - Chorlton,Chorlton Place,2020,February,7,Wednesday,12 Feb 2020,14:00,161,139,300,161,139,300,No Group
Manchester City Council - Chorlton,Chorlton Place,2020,February,7,Wednesday,12 Feb 2020,15:00,146,151,297,146,151,297,No Group
Manchester City Council - Chorlton,Chorlton Place,2020,February,7,Wednesday,12 Feb 2020,16:00,147,137,284,147,137,284,No Group
Manchester City Council - Chorlton,Chorlton Place,2020,February,7,Wednesday,12 Feb 2020,17:00,147,115,262,147,115,262,No Group
Manchester City Council - Chorlton,Chorlton Place,2020,February,7,Wednesday,12 Feb 2020,18:00,134,85,219,134,85,219,No Group
Manchester City Council - Chorlton,Chorlton Place,2020,February,7,Wednesday,12 Feb 2020,19:00,97,63,160,97,63,160,No Group
Manchester City Council - Chorlton,Chorlton Place,2020,February,7,Wednesday,12 Feb 2020,20:00,60,47,107,60,47,107,No Group
Manchester City Council - Chorlton,Chorlton Place,2020,February,7,Wednesday,12 Feb 2020,21:00,31,30,61,31,30,61,No Group
Manchester City Council - Chorlton,Chorlton Place,2020,February,7,Wednesday,12 Feb 2020,22:00,18,17,35,18,17,35,No Group
Manchester City Council - Chorlton,Chorlton Place,2020,February,7,Wednesday,12 Feb 2020,23:00,18,18,36,18,18,36,No Group
Manchester City Council - Chorlton,Chorlton Place,2020,February,7,Thursday,13 Feb 2020,00:00,9,4,13,9,4,13,No Group
Manchester City Council - Chorlton,Chorlton Place,2020,February,7,Thursday,13 Feb 2020,01:00,3,1,4,3,1,4,No Group
Manchester City Council - Chorlton,Chorlton Place,2020,February,7,Thursday,13 Feb 2020,02:00,0,0,0,0,0,0,No Group
Manchester City Council - Chorlton,Chorlton Place,2020,February,7,Thursday,13 Feb 2020,03:00,0,4,4,0,4,4,No Group
Manchester City Council - Chorlton,Chorlton Place,2020,February,7,Thursday,13 Feb 2020,04:00,0,3,3,0,3,3,No Group
Manchester City Council - Chorlton,Chorlton Place,2020,February,7,Thursday,13 Feb 2020,05:00,0,4,4,0,4,4,No Group
Manchester City Council - Chorlton,Chorlton Place,2020,February,7,Thursday,13 Feb 2020,06:00,3,33,36,3,33,36,No Group
Manchester City Council - Chorlton,Chorlton Place,2020,February,7,Thursday,13 Feb 2020,07:00,24,100,124,24,100,124,No Group
Manchester City Council - Chorlton,Chorlton Place,2020,February,7,Thursday,13 Feb 2020,08:00,39,130,169,39,130,169,No Group
Manchester City Council - Chorlton,Chorlton Place,2020,February,7,Thursday,13 Feb 2020,09:00,93,135,228,93,135,228,No Group
Manchester City Council - Chorlton,Chorlton Place,2020,February,7,Thursday,13 Feb 2020,10:00,104,132,236,104,132,236,No Group
Manchester City Council - Chorlton,Chorlton Place,2020,February,7,Thursday,13 Feb 2020,11:00,160,171,331,160,171,331,No Group
Manchester City Council - Chorlton,Chorlton Place,2020,February,7,Thursday,13 Feb 2020,12:00,167,238,405,167,238,405,No Group
Manchester City Council - Chorlton,Chorlton Place,2020,February,7,Thursday,13 Feb 2020,13:00,170,198,368,170,198,368,No Group
Manchester City Council - Chorlton,Chorlton Place,2020,February,7,Thursday,13 Feb 2020,14:00,180,186,366,180,186,366,No Group
Manchester City Council - Chorlton,Chorlton Place,2020,February,7,Thursday,13 Feb 2020,15:00,193,177,370,193,177,370,No Group
Manchester City Council - Chorlton,Chorlton Place,2020,February,7,Thursday,13 Feb 2020,16:00,146,152,298,146,152,298,No Group
Manchester City Council - Chorlton,Chorlton Place,2020,February,7,Thursday,13 Feb 2020,17:00,115,80,195,115,80,195,No Group
Manchester City Council - Chorlton,Chorlton Place,2020,February,7,Thursday,13 Feb 2020,18:00,110,77,187,110,77,187,No Group
Manchester City Council - Chorlton,Chorlton Place,2020,February,7,Thursday,13 Feb 2020,19:00,86,63,149,86,63,149,No Group
Manchester City Council - Chorlton,Chorlton Place,2020,February,7,Thursday,13 Feb 2020,20:00,65,54,119,65,54,119,No Group
Manchester City Council - Chorlton,Chorlton Place,2020,February,7,Thursday,13 Feb 2020,21:00,38,29,67,38,29,67,No Group
Manchester City Council - Chorlton,Chorlton Place,2020,February,7,Thursday,13 Feb 2020,22:00,29,35,64,29,35,64,No Group
Manchester City Council - Chorlton,Chorlton Place,2020,February,7,Thursday,13 Feb 2020,23:00,21,15,36,21,15,36,No Group
Manchester City Council - Chorlton,Chorlton Place,2020,February,7,Friday,14 Feb 2020,00:00,11,0,11,11,0,11,No Group
Manchester City Council - Chorlton,Chorlton Place,2020,February,7,Friday,14 Feb 2020,01:00,3,0,3,3,0,3,No Group
Manchester City Council - Chorlton,Chorlton Place,2020,February,7,Friday,14 Feb 2020,02:00,1,0,1,1,0,1,No Group
Manchester City Council - Chorlton,Chorlton Place,2020,February,7,Friday,14 Feb 2020,03:00,0,1,1,0,1,1,No Group
Manchester City Council - Chorlton,Chorlton Place,2020,February,7,Friday,14 Feb 2020,04:00,1,6,7,1,6,7,No Group
Manchester City Council - Chorlton,Chorlton Place,2020,February,7,Friday,14 Feb 2020,05:00,2,4,6,2,4,6,No Group
Manchester City Council - Chorlton,Chorlton Place,2020,February,7,Friday,14 Feb 2020,06:00,5,27,32,5,27,32,No Group
Manchester City Council - Chorlton,Chorlton Place,2020,February,7,Friday,14 Feb 2020,07:00,38,92,130,38,92,130,No Group
Manchester City Council - Chorlton,Chorlton Place,2020,February,7,Friday,14 Feb 2020,08:00,50,116,166,50,116,166,No Group
Manchester City Council - Chorlton,Chorlton Place,2020,February,7,Friday,14 Feb 2020,09:00,131,162,293,131,162,293,No Group
Manchester City Council - Chorlton,Chorlton Place,2020,February,7,Friday,14 Feb 2020,10:00,214,244,458,214,244,458,No Group
Manchester City Council - Chorlton,Chorlton Place,2020,February,7,Friday,14 Feb 2020,11:00,171,194,365,171,194,365,No Group
Manchester City Council - Chorlton,Chorlton Place,2020,February,7,Friday,14 Feb 2020,12:00,218,222,440,218,222,440,No Group
Manchester City Council - Chorlton,Chorlton Place,2020,February,7,Friday,14 Feb 2020,13:00,186,211,397,186,211,397,No Group
Manchester City Council - Chorlton,Chorlton Place,2020,February,7,Friday,14 Feb 2020,14:00,164,179,343,164,179,343,No Group
Manchester City Council - Chorlton,Chorlton Place,2020,February,7,Friday,14 Feb 2020,15:00,204,207,411,204,207,411,No Group
Manchester City Council - Chorlton,Chorlton Place,2020,February,7,Friday,14 Feb 2020,16:00,197,190,387,197,190,387,No Group
Manchester City Council - Chorlton,Chorlton Place,2020,February,7,Friday,14 Feb 2020,17:00,114,116,230,114,116,230,No Group
Manchester City Council - Chorlton,Chorlton Place,2020,February,7,Friday,14 Feb 2020,18:00,108,92,200,108,92,200,No Group
Manchester City Council - Chorlton,Chorlton Place,2020,February,7,Friday,14 Feb 2020,19:00,61,65,126,61,65,126,No Group
Manchester City Council - Chorlton,Chorlton Place,2020,February,7,Friday,14 Feb 2020,20:00,77,82,159,77,82,159,No Group
Manchester City Council - Chorlton,Chorlton Place,2020,February,7,Friday,14 Feb 2020,21:00,43,34,77,43,34,77,No Group
Manchester City Council - Chorlton,Chorlton Place,2020,February,7,Friday,14 Feb 2020,22:00,29,54,83,29,54,83,No Group
Manchester City Council - Chorlton,Chorlton Place,2020,February,7,Friday,14 Feb 2020,23:00,27,24,51,27,24,51,No Group
Manchester City Council - Chorlton,Chorlton Place,2020,February,7,Saturday,15 Feb 2020,00:00,12,28,40,12,28,40,No Group
Manchester City Council - Chorlton,Chorlton Place,2020,February,7,Saturday,15 Feb 2020,01:00,9,2,11,9,2,11,No Group
Manchester City Council - Chorlton,Chorlton Place,2020,February,7,Saturday,15 Feb 2020,02:00,0,1,1,0,1,1,No Group
Manchester City Council - Chorlton,Chorlton Place,2020,February,7,Saturday,15 Feb 2020,03:00,2,2,4,2,2,4,No Group
Manchester City Council - Chorlton,Chorlton Place,2020,February,7,Saturday,15 Feb 2020,04:00,2,2,4,2,2,4,No Group
Manchester City Council - Chorlton,Chorlton Place,2020,February,7,Saturday,15 Feb 2020,05:00,7,10,17,7,10,17,No Group
Manchester City Council - Chorlton,Chorlton Place,2020,February,7,Saturday,15 Feb 2020,06:00,3,6,9,3,6,9,No Group
Manchester City Council - Chorlton,Chorlton Place,2020,February,7,Saturday,15 Feb 2020,07:00,12,32,44,12,32,44,No Group
Manchester City Council - Chorlton,Chorlton Place,2020,February,7,Saturday,15 Feb 2020,08:00,63,71,134,63,71,134,No Group
Manchester City Council - Chorlton,Chorlton Place,2020,February,7,Saturday,15 Feb 2020,09:00,114,140,254,114,140,254,No Group
Manchester City Council - Chorlton,Chorlton Place,2020,February,7,Saturday,15 Feb 2020,10:00,179,193,372,179,193,372,No Group
Manchester City Council - Chorlton,Chorlton Place,2020,February,7,Saturday,15 Feb 2020,11:00,192,214,406,192,214,406,No Group
Manchester City Council - Chorlton,Chorlton Place,2020,February,7,Saturday,15 Feb 2020,12:00,300,309,609,300,309,609,No Group
Manchester City Council - Chorlton,Chorlton Place,2020,February,7,Saturday,15 Feb 2020,13:00,478,492,970,478,492,970,No Group
Manchester City Council - Chorlton,Chorlton Place,2020,February,7,Saturday,15 Feb 2020,14:00,367,345,712,367,345,712,No Group
Manchester City Council - Chorlton,Chorlton Place,2020,February,7,Saturday,15 Feb 2020,15:00,229,193,422,229,193,422,No Group
Manchester City Council - Chorlton,Chorlton Place,2020,February,7,Saturday,15 Feb 2020,16:00,143,129,272,143,129,272,No Group
Manchester City Council - Chorlton,Chorlton Place,2020,February,7,Saturday,15 Feb 2020,17:00,89,121,210,89,121,210,No Group
Manchester City Council - Chorlton,Chorlton Place,2020,February,7,Saturday,15 Feb 2020,18:00,30,95,125,30,95,125,No Group
Manchester City Council - Chorlton,Chorlton Place,2020,February,7,Saturday,15 Feb 2020,19:00,31,48,79,31,48,79,No Group
Manchester City Council - Chorlton,Chorlton Place,2020,February,7,Saturday,15 Feb 2020,20:00,47,63,110,47,63,110,No Group
Manchester City Council - Chorlton,Chorlton Place,2020,February,7,Saturday,15 Feb 2020,21:00,42,57,99,42,57,99,No Group
Manchester City Council - Chorlton,Chorlton Place,2020,February,7,Saturday,15 Feb 2020,22:00,25,34,59,25,34,59,No Group
Manchester City Council - Chorlton,Chorlton Place,2020,February,7,Saturday,15 Feb 2020,23:00,21,29,50,21,29,50,No Group
Manchester City Council - Chorlton,Chorlton Place,2020,February,7,Sunday,16 Feb 2020,00:00,19,27,46,19,27,46,No Group
Manchester City Council - Chorlton,Chorlton Place,2020,February,7,Sunday,16 Feb 2020,01:00,39,29,68,39,29,68,No Group
Manchester City Council - Chorlton,Chorlton Place,2020,February,7,Sunday,16 Feb 2020,02:00,7,7,14,7,7,14,No Group
Manchester City Council - Chorlton,Chorlton Place,2020,February,7,Sunday,16 Feb 2020,03:00,8,22,30,8,22,30,No Group
Manchester City Council - Chorlton,Chorlton Place,2020,February,7,Sunday,16 Feb 2020,04:00,15,9,24,15,9,24,No Group
Manchester City Council - Chorlton,Chorlton Place,2020,February,7,Sunday,16 Feb 2020,05:00,2,8,10,2,8,10,No Group
Manchester City Council - Chorlton,Chorlton Place,2020,February,7,Sunday,16 Feb 2020,06:00,8,12,20,8,12,20,No Group
Manchester City Council - Chorlton,Chorlton Place,2020,February,7,Sunday,16 Feb 2020,07:00,5,12,17,5,12,17,No Group
Manchester City Council - Chorlton,Chorlton Place,2020,February,7,Sunday,16 Feb 2020,08:00,17,22,39,17,22,39,No Group
Manchester City Council - Chorlton,Chorlton Place,2020,February,7,Sunday,16 Feb 2020,09:00,35,57,92,35,57,92,No Group
Manchester City Council - Chorlton,Chorlton Place,2020,February,7,Sunday,16 Feb 2020,10:00,56,77,133,56,77,133,No Group
Manchester City Council - Chorlton,Chorlton Place,2020,February,7,Sunday,16 Feb 2020,11:00,79,86,165,79,86,165,No Group
Manchester City Council - Chorlton,Chorlton Place,2020,February,7,Sunday,16 Feb 2020,12:00,114,125,239,114,125,239,No Group
Manchester City Council - Chorlton,Chorlton Place,2020,February,7,Sunday,16 Feb 2020,13:00,113,142,255,113,142,255,No Group
Manchester City Council - Chorlton,Chorlton Place,2020,February,7,Sunday,16 Feb 2020,14:00,138,154,292,138,154,292,No Group
Manchester City Council - Chorlton,Chorlton Place,2020,February,7,Sunday,16 Feb 2020,15:00,117,123,240,117,123,240,No Group
Manchester City Council - Chorlton,Chorlton Place,2020,February,7,Sunday,16 Feb 2020,16:00,96,112,208,96,112,208,No Group
Manchester City Council - Chorlton,Chorlton Place,2020,February,7,Sunday,16 Feb 2020,17:00,46,58,104,46,58,104,No Group
Manchester City Council - Chorlton,Chorlton Place,2020,February,7,Sunday,16 Feb 2020,18:00,36,55,91,36,55,91,No Group
Manchester City Council - Chorlton,Chorlton Place,2020,February,7,Sunday,16 Feb 2020,19:00,23,44,67,23,44,67,No Group
Manchester City Council - Chorlton,Chorlton Place,2020,February,7,Sunday,16 Feb 2020,20:00,18,20,38,18,20,38,No Group
Manchester City Council - Chorlton,Chorlton Place,2020,February,7,Sunday,16 Feb 2020,21:00,13,12,25,13,12,25,No Group
Manchester City Council - Chorlton,Chorlton Place,2020,February,7,Sunday,16 Feb 2020,22:00,14,11,25,14,11,25,No Group
Manchester City Council - Chorlton,Chorlton Place,2020,February,7,Sunday,16 Feb 2020,23:00,16,21,37,16,21,37,No Group
Manchester City Council - Chorlton,Chorlton Place,2020,February,8,Monday,17 Feb 2020,00:00,3,1,4,3,1,4,No Group
Manchester City Council - Chorlton,Chorlton Place,2020,February,8,Monday,17 Feb 2020,01:00,0,0,0,0,0,0,No Group
Manchester City Council - Chorlton,Chorlton Place,2020,February,8,Monday,17 Feb 2020,02:00,0,1,1,0,1,1,No Group
Manchester City Council - Chorlton,Chorlton Place,2020,February,8,Monday,17 Feb 2020,03:00,1,1,2,1,1,2,No Group
Manchester City Council - Chorlton,Chorlton Place,2020,February,8,Monday,17 Feb 2020,04:00,1,6,7,1,6,7,No Group
Manchester City Council - Chorlton,Chorlton Place,2020,February,8,Monday,17 Feb 2020,05:00,4,8,12,4,8,12,No Group
Manchester City Council - Chorlton,Chorlton Place,2020,February,8,Monday,17 Feb 2020,06:00,4,25,29,4,25,29,No Group
Manchester City Council - Chorlton,Chorlton Place,2020,February,8,Monday,17 Feb 2020,07:00,15,66,81,15,66,81,No Group
Manchester City Council - Chorlton,Chorlton Place,2020,February,8,Monday,17 Feb 2020,08:00,29,113,142,29,113,142,No Group
Manchester City Council - Chorlton,Chorlton Place,2020,February,8,Monday,17 Feb 2020,09:00,57,118,175,57,118,175,No Group
Manchester City Council - Chorlton,Chorlton Place,2020,February,8,Monday,17 Feb 2020,10:00,111,136,247,111,136,247,No Group
Manchester City Council - Chorlton,Chorlton Place,2020,February,8,Monday,17 Feb 2020,11:00,121,135,256,121,135,256,No Group
Manchester City Council - Chorlton,Chorlton Place,2020,February,8,Monday,17 Feb 2020,12:00,136,183,319,136,183,319,No Group
Manchester City Council - Chorlton,Chorlton Place,2020,February,8,Monday,17 Feb 2020,13:00,178,159,337,178,159,337,No Group
Manchester City Council - Chorlton,Chorlton Place,2020,February,8,Monday,17 Feb 2020,14:00,135,167,302,135,167,302,No Group
Manchester City Council - Chorlton,Chorlton Place,2020,February,8,Monday,17 Feb 2020,15:00,164,159,323,164,159,323,No Group
Manchester City Council - Chorlton,Chorlton Place,2020,February,8,Monday,17 Feb 2020,16:00,117,126,243,117,126,243,No Group
Manchester City Council - Chorlton,Chorlton Place,2020,February,8,Monday,17 Feb 2020,17:00,130,79,209,130,79,209,No Group
Manchester City Council - Chorlton,Chorlton Place,2020,February,8,Monday,17 Feb 2020,18:00,93,70,163,93,70,163,No Group
Manchester City Council - Chorlton,Chorlton Place,2020,February,8,Monday,17 Feb 2020,19:00,83,55,138,83,55,138,No Group
Manchester City Council - Chorlton,Chorlton Place,2020,February,8,Monday,17 Feb 2020,20:00,50,54,104,50,54,104,No Group
Manchester City Council - Chorlton,Chorlton Place,2020,February,8,Monday,17 Feb 2020,21:00,36,27,63,36,27,63,No Group
Manchester City Council - Chorlton,Chorlton Place,2020,February,8,Monday,17 Feb 2020,22:00,26,18,44,26,18,44,No Group
Manchester City Council - Chorlton,Chorlton Place,2020,February,8,Monday,17 Feb 2020,23:00,16,25,41,16,25,41,No Group
Manchester City Council - Chorlton,Chorlton Place,2020,February,8,Tuesday,18 Feb 2020,00:00,0,0,0,0,0,0,No Group
Manchester City Council - Chorlton,Chorlton Place,2020,February,8,Tuesday,18 Feb 2020,01:00,2,5,7,2,5,7,No Group
Manchester City Council - Chorlton,Chorlton Place,2020,February,8,Tuesday,18 Feb 2020,02:00,0,0,0,0,0,0,No Group
Manchester City Council - Chorlton,Chorlton Place,2020,February,8,Tuesday,18 Feb 2020,03:00,3,5,8,3,5,8,No Group
Manchester City Council - Chorlton,Chorlton Place,2020,February,8,Tuesday,18 Feb 2020,04:00,6,5,11,6,5,11,No Group
Manchester City Council - Chorlton,Chorlton Place,2020,February,8,Tuesday,18 Feb 2020,05:00,0,2,2,0,2,2,No Group
Manchester City Council - Chorlton,Chorlton Place,2020,February,8,Tuesday,18 Feb 2020,06:00,6,23,29,6,23,29,No Group
Manchester City Council - Chorlton,Chorlton Place,2020,February,8,Tuesday,18 Feb 2020,07:00,21,72,93,21,72,93,No Group
Manchester City Council - Chorlton,Chorlton Place,2020,February,8,Tuesday,18 Feb 2020,08:00,31,111,142,31,111,142,No Group
Manchester City Council - Chorlton,Chorlton Place,2020,February,8,Tuesday,18 Feb 2020,09:00,74,108,182,74,108,182,No Group
Manchester City Council - Chorlton,Chorlton Place,2020,February,8,Tuesday,18 Feb 2020,10:00,136,202,338,136,202,338,No Group
Manchester City Council - Chorlton,Chorlton Place,2020,February,8,Tuesday,18 Feb 2020,11:00,104,128,232,104,128,232,No Group
Manchester City Council - Chorlton,Chorlton Place,2020,February,8,Tuesday,18 Feb 2020,12:00,140,155,295,140,155,295,No Group
Manchester City Council - Chorlton,Chorlton Place,2020,February,8,Tuesday,18 Feb 2020,13:00,154,155,309,154,155,309,No Group
Manchester City Council - Chorlton,Chorlton Place,2020,February,8,Tuesday,18 Feb 2020,14:00,146,147,293,146,147,293,No Group
Manchester City Council - Chorlton,Chorlton Place,2020,February,8,Tuesday,18 Feb 2020,15:00,167,156,323,167,156,323,No Group
Manchester City Council - Chorlton,Chorlton Place,2020,February,8,Tuesday,18 Feb 2020,16:00,187,171,358,187,171,358,No Group
Manchester City Council - Chorlton,Chorlton Place,2020,February,8,Tuesday,18 Feb 2020,17:00,115,81,196,115,81,196,No Group
Manchester City Council - Chorlton,Chorlton Place,2020,February,8,Tuesday,18 Feb 2020,18:00,68,61,129,68,61,129,No Group
Manchester City Council - Chorlton,Chorlton Place,2020,February,8,Tuesday,18 Feb 2020,19:00,84,109,193,84,109,193,No Group
Manchester City Council - Chorlton,Chorlton Place,2020,February,8,Tuesday,18 Feb 2020,20:00,38,41,79,38,41,79,No Group
Manchester City Council - Chorlton,Chorlton Place,2020,February,8,Tuesday,18 Feb 2020,21:00,28,25,53,28,25,53,No Group
Manchester City Council - Chorlton,Chorlton Place,2020,February,8,Tuesday,18 Feb 2020,22:00,23,9,32,23,9,32,No Group
Manchester City Council - Chorlton,Chorlton Place,2020,February,8,Tuesday,18 Feb 2020,23:00,15,14,29,15,14,29,No Group
Manchester City Council - Chorlton,Chorlton Place,2020,February,8,Wednesday,19 Feb 2020,00:00,4,6,10,4,6,10,No Group
Manchester City Council - Chorlton,Chorlton Place,2020,February,8,Wednesday,19 Feb 2020,01:00,0,0,0,0,0,0,No Group
Manchester City Council - Chorlton,Chorlton Place,2020,February,8,Wednesday,19 Feb 2020,02:00,0,0,0,0,0,0,No Group
Manchester City Council - Chorlton,Chorlton Place,2020,February,8,Wednesday,19 Feb 2020,03:00,1,4,5,1,4,5,No Group
Manchester City Council - Chorlton,Chorlton Place,2020,February,8,Wednesday,19 Feb 2020,04:00,0,1,1,0,1,1,No Group
Manchester City Council - Chorlton,Chorlton Place,2020,February,8,Wednesday,19 Feb 2020,05:00,0,5,5,0,5,5,No Group
Manchester City Council - Chorlton,Chorlton Place,2020,February,8,Wednesday,19 Feb 2020,06:00,6,26,32,6,26,32,No Group
Manchester City Council - Chorlton,Chorlton Place,2020,February,8,Wednesday,19 Feb 2020,07:00,31,73,104,31,73,104,No Group
Manchester City Council - Chorlton,Chorlton Place,2020,February,8,Wednesday,19 Feb 2020,08:00,47,138,185,47,138,185,No Group
Manchester City Council - Chorlton,Chorlton Place,2020,February,8,Wednesday,19 Feb 2020,09:00,75,114,189,75,114,189,No Group
Manchester City Council - Chorlton,Chorlton Place,2020,February,8,Wednesday,19 Feb 2020,10:00,124,133,257,124,133,257,No Group
Manchester City Council - Chorlton,Chorlton Place,2020,February,8,Wednesday,19 Feb 2020,11:00,170,180,350,170,180,350,No Group
Manchester City Council - Chorlton,Chorlton Place,2020,February,8,Wednesday,19 Feb 2020,12:00,218,252,470,218,252,470,No Group
Manchester City Council - Chorlton,Chorlton Place,2020,February,8,Wednesday,19 Feb 2020,13:00,196,197,393,196,197,393,No Group
Manchester City Council - Chorlton,Chorlton Place,2020,February,8,Wednesday,19 Feb 2020,14:00,178,192,370,178,192,370,No Group
Manchester City Council - Chorlton,Chorlton Place,2020,February,8,Wednesday,19 Feb 2020,15:00,178,172,350,178,172,350,No Group
Manchester City Council - Chorlton,Chorlton Place,2020,February,8,Wednesday,19 Feb 2020,16:00,132,133,265,132,133,265,No Group
Manchester City Council - Chorlton,Chorlton Place,2020,February,8,Wednesday,19 Feb 2020,17:00,105,80,185,105,80,185,No Group
Manchester City Council - Chorlton,Chorlton Place,2020,February,8,Wednesday,19 Feb 2020,18:00,74,71,145,74,71,145,No Group
Manchester City Council - Chorlton,Chorlton Place,2020,February,8,Wednesday,19 Feb 2020,19:00,70,33,103,70,33,103,No Group
Manchester City Council - Chorlton,Chorlton Place,2020,February,8,Wednesday,19 Feb 2020,20:00,49,42,91,49,42,91,No Group
Manchester City Council - Chorlton,Chorlton Place,2020,February,8,Wednesday,19 Feb 2020,21:00,35,40,75,35,40,75,No Group
Manchester City Council - Chorlton,Chorlton Place,2020,February,8,Wednesday,19 Feb 2020,22:00,21,27,48,21,27,48,No Group
Manchester City Council - Chorlton,Chorlton Place,2020,February,8,Wednesday,19 Feb 2020,23:00,24,26,50,24,26,50,No Group
Manchester City Council - Chorlton,Chorlton Place,2020,February,8,Thursday,20 Feb 2020,00:00,6,0,6,6,0,6,No Group
Manchester City Council - Chorlton,Chorlton Place,2020,February,8,Thursday,20 Feb 2020,01:00,0,0,0,0,0,0,No Group
Manchester City Council - Chorlton,Chorlton Place,2020,February,8,Thursday,20 Feb 2020,02:00,0,0,0,0,0,0,No Group
Manchester City Council - Chorlton,Chorlton Place,2020,February,8,Thursday,20 Feb 2020,03:00,0,4,4,0,4,4,No Group
Manchester City Council - Chorlton,Chorlton Place,2020,February,8,Thursday,20 Feb 2020,04:00,0,2,2,0,2,2,No Group
Manchester City Council - Chorlton,Chorlton Place,2020,February,8,Thursday,20 Feb 2020,05:00,1,4,5,1,4,5,No Group
Manchester City Council - Chorlton,Chorlton Place,2020,February,8,Thursday,20 Feb 2020,06:00,4,27,31,4,27,31,No Group
Manchester City Council - Chorlton,Chorlton Place,2020,February,8,Thursday,20 Feb 2020,07:00,26,71,97,26,71,97,No Group
Manchester City Council - Chorlton,Chorlton Place,2020,February,8,Thursday,20 Feb 2020,08:00,40,171,211,40,171,211,No Group
Manchester City Council - Chorlton,Chorlton Place,2020,February,8,Thursday,20 Feb 2020,09:00,58,104,162,58,104,162,No Group
Manchester City Council - Chorlton,Chorlton Place,2020,February,8,Thursday,20 Feb 2020,10:00,113,150,263,113,150,263,No Group
Manchester City Council - Chorlton,Chorlton Place,2020,February,8,Thursday,20 Feb 2020,11:00,109,140,249,109,140,249,No Group
Manchester City Council - Chorlton,Chorlton Place,2020,February,8,Thursday,20 Feb 2020,12:00,163,184,347,163,184,347,No Group
Manchester City Council - Chorlton,Chorlton Place,2020,February,8,Thursday,20 Feb 2020,13:00,173,209,382,173,209,382,No Group
Manchester City Council - Chorlton,Chorlton Place,2020,February,8,Thursday,20 Feb 2020,14:00,211,220,431,211,220,431,No Group
Manchester City Council - Chorlton,Chorlton Place,2020,February,8,Thursday,20 Feb 2020,15:00,153,173,326,153,173,326,No Group
Manchester City Council - Chorlton,Chorlton Place,2020,February,8,Thursday,20 Feb 2020,16:00,124,159,283,124,159,283,No Group
Manchester City Council - Chorlton,Chorlton Place,2020,February,8,Thursday,20 Feb 2020,17:00,151,105,256,151,105,256,No Group
Manchester City Council - Chorlton,Chorlton Place,2020,February,8,Thursday,20 Feb 2020,18:00,95,72,167,95,72,167,No Group
Manchester City Council - Chorlton,Chorlton Place,2020,February,8,Thursday,20 Feb 2020,19:00,96,77,173,96,77,173,No Group
Manchester City Council - Chorlton,Chorlton Place,2020,February,8,Thursday,20 Feb 2020,20:00,59,52,111,59,52,111,No Group
Manchester City Council - Chorlton,Chorlton Place,2020,February,8,Thursday,20 Feb 2020,21:00,41,38,79,41,38,79,No Group
Manchester City Council - Chorlton,Chorlton Place,2020,February,8,Thursday,20 Feb 2020,22:00,17,22,39,17,22,39,No Group
Manchester City Council - Chorlton,Chorlton Place,2020,February,8,Thursday,20 Feb 2020,23:00,17,12,29,17,12,29,No Group
Manchester City Council - Chorlton,Chorlton Place,2020,February,8,Friday,21 Feb 2020,00:00,9,5,14,9,5,14,No Group
Manchester City Council - Chorlton,Chorlton Place,2020,February,8,Friday,21 Feb 2020,01:00,4,0,4,4,0,4,No Group
Manchester City Council - Chorlton,Chorlton Place,2020,February,8,Friday,21 Feb 2020,02:00,2,2,4,2,2,4,No Group
Manchester City Council - Chorlton,Chorlton Place,2020,February,8,Friday,21 Feb 2020,03:00,0,2,2,0,2,2,No Group
Manchester City Council - Chorlton,Chorlton Place,2020,February,8,Friday,21 Feb 2020,04:00,2,3,5,2,3,5,No Group
Manchester City Council - Chorlton,Chorlton Place,2020,February,8,Friday,21 Feb 2020,05:00,2,3,5,2,3,5,No Group
Manchester City Council - Chorlton,Chorlton Place,2020,February,8,Friday,21 Feb 2020,06:00,4,28,32,4,28,32,No Group
Manchester City Council - Chorlton,Chorlton Place,2020,February,8,Friday,21 Feb 2020,07:00,18,68,86,18,68,86,No Group
Manchester City Council - Chorlton,Chorlton Place,2020,February,8,Friday,21 Feb 2020,08:00,44,160,204,44,160,204,No Group
Manchester City Council - Chorlton,Chorlton Place,2020,February,8,Friday,21 Feb 2020,09:00,117,167,284,117,167,284,No Group
Manchester City Council - Chorlton,Chorlton Place,2020,February,8,Friday,21 Feb 2020,10:00,146,145,291,146,145,291,No Group
Manchester City Council - Chorlton,Chorlton Place,2020,February,8,Friday,21 Feb 2020,11:00,182,202,384,182,202,384,No Group
Manchester City Council - Chorlton,Chorlton Place,2020,February,8,Friday,21 Feb 2020,12:00,250,194,444,250,194,444,No Group
Manchester City Council - Chorlton,Chorlton Place,2020,February,8,Friday,21 Feb 2020,13:00,177,214,391,177,214,391,No Group
Manchester City Council - Chorlton,Chorlton Place,2020,February,8,Friday,21 Feb 2020,14:00,149,196,345,149,196,345,No Group
Manchester City Council - Chorlton,Chorlton Place,2020,February,8,Friday,21 Feb 2020,15:00,163,177,340,163,177,340,No Group
Manchester City Council - Chorlton,Chorlton Place,2020,February,8,Friday,21 Feb 2020,16:00,161,168,329,161,168,329,No Group
Manchester City Council - Chorlton,Chorlton Place,2020,February,8,Friday,21 Feb 2020,17:00,136,121,257,136,121,257,No Group
Manchester City Council - Chorlton,Chorlton Place,2020,February,8,Friday,21 Feb 2020,18:00,92,62,154,92,62,154,No Group
Manchester City Council - Chorlton,Chorlton Place,2020,February,8,Friday,21 Feb 2020,19:00,74,66,140,74,66,140,No Group
Manchester City Council - Chorlton,Chorlton Place,2020,February,8,Friday,21 Feb 2020,20:00,50,53,103,50,53,103,No Group
Manchester City Council - Chorlton,Chorlton Place,2020,February,8,Friday,21 Feb 2020,21:00,40,32,72,40,32,72,No Group
Manchester City Council - Chorlton,Chorlton Place,2020,February,8,Friday,21 Feb 2020,22:00,24,31,55,24,31,55,No Group
Manchester City Council - Chorlton,Chorlton Place,2020,February,8,Friday,21 Feb 2020,23:00,21,19,40,21,19,40,No Group
Manchester City Council - Chorlton,Chorlton Place,2020,February,8,Saturday,22 Feb 2020,00:00,13,26,39,13,26,39,No Group
Manchester City Council - Chorlton,Chorlton Place,2020,February,8,Saturday,22 Feb 2020,01:00,7,8,15,7,8,15,No Group
Manchester City Council - Chorlton,Chorlton Place,2020,February,8,Saturday,22 Feb 2020,02:00,2,2,4,2,2,4,No Group
Manchester City Council - Chorlton,Chorlton Place,2020,February,8,Saturday,22 Feb 2020,03:00,1,2,3,1,2,3,No Group
Manchester City Council - Chorlton,Chorlton Place,2020,February,8,Saturday,22 Feb 2020,04:00,9,20,29,9,20,29,No Group
Manchester City Council - Chorlton,Chorlton Place,2020,February,8,Saturday,22 Feb 2020,05:00,2,2,4,2,2,4,No Group
Manchester City Council - Chorlton,Chorlton Place,2020,February,8,Saturday,22 Feb 2020,06:00,5,7,12,5,7,12,No Group
Manchester City Council - Chorlton,Chorlton Place,2020,February,8,Saturday,22 Feb 2020,07:00,9,34,43,9,34,43,No Group
Manchester City Council - Chorlton,Chorlton Place,2020,February,8,Saturday,22 Feb 2020,08:00,45,61,106,45,61,106,No Group
Manchester City Council - Chorlton,Chorlton Place,2020,February,8,Saturday,22 Feb 2020,09:00,137,126,263,137,126,263,No Group
Manchester City Council - Chorlton,Chorlton Place,2020,February,8,Saturday,22 Feb 2020,10:00,182,228,410,182,228,410,No Group
Manchester City Council - Chorlton,Chorlton Place,2020,February,8,Saturday,22 Feb 2020,11:00,220,272,492,220,272,492,No Group
Manchester City Council - Chorlton,Chorlton Place,2020,February,8,Saturday,22 Feb 2020,12:00,255,275,530,255,275,530,No Group
Manchester City Council - Chorlton,Chorlton Place,2020,February,8,Saturday,22 Feb 2020,13:00,230,278,508,230,278,508,No Group
Manchester City Council - Chorlton,Chorlton Place,2020,February,8,Saturday,22 Feb 2020,14:00,267,257,524,267,257,524,No Group
Manchester City Council - Chorlton,Chorlton Place,2020,February,8,Saturday,22 Feb 2020,15:00,254,289,543,254,289,543,No Group
Manchester City Council - Chorlton,Chorlton Place,2020,February,8,Saturday,22 Feb 2020,16:00,186,215,401,186,215,401,No Group
Manchester City Council - Chorlton,Chorlton Place,2020,February,8,Saturday,22 Feb 2020,17:00,101,124,225,101,124,225,No Group
Manchester City Council - Chorlton,Chorlton Place,2020,February,8,Saturday,22 Feb 2020,18:00,53,76,129,53,76,129,No Group
Manchester City Council - Chorlton,Chorlton Place,2020,February,8,Saturday,22 Feb 2020,19:00,52,79,131,52,79,131,No Group
Manchester City Council - Chorlton,Chorlton Place,2020,February,8,Saturday,22 Feb 2020,20:00,42,56,98,42,56,98,No Group
Manchester City Council - Chorlton,Chorlton Place,2020,February,8,Saturday,22 Feb 2020,21:00,45,61,106,45,61,106,No Group
Manchester City Council - Chorlton,Chorlton Place,2020,February,8,Saturday,22 Feb 2020,22:00,49,42,91,49,42,91,No Group
Manchester City Council - Chorlton,Chorlton Place,2020,February,8,Saturday,22 Feb 2020,23:00,22,34,56,22,34,56,No Group
Manchester City Council - Chorlton,Chorlton Place,2020,February,8,Sunday,23 Feb 2020,00:00,16,39,55,16,39,55,No Group
Manchester City Council - Chorlton,Chorlton Place,2020,February,8,Sunday,23 Feb 2020,01:00,9,8,17,9,8,17,No Group
Manchester City Council - Chorlton,Chorlton Place,2020,February,8,Sunday,23 Feb 2020,02:00,0,0,0,0,0,0,No Group
Manchester City Council - Chorlton,Chorlton Place,2020,February,8,Sunday,23 Feb 2020,03:00,1,1,2,1,1,2,No Group
Manchester City Council - Chorlton,Chorlton Place,2020,February,8,Sunday,23 Feb 2020,04:00,0,3,3,0,3,3,No Group
Manchester City Council - Chorlton,Chorlton Place,2020,February,8,Sunday,23 Feb 2020,05:00,1,2,3,1,2,3,No Group
Manchester City Council - Chorlton,Chorlton Place,2020,February,8,Sunday,23 Feb 2020,06:00,1,3,4,1,3,4,No Group
Manchester City Council - Chorlton,Chorlton Place,2020,February,8,Sunday,23 Feb 2020,07:00,6,7,13,6,7,13,No Group
Manchester City Council - Chorlton,Chorlton Place,2020,February,8,Sunday,23 Feb 2020,08:00,20,41,61,20,41,61,No Group
Manchester City Council - Chorlton,Chorlton Place,2020,February,8,Sunday,23 Feb 2020,09:00,31,60,91,31,60,91,No Group
Manchester City Council - Chorlton,Chorlton Place,2020,February,8,Sunday,23 Feb 2020,10:00,51,83,134,51,83,134,No Group
Manchester City Council - Chorlton,Chorlton Place,2020,February,8,Sunday,23 Feb 2020,11:00,66,76,142,66,76,142,No Group
Manchester City Council - Chorlton,Chorlton Place,2020,February,8,Sunday,23 Feb 2020,12:00,116,130,246,116,130,246,No Group
Manchester City Council - Chorlton,Chorlton Place,2020,February,8,Sunday,23 Feb 2020,13:00,111,145,256,111,145,256,No Group
Manchester City Council - Chorlton,Chorlton Place,2020,February,8,Sunday,23 Feb 2020,14:00,110,120,230,110,120,230,No Group
Manchester City Council - Chorlton,Chorlton Place,2020,February,8,Sunday,23 Feb 2020,15:00,139,110,249,139,110,249,No Group
Manchester City Council - Chorlton,Chorlton Place,2020,February,8,Sunday,23 Feb 2020,16:00,74,83,157,74,83,157,No Group
Manchester City Council - Chorlton,Chorlton Place,2020,February,8,Sunday,23 Feb 2020,17:00,62,80,142,62,80,142,No Group
Manchester City Council - Chorlton,Chorlton Place,2020,February,8,Sunday,23 Feb 2020,18:00,41,76,117,41,76,117,No Group
Manchester City Council - Chorlton,Chorlton Place,2020,February,8,Sunday,23 Feb 2020,19:00,33,55,88,33,55,88,No Group
Manchester City Council - Chorlton,Chorlton Place,2020,February,8,Sunday,23 Feb 2020,20:00,32,25,57,32,25,57,No Group
Manchester City Council - Chorlton,Chorlton Place,2020,February,8,Sunday,23 Feb 2020,21:00,19,31,50,19,31,50,No Group
Manchester City Council - Chorlton,Chorlton Place,2020,February,8,Sunday,23 Feb 2020,22:00,16,14,30,16,14,30,No Group
Manchester City Council - Chorlton,Chorlton Place,2020,February,8,Sunday,23 Feb 2020,23:00,18,32,50,18,32,50,No Group
Manchester City Council - Chorlton,Chorlton Place,2020,February,9,Monday,24 Feb 2020,00:00,3,1,4,3,1,4,No Group
Manchester City Council - Chorlton,Chorlton Place,2020,February,9,Monday,24 Feb 2020,01:00,2,0,2,2,0,2,No Group
Manchester City Council - Chorlton,Chorlton Place,2020,February,9,Monday,24 Feb 2020,02:00,28,5,33,28,5,33,No Group
Manchester City Council - Chorlton,Chorlton Place,2020,February,9,Monday,24 Feb 2020,03:00,19,13,32,19,13,32,No Group
Manchester City Council - Chorlton,Chorlton Place,2020,February,9,Monday,24 Feb 2020,04:00,0,5,5,0,5,5,No Group
Manchester City Council - Chorlton,Chorlton Place,2020,February,9,Monday,24 Feb 2020,05:00,0,1,1,0,1,1,No Group
Manchester City Council - Chorlton,Chorlton Place,2020,February,9,Monday,24 Feb 2020,06:00,5,24,29,5,24,29,No Group
Manchester City Council - Chorlton,Chorlton Place,2020,February,9,Monday,24 Feb 2020,07:00,17,96,113,17,96,113,No Group
Manchester City Council - Chorlton,Chorlton Place,2020,February,9,Monday,24 Feb 2020,08:00,36,137,173,36,137,173,No Group
Manchester City Council - Chorlton,Chorlton Place,2020,February,9,Monday,24 Feb 2020,09:00,91,142,233,91,142,233,No Group
Manchester City Council - Chorlton,Chorlton Place,2020,February,9,Monday,24 Feb 2020,10:00,109,127,236,109,127,236,No Group
Manchester City Council - Chorlton,Chorlton Place,2020,February,9,Monday,24 Feb 2020,11:00,137,138,275,137,138,275,No Group
Manchester City Council - Chorlton,Chorlton Place,2020,February,9,Monday,24 Feb 2020,12:00,138,160,298,138,160,298,No Group
Manchester City Council - Chorlton,Chorlton Place,2020,February,9,Monday,24 Feb 2020,13:00,135,162,297,135,162,297,No Group
Manchester City Council - Chorlton,Chorlton Place,2020,February,9,Monday,24 Feb 2020,14:00,158,160,318,158,160,318,No Group
Manchester City Council - Chorlton,Chorlton Place,2020,February,9,Monday,24 Feb 2020,15:00,144,167,311,144,167,311,No Group
Manchester City Council - Chorlton,Chorlton Place,2020,February,9,Monday,24 Feb 2020,16:00,162,139,301,162,139,301,No Group
Manchester City Council - Chorlton,Chorlton Place,2020,February,9,Monday,24 Feb 2020,17:00,115,91,206,115,91,206,No Group
Manchester City Council - Chorlton,Chorlton Place,2020,February,9,Monday,24 Feb 2020,18:00,117,64,181,117,64,181,No Group
Manchester City Council - Chorlton,Chorlton Place,2020,February,9,Monday,24 Feb 2020,19:00,74,55,129,74,55,129,No Group
Manchester City Council - Chorlton,Chorlton Place,2020,February,9,Monday,24 Feb 2020,20:00,52,48,100,52,48,100,No Group
Manchester City Council - Chorlton,Chorlton Place,2020,February,9,Monday,24 Feb 2020,21:00,40,47,87,40,47,87,No Group
Manchester City Council - Chorlton,Chorlton Place,2020,February,9,Monday,24 Feb 2020,22:00,21,30,51,21,30,51,No Group
Manchester City Council - Chorlton,Chorlton Place,2020,February,9,Monday,24 Feb 2020,23:00,19,20,39,19,20,39,No Group
Manchester City Council - Chorlton,Chorlton Place,2020,February,9,Tuesday,25 Feb 2020,00:00,7,1,8,7,1,8,No Group
Manchester City Council - Chorlton,Chorlton Place,2020,February,9,Tuesday,25 Feb 2020,01:00,3,2,5,3,2,5,No Group
Manchester City Council - Chorlton,Chorlton Place,2020,February,9,Tuesday,25 Feb 2020,02:00,1,1,2,1,1,2,No Group
Manchester City Council - Chorlton,Chorlton Place,2020,February,9,Tuesday,25 Feb 2020,03:00,1,1,2,1,1,2,No Group
Manchester City Council - Chorlton,Chorlton Place,2020,February,9,Tuesday,25 Feb 2020,04:00,1,5,6,1,5,6,No Group
Manchester City Council - Chorlton,Chorlton Place,2020,February,9,Tuesday,25 Feb 2020,05:00,0,3,3,0,3,3,No Group
Manchester City Council - Chorlton,Chorlton Place,2020,February,9,Tuesday,25 Feb 2020,06:00,5,36,41,5,36,41,No Group
Manchester City Council - Chorlton,Chorlton Place,2020,February,9,Tuesday,25 Feb 2020,07:00,15,106,121,15,106,121,No Group
Manchester City Council - Chorlton,Chorlton Place,2020,February,9,Tuesday,25 Feb 2020,08:00,41,171,212,41,171,212,No Group
Manchester City Council - Chorlton,Chorlton Place,2020,February,9,Tuesday,25 Feb 2020,09:00,86,139,225,86,139,225,No Group
Manchester City Council - Chorlton,Chorlton Place,2020,February,9,Tuesday,25 Feb 2020,10:00,137,197,334,137,197,334,No Group
Manchester City Council - Chorlton,Chorlton Place,2020,February,9,Tuesday,25 Feb 2020,11:00,131,150,281,131,150,281,No Group
Manchester City Council - Chorlton,Chorlton Place,2020,February,9,Tuesday,25 Feb 2020,12:00,144,178,322,144,178,322,No Group
Manchester City Council - Chorlton,Chorlton Place,2020,February,9,Tuesday,25 Feb 2020,13:00,162,194,356,162,194,356,No Group
Manchester City Council - Chorlton,Chorlton Place,2020,February,9,Tuesday,25 Feb 2020,14:00,174,191,365,174,191,365,No Group
Manchester City Council - Chorlton,Chorlton Place,2020,February,9,Tuesday,25 Feb 2020,15:00,166,158,324,166,158,324,No Group
Manchester City Council - Chorlton,Chorlton Place,2020,February,9,Tuesday,25 Feb 2020,16:00,173,169,342,173,169,342,No Group
Manchester City Council - Chorlton,Chorlton Place,2020,February,9,Tuesday,25 Feb 2020,17:00,115,98,213,115,98,213,No Group
Manchester City Council - Chorlton,Chorlton Place,2020,February,9,Tuesday,25 Feb 2020,18:00,90,74,164,90,74,164,No Group
Manchester City Council - Chorlton,Chorlton Place,2020,February,9,Tuesday,25 Feb 2020,19:00,48,40,88,48,40,88,No Group
Manchester City Council - Chorlton,Chorlton Place,2020,February,9,Tuesday,25 Feb 2020,20:00,25,30,55,25,30,55,No Group
Manchester City Council - Chorlton,Chorlton Place,2020,February,9,Tuesday,25 Feb 2020,21:00,24,16,40,24,16,40,No Group
Manchester City Council - Chorlton,Chorlton Place,2020,February,9,Tuesday,25 Feb 2020,22:00,12,23,35,12,23,35,No Group
Manchester City Council - Chorlton,Chorlton Place,2020,February,9,Tuesday,25 Feb 2020,23:00,16,11,27,16,11,27,No Group
Manchester City Council - Chorlton,Chorlton Place,2020,February,9,Wednesday,26 Feb 2020,00:00,3,3,6,3,3,6,No Group
Manchester City Council - Chorlton,Chorlton Place,2020,February,9,Wednesday,26 Feb 2020,01:00,0,1,1,0,1,1,No Group
Manchester City Council - Chorlton,Chorlton Place,2020,February,9,Wednesday,26 Feb 2020,02:00,1,0,1,1,0,1,No Group
Manchester City Council - Chorlton,Chorlton Place,2020,February,9,Wednesday,26 Feb 2020,03:00,0,8,8,0,8,8,No Group
Manchester City Council - Chorlton,Chorlton Place,2020,February,9,Wednesday,26 Feb 2020,04:00,4,5,9,4,5,9,No Group
Manchester City Council - Chorlton,Chorlton Place,2020,February,9,Wednesday,26 Feb 2020,05:00,2,7,9,2,7,9,No Group
Manchester City Council - Chorlton,Chorlton Place,2020,February,9,Wednesday,26 Feb 2020,06:00,5,25,30,5,25,30,No Group
Manchester City Council - Chorlton,Chorlton Place,2020,February,9,Wednesday,26 Feb 2020,07:00,17,82,99,17,82,99,No Group
Manchester City Council - Chorlton,Chorlton Place,2020,February,9,Wednesday,26 Feb 2020,08:00,45,171,216,45,171,216,No Group
Manchester City Council - Chorlton,Chorlton Place,2020,February,9,Wednesday,26 Feb 2020,09:00,69,126,195,69,126,195,No Group
Manchester City Council - Chorlton,Chorlton Place,2020,February,9,Wednesday,26 Feb 2020,10:00,137,161,298,137,161,298,No Group
Manchester City Council - Chorlton,Chorlton Place,2020,February,9,Wednesday,26 Feb 2020,11:00,171,252,423,171,252,423,No Group
Manchester City Council - Chorlton,Chorlton Place,2020,February,9,Wednesday,26 Feb 2020,12:00,222,264,486,222,264,486,No Group
Manchester City Council - Chorlton,Chorlton Place,2020,February,9,Wednesday,26 Feb 2020,13:00,174,251,425,174,251,425,No Group
Manchester City Council - Chorlton,Chorlton Place,2020,February,9,Wednesday,26 Feb 2020,14:00,136,187,323,136,187,323,No Group
Manchester City Council - Chorlton,Chorlton Place,2020,February,9,Wednesday,26 Feb 2020,15:00,154,162,316,154,162,316,No Group
Manchester City Council - Chorlton,Chorlton Place,2020,February,9,Wednesday,26 Feb 2020,16:00,142,137,279,142,137,279,No Group
Manchester City Council - Chorlton,Chorlton Place,2020,February,9,Wednesday,26 Feb 2020,17:00,144,112,256,144,112,256,No Group
Manchester City Council - Chorlton,Chorlton Place,2020,February,9,Wednesday,26 Feb 2020,18:00,87,75,162,87,75,162,No Group
Manchester City Council - Chorlton,Chorlton Place,2020,February,9,Wednesday,26 Feb 2020,19:00,86,73,159,86,73,159,No Group
Manchester City Council - Chorlton,Chorlton Place,2020,February,9,Wednesday,26 Feb 2020,20:00,53,42,95,53,42,95,No Group
Manchester City Council - Chorlton,Chorlton Place,2020,February,9,Wednesday,26 Feb 2020,21:00,41,24,65,41,24,65,No Group
Manchester City Council - Chorlton,Chorlton Place,2020,February,9,Wednesday,26 Feb 2020,22:00,23,43,66,23,43,66,No Group
Manchester City Council - Chorlton,Chorlton Place,2020,February,9,Wednesday,26 Feb 2020,23:00,17,18,35,17,18,35,No Group
Manchester City Council - Chorlton,Chorlton Place,2020,February,9,Thursday,27 Feb 2020,00:00,5,1,6,5,1,6,No Group
Manchester City Council - Chorlton,Chorlton Place,2020,February,9,Thursday,27 Feb 2020,01:00,3,2,5,3,2,5,No Group
Manchester City Council - Chorlton,Chorlton Place,2020,February,9,Thursday,27 Feb 2020,02:00,0,2,2,0,2,2,No Group
Manchester City Council - Chorlton,Chorlton Place,2020,February,9,Thursday,27 Feb 2020,03:00,0,3,3,0,3,3,No Group
Manchester City Council - Chorlton,Chorlton Place,2020,February,9,Thursday,27 Feb 2020,04:00,2,1,3,2,1,3,No Group
Manchester City Council - Chorlton,Chorlton Place,2020,February,9,Thursday,27 Feb 2020,05:00,0,5,5,0,5,5,No Group
Manchester City Council - Chorlton,Chorlton Place,2020,February,9,Thursday,27 Feb 2020,06:00,8,29,37,8,29,37,No Group
Manchester City Council - Chorlton,Chorlton Place,2020,February,9,Thursday,27 Feb 2020,07:00,33,92,125,33,92,125,No Group
Manchester City Council - Chorlton,Chorlton Place,2020,February,9,Thursday,27 Feb 2020,08:00,36,187,223,36,187,223,No Group
Manchester City Council - Chorlton,Chorlton Place,2020,February,9,Thursday,27 Feb 2020,09:00,86,142,228,86,142,228,No Group
Manchester City Council - Chorlton,Chorlton Place,2020,February,9,Thursday,27 Feb 2020,10:00,166,411,577,166,411,577,No Group
Manchester City Council - Chorlton,Chorlton Place,2020,February,9,Thursday,27 Feb 2020,11:00,206,322,528,206,322,528,No Group
Manchester City Council - Chorlton,Chorlton Place,2020,February,9,Thursday,27 Feb 2020,12:00,194,249,443,194,249,443,No Group
Manchester City Council - Chorlton,Chorlton Place,2020,February,9,Thursday,27 Feb 2020,13:00,228,305,533,228,305,533,No Group
Manchester City Council - Chorlton,Chorlton Place,2020,February,9,Thursday,27 Feb 2020,14:00,248,316,564,248,316,564,No Group
Manchester City Council - Chorlton,Chorlton Place,2020,February,9,Thursday,27 Feb 2020,15:00,188,172,360,188,172,360,No Group
Manchester City Council - Chorlton,Chorlton Place,2020,February,9,Thursday,27 Feb 2020,16:00,131,155,286,131,155,286,No Group
Manchester City Council - Chorlton,Chorlton Place,2020,February,9,Thursday,27 Feb 2020,17:00,8,115,123,8,115,123,No Group
Manchester City Council - Chorlton,Chorlton Place,2020,February,9,Thursday,27 Feb 2020,18:00,42,63,105,42,63,105,No Group
Manchester City Council - Chorlton,Chorlton Place,2020,February,9,Thursday,27 Feb 2020,19:00,93,63,156,93,63,156,No Group
Manchester City Council - Chorlton,Chorlton Place,2020,February,9,Thursday,27 Feb 2020,20:00,52,44,96,52,44,96,No Group
Manchester City Council - Chorlton,Chorlton Place,2020,February,9,Thursday,27 Feb 2020,21:00,38,28,66,38,28,66,No Group
Manchester City Council - Chorlton,Chorlton Place,2020,February,9,Thursday,27 Feb 2020,22:00,31,30,61,31,30,61,No Group
Manchester City Council - Chorlton,Chorlton Place,2020,February,9,Thursday,27 Feb 2020,23:00,21,10,31,21,10,31,No Group
Manchester City Council - Chorlton,Chorlton Place,2020,February,9,Friday,28 Feb 2020,00:00,6,4,10,6,4,10,No Group
Manchester City Council - Chorlton,Chorlton Place,2020,February,9,Friday,28 Feb 2020,01:00,2,1,3,2,1,3,No Group
Manchester City Council - Chorlton,Chorlton Place,2020,February,9,Friday,28 Feb 2020,02:00,1,0,1,1,0,1,No Group
Manchester City Council - Chorlton,Chorlton Place,2020,February,9,Friday,28 Feb 2020,03:00,0,2,2,0,2,2,No Group
Manchester City Council - Chorlton,Chorlton Place,2020,February,9,Friday,28 Feb 2020,04:00,2,7,9,2,7,9,No Group
Manchester City Council - Chorlton,Chorlton Place,2020,February,9,Friday,28 Feb 2020,05:00,2,6,8,2,6,8,No Group
Manchester City Council - Chorlton,Chorlton Place,2020,February,9,Friday,28 Feb 2020,06:00,5,29,34,5,29,34,No Group
Manchester City Council - Chorlton,Chorlton Place,2020,February,9,Friday,28 Feb 2020,07:00,37,91,128,37,91,128,No Group
Manchester City Council - Chorlton,Chorlton Place,2020,February,9,Friday,28 Feb 2020,08:00,89,216,305,89,216,305,No Group
Manchester City Council - Chorlton,Chorlton Place,2020,February,9,Friday,28 Feb 2020,09:00,115,166,281,115,166,281,No Group
Manchester City Council - Chorlton,Chorlton Place,2020,February,9,Friday,28 Feb 2020,10:00,116,167,283,116,167,283,No Group
Manchester City Council - Chorlton,Chorlton Place,2020,February,9,Friday,28 Feb 2020,11:00,143,150,293,143,150,293,No Group
Manchester City Council - Chorlton,Chorlton Place,2020,February,9,Friday,28 Feb 2020,12:00,193,174,367,193,174,367,No Group
Manchester City Council - Chorlton,Chorlton Place,2020,February,9,Friday,28 Feb 2020,13:00,146,146,292,146,146,292,No Group
Manchester City Council - Chorlton,Chorlton Place,2020,February,9,Friday,28 Feb 2020,14:00,168,209,377,168,209,377,No Group
Manchester City Council - Chorlton,Chorlton Place,2020,February,9,Friday,28 Feb 2020,15:00,168,185,353,168,185,353,No Group
Manchester City Council - Chorlton,Chorlton Place,2020,February,9,Friday,28 Feb 2020,16:00,223,187,410,223,187,410,No Group
Manchester City Council - Chorlton,Chorlton Place,2020,February,9,Friday,28 Feb 2020,17:00,135,132,267,135,132,267,No Group
Manchester City Council - Chorlton,Chorlton Place,2020,February,9,Friday,28 Feb 2020,18:00,100,97,197,100,97,197,No Group
Manchester City Council - Chorlton,Chorlton Place,2020,February,9,Friday,28 Feb 2020,19:00,78,90,168,78,90,168,No Group
Manchester City Council - Chorlton,Chorlton Place,2020,February,9,Friday,28 Feb 2020,20:00,72,58,130,72,58,130,No Group
Manchester City Council - Chorlton,Chorlton Place,2020,February,9,Friday,28 Feb 2020,21:00,37,39,76,37,39,76,No Group
Manchester City Council - Chorlton,Chorlton Place,2020,February,9,Friday,28 Feb 2020,22:00,55,35,90,55,35,90,No Group
Manchester City Council - Chorlton,Chorlton Place,2020,February,9,Friday,28 Feb 2020,23:00,21,46,67,21,46,67,No Group
Manchester City Council - Chorlton,Chorlton Place,2020,February,9,Saturday,29 Feb 2020,00:00,33,38,71,33,38,71,No Group
Manchester City Council - Chorlton,Chorlton Place,2020,February,9,Saturday,29 Feb 2020,01:00,11,7,18,11,7,18,No Group
Manchester City Council - Chorlton,Chorlton Place,2020,February,9,Saturday,29 Feb 2020,02:00,4,8,12,4,8,12,No Group
Manchester City Council - Chorlton,Chorlton Place,2020,February,9,Saturday,29 Feb 2020,03:00,9,12,21,9,12,21,No Group
Manchester City Council - Chorlton,Chorlton Place,2020,February,9,Saturday,29 Feb 2020,04:00,4,18,22,4,18,22,No Group
Manchester City Council - Chorlton,Chorlton Place,2020,February,9,Saturday,29 Feb 2020,05:00,4,0,4,4,0,4,No Group
Manchester City Council - Chorlton,Chorlton Place,2020,February,9,Saturday,29 Feb 2020,06:00,3,10,13,3,10,13,No Group
Manchester City Council - Chorlton,Chorlton Place,2020,February,9,Saturday,29 Feb 2020,07:00,14,22,36,14,22,36,No Group
Manchester City Council - Chorlton,Chorlton Place,2020,February,9,Saturday,29 Feb 2020,08:00,39,56,95,39,56,95,No Group
Manchester City Council - Chorlton,Chorlton Place,2020,February,9,Saturday,29 Feb 2020,09:00,127,146,273,127,146,273,No Group
Manchester City Council - Chorlton,Chorlton Place,2020,February,9,Saturday,29 Feb 2020,10:00,246,470,716,246,470,716,No Group
Manchester City Council - Chorlton,Chorlton Place,2020,February,9,Saturday,29 Feb 2020,11:00,420,716,1136,420,716,1136,No Group
Manchester City Council - Chorlton,Chorlton Place,2020,February,9,Saturday,29 Feb 2020,12:00,590,762,1352,590,762,1352,No Group
Manchester City Council - Chorlton,Chorlton Place,2020,February,9,Saturday,29 Feb 2020,13:00,655,741,1396,655,741,1396,No Group
Manchester City Council - Chorlton,Chorlton Place,2020,February,9,Saturday,29 Feb 2020,14:00,540,649,1189,540,649,1189,No Group
Manchester City Council - Chorlton,Chorlton Place,2020,February,9,Saturday,29 Feb 2020,15:00,318,353,671,318,353,671,No Group
Manchester City Council - Chorlton,Chorlton Place,2020,February,9,Saturday,29 Feb 2020,16:00,194,218,412,194,218,412,No Group
Manchester City Council - Chorlton,Chorlton Place,2020,February,9,Saturday,29 Feb 2020,17:00,118,96,214,118,96,214,No Group
Manchester City Council - Chorlton,Chorlton Place,2020,February,9,Saturday,29 Feb 2020,18:00,70,110,180,70,110,180,No Group
Manchester City Council - Chorlton,Chorlton Place,2020,February,9,Saturday,29 Feb 2020,19:00,50,32,82,50,32,82,No Group
Manchester City Council - Chorlton,Chorlton Place,2020,February,9,Saturday,29 Feb 2020,20:00,34,63,97,34,63,97,No Group
Manchester City Council - Chorlton,Chorlton Place,2020,February,9,Saturday,29 Feb 2020,21:00,44,61,105,44,61,105,No Group
Manchester City Council - Chorlton,Chorlton Place,2020,February,9,Saturday,29 Feb 2020,22:00,34,27,61,34,27,61,No Group
Manchester City Council - Chorlton,Chorlton Place,2020,February,9,Saturday,29 Feb 2020,23:00,26,30,56,26,30,56,No Group
Manchester City Council - Chorlton,Chorlton Place,2020,February,9,Sunday,01 Mar 2020,00:00,17,20,37,17,20,37,No Group
Manchester City Council - Chorlton,Chorlton Place,2020,February,9,Sunday,01 Mar 2020,01:00,13,2,15,13,2,15,No Group
Manchester City Council - Chorlton,Chorlton Place,2020,February,9,Sunday,01 Mar 2020,02:00,4,1,5,4,1,5,No Group
Manchester City Council - Chorlton,Chorlton Place,2020,February,9,Sunday,01 Mar 2020,03:00,1,4,5,1,4,5,No Group
Manchester City Council - Chorlton,Chorlton Place,2020,February,9,Sunday,01 Mar 2020,04:00,3,0,3,3,0,3,No Group
Manchester City Council - Chorlton,Chorlton Place,2020,February,9,Sunday,01 Mar 2020,05:00,3,0,3,3,0,3,No Group
Manchester City Council - Chorlton,Chorlton Place,2020,February,9,Sunday,01 Mar 2020,06:00,2,5,7,2,5,7,No Group
Manchester City Council - Chorlton,Chorlton Place,2020,February,9,Sunday,01 Mar 2020,07:00,9,10,19,9,10,19,No Group
Manchester City Council - Chorlton,Chorlton Place,2020,February,9,Sunday,01 Mar 2020,08:00,34,56,90,34,56,90,No Group
Manchester City Council - Chorlton,Chorlton Place,2020,February,9,Sunday,01 Mar 2020,09:00,78,239,317,78,239,317,No Group
Manchester City Council - Chorlton,Chorlton Place,2020,February,9,Sunday,01 Mar 2020,10:00,140,259,399,140,259,399,No Group
Manchester City Council - Chorlton,Chorlton Place,2020,February,9,Sunday,01 Mar 2020,11:00,244,405,649,244,405,649,No Group
Manchester City Council - Chorlton,Chorlton Place,2020,February,9,Sunday,01 Mar 2020,12:00,198,314,512,198,314,512,No Group
Manchester City Council - Chorlton,Chorlton Place,2020,February,9,Sunday,01 Mar 2020,13:00,210,257,467,210,257,467,No Group
Manchester City Council - Chorlton,Chorlton Place,2020,February,9,Sunday,01 Mar 2020,14:00,246,267,513,246,267,513,No Group
Manchester City Council - Chorlton,Chorlton Place,2020,February,9,Sunday,01 Mar 2020,15:00,149,160,309,149,160,309,No Group
Manchester City Council - Chorlton,Chorlton Place,2020,February,9,Sunday,01 Mar 2020,16:00,82,101,183,82,101,183,No Group
Manchester City Council - Chorlton,Chorlton Place,2020,February,9,Sunday,01 Mar 2020,17:00,62,85,147,62,85,147,No Group
Manchester City Council - Chorlton,Chorlton Place,2020,February,9,Sunday,01 Mar 2020,18:00,74,85,159,74,85,159,No Group
Manchester City Council - Chorlton,Chorlton Place,2020,February,9,Sunday,01 Mar 2020,19:00,37,52,89,37,52,89,No Group
Manchester City Council - Chorlton,Chorlton Place,2020,February,9,Sunday,01 Mar 2020,20:00,24,28,52,24,28,52,No Group
Manchester City Council - Chorlton,Chorlton Place,2020,February,9,Sunday,01 Mar 2020,21:00,12,21,33,12,21,33,No Group
Manchester City Council - Chorlton,Chorlton Place,2020,February,9,Sunday,01 Mar 2020,22:00,24,21,45,24,21,45,No Group
Manchester City Council - Chorlton,Chorlton Place,2020,February,9,Sunday,01 Mar 2020,23:00,8,9,17,8,9,17,No Group
Manchester City Council - Chorlton,Chorlton Place,2020,March,10,Monday,02 Mar 2020,00:00,2,2,4,2,2,4,No Group
Manchester City Council - Chorlton,Chorlton Place,2020,March,10,Monday,02 Mar 2020,01:00,3,0,3,3,0,3,No Group
Manchester City Council - Chorlton,Chorlton Place,2020,March,10,Monday,02 Mar 2020,02:00,0,0,0,0,0,0,No Group
Manchester City Council - Chorlton,Chorlton Place,2020,March,10,Monday,02 Mar 2020,03:00,0,2,2,0,2,2,No Group
Manchester City Council - Chorlton,Chorlton Place,2020,March,10,Monday,02 Mar 2020,04:00,1,5,6,1,5,6,No Group
Manchester City Council - Chorlton,Chorlton Place,2020,March,10,Monday,02 Mar 2020,05:00,10,7,17,10,7,17,No Group
Manchester City Council - Chorlton,Chorlton Place,2020,March,10,Monday,02 Mar 2020,06:00,4,19,23,4,19,23,No Group
Manchester City Council - Chorlton,Chorlton Place,2020,March,10,Monday,02 Mar 2020,07:00,23,108,131,23,108,131,No Group
Manchester City Council - Chorlton,Chorlton Place,2020,March,10,Monday,02 Mar 2020,08:00,78,273,351,78,273,351,No Group
Manchester City Council - Chorlton,Chorlton Place,2020,March,10,Monday,02 Mar 2020,09:00,124,279,403,124,279,403,No Group
Manchester City Council - Chorlton,Chorlton Place,2020,March,10,Monday,02 Mar 2020,10:00,175,290,465,175,290,465,No Group
Manchester City Council - Chorlton,Chorlton Place,2020,March,10,Monday,02 Mar 2020,11:00,167,291,458,167,291,458,No Group
Manchester City Council - Chorlton,Chorlton Place,2020,March,10,Monday,02 Mar 2020,12:00,223,316,539,223,316,539,No Group
Manchester City Council - Chorlton,Chorlton Place,2020,March,10,Monday,02 Mar 2020,13:00,172,208,380,172,208,380,No Group
Manchester City Council - Chorlton,Chorlton Place,2020,March,10,Monday,02 Mar 2020,14:00,218,258,476,218,258,476,No Group
Manchester City Council - Chorlton,Chorlton Place,2020,March,10,Monday,02 Mar 2020,15:00,188,207,395,188,207,395,No Group
Manchester City Council - Chorlton,Chorlton Place,2020,March,10,Monday,02 Mar 2020,16:00,160,150,310,160,150,310,No Group
Manchester City Council - Chorlton,Chorlton Place,2020,March,10,Monday,02 Mar 2020,17:00,151,102,253,151,102,253,No Group
Manchester City Council - Chorlton,Chorlton Place,2020,March,10,Monday,02 Mar 2020,18:00,126,71,197,126,71,197,No Group
Manchester City Council - Chorlton,Chorlton Place,2020,March,10,Monday,02 Mar 2020,19:00,90,48,138,90,48,138,No Group
Manchester City Council - Chorlton,Chorlton Place,2020,March,10,Monday,02 Mar 2020,20:00,62,56,118,62,56,118,No Group
Manchester City Council - Chorlton,Chorlton Place,2020,March,10,Monday,02 Mar 2020,21:00,26,45,71,26,45,71,No Group
Manchester City Council - Chorlton,Chorlton Place,2020,March,10,Monday,02 Mar 2020,22:00,23,19,42,23,19,42,No Group
Manchester City Council - Chorlton,Chorlton Place,2020,March,10,Monday,02 Mar 2020,23:00,10,18,28,10,18,28,No Group
Manchester City Council - Chorlton,Chorlton Place,2020,March,10,Tuesday,03 Mar 2020,00:00,0,1,1,0,1,1,No Group
Manchester City Council - Chorlton,Chorlton Place,2020,March,10,Tuesday,03 Mar 2020,01:00,0,0,0,0,0,0,No Group
Manchester City Council - Chorlton,Chorlton Place,2020,March,10,Tuesday,03 Mar 2020,02:00,8,6,14,8,6,14,No Group
Manchester City Council - Chorlton,Chorlton Place,2020,March,10,Tuesday,03 Mar 2020,03:00,0,1,1,0,1,1,No Group
Manchester City Council - Chorlton,Chorlton Place,2020,March,10,Tuesday,03 Mar 2020,04:00,2,5,7,2,5,7,No Group
Manchester City Council - Chorlton,Chorlton Place,2020,March,10,Tuesday,03 Mar 2020,05:00,1,6,7,1,6,7,No Group
Manchester City Council - Chorlton,Chorlton Place,2020,March,10,Tuesday,03 Mar 2020,06:00,4,24,28,4,24,28,No Group
Manchester City Council - Chorlton,Chorlton Place,2020,March,10,Tuesday,03 Mar 2020,07:00,30,114,144,30,114,144,No Group
Manchester City Council - Chorlton,Chorlton Place,2020,March,10,Tuesday,03 Mar 2020,08:00,38,154,192,38,154,192,No Group
Manchester City Council - Chorlton,Chorlton Place,2020,March,10,Tuesday,03 Mar 2020,09:00,65,109,174,65,109,174,No Group
Manchester City Council - Chorlton,Chorlton Place,2020,March,10,Tuesday,03 Mar 2020,10:00,113,128,241,113,128,241,No Group
Manchester City Council - Chorlton,Chorlton Place,2020,March,10,Tuesday,03 Mar 2020,11:00,139,190,329,139,190,329,No Group
Manchester City Council - Chorlton,Chorlton Place,2020,March,10,Tuesday,03 Mar 2020,12:00,163,150,313,163,150,313,No Group
Manchester City Council - Chorlton,Chorlton Place,2020,March,10,Tuesday,03 Mar 2020,13:00,174,208,382,174,208,382,No Group
Manchester City Council - Chorlton,Chorlton Place,2020,March,10,Tuesday,03 Mar 2020,14:00,160,192,352,160,192,352,No Group
Manchester City Council - Chorlton,Chorlton Place,2020,March,10,Tuesday,03 Mar 2020,15:00,161,154,315,161,154,315,No Group
Manchester City Council - Chorlton,Chorlton Place,2020,March,10,Tuesday,03 Mar 2020,16:00,128,129,257,128,129,257,No Group
Manchester City Council - Chorlton,Chorlton Place,2020,March,10,Tuesday,03 Mar 2020,17:00,107,88,195,107,88,195,No Group
Manchester City Council - Chorlton,Chorlton Place,2020,March,10,Tuesday,03 Mar 2020,18:00,109,74,183,109,74,183,No Group
Manchester City Council - Chorlton,Chorlton Place,2020,March,10,Tuesday,03 Mar 2020,19:00,77,60,137,77,60,137,No Group
Manchester City Council - Chorlton,Chorlton Place,2020,March,10,Tuesday,03 Mar 2020,20:00,29,42,71,29,42,71,No Group
Manchester City Council - Chorlton,Chorlton Place,2020,March,10,Tuesday,03 Mar 2020,21:00,39,21,60,39,21,60,No Group
Manchester City Council - Chorlton,Chorlton Place,2020,March,10,Tuesday,03 Mar 2020,22:00,23,18,41,23,18,41,No Group
Manchester City Council - Chorlton,Chorlton Place,2020,March,10,Tuesday,03 Mar 2020,23:00,9,6,15,9,6,15,No Group
Manchester City Council - Chorlton,Chorlton Place,2020,March,10,Wednesday,04 Mar 2020,00:00,5,1,6,5,1,6,No Group
Manchester City Council - Chorlton,Chorlton Place,2020,March,10,Wednesday,04 Mar 2020,01:00,1,1,2,1,1,2,No Group
Manchester City Council - Chorlton,Chorlton Place,2020,March,10,Wednesday,04 Mar 2020,02:00,1,1,2,1,1,2,No Group
Manchester City Council - Chorlton,Chorlton Place,2020,March,10,Wednesday,04 Mar 2020,03:00,0,2,2,0,2,2,No Group
Manchester City Council - Chorlton,Chorlton Place,2020,March,10,Wednesday,04 Mar 2020,04:00,0,4,4,0,4,4,No Group
Manchester City Council - Chorlton,Chorlton Place,2020,March,10,Wednesday,04 Mar 2020,05:00,1,6,7,1,6,7,No Group
Manchester City Council - Chorlton,Chorlton Place,2020,March,10,Wednesday,04 Mar 2020,06:00,5,32,37,5,32,37,No Group
Manchester City Council - Chorlton,Chorlton Place,2020,March,10,Wednesday,04 Mar 2020,07:00,27,85,112,27,85,112,No Group
Manchester City Council - Chorlton,Chorlton Place,2020,March,10,Wednesday,04 Mar 2020,08:00,30,123,153,30,123,153,No Group
Manchester City Council - Chorlton,Chorlton Place,2020,March,10,Wednesday,04 Mar 2020,09:00,93,124,217,93,124,217,No Group
Manchester City Council - Chorlton,Chorlton Place,2020,March,10,Wednesday,04 Mar 2020,10:00,114,162,276,114,162,276,No Group
Manchester City Council - Chorlton,Chorlton Place,2020,March,10,Wednesday,04 Mar 2020,11:00,142,159,301,142,159,301,No Group
Manchester City Council - Chorlton,Chorlton Place,2020,March,10,Wednesday,04 Mar 2020,12:00,162,158,320,162,158,320,No Group
Manchester City Council - Chorlton,Chorlton Place,2020,March,10,Wednesday,04 Mar 2020,13:00,155,166,321,155,166,321,No Group
Manchester City Council - Chorlton,Chorlton Place,2020,March,10,Wednesday,04 Mar 2020,14:00,186,194,380,186,194,380,No Group
Manchester City Council - Chorlton,Chorlton Place,2020,March,10,Wednesday,04 Mar 2020,15:00,185,155,340,185,155,340,No Group
Manchester City Council - Chorlton,Chorlton Place,2020,March,10,Wednesday,04 Mar 2020,16:00,136,149,285,136,149,285,No Group
Manchester City Council - Chorlton,Chorlton Place,2020,March,10,Wednesday,04 Mar 2020,17:00,129,92,221,129,92,221,No Group
Manchester City Council - Chorlton,Chorlton Place,2020,March,10,Wednesday,04 Mar 2020,18:00,106,71,177,106,71,177,No Group
Manchester City Council - Chorlton,Chorlton Place,2020,March,10,Wednesday,04 Mar 2020,19:00,73,69,142,73,69,142,No Group
Manchester City Council - Chorlton,Chorlton Place,2020,March,10,Wednesday,04 Mar 2020,20:00,46,26,72,46,26,72,No Group
Manchester City Council - Chorlton,Chorlton Place,2020,March,10,Wednesday,04 Mar 2020,21:00,31,46,77,31,46,77,No Group
Manchester City Council - Chorlton,Chorlton Place,2020,March,10,Wednesday,04 Mar 2020,22:00,26,22,48,26,22,48,No Group
Manchester City Council - Chorlton,Chorlton Place,2020,March,10,Wednesday,04 Mar 2020,23:00,12,7,19,12,7,19,No Group
Manchester City Council - Chorlton,Chorlton Place,2020,March,10,Thursday,05 Mar 2020,00:00,8,2,10,8,2,10,No Group
Manchester City Council - Chorlton,Chorlton Place,2020,March,10,Thursday,05 Mar 2020,01:00,3,0,3,3,0,3,No Group
Manchester City Council - Chorlton,Chorlton Place,2020,March,10,Thursday,05 Mar 2020,02:00,1,1,2,1,1,2,No Group
Manchester City Council - Chorlton,Chorlton Place,2020,March,10,Thursday,05 Mar 2020,03:00,0,4,4,0,4,4,No Group
Manchester City Council - Chorlton,Chorlton Place,2020,March,10,Thursday,05 Mar 2020,04:00,0,0,0,0,0,0,No Group
Manchester City Council - Chorlton,Chorlton Place,2020,March,10,Thursday,05 Mar 2020,05:00,0,5,5,0,5,5,No Group
Manchester City Council - Chorlton,Chorlton Place,2020,March,10,Thursday,05 Mar 2020,06:00,5,32,37,5,32,37,No Group
Manchester City Council - Chorlton,Chorlton Place,2020,March,10,Thursday,05 Mar 2020,07:00,21,88,109,21,88,109,No Group
Manchester City Council - Chorlton,Chorlton Place,2020,March,10,Thursday,05 Mar 2020,08:00,46,136,182,46,136,182,No Group
Manchester City Council - Chorlton,Chorlton Place,2020,March,10,Thursday,05 Mar 2020,09:00,91,149,240,91,149,240,No Group
Manchester City Council - Chorlton,Chorlton Place,2020,March,10,Thursday,05 Mar 2020,10:00,190,242,432,190,242,432,No Group
Manchester City Council - Chorlton,Chorlton Place,2020,March,10,Thursday,05 Mar 2020,11:00,274,468,742,274,468,742,No Group
Manchester City Council - Chorlton,Chorlton Place,2020,March,10,Thursday,05 Mar 2020,12:00,391,514,905,391,514,905,No Group
Manchester City Council - Chorlton,Chorlton Place,2020,March,10,Thursday,05 Mar 2020,13:00,242,308,550,242,308,550,No Group
Manchester City Council - Chorlton,Chorlton Place,2020,March,10,Thursday,05 Mar 2020,14:00,221,281,502,221,281,502,No Group
Manchester City Council - Chorlton,Chorlton Place,2020,March,10,Thursday,05 Mar 2020,15:00,176,197,373,176,197,373,No Group
Manchester City Council - Chorlton,Chorlton Place,2020,March,10,Thursday,05 Mar 2020,16:00,143,137,280,143,137,280,No Group
Manchester City Council - Chorlton,Chorlton Place,2020,March,10,Thursday,05 Mar 2020,17:00,125,93,218,125,93,218,No Group
Manchester City Council - Chorlton,Chorlton Place,2020,March,10,Thursday,05 Mar 2020,18:00,115,71,186,115,71,186,No Group
Manchester City Council - Chorlton,Chorlton Place,2020,March,10,Thursday,05 Mar 2020,19:00,83,46,129,83,46,129,No Group
Manchester City Council - Chorlton,Chorlton Place,2020,March,10,Thursday,05 Mar 2020,20:00,37,38,75,37,38,75,No Group
Manchester City Council - Chorlton,Chorlton Place,2020,March,10,Thursday,05 Mar 2020,21:00,37,27,64,37,27,64,No Group
Manchester City Council - Chorlton,Chorlton Place,2020,March,10,Thursday,05 Mar 2020,22:00,28,22,50,28,22,50,No Group
Manchester City Council - Chorlton,Chorlton Place,2020,March,10,Thursday,05 Mar 2020,23:00,16,16,32,16,16,32,No Group
Manchester City Council - Chorlton,Chorlton Place,2020,March,10,Friday,06 Mar 2020,00:00,2,1,3,2,1,3,No Group
Manchester City Council - Chorlton,Chorlton Place,2020,March,10,Friday,06 Mar 2020,01:00,4,1,5,4,1,5,No Group
Manchester City Council - Chorlton,Chorlton Place,2020,March,10,Friday,06 Mar 2020,02:00,0,1,1,0,1,1,No Group
Manchester City Council - Chorlton,Chorlton Place,2020,March,10,Friday,06 Mar 2020,03:00,0,2,2,0,2,2,No Group
Manchester City Council - Chorlton,Chorlton Place,2020,March,10,Friday,06 Mar 2020,04:00,1,6,7,1,6,7,No Group
Manchester City Council - Chorlton,Chorlton Place,2020,March,10,Friday,06 Mar 2020,05:00,1,4,5,1,4,5,No Group
Manchester City Council - Chorlton,Chorlton Place,2020,March,10,Friday,06 Mar 2020,06:00,7,30,37,7,30,37,No Group
Manchester City Council - Chorlton,Chorlton Place,2020,March,10,Friday,06 Mar 2020,07:00,45,101,146,45,101,146,No Group
Manchester City Council - Chorlton,Chorlton Place,2020,March,10,Friday,06 Mar 2020,08:00,79,332,411,79,332,411,No Group
Manchester City Council - Chorlton,Chorlton Place,2020,March,10,Friday,06 Mar 2020,09:00,220,397,617,220,397,617,No Group
Manchester City Council - Chorlton,Chorlton Place,2020,March,10,Friday,06 Mar 2020,10:00,278,504,782,278,504,782,No Group
Manchester City Council - Chorlton,Chorlton Place,2020,March,10,Friday,06 Mar 2020,11:00,372,559,931,372,559,931,No Group
Manchester City Council - Chorlton,Chorlton Place,2020,March,10,Friday,06 Mar 2020,12:00,459,580,1039,459,580,1039,No Group
Manchester City Council - Chorlton,Chorlton Place,2020,March,10,Friday,06 Mar 2020,13:00,317,456,773,317,456,773,No Group
Manchester City Council - Chorlton,Chorlton Place,2020,March,10,Friday,06 Mar 2020,14:00,302,344,646,302,344,646,No Group
Manchester City Council - Chorlton,Chorlton Place,2020,March,10,Friday,06 Mar 2020,15:00,252,263,515,252,263,515,No Group
Manchester City Council - Chorlton,Chorlton Place,2020,March,10,Friday,06 Mar 2020,16:00,161,155,316,161,155,316,No Group
Manchester City Council - Chorlton,Chorlton Place,2020,March,10,Friday,06 Mar 2020,17:00,134,128,262,134,128,262,No Group
Manchester City Council - Chorlton,Chorlton Place,2020,March,10,Friday,06 Mar 2020,18:00,112,86,198,112,86,198,No Group
Manchester City Council - Chorlton,Chorlton Place,2020,March,10,Friday,06 Mar 2020,19:00,89,93,182,89,93,182,No Group
Manchester City Council - Chorlton,Chorlton Place,2020,March,10,Friday,06 Mar 2020,20:00,47,73,120,47,73,120,No Group
Manchester City Council - Chorlton,Chorlton Place,2020,March,10,Friday,06 Mar 2020,21:00,40,44,84,40,44,84,No Group
Manchester City Council - Chorlton,Chorlton Place,2020,March,10,Friday,06 Mar 2020,22:00,29,55,84,29,55,84,No Group
Manchester City Council - Chorlton,Chorlton Place,2020,March,10,Friday,06 Mar 2020,23:00,41,46,87,41,46,87,No Group
Manchester City Council - Chorlton,Chorlton Place,2020,March,10,Saturday,07 Mar 2020,00:00,27,25,52,27,25,52,No Group
Manchester City Council - Chorlton,Chorlton Place,2020,March,10,Saturday,07 Mar 2020,01:00,10,5,15,10,5,15,No Group
Manchester City Council - Chorlton,Chorlton Place,2020,March,10,Saturday,07 Mar 2020,02:00,1,0,1,1,0,1,No Group
Manchester City Council - Chorlton,Chorlton Place,2020,March,10,Saturday,07 Mar 2020,03:00,0,1,1,0,1,1,No Group
Manchester City Council - Chorlton,Chorlton Place,2020,March,10,Saturday,07 Mar 2020,04:00,3,5,8,3,5,8,No Group
Manchester City Council - Chorlton,Chorlton Place,2020,March,10,Saturday,07 Mar 2020,05:00,7,8,15,7,8,15,No Group
Manchester City Council - Chorlton,Chorlton Place,2020,March,10,Saturday,07 Mar 2020,06:00,8,19,27,8,19,27,No Group
Manchester City Council - Chorlton,Chorlton Place,2020,March,10,Saturday,07 Mar 2020,07:00,11,16,27,11,16,27,No Group
Manchester City Council - Chorlton,Chorlton Place,2020,March,10,Saturday,07 Mar 2020,08:00,47,46,93,47,46,93,No Group
Manchester City Council - Chorlton,Chorlton Place,2020,March,10,Saturday,07 Mar 2020,09:00,113,165,278,113,165,278,No Group
Manchester City Council - Chorlton,Chorlton Place,2020,March,10,Saturday,07 Mar 2020,10:00,192,234,426,192,234,426,No Group
Manchester City Council - Chorlton,Chorlton Place,2020,March,10,Saturday,07 Mar 2020,11:00,324,449,773,324,449,773,No Group
Manchester City Council - Chorlton,Chorlton Place,2020,March,10,Saturday,07 Mar 2020,12:00,271,280,551,271,280,551,No Group
Manchester City Council - Chorlton,Chorlton Place,2020,March,10,Saturday,07 Mar 2020,13:00,253,298,551,253,298,551,No Group
Manchester City Council - Chorlton,Chorlton Place,2020,March,10,Saturday,07 Mar 2020,14:00,275,293,568,275,293,568,No Group
Manchester City Council - Chorlton,Chorlton Place,2020,March,10,Saturday,07 Mar 2020,15:00,230,239,469,230,239,469,No Group
Manchester City Council - Chorlton,Chorlton Place,2020,March,10,Saturday,07 Mar 2020,16:00,207,201,408,207,201,408,No Group
Manchester City Council - Chorlton,Chorlton Place,2020,March,10,Saturday,07 Mar 2020,17:00,108,106,214,108,106,214,No Group
Manchester City Council - Chorlton,Chorlton Place,2020,March,10,Saturday,07 Mar 2020,18:00,74,82,156,74,82,156,No Group
Manchester City Council - Chorlton,Chorlton Place,2020,March,10,Saturday,07 Mar 2020,19:00,53,63,116,53,63,116,No Group
Manchester City Council - Chorlton,Chorlton Place,2020,March,10,Saturday,07 Mar 2020,20:00,82,45,127,82,45,127,No Group
Manchester City Council - Chorlton,Chorlton Place,2020,March,10,Saturday,07 Mar 2020,21:00,49,67,116,49,67,116,No Group
Manchester City Council - Chorlton,Chorlton Place,2020,March,10,Saturday,07 Mar 2020,22:00,38,49,87,38,49,87,No Group
Manchester City Council - Chorlton,Chorlton Place,2020,March,10,Saturday,07 Mar 2020,23:00,31,47,78,31,47,78,No Group
Manchester City Council - Chorlton,Chorlton Place,2020,March,10,Sunday,08 Mar 2020,00:00,21,39,60,21,39,60,No Group
Manchester City Council - Chorlton,Chorlton Place,2020,March,10,Sunday,08 Mar 2020,01:00,24,8,32,24,8,32,No Group
Manchester City Council - Chorlton,Chorlton Place,2020,March,10,Sunday,08 Mar 2020,02:00,14,5,19,14,5,19,No Group
Manchester City Council - Chorlton,Chorlton Place,2020,March,10,Sunday,08 Mar 2020,03:00,29,3,32,29,3,32,No Group
Manchester City Council - Chorlton,Chorlton Place,2020,March,10,Sunday,08 Mar 2020,04:00,3,1,4,3,1,4,No Group
Manchester City Council - Chorlton,Chorlton Place,2020,March,10,Sunday,08 Mar 2020,05:00,5,29,34,5,29,34,No Group
Manchester City Council - Chorlton,Chorlton Place,2020,March,10,Sunday,08 Mar 2020,06:00,2,12,14,2,12,14,No Group
Manchester City Council - Chorlton,Chorlton Place,2020,March,10,Sunday,08 Mar 2020,07:00,2,12,14,2,12,14,No Group
Manchester City Council - Chorlton,Chorlton Place,2020,March,10,Sunday,08 Mar 2020,08:00,7,24,31,7,24,31,No Group
Manchester City Council - Chorlton,Chorlton Place,2020,March,10,Sunday,08 Mar 2020,09:00,33,53,86,33,53,86,No Group
Manchester City Council - Chorlton,Chorlton Place,2020,March,10,Sunday,08 Mar 2020,10:00,107,114,221,107,114,221,No Group
Manchester City Council - Chorlton,Chorlton Place,2020,March,10,Sunday,08 Mar 2020,11:00,128,177,305,128,177,305,No Group
Manchester City Council - Chorlton,Chorlton Place,2020,March,10,Sunday,08 Mar 2020,12:00,287,420,707,287,420,707,No Group
Manchester City Council - Chorlton,Chorlton Place,2020,March,10,Sunday,08 Mar 2020,13:00,136,165,301,136,165,301,No Group
Manchester City Council - Chorlton,Chorlton Place,2020,March,10,Sunday,08 Mar 2020,14:00,140,163,303,140,163,303,No Group
Manchester City Council - Chorlton,Chorlton Place,2020,March,10,Sunday,08 Mar 2020,15:00,186,200,386,186,200,386,No Group
Manchester City Council - Chorlton,Chorlton Place,2020,March,10,Sunday,08 Mar 2020,16:00,94,78,172,94,78,172,No Group
Manchester City Council - Chorlton,Chorlton Place,2020,March,10,Sunday,08 Mar 2020,17:00,61,76,137,61,76,137,No Group
Manchester City Council - Chorlton,Chorlton Place,2020,March,10,Sunday,08 Mar 2020,18:00,46,78,124,46,78,124,No Group
Manchester City Council - Chorlton,Chorlton Place,2020,March,10,Sunday,08 Mar 2020,19:00,61,86,147,61,86,147,No Group
Manchester City Council - Chorlton,Chorlton Place,2020,March,10,Sunday,08 Mar 2020,20:00,24,43,67,24,43,67,No Group
Manchester City Council - Chorlton,Chorlton Place,2020,March,10,Sunday,08 Mar 2020,21:00,13,34,47,13,34,47,No Group
Manchester City Council - Chorlton,Chorlton Place,2020,March,10,Sunday,08 Mar 2020,22:00,16,20,36,16,20,36,No Group
Manchester City Council - Chorlton,Chorlton Place,2020,March,10,Sunday,08 Mar 2020,23:00,18,18,36,18,18,36,No Group
Manchester City Council - Chorlton,Chorlton Place,2020,March,11,Monday,09 Mar 2020,00:00,6,1,7,6,1,7,No Group
Manchester City Council - Chorlton,Chorlton Place,2020,March,11,Monday,09 Mar 2020,01:00,0,1,1,0,1,1,No Group
Manchester City Council - Chorlton,Chorlton Place,2020,March,11,Monday,09 Mar 2020,02:00,2,7,9,2,7,9,No Group
Manchester City Council - Chorlton,Chorlton Place,2020,March,11,Monday,09 Mar 2020,03:00,0,2,2,0,2,2,No Group
Manchester City Council - Chorlton,Chorlton Place,2020,March,11,Monday,09 Mar 2020,04:00,0,4,4,0,4,4,No Group
Manchester City Council - Chorlton,Chorlton Place,2020,March,11,Monday,09 Mar 2020,05:00,1,7,8,1,7,8,No Group
Manchester City Council - Chorlton,Chorlton Place,2020,March,11,Monday,09 Mar 2020,06:00,5,20,25,5,20,25,No Group
Manchester City Council - Chorlton,Chorlton Place,2020,March,11,Monday,09 Mar 2020,07:00,26,93,119,26,93,119,No Group
Manchester City Council - Chorlton,Chorlton Place,2020,March,11,Monday,09 Mar 2020,08:00,44,131,175,44,131,175,No Group
Manchester City Council - Chorlton,Chorlton Place,2020,March,11,Monday,09 Mar 2020,09:00,114,141,255,114,141,255,No Group
Manchester City Council - Chorlton,Chorlton Place,2020,March,11,Monday,09 Mar 2020,10:00,123,125,248,123,125,248,No Group
Manchester City Council - Chorlton,Chorlton Place,2020,March,11,Monday,09 Mar 2020,11:00,118,140,258,118,140,258,No Group
Manchester City Council - Chorlton,Chorlton Place,2020,March,11,Monday,09 Mar 2020,12:00,152,181,333,152,181,333,No Group
Manchester City Council - Chorlton,Chorlton Place,2020,March,11,Monday,09 Mar 2020,13:00,139,160,299,139,160,299,No Group
Manchester City Council - Chorlton,Chorlton Place,2020,March,11,Monday,09 Mar 2020,14:00,165,174,339,165,174,339,No Group
Manchester City Council - Chorlton,Chorlton Place,2020,March,11,Monday,09 Mar 2020,15:00,150,166,316,150,166,316,No Group
Manchester City Council - Chorlton,Chorlton Place,2020,March,11,Monday,09 Mar 2020,16:00,153,108,261,153,108,261,No Group
Manchester City Council - Chorlton,Chorlton Place,2020,March,11,Monday,09 Mar 2020,17:00,112,97,209,112,97,209,No Group
Manchester City Council - Chorlton,Chorlton Place,2020,March,11,Monday,09 Mar 2020,18:00,76,40,116,76,40,116,No Group
Manchester City Council - Chorlton,Chorlton Place,2020,March,11,Monday,09 Mar 2020,19:00,37,27,64,37,27,64,No Group
Manchester City Council - Chorlton,Chorlton Place,2020,March,11,Monday,09 Mar 2020,20:00,29,27,56,29,27,56,No Group
Manchester City Council - Chorlton,Chorlton Place,2020,March,11,Monday,09 Mar 2020,21:00,29,23,52,29,23,52,No Group
Manchester City Council - Chorlton,Chorlton Place,2020,March,11,Monday,09 Mar 2020,22:00,9,24,33,9,24,33,No Group
Manchester City Council - Chorlton,Chorlton Place,2020,March,11,Monday,09 Mar 2020,23:00,4,12,16,4,12,16,No Group
Manchester City Council - Chorlton,Chorlton Place,2020,March,11,Tuesday,10 Mar 2020,00:00,5,2,7,5,2,7,No Group
Manchester City Council - Chorlton,Chorlton Place,2020,March,11,Tuesday,10 Mar 2020,01:00,2,4,6,2,4,6,No Group
Manchester City Council - Chorlton,Chorlton Place,2020,March,11,Tuesday,10 Mar 2020,02:00,4,5,9,4,5,9,No Group
Manchester City Council - Chorlton,Chorlton Place,2020,March,11,Tuesday,10 Mar 2020,03:00,0,3,3,0,3,3,No Group
Manchester City Council - Chorlton,Chorlton Place,2020,March,11,Tuesday,10 Mar 2020,04:00,2,1,3,2,1,3,No Group
Manchester City Council - Chorlton,Chorlton Place,2020,March,11,Tuesday,10 Mar 2020,05:00,0,3,3,0,3,3,No Group
Manchester City Council - Chorlton,Chorlton Place,2020,March,11,Tuesday,10 Mar 2020,06:00,6,20,26,6,20,26,No Group
Manchester City Council - Chorlton,Chorlton Place,2020,March,11,Tuesday,10 Mar 2020,07:00,30,103,133,30,103,133,No Group
Manchester City Council - Chorlton,Chorlton Place,2020,March,11,Tuesday,10 Mar 2020,08:00,39,156,195,39,156,195,No Group
Manchester City Council - Chorlton,Chorlton Place,2020,March,11,Tuesday,10 Mar 2020,09:00,100,198,298,100,198,298,No Group
Manchester City Council - Chorlton,Chorlton Place,2020,March,11,Tuesday,10 Mar 2020,10:00,141,154,295,141,154,295,No Group
Manchester City Council - Chorlton,Chorlton Place,2020,March,11,Tuesday,10 Mar 2020,11:00,138,178,316,138,178,316,No Group
Manchester City Council - Chorlton,Chorlton Place,2020,March,11,Tuesday,10 Mar 2020,12:00,164,177,341,164,177,341,No Group
Manchester City Council - Chorlton,Chorlton Place,2020,March,11,Tuesday,10 Mar 2020,13:00,163,187,350,163,187,350,No Group
Manchester City Council - Chorlton,Chorlton Place,2020,March,11,Tuesday,10 Mar 2020,14:00,132,159,291,132,159,291,No Group
Manchester City Council - Chorlton,Chorlton Place,2020,March,11,Tuesday,10 Mar 2020,15:00,151,156,307,151,156,307,No Group
Manchester City Council - Chorlton,Chorlton Place,2020,March,11,Tuesday,10 Mar 2020,16:00,124,141,265,124,141,265,No Group
Manchester City Council - Chorlton,Chorlton Place,2020,March,11,Tuesday,10 Mar 2020,17:00,109,81,190,109,81,190,No Group
Manchester City Council - Chorlton,Chorlton Place,2020,March,11,Tuesday,10 Mar 2020,18:00,122,83,205,122,83,205,No Group
Manchester City Council - Chorlton,Chorlton Place,2020,March,11,Tuesday,10 Mar 2020,19:00,73,51,124,73,51,124,No Group
Manchester City Council - Chorlton,Chorlton Place,2020,March,11,Tuesday,10 Mar 2020,20:00,29,33,62,29,33,62,No Group
Manchester City Council - Chorlton,Chorlton Place,2020,March,11,Tuesday,10 Mar 2020,21:00,39,33,72,39,33,72,No Group
Manchester City Council - Chorlton,Chorlton Place,2020,March,11,Tuesday,10 Mar 2020,22:00,34,11,45,34,11,45,No Group
Manchester City Council - Chorlton,Chorlton Place,2020,March,11,Tuesday,10 Mar 2020,23:00,10,6,16,10,6,16,No Group
Manchester City Council - Chorlton,Chorlton Place,2020,March,11,Wednesday,11 Mar 2020,00:00,3,0,3,3,0,3,No Group
Manchester City Council - Chorlton,Chorlton Place,2020,March,11,Wednesday,11 Mar 2020,01:00,0,0,0,0,0,0,No Group
Manchester City Council - Chorlton,Chorlton Place,2020,March,11,Wednesday,11 Mar 2020,02:00,0,0,0,0,0,0,No Group
Manchester City Council - Chorlton,Chorlton Place,2020,March,11,Wednesday,11 Mar 2020,03:00,1,2,3,1,2,3,No Group
Manchester City Council - Chorlton,Chorlton Place,2020,March,11,Wednesday,11 Mar 2020,04:00,6,6,12,6,6,12,No Group
Manchester City Council - Chorlton,Chorlton Place,2020,March,11,Wednesday,11 Mar 2020,05:00,0,6,6,0,6,6,No Group
Manchester City Council - Chorlton,Chorlton Place,2020,March,11,Wednesday,11 Mar 2020,06:00,1,23,24,1,23,24,No Group
Manchester City Council - Chorlton,Chorlton Place,2020,March,11,Wednesday,11 Mar 2020,07:00,30,172,202,30,172,202,No Group
Manchester City Council - Chorlton,Chorlton Place,2020,March,11,Wednesday,11 Mar 2020,08:00,67,288,355,67,288,355,No Group
Manchester City Council - Chorlton,Chorlton Place,2020,March,11,Wednesday,11 Mar 2020,09:00,84,129,213,84,129,213,No Group
Manchester City Council - Chorlton,Chorlton Place,2020,March,11,Wednesday,11 Mar 2020,10:00,161,257,418,161,257,418,No Group
Manchester City Council - Chorlton,Chorlton Place,2020,March,11,Wednesday,11 Mar 2020,11:00,156,224,380,156,224,380,No Group
Manchester City Council - Chorlton,Chorlton Place,2020,March,11,Wednesday,11 Mar 2020,12:00,159,203,362,159,203,362,No Group
Manchester City Council - Chorlton,Chorlton Place,2020,March,11,Wednesday,11 Mar 2020,13:00,134,149,283,134,149,283,No Group
Manchester City Council - Chorlton,Chorlton Place,2020,March,11,Wednesday,11 Mar 2020,14:00,136,156,292,136,156,292,No Group
Manchester City Council - Chorlton,Chorlton Place,2020,March,11,Wednesday,11 Mar 2020,15:00,154,156,310,154,156,310,No Group
Manchester City Council - Chorlton,Chorlton Place,2020,March,11,Wednesday,11 Mar 2020,16:00,134,134,268,134,134,268,No Group
Manchester City Council - Chorlton,Chorlton Place,2020,March,11,Wednesday,11 Mar 2020,17:00,125,80,205,125,80,205,No Group
Manchester City Council - Chorlton,Chorlton Place,2020,March,11,Wednesday,11 Mar 2020,18:00,74,67,141,74,67,141,No Group
Manchester City Council - Chorlton,Chorlton Place,2020,March,11,Wednesday,11 Mar 2020,19:00,64,61,125,64,61,125,No Group
Manchester City Council - Chorlton,Chorlton Place,2020,March,11,Wednesday,11 Mar 2020,20:00,55,42,97,55,42,97,No Group
Manchester City Council - Chorlton,Chorlton Place,2020,March,11,Wednesday,11 Mar 2020,21:00,26,24,50,26,24,50,No Group
Manchester City Council - Chorlton,Chorlton Place,2020,March,11,Wednesday,11 Mar 2020,22:00,17,32,49,17,32,49,No Group
Manchester City Council - Chorlton,Chorlton Place,2020,March,11,Wednesday,11 Mar 2020,23:00,12,16,28,12,16,28,No Group
Manchester City Council - Chorlton,Chorlton Place,2020,March,11,Thursday,12 Mar 2020,00:00,5,0,5,5,0,5,No Group
Manchester City Council - Chorlton,Chorlton Place,2020,March,11,Thursday,12 Mar 2020,01:00,1,0,1,1,0,1,No Group
Manchester City Council - Chorlton,Chorlton Place,2020,March,11,Thursday,12 Mar 2020,02:00,0,0,0,0,0,0,No Group
Manchester City Council - Chorlton,Chorlton Place,2020,March,11,Thursday,12 Mar 2020,03:00,0,4,4,0,4,4,No Group
Manchester City Council - Chorlton,Chorlton Place,2020,March,11,Thursday,12 Mar 2020,04:00,2,2,4,2,2,4,No Group
Manchester City Council - Chorlton,Chorlton Place,2020,March,11,Thursday,12 Mar 2020,05:00,1,4,5,1,4,5,No Group
Manchester City Council - Chorlton,Chorlton Place,2020,March,11,Thursday,12 Mar 2020,06:00,4,21,25,4,21,25,No Group
Manchester City Council - Chorlton,Chorlton Place,2020,March,11,Thursday,12 Mar 2020,07:00,29,149,178,29,149,178,No Group
Manchester City Council - Chorlton,Chorlton Place,2020,March,11,Thursday,12 Mar 2020,08:00,108,321,429,108,321,429,No Group
Manchester City Council - Chorlton,Chorlton Place,2020,March,11,Thursday,12 Mar 2020,09:00,158,291,449,158,291,449,No Group
Manchester City Council - Chorlton,Chorlton Place,2020,March,11,Thursday,12 Mar 2020,10:00,173,272,445,173,272,445,No Group
Manchester City Council - Chorlton,Chorlton Place,2020,March,11,Thursday,12 Mar 2020,11:00,244,320,564,244,320,564,No Group
Manchester City Council - Chorlton,Chorlton Place,2020,March,11,Thursday,12 Mar 2020,12:00,355,415,770,355,415,770,No Group
Manchester City Council - Chorlton,Chorlton Place,2020,March,11,Thursday,12 Mar 2020,13:00,166,200,366,166,200,366,No Group
Manchester City Council - Chorlton,Chorlton Place,2020,March,11,Thursday,12 Mar 2020,14:00,126,152,278,126,152,278,No Group
Manchester City Council - Chorlton,Chorlton Place,2020,March,11,Thursday,12 Mar 2020,15:00,122,137,259,122,137,259,No Group
Manchester City Council - Chorlton,Chorlton Place,2020,March,11,Thursday,12 Mar 2020,16:00,124,137,261,124,137,261,No Group
Manchester City Council - Chorlton,Chorlton Place,2020,March,11,Thursday,12 Mar 2020,17:00,108,89,197,108,89,197,No Group
Manchester City Council - Chorlton,Chorlton Place,2020,March,11,Thursday,12 Mar 2020,18:00,102,57,159,102,57,159,No Group
Manchester City Council - Chorlton,Chorlton Place,2020,March,11,Thursday,12 Mar 2020,19:00,61,62,123,61,62,123,No Group
Manchester City Council - Chorlton,Chorlton Place,2020,March,11,Thursday,12 Mar 2020,20:00,42,34,76,42,34,76,No Group
Manchester City Council - Chorlton,Chorlton Place,2020,March,11,Thursday,12 Mar 2020,21:00,24,32,56,24,32,56,No Group
Manchester City Council - Chorlton,Chorlton Place,2020,March,11,Thursday,12 Mar 2020,22:00,13,26,39,13,26,39,No Group
Manchester City Council - Chorlton,Chorlton Place,2020,March,11,Thursday,12 Mar 2020,23:00,9,6,15,9,6,15,No Group
Manchester City Council - Chorlton,Chorlton Place,2020,March,11,Friday,13 Mar 2020,00:00,7,0,7,7,0,7,No Group
Manchester City Council - Chorlton,Chorlton Place,2020,March,11,Friday,13 Mar 2020,01:00,0,0,0,0,0,0,No Group
Manchester City Council - Chorlton,Chorlton Place,2020,March,11,Friday,13 Mar 2020,02:00,0,0,0,0,0,0,No Group
Manchester City Council - Chorlton,Chorlton Place,2020,March,11,Friday,13 Mar 2020,03:00,0,6,6,0,6,6,No Group
Manchester City Council - Chorlton,Chorlton Place,2020,March,11,Friday,13 Mar 2020,04:00,9,5,14,9,5,14,No Group
Manchester City Council - Chorlton,Chorlton Place,2020,March,11,Friday,13 Mar 2020,05:00,0,5,5,0,5,5,No Group
Manchester City Council - Chorlton,Chorlton Place,2020,March,11,Friday,13 Mar 2020,06:00,7,30,37,7,30,37,No Group
Manchester City Council - Chorlton,Chorlton Place,2020,March,11,Friday,13 Mar 2020,07:00,35,87,122,35,87,122,No Group
Manchester City Council - Chorlton,Chorlton Place,2020,March,11,Friday,13 Mar 2020,08:00,42,137,179,42,137,179,No Group
Manchester City Council - Chorlton,Chorlton Place,2020,March,11,Friday,13 Mar 2020,09:00,120,183,303,120,183,303,No Group
Manchester City Council - Chorlton,Chorlton Place,2020,March,11,Friday,13 Mar 2020,10:00,235,340,575,235,340,575,No Group
Manchester City Council - Chorlton,Chorlton Place,2020,March,11,Friday,13 Mar 2020,11:00,296,402,698,296,402,698,No Group
Manchester City Council - Chorlton,Chorlton Place,2020,March,11,Friday,13 Mar 2020,12:00,284,365,649,284,365,649,No Group
Manchester City Council - Chorlton,Chorlton Place,2020,March,11,Friday,13 Mar 2020,13:00,177,176,353,177,176,353,No Group
Manchester City Council - Chorlton,Chorlton Place,2020,March,11,Friday,13 Mar 2020,14:00,172,199,371,172,199,371,No Group
Manchester City Council - Chorlton,Chorlton Place,2020,March,11,Friday,13 Mar 2020,15:00,190,198,388,190,198,388,No Group
Manchester City Council - Chorlton,Chorlton Place,2020,March,11,Friday,13 Mar 2020,16:00,152,127,279,152,127,279,No Group
Manchester City Council - Chorlton,Chorlton Place,2020,March,11,Friday,13 Mar 2020,17:00,110,87,197,110,87,197,No Group
Manchester City Council - Chorlton,Chorlton Place,2020,March,11,Friday,13 Mar 2020,18:00,78,66,144,78,66,144,No Group
Manchester City Council - Chorlton,Chorlton Place,2020,March,11,Friday,13 Mar 2020,19:00,74,70,144,74,70,144,No Group
Manchester City Council - Chorlton,Chorlton Place,2020,March,11,Friday,13 Mar 2020,20:00,60,55,115,60,55,115,No Group
Manchester City Council - Chorlton,Chorlton Place,2020,March,11,Friday,13 Mar 2020,21:00,36,41,77,36,41,77,No Group
Manchester City Council - Chorlton,Chorlton Place,2020,March,11,Friday,13 Mar 2020,22:00,28,32,60,28,32,60,No Group
Manchester City Council - Chorlton,Chorlton Place,2020,March,11,Friday,13 Mar 2020,23:00,22,16,38,22,16,38,No Group
Manchester City Council - Chorlton,Chorlton Place,2020,March,11,Saturday,14 Mar 2020,00:00,15,25,40,15,25,40,No Group
Manchester City Council - Chorlton,Chorlton Place,2020,March,11,Saturday,14 Mar 2020,01:00,10,4,14,10,4,14,No Group
Manchester City Council - Chorlton,Chorlton Place,2020,March,11,Saturday,14 Mar 2020,02:00,4,3,7,4,3,7,No Group
Manchester City Council - Chorlton,Chorlton Place,2020,March,11,Saturday,14 Mar 2020,03:00,0,1,1,0,1,1,No Group
Manchester City Council - Chorlton,Chorlton Place,2020,March,11,Saturday,14 Mar 2020,04:00,5,9,14,5,9,14,No Group
Manchester City Council - Chorlton,Chorlton Place,2020,March,11,Saturday,14 Mar 2020,05:00,4,4,8,4,4,8,No Group
Manchester City Council - Chorlton,Chorlton Place,2020,March,11,Saturday,14 Mar 2020,06:00,4,6,10,4,6,10,No Group
Manchester City Council - Chorlton,Chorlton Place,2020,March,11,Saturday,14 Mar 2020,07:00,13,37,50,13,37,50,No Group
Manchester City Council - Chorlton,Chorlton Place,2020,March,11,Saturday,14 Mar 2020,08:00,75,103,178,75,103,178,No Group
Manchester City Council - Chorlton,Chorlton Place,2020,March,11,Saturday,14 Mar 2020,09:00,138,162,300,138,162,300,No Group
Manchester City Council - Chorlton,Chorlton Place,2020,March,11,Saturday,14 Mar 2020,10:00,211,254,465,211,254,465,No Group
Manchester City Council - Chorlton,Chorlton Place,2020,March,11,Saturday,14 Mar 2020,11:00,259,355,614,259,355,614,No Group
Manchester City Council - Chorlton,Chorlton Place,2020,March,11,Saturday,14 Mar 2020,12:00,268,304,572,268,304,572,No Group
Manchester City Council - Chorlton,Chorlton Place,2020,March,11,Saturday,14 Mar 2020,13:00,256,279,535,256,279,535,No Group
Manchester City Council - Chorlton,Chorlton Place,2020,March,11,Saturday,14 Mar 2020,14:00,244,272,516,244,272,516,No Group
Manchester City Council - Chorlton,Chorlton Place,2020,March,11,Saturday,14 Mar 2020,15:00,233,241,474,233,241,474,No Group
Manchester City Council - Chorlton,Chorlton Place,2020,March,11,Saturday,14 Mar 2020,16:00,195,190,385,195,190,385,No Group
Manchester City Council - Chorlton,Chorlton Place,2020,March,11,Saturday,14 Mar 2020,17:00,177,115,292,177,115,292,No Group
Manchester City Council - Chorlton,Chorlton Place,2020,March,11,Saturday,14 Mar 2020,18:00,74,61,135,74,61,135,No Group
Manchester City Council - Chorlton,Chorlton Place,2020,March,11,Saturday,14 Mar 2020,19:00,41,55,96,41,55,96,No Group
Manchester City Council - Chorlton,Chorlton Place,2020,March,11,Saturday,14 Mar 2020,20:00,34,43,77,34,43,77,No Group
Manchester City Council - Chorlton,Chorlton Place,2020,March,11,Saturday,14 Mar 2020,21:00,60,61,121,60,61,121,No Group
Manchester City Council - Chorlton,Chorlton Place,2020,March,11,Saturday,14 Mar 2020,22:00,26,44,70,26,44,70,No Group
Manchester City Council - Chorlton,Chorlton Place,2020,March,11,Saturday,14 Mar 2020,23:00,37,38,75,37,38,75,No Group
Manchester City Council - Chorlton,Chorlton Place,2020,March,11,Sunday,15 Mar 2020,00:00,16,15,31,16,15,31,No Group
Manchester City Council - Chorlton,Chorlton Place,2020,March,11,Sunday,15 Mar 2020,01:00,12,7,19,12,7,19,No Group
Manchester City Council - Chorlton,Chorlton Place,2020,March,11,Sunday,15 Mar 2020,02:00,49,6,55,49,6,55,No Group
Manchester City Council - Chorlton,Chorlton Place,2020,March,11,Sunday,15 Mar 2020,03:00,10,3,13,10,3,13,No Group
Manchester City Council - Chorlton,Chorlton Place,2020,March,11,Sunday,15 Mar 2020,04:00,26,12,38,26,12,38,No Group
Manchester City Council - Chorlton,Chorlton Place,2020,March,11,Sunday,15 Mar 2020,05:00,1,6,7,1,6,7,No Group
Manchester City Council - Chorlton,Chorlton Place,2020,March,11,Sunday,15 Mar 2020,06:00,1,3,4,1,3,4,No Group
Manchester City Council - Chorlton,Chorlton Place,2020,March,11,Sunday,15 Mar 2020,07:00,6,8,14,6,8,14,No Group
Manchester City Council - Chorlton,Chorlton Place,2020,March,11,Sunday,15 Mar 2020,08:00,24,40,64,24,40,64,No Group
Manchester City Council - Chorlton,Chorlton Place,2020,March,11,Sunday,15 Mar 2020,09:00,32,59,91,32,59,91,No Group
Manchester City Council - Chorlton,Chorlton Place,2020,March,11,Sunday,15 Mar 2020,10:00,52,124,176,52,124,176,No Group
Manchester City Council - Chorlton,Chorlton Place,2020,March,11,Sunday,15 Mar 2020,11:00,109,111,220,109,111,220,No Group
Manchester City Council - Chorlton,Chorlton Place,2020,March,11,Sunday,15 Mar 2020,12:00,95,123,218,95,123,218,No Group
Manchester City Council - Chorlton,Chorlton Place,2020,March,11,Sunday,15 Mar 2020,13:00,128,163,291,128,163,291,No Group
Manchester City Council - Chorlton,Chorlton Place,2020,March,11,Sunday,15 Mar 2020,14:00,137,171,308,137,171,308,No Group
Manchester City Council - Chorlton,Chorlton Place,2020,March,11,Sunday,15 Mar 2020,15:00,113,135,248,113,135,248,No Group
Manchester City Council - Chorlton,Chorlton Place,2020,March,11,Sunday,15 Mar 2020,16:00,61,87,148,61,87,148,No Group
Manchester City Council - Chorlton,Chorlton Place,2020,March,11,Sunday,15 Mar 2020,17:00,54,50,104,54,50,104,No Group
Manchester City Council - Chorlton,Chorlton Place,2020,March,11,Sunday,15 Mar 2020,18:00,33,55,88,33,55,88,No Group
Manchester City Council - Chorlton,Chorlton Place,2020,March,11,Sunday,15 Mar 2020,19:00,41,47,88,41,47,88,No Group
Manchester City Council - Chorlton,Chorlton Place,2020,March,11,Sunday,15 Mar 2020,20:00,30,35,65,30,35,65,No Group
Manchester City Council - Chorlton,Chorlton Place,2020,March,11,Sunday,15 Mar 2020,21:00,16,22,38,16,22,38,No Group
Manchester City Council - Chorlton,Chorlton Place,2020,March,11,Sunday,15 Mar 2020,22:00,12,10,22,12,10,22,No Group
Manchester City Council - Chorlton,Chorlton Place,2020,March,11,Sunday,15 Mar 2020,23:00,9,9,18,9,9,18,No Group
Manchester City Council - Chorlton,Chorlton Place,2020,March,12,Monday,16 Mar 2020,00:00,0,1,1,0,1,1,No Group
Manchester City Council - Chorlton,Chorlton Place,2020,March,12,Monday,16 Mar 2020,01:00,0,1,1,0,1,1,No Group
Manchester City Council - Chorlton,Chorlton Place,2020,March,12,Monday,16 Mar 2020,02:00,0,0,0,0,0,0,No Group
Manchester City Council - Chorlton,Chorlton Place,2020,March,12,Monday,16 Mar 2020,03:00,0,0,0,0,0,0,No Group
Manchester City Council - Chorlton,Chorlton Place,2020,March,12,Monday,16 Mar 2020,04:00,1,5,6,1,5,6,No Group
Manchester City Council - Chorlton,Chorlton Place,2020,March,12,Monday,16 Mar 2020,05:00,2,4,6,2,4,6,No Group
Manchester City Council - Chorlton,Chorlton Place,2020,March,12,Monday,16 Mar 2020,06:00,3,13,16,3,13,16,No Group
Manchester City Council - Chorlton,Chorlton Place,2020,March,12,Monday,16 Mar 2020,07:00,26,72,98,26,72,98,No Group
Manchester City Council - Chorlton,Chorlton Place,2020,March,12,Monday,16 Mar 2020,08:00,37,105,142,37,105,142,No Group
Manchester City Council - Chorlton,Chorlton Place,2020,March,12,Monday,16 Mar 2020,09:00,129,166,295,129,166,295,No Group
Manchester City Council - Chorlton,Chorlton Place,2020,March,12,Monday,16 Mar 2020,10:00,181,234,415,181,234,415,No Group
Manchester City Council - Chorlton,Chorlton Place,2020,March,12,Monday,16 Mar 2020,11:00,215,315,530,215,315,530,No Group
Manchester City Council - Chorlton,Chorlton Place,2020,March,12,Monday,16 Mar 2020,12:00,290,412,702,290,412,702,No Group
Manchester City Council - Chorlton,Chorlton Place,2020,March,12,Monday,16 Mar 2020,13:00,177,259,436,177,259,436,No Group
Manchester City Council - Chorlton,Chorlton Place,2020,March,12,Monday,16 Mar 2020,14:00,159,146,305,159,146,305,No Group
Manchester City Council - Chorlton,Chorlton Place,2020,March,12,Monday,16 Mar 2020,15:00,147,201,348,147,201,348,No Group
Manchester City Council - Chorlton,Chorlton Place,2020,March,12,Monday,16 Mar 2020,16:00,119,118,237,119,118,237,No Group
Manchester City Council - Chorlton,Chorlton Place,2020,March,12,Monday,16 Mar 2020,17:00,102,106,208,102,106,208,No Group
Manchester City Council - Chorlton,Chorlton Place,2020,March,12,Monday,16 Mar 2020,18:00,92,63,155,92,63,155,No Group
Manchester City Council - Chorlton,Chorlton Place,2020,March,12,Monday,16 Mar 2020,19:00,51,56,107,51,56,107,No Group
Manchester City Council - Chorlton,Chorlton Place,2020,March,12,Monday,16 Mar 2020,20:00,47,33,80,47,33,80,No Group
Manchester City Council - Chorlton,Chorlton Place,2020,March,12,Monday,16 Mar 2020,21:00,20,22,42,20,22,42,No Group
Manchester City Council - Chorlton,Chorlton Place,2020,March,12,Monday,16 Mar 2020,22:00,4,23,27,4,23,27,No Group
Manchester City Council - Chorlton,Chorlton Place,2020,March,12,Monday,16 Mar 2020,23:00,8,19,27,8,19,27,No Group
Manchester City Council - Chorlton,Chorlton Place,2020,March,12,Tuesday,17 Mar 2020,00:00,4,1,5,4,1,5,No Group
Manchester City Council - Chorlton,Chorlton Place,2020,March,12,Tuesday,17 Mar 2020,01:00,3,1,4,3,1,4,No Group
Manchester City Council - Chorlton,Chorlton Place,2020,March,12,Tuesday,17 Mar 2020,02:00,0,1,1,0,1,1,No Group
Manchester City Council - Chorlton,Chorlton Place,2020,March,12,Tuesday,17 Mar 2020,03:00,0,2,2,0,2,2,No Group
Manchester City Council - Chorlton,Chorlton Place,2020,March,12,Tuesday,17 Mar 2020,04:00,1,7,8,1,7,8,No Group
Manchester City Council - Chorlton,Chorlton Place,2020,March,12,Tuesday,17 Mar 2020,05:00,0,4,4,0,4,4,No Group
Manchester City Council - Chorlton,Chorlton Place,2020,March,12,Tuesday,17 Mar 2020,06:00,10,24,34,10,24,34,No Group
Manchester City Council - Chorlton,Chorlton Place,2020,March,12,Tuesday,17 Mar 2020,07:00,26,57,83,26,57,83,No Group
Manchester City Council - Chorlton,Chorlton Place,2020,March,12,Tuesday,17 Mar 2020,08:00,58,140,198,58,140,198,No Group
Manchester City Council - Chorlton,Chorlton Place,2020,March,12,Tuesday,17 Mar 2020,09:00,111,140,251,111,140,251,No Group
Manchester City Council - Chorlton,Chorlton Place,2020,March,12,Tuesday,17 Mar 2020,10:00,153,147,300,153,147,300,No Group
Manchester City Council - Chorlton,Chorlton Place,2020,March,12,Tuesday,17 Mar 2020,11:00,220,272,492,220,272,492,No Group
Manchester City Council - Chorlton,Chorlton Place,2020,March,12,Tuesday,17 Mar 2020,12:00,155,169,324,155,169,324,No Group
Manchester City Council - Chorlton,Chorlton Place,2020,March,12,Tuesday,17 Mar 2020,13:00,163,164,327,163,164,327,No Group
Manchester City Council - Chorlton,Chorlton Place,2020,March,12,Tuesday,17 Mar 2020,14:00,150,143,293,150,143,293,No Group
Manchester City Council - Chorlton,Chorlton Place,2020,March,12,Tuesday,17 Mar 2020,15:00,134,159,293,134,159,293,No Group
Manchester City Council - Chorlton,Chorlton Place,2020,March,12,Tuesday,17 Mar 2020,16:00,127,121,248,127,121,248,No Group
Manchester City Council - Chorlton,Chorlton Place,2020,March,12,Tuesday,17 Mar 2020,17:00,92,69,161,92,69,161,No Group
Manchester City Council - Chorlton,Chorlton Place,2020,March,12,Tuesday,17 Mar 2020,18:00,85,79,164,85,79,164,No Group
Manchester City Council - Chorlton,Chorlton Place,2020,March,12,Tuesday,17 Mar 2020,19:00,48,55,103,48,55,103,No Group
Manchester City Council - Chorlton,Chorlton Place,2020,March,12,Tuesday,17 Mar 2020,20:00,23,28,51,23,28,51,No Group
Manchester City Council - Chorlton,Chorlton Place,2020,March,12,Tuesday,17 Mar 2020,21:00,28,36,64,28,36,64,No Group
Manchester City Council - Chorlton,Chorlton Place,2020,March,12,Tuesday,17 Mar 2020,22:00,7,11,18,7,11,18,No Group
Manchester City Council - Chorlton,Chorlton Place,2020,March,12,Tuesday,17 Mar 2020,23:00,4,4,8,4,4,8,No Group
Manchester City Council - Chorlton,Chorlton Place,2020,March,12,Wednesday,18 Mar 2020,00:00,24,6,30,24,6,30,No Group
Manchester City Council - Chorlton,Chorlton Place,2020,March,12,Wednesday,18 Mar 2020,01:00,1,0,1,1,0,1,No Group
Manchester City Council - Chorlton,Chorlton Place,2020,March,12,Wednesday,18 Mar 2020,02:00,2,3,5,2,3,5,No Group
Manchester City Council - Chorlton,Chorlton Place,2020,March,12,Wednesday,18 Mar 2020,03:00,7,8,15,7,8,15,No Group
Manchester City Council - Chorlton,Chorlton Place,2020,March,12,Wednesday,18 Mar 2020,04:00,4,7,11,4,7,11,No Group
Manchester City Council - Chorlton,Chorlton Place,2020,March,12,Wednesday,18 Mar 2020,05:00,1,4,5,1,4,5,No Group
Manchester City Council - Chorlton,Chorlton Place,2020,March,12,Wednesday,18 Mar 2020,06:00,8,24,32,8,24,32,No Group
Manchester City Council - Chorlton,Chorlton Place,2020,March,12,Wednesday,18 Mar 2020,07:00,27,74,101,27,74,101,No Group
Manchester City Council - Chorlton,Chorlton Place,2020,March,12,Wednesday,18 Mar 2020,08:00,66,117,183,66,117,183,No Group
Manchester City Council - Chorlton,Chorlton Place,2020,March,12,Wednesday,18 Mar 2020,09:00,123,134,257,123,134,257,No Group
Manchester City Council - Chorlton,Chorlton Place,2020,March,12,Wednesday,18 Mar 2020,10:00,130,167,297,130,167,297,No Group
Manchester City Council - Chorlton,Chorlton Place,2020,March,12,Wednesday,18 Mar 2020,11:00,135,159,294,135,159,294,No Group
Manchester City Council - Chorlton,Chorlton Place,2020,March,12,Wednesday,18 Mar 2020,12:00,152,192,344,152,192,344,No Group
Manchester City Council - Chorlton,Chorlton Place,2020,March,12,Wednesday,18 Mar 2020,13:00,71,75,146,71,75,146,No Group
Manchester City Council - Chorlton,Chorlton Place,2020,March,12,Wednesday,18 Mar 2020,14:00,48,55,103,48,55,103,No Group
Manchester City Council - Chorlton,Chorlton Place,2020,March,12,Wednesday,18 Mar 2020,15:00,104,111,215,104,111,215,No Group
Manchester City Council - Chorlton,Chorlton Place,2020,March,12,Wednesday,18 Mar 2020,16:00,115,122,237,115,122,237,No Group
Manchester City Council - Chorlton,Chorlton Place,2020,March,12,Wednesday,18 Mar 2020,17:00,64,69,133,64,69,133,No Group
Manchester City Council - Chorlton,Chorlton Place,2020,March,12,Wednesday,18 Mar 2020,18:00,55,57,112,55,57,112,No Group
Manchester City Council - Chorlton,Chorlton Place,2020,March,12,Wednesday,18 Mar 2020,19:00,53,47,100,53,47,100,No Group
Manchester City Council - Chorlton,Chorlton Place,2020,March,12,Wednesday,18 Mar 2020,20:00,26,30,56,26,30,56,No Group
Manchester City Council - Chorlton,Chorlton Place,2020,March,12,Wednesday,18 Mar 2020,21:00,29,27,56,29,27,56,No Group
Manchester City Council - Chorlton,Chorlton Place,2020,March,12,Wednesday,18 Mar 2020,22:00,11,8,19,11,8,19,No Group
Manchester City Council - Chorlton,Chorlton Place,2020,March,12,Wednesday,18 Mar 2020,23:00,4,6,10,4,6,10,No Group
Manchester City Council - Chorlton,Chorlton Place,2020,March,12,Thursday,19 Mar 2020,00:00,5,2,7,5,2,7,No Group
Manchester City Council - Chorlton,Chorlton Place,2020,March,12,Thursday,19 Mar 2020,01:00,0,0,0,0,0,0,No Group
Manchester City Council - Chorlton,Chorlton Place,2020,March,12,Thursday,19 Mar 2020,02:00,2,4,6,2,4,6,No Group
Manchester City Council - Chorlton,Chorlton Place,2020,March,12,Thursday,19 Mar 2020,03:00,1,6,7,1,6,7,No Group
Manchester City Council - Chorlton,Chorlton Place,2020,March,12,Thursday,19 Mar 2020,04:00,1,3,4,1,3,4,No Group
Manchester City Council - Chorlton,Chorlton Place,2020,March,12,Thursday,19 Mar 2020,05:00,0,5,5,0,5,5,No Group
Manchester City Council - Chorlton,Chorlton Place,2020,March,12,Thursday,19 Mar 2020,06:00,8,18,26,8,18,26,No Group
Manchester City Council - Chorlton,Chorlton Place,2020,March,12,Thursday,19 Mar 2020,07:00,14,54,68,14,54,68,No Group
Manchester City Council - Chorlton,Chorlton Place,2020,March,12,Thursday,19 Mar 2020,08:00,59,88,147,59,88,147,No Group
Manchester City Council - Chorlton,Chorlton Place,2020,March,12,Thursday,19 Mar 2020,09:00,109,115,224,109,115,224,No Group
Manchester City Council - Chorlton,Chorlton Place,2020,March,12,Thursday,19 Mar 2020,10:00,127,145,272,127,145,272,No Group
Manchester City Council - Chorlton,Chorlton Place,2020,March,12,Thursday,19 Mar 2020,11:00,198,276,474,198,276,474,No Group
Manchester City Council - Chorlton,Chorlton Place,2020,March,12,Thursday,19 Mar 2020,12:00,184,180,364,184,180,364,No Group
Manchester City Council - Chorlton,Chorlton Place,2020,March,12,Thursday,19 Mar 2020,13:00,188,214,402,188,214,402,No Group
Manchester City Council - Chorlton,Chorlton Place,2020,March,12,Thursday,19 Mar 2020,14:00,144,161,305,144,161,305,No Group
Manchester City Council - Chorlton,Chorlton Place,2020,March,12,Thursday,19 Mar 2020,15:00,164,177,341,164,177,341,No Group
Manchester City Council - Chorlton,Chorlton Place,2020,March,12,Thursday,19 Mar 2020,16:00,126,118,244,126,118,244,No Group
Manchester City Council - Chorlton,Chorlton Place,2020,March,12,Thursday,19 Mar 2020,17:00,84,76,160,84,76,160,No Group
Manchester City Council - Chorlton,Chorlton Place,2020,March,12,Thursday,19 Mar 2020,18:00,43,57,100,43,57,100,No Group
Manchester City Council - Chorlton,Chorlton Place,2020,March,12,Thursday,19 Mar 2020,19:00,48,51,99,48,51,99,No Group
Manchester City Council - Chorlton,Chorlton Place,2020,March,12,Thursday,19 Mar 2020,20:00,33,33,66,33,33,66,No Group
Manchester City Council - Chorlton,Chorlton Place,2020,March,12,Thursday,19 Mar 2020,21:00,30,21,51,30,21,51,No Group
Manchester City Council - Chorlton,Chorlton Place,2020,March,12,Thursday,19 Mar 2020,22:00,10,18,28,10,18,28,No Group
Manchester City Council - Chorlton,Chorlton Place,2020,March,12,Thursday,19 Mar 2020,23:00,9,3,12,9,3,12,No Group
Manchester City Council - Chorlton,Chorlton Place,2020,March,12,Friday,20 Mar 2020,00:00,2,2,4,2,2,4,No Group
Manchester City Council - Chorlton,Chorlton Place,2020,March,12,Friday,20 Mar 2020,01:00,0,1,1,0,1,1,No Group
Manchester City Council - Chorlton,Chorlton Place,2020,March,12,Friday,20 Mar 2020,02:00,1,0,1,1,0,1,No Group
Manchester City Council - Chorlton,Chorlton Place,2020,March,12,Friday,20 Mar 2020,03:00,1,4,5,1,4,5,No Group
Manchester City Council - Chorlton,Chorlton Place,2020,March,12,Friday,20 Mar 2020,04:00,2,4,6,2,4,6,No Group
Manchester City Council - Chorlton,Chorlton Place,2020,March,12,Friday,20 Mar 2020,05:00,1,5,6,1,5,6,No Group
Manchester City Council - Chorlton,Chorlton Place,2020,March,12,Friday,20 Mar 2020,06:00,4,13,17,4,13,17,No Group
Manchester City Council - Chorlton,Chorlton Place,2020,March,12,Friday,20 Mar 2020,07:00,58,99,157,58,99,157,No Group
Manchester City Council - Chorlton,Chorlton Place,2020,March,12,Friday,20 Mar 2020,08:00,106,195,301,106,195,301,No Group
Manchester City Council - Chorlton,Chorlton Place,2020,March,12,Friday,20 Mar 2020,09:00,198,262,460,198,262,460,No Group
Manchester City Council - Chorlton,Chorlton Place,2020,March,12,Friday,20 Mar 2020,10:00,219,227,446,219,227,446,No Group
Manchester City Council - Chorlton,Chorlton Place,2020,March,12,Friday,20 Mar 2020,11:00,232,270,502,232,270,502,No Group
Manchester City Council - Chorlton,Chorlton Place,2020,March,12,Friday,20 Mar 2020,12:00,272,346,618,272,346,618,No Group
Manchester City Council - Chorlton,Chorlton Place,2020,March,12,Friday,20 Mar 2020,13:00,238,315,553,238,315,553,No Group
Manchester City Council - Chorlton,Chorlton Place,2020,March,12,Friday,20 Mar 2020,14:00,169,181,350,169,181,350,No Group
Manchester City Council - Chorlton,Chorlton Place,2020,March,12,Friday,20 Mar 2020,15:00,178,263,441,178,263,441,No Group
Manchester City Council - Chorlton,Chorlton Place,2020,March,12,Friday,20 Mar 2020,16:00,128,165,293,128,165,293,No Group
Manchester City Council - Chorlton,Chorlton Place,2020,March,12,Friday,20 Mar 2020,17:00,67,73,140,67,73,140,No Group
Manchester City Council - Chorlton,Chorlton Place,2020,March,12,Friday,20 Mar 2020,18:00,58,69,127,58,69,127,No Group
Manchester City Council - Chorlton,Chorlton Place,2020,March,12,Friday,20 Mar 2020,19:00,73,44,117,73,44,117,No Group
Manchester City Council - Chorlton,Chorlton Place,2020,March,12,Friday,20 Mar 2020,20:00,57,49,106,57,49,106,No Group
Manchester City Council - Chorlton,Chorlton Place,2020,March,12,Friday,20 Mar 2020,21:00,28,27,55,28,27,55,No Group
Manchester City Council - Chorlton,Chorlton Place,2020,March,12,Friday,20 Mar 2020,22:00,9,43,52,9,43,52,No Group
Manchester City Council - Chorlton,Chorlton Place,2020,March,12,Friday,20 Mar 2020,23:00,16,39,55,16,39,55,No Group
Manchester City Council - Chorlton,Chorlton Place,2020,March,12,Saturday,21 Mar 2020,00:00,1,18,19,1,18,19,No Group
Manchester City Council - Chorlton,Chorlton Place,2020,March,12,Saturday,21 Mar 2020,01:00,0,2,2,0,2,2,No Group
Manchester City Council - Chorlton,Chorlton Place,2020,March,12,Saturday,21 Mar 2020,02:00,1,0,1,1,0,1,No Group
Manchester City Council - Chorlton,Chorlton Place,2020,March,12,Saturday,21 Mar 2020,03:00,0,6,6,0,6,6,No Group
Manchester City Council - Chorlton,Chorlton Place,2020,March,12,Saturday,21 Mar 2020,04:00,3,4,7,3,4,7,No Group
Manchester City Council - Chorlton,Chorlton Place,2020,March,12,Saturday,21 Mar 2020,05:00,5,9,14,5,9,14,No Group
Manchester City Council - Chorlton,Chorlton Place,2020,March,12,Saturday,21 Mar 2020,06:00,8,16,24,8,16,24,No Group
Manchester City Council - Chorlton,Chorlton Place,2020,March,12,Saturday,21 Mar 2020,07:00,22,28,50,22,28,50,No Group
Manchester City Council - Chorlton,Chorlton Place,2020,March,12,Saturday,21 Mar 2020,08:00,57,85,142,57,85,142,No Group
Manchester City Council - Chorlton,Chorlton Place,2020,March,12,Saturday,21 Mar 2020,09:00,117,134,251,117,134,251,No Group
Manchester City Council - Chorlton,Chorlton Place,2020,March,12,Saturday,21 Mar 2020,10:00,194,233,427,194,233,427,No Group
Manchester City Council - Chorlton,Chorlton Place,2020,March,12,Saturday,21 Mar 2020,11:00,288,312,600,288,312,600,No Group
Manchester City Council - Chorlton,Chorlton Place,2020,March,12,Saturday,21 Mar 2020,12:00,295,424,719,295,424,719,No Group
Manchester City Council - Chorlton,Chorlton Place,2020,March,12,Saturday,21 Mar 2020,13:00,207,238,445,207,238,445,No Group
Manchester City Council - Chorlton,Chorlton Place,2020,March,12,Saturday,21 Mar 2020,14:00,161,179,340,161,179,340,No Group
Manchester City Council - Chorlton,Chorlton Place,2020,March,12,Saturday,21 Mar 2020,15:00,148,133,281,148,133,281,No Group
Manchester City Council - Chorlton,Chorlton Place,2020,March,12,Saturday,21 Mar 2020,16:00,103,118,221,103,118,221,No Group
Manchester City Council - Chorlton,Chorlton Place,2020,March,12,Saturday,21 Mar 2020,17:00,46,48,94,46,48,94,No Group
Manchester City Council - Chorlton,Chorlton Place,2020,March,12,Saturday,21 Mar 2020,18:00,29,22,51,29,22,51,No Group
Manchester City Council - Chorlton,Chorlton Place,2020,March,12,Saturday,21 Mar 2020,19:00,16,24,40,16,24,40,No Group
Manchester City Council - Chorlton,Chorlton Place,2020,March,12,Saturday,21 Mar 2020,20:00,6,10,16,6,10,16,No Group
Manchester City Council - Chorlton,Chorlton Place,2020,March,12,Saturday,21 Mar 2020,21:00,21,19,40,21,19,40,No Group
Manchester City Council - Chorlton,Chorlton Place,2020,March,12,Saturday,21 Mar 2020,22:00,5,4,9,5,4,9,No Group
Manchester City Council - Chorlton,Chorlton Place,2020,March,12,Saturday,21 Mar 2020,23:00,3,2,5,3,2,5,No Group
Manchester City Council - Chorlton,Chorlton Place,2020,March,12,Sunday,22 Mar 2020,00:00,2,0,2,2,0,2,No Group
Manchester City Council - Chorlton,Chorlton Place,2020,March,12,Sunday,22 Mar 2020,01:00,1,0,1,1,0,1,No Group
Manchester City Council - Chorlton,Chorlton Place,2020,March,12,Sunday,22 Mar 2020,02:00,5,1,6,5,1,6,No Group
Manchester City Council - Chorlton,Chorlton Place,2020,March,12,Sunday,22 Mar 2020,03:00,22,27,49,22,27,49,No Group
Manchester City Council - Chorlton,Chorlton Place,2020,March,12,Sunday,22 Mar 2020,04:00,0,0,0,0,0,0,No Group
Manchester City Council - Chorlton,Chorlton Place,2020,March,12,Sunday,22 Mar 2020,05:00,0,4,4,0,4,4,No Group
Manchester City Council - Chorlton,Chorlton Place,2020,March,12,Sunday,22 Mar 2020,06:00,5,6,11,5,6,11,No Group
Manchester City Council - Chorlton,Chorlton Place,2020,March,12,Sunday,22 Mar 2020,07:00,6,3,9,6,3,9,No Group
Manchester City Council - Chorlton,Chorlton Place,2020,March,12,Sunday,22 Mar 2020,08:00,7,23,30,7,23,30,No Group
Manchester City Council - Chorlton,Chorlton Place,2020,March,12,Sunday,22 Mar 2020,09:00,35,59,94,35,59,94,No Group
Manchester City Council - Chorlton,Chorlton Place,2020,March,12,Sunday,22 Mar 2020,10:00,82,114,196,82,114,196,No Group
Manchester City Council - Chorlton,Chorlton Place,2020,March,12,Sunday,22 Mar 2020,11:00,115,140,255,115,140,255,No Group
Manchester City Council - Chorlton,Chorlton Place,2020,March,12,Sunday,22 Mar 2020,12:00,153,186,339,153,186,339,No Group
Manchester City Council - Chorlton,Chorlton Place,2020,March,12,Sunday,22 Mar 2020,13:00,126,199,325,126,199,325,No Group
Manchester City Council - Chorlton,Chorlton Place,2020,March,12,Sunday,22 Mar 2020,14:00,108,158,266,108,158,266,No Group
Manchester City Council - Chorlton,Chorlton Place,2020,March,12,Sunday,22 Mar 2020,15:00,90,107,197,90,107,197,No Group
Manchester City Council - Chorlton,Chorlton Place,2020,March,12,Sunday,22 Mar 2020,16:00,64,77,141,64,77,141,No Group
Manchester City Council - Chorlton,Chorlton Place,2020,March,12,Sunday,22 Mar 2020,17:00,23,47,70,23,47,70,No Group
Manchester City Council - Chorlton,Chorlton Place,2020,March,12,Sunday,22 Mar 2020,18:00,16,19,35,16,19,35,No Group
Manchester City Council - Chorlton,Chorlton Place,2020,March,12,Sunday,22 Mar 2020,19:00,10,22,32,10,22,32,No Group
Manchester City Council - Chorlton,Chorlton Place,2020,March,12,Sunday,22 Mar 2020,20:00,10,19,29,10,19,29,No Group
Manchester City Council - Chorlton,Chorlton Place,2020,March,12,Sunday,22 Mar 2020,21:00,8,11,19,8,11,19,No Group
Manchester City Council - Chorlton,Chorlton Place,2020,March,12,Sunday,22 Mar 2020,22:00,6,4,10,6,4,10,No Group
Manchester City Council - Chorlton,Chorlton Place,2020,March,12,Sunday,22 Mar 2020,23:00,2,0,2,2,0,2,No Group
Manchester City Council - Chorlton,Chorlton Place,2020,March,13,Monday,23 Mar 2020,00:00,2,2,4,2,2,4,No Group
Manchester City Council - Chorlton,Chorlton Place,2020,March,13,Monday,23 Mar 2020,01:00,1,0,1,1,0,1,No Group
Manchester City Council - Chorlton,Chorlton Place,2020,March,13,Monday,23 Mar 2020,02:00,1,3,4,1,3,4,No Group
Manchester City Council - Chorlton,Chorlton Place,2020,March,13,Monday,23 Mar 2020,03:00,1,0,1,1,0,1,No Group
Manchester City Council - Chorlton,Chorlton Place,2020,March,13,Monday,23 Mar 2020,04:00,3,1,4,3,1,4,No Group
Manchester City Council - Chorlton,Chorlton Place,2020,March,13,Monday,23 Mar 2020,05:00,2,4,6,2,4,6,No Group
Manchester City Council - Chorlton,Chorlton Place,2020,March,13,Monday,23 Mar 2020,06:00,5,12,17,5,12,17,No Group
Manchester City Council - Chorlton,Chorlton Place,2020,March,13,Monday,23 Mar 2020,07:00,23,45,68,23,45,68,No Group
Manchester City Council - Chorlton,Chorlton Place,2020,March,13,Monday,23 Mar 2020,08:00,40,61,101,40,61,101,No Group
Manchester City Council - Chorlton,Chorlton Place,2020,March,13,Monday,23 Mar 2020,09:00,73,127,200,73,127,200,No Group
Manchester City Council - Chorlton,Chorlton Place,2020,March,13,Monday,23 Mar 2020,10:00,101,158,259,101,158,259,No Group
Manchester City Council - Chorlton,Chorlton Place,2020,March,13,Monday,23 Mar 2020,11:00,132,207,339,132,207,339,No Group
Manchester City Council - Chorlton,Chorlton Place,2020,March,13,Monday,23 Mar 2020,12:00,167,284,451,167,284,451,No Group
Manchester City Council - Chorlton,Chorlton Place,2020,March,13,Monday,23 Mar 2020,13:00,146,210,356,146,210,356,No Group
Manchester City Council - Chorlton,Chorlton Place,2020,March,13,Monday,23 Mar 2020,14:00,109,113,222,109,113,222,No Group
Manchester City Council - Chorlton,Chorlton Place,2020,March,13,Monday,23 Mar 2020,15:00,105,127,232,105,127,232,No Group
Manchester City Council - Chorlton,Chorlton Place,2020,March,13,Monday,23 Mar 2020,16:00,66,108,174,66,108,174,No Group
Manchester City Council - Chorlton,Chorlton Place,2020,March,13,Monday,23 Mar 2020,17:00,50,59,109,50,59,109,No Group
Manchester City Council - Chorlton,Chorlton Place,2020,March,13,Monday,23 Mar 2020,18:00,31,26,57,31,26,57,No Group
Manchester City Council - Chorlton,Chorlton Place,2020,March,13,Monday,23 Mar 2020,19:00,25,29,54,25,29,54,No Group
Manchester City Council - Chorlton,Chorlton Place,2020,March,13,Monday,23 Mar 2020,20:00,17,20,37,17,20,37,No Group
Manchester City Council - Chorlton,Chorlton Place,2020,March,13,Monday,23 Mar 2020,21:00,10,14,24,10,14,24,No Group
Manchester City Council - Chorlton,Chorlton Place,2020,March,13,Monday,23 Mar 2020,22:00,7,2,9,7,2,9,No Group
Manchester City Council - Chorlton,Chorlton Place,2020,March,13,Monday,23 Mar 2020,23:00,2,1,3,2,1,3,No Group
Manchester City Council - Chorlton,Chorlton Place,2020,March,13,Tuesday,24 Mar 2020,00:00,1,0,1,1,0,1,No Group
Manchester City Council - Chorlton,Chorlton Place,2020,March,13,Tuesday,24 Mar 2020,01:00,2,0,2,2,0,2,No Group
Manchester City Council - Chorlton,Chorlton Place,2020,March,13,Tuesday,24 Mar 2020,02:00,1,0,1,1,0,1,No Group
Manchester City Council - Chorlton,Chorlton Place,2020,March,13,Tuesday,24 Mar 2020,03:00,1,1,2,1,1,2,No Group
Manchester City Council - Chorlton,Chorlton Place,2020,March,13,Tuesday,24 Mar 2020,04:00,1,2,3,1,2,3,No Group
Manchester City Council - Chorlton,Chorlton Place,2020,March,13,Tuesday,24 Mar 2020,05:00,0,2,2,0,2,2,No Group
Manchester City Council - Chorlton,Chorlton Place,2020,March,13,Tuesday,24 Mar 2020,06:00,12,18,30,12,18,30,No Group
Manchester City Council - Chorlton,Chorlton Place,2020,March,13,Tuesday,24 Mar 2020,07:00,12,26,38,12,26,38,No Group
Manchester City Council - Chorlton,Chorlton Place,2020,March,13,Tuesday,24 Mar 2020,08:00,25,54,79,25,54,79,No Group
Manchester City Council - Chorlton,Chorlton Place,2020,March,13,Tuesday,24 Mar 2020,09:00,53,114,167,53,114,167,No Group
Manchester City Council - Chorlton,Chorlton Place,2020,March,13,Tuesday,24 Mar 2020,10:00,72,141,213,72,141,213,No Group
Manchester City Council - Chorlton,Chorlton Place,2020,March,13,Tuesday,24 Mar 2020,11:00,112,168,280,112,168,280,No Group
Manchester City Council - Chorlton,Chorlton Place,2020,March,13,Tuesday,24 Mar 2020,12:00,127,243,370,127,243,370,No Group
Manchester City Council - Chorlton,Chorlton Place,2020,March,13,Tuesday,24 Mar 2020,13:00,117,145,262,117,145,262,No Group
Manchester City Council - Chorlton,Chorlton Place,2020,March,13,Tuesday,24 Mar 2020,14:00,72,63,135,72,63,135,No Group
Manchester City Council - Chorlton,Chorlton Place,2020,March,13,Tuesday,24 Mar 2020,15:00,75,75,150,75,75,150,No Group
Manchester City Council - Chorlton,Chorlton Place,2020,March,13,Tuesday,24 Mar 2020,16:00,45,39,84,45,39,84,No Group
Manchester City Council - Chorlton,Chorlton Place,2020,March,13,Tuesday,24 Mar 2020,17:00,39,31,70,39,31,70,No Group
Manchester City Council - Chorlton,Chorlton Place,2020,March,13,Tuesday,24 Mar 2020,18:00,31,40,71,31,40,71,No Group
Manchester City Council - Chorlton,Chorlton Place,2020,March,13,Tuesday,24 Mar 2020,19:00,19,32,51,19,32,51,No Group
Manchester City Council - Chorlton,Chorlton Place,2020,March,13,Tuesday,24 Mar 2020,20:00,16,17,33,16,17,33,No Group
Manchester City Council - Chorlton,Chorlton Place,2020,March,13,Tuesday,24 Mar 2020,21:00,5,9,14,5,9,14,No Group
Manchester City Council - Chorlton,Chorlton Place,2020,March,13,Tuesday,24 Mar 2020,22:00,6,1,7,6,1,7,No Group
Manchester City Council - Chorlton,Chorlton Place,2020,March,13,Tuesday,24 Mar 2020,23:00,1,0,1,1,0,1,No Group
Manchester City Council - Chorlton,Chorlton Place,2020,March,13,Wednesday,25 Mar 2020,00:00,0,2,2,0,2,2,No Group
Manchester City Council - Chorlton,Chorlton Place,2020,March,13,Wednesday,25 Mar 2020,01:00,0,0,0,0,0,0,No Group
Manchester City Council - Chorlton,Chorlton Place,2020,March,13,Wednesday,25 Mar 2020,02:00,0,0,0,0,0,0,No Group
Manchester City Council - Chorlton,Chorlton Place,2020,March,13,Wednesday,25 Mar 2020,03:00,0,0,0,0,0,0,No Group
Manchester City Council - Chorlton,Chorlton Place,2020,March,13,Wednesday,25 Mar 2020,04:00,3,1,4,3,1,4,No Group
Manchester City Council - Chorlton,Chorlton Place,2020,March,13,Wednesday,25 Mar 2020,05:00,2,8,10,2,8,10,No Group
Manchester City Council - Chorlton,Chorlton Place,2020,March,13,Wednesday,25 Mar 2020,06:00,10,15,25,10,15,25,No Group
Manchester City Council - Chorlton,Chorlton Place,2020,March,13,Wednesday,25 Mar 2020,07:00,30,37,67,30,37,67,No Group
Manchester City Council - Chorlton,Chorlton Place,2020,March,13,Wednesday,25 Mar 2020,08:00,32,72,104,32,72,104,No Group
Manchester City Council - Chorlton,Chorlton Place,2020,March,13,Wednesday,25 Mar 2020,09:00,43,94,137,43,94,137,No Group
Manchester City Council - Chorlton,Chorlton Place,2020,March,13,Wednesday,25 Mar 2020,10:00,90,132,222,90,132,222,No Group
Manchester City Council - Chorlton,Chorlton Place,2020,March,13,Wednesday,25 Mar 2020,11:00,122,169,291,122,169,291,No Group
Manchester City Council - Chorlton,Chorlton Place,2020,March,13,Wednesday,25 Mar 2020,12:00,163,215,378,163,215,378,No Group
Manchester City Council - Chorlton,Chorlton Place,2020,March,13,Wednesday,25 Mar 2020,13:00,115,187,302,115,187,302,No Group
Manchester City Council - Chorlton,Chorlton Place,2020,March,13,Wednesday,25 Mar 2020,14:00,79,116,195,79,116,195,No Group
Manchester City Council - Chorlton,Chorlton Place,2020,March,13,Wednesday,25 Mar 2020,15:00,73,101,174,73,101,174,No Group
Manchester City Council - Chorlton,Chorlton Place,2020,March,13,Wednesday,25 Mar 2020,16:00,60,80,140,60,80,140,No Group
Manchester City Council - Chorlton,Chorlton Place,2020,March,13,Wednesday,25 Mar 2020,17:00,54,47,101,54,47,101,No Group
Manchester City Council - Chorlton,Chorlton Place,2020,March,13,Wednesday,25 Mar 2020,18:00,27,39,66,27,39,66,No Group
Manchester City Council - Chorlton,Chorlton Place,2020,March,13,Wednesday,25 Mar 2020,19:00,21,30,51,21,30,51,No Group
Manchester City Council - Chorlton,Chorlton Place,2020,March,13,Wednesday,25 Mar 2020,20:00,8,15,23,8,15,23,No Group
Manchester City Council - Chorlton,Chorlton Place,2020,March,13,Wednesday,25 Mar 2020,21:00,9,5,14,9,5,14,No Group
Manchester City Council - Chorlton,Chorlton Place,2020,March,13,Wednesday,25 Mar 2020,22:00,6,4,10,6,4,10,No Group
Manchester City Council - Chorlton,Chorlton Place,2020,March,13,Wednesday,25 Mar 2020,23:00,2,0,2,2,0,2,No Group
Manchester City Council - Chorlton,Chorlton Place,2020,March,13,Thursday,26 Mar 2020,00:00,0,0,0,0,0,0,No Group
Manchester City Council - Chorlton,Chorlton Place,2020,March,13,Thursday,26 Mar 2020,01:00,0,0,0,0,0,0,No Group
Manchester City Council - Chorlton,Chorlton Place,2020,March,13,Thursday,26 Mar 2020,02:00,0,0,0,0,0,0,No Group
Manchester City Council - Chorlton,Chorlton Place,2020,March,13,Thursday,26 Mar 2020,03:00,0,0,0,0,0,0,No Group
Manchester City Council - Chorlton,Chorlton Place,2020,March,13,Thursday,26 Mar 2020,04:00,1,0,1,1,0,1,No Group
Manchester City Council - Chorlton,Chorlton Place,2020,March,13,Thursday,26 Mar 2020,05:00,3,3,6,3,3,6,No Group
Manchester City Council - Chorlton,Chorlton Place,2020,March,13,Thursday,26 Mar 2020,06:00,5,13,18,5,13,18,No Group
Manchester City Council - Chorlton,Chorlton Place,2020,March,13,Thursday,26 Mar 2020,07:00,16,35,51,16,35,51,No Group
Manchester City Council - Chorlton,Chorlton Place,2020,March,13,Thursday,26 Mar 2020,08:00,28,80,108,28,80,108,No Group
Manchester City Council - Chorlton,Chorlton Place,2020,March,13,Thursday,26 Mar 2020,09:00,63,106,169,63,106,169,No Group
Manchester City Council - Chorlton,Chorlton Place,2020,March,13,Thursday,26 Mar 2020,10:00,106,120,226,106,120,226,No Group
Manchester City Council - Chorlton,Chorlton Place,2020,March,13,Thursday,26 Mar 2020,11:00,119,176,295,119,176,295,No Group
Manchester City Council - Chorlton,Chorlton Place,2020,March,13,Thursday,26 Mar 2020,12:00,151,218,369,151,218,369,No Group
Manchester City Council - Chorlton,Chorlton Place,2020,March,13,Thursday,26 Mar 2020,13:00,157,188,345,157,188,345,No Group
Manchester City Council - Chorlton,Chorlton Place,2020,March,13,Thursday,26 Mar 2020,14:00,84,152,236,84,152,236,No Group
Manchester City Council - Chorlton,Chorlton Place,2020,March,13,Thursday,26 Mar 2020,15:00,97,113,210,97,113,210,No Group
Manchester City Council - Chorlton,Chorlton Place,2020,March,13,Thursday,26 Mar 2020,16:00,52,73,125,52,73,125,No Group
Manchester City Council - Chorlton,Chorlton Place,2020,March,13,Thursday,26 Mar 2020,17:00,36,50,86,36,50,86,No Group
Manchester City Council - Chorlton,Chorlton Place,2020,March,13,Thursday,26 Mar 2020,18:00,24,37,61,24,37,61,No Group
Manchester City Council - Chorlton,Chorlton Place,2020,March,13,Thursday,26 Mar 2020,19:00,17,26,43,17,26,43,No Group
Manchester City Council - Chorlton,Chorlton Place,2020,March,13,Thursday,26 Mar 2020,20:00,10,25,35,10,25,35,No Group
Manchester City Council - Chorlton,Chorlton Place,2020,March,13,Thursday,26 Mar 2020,21:00,7,12,19,7,12,19,No Group
Manchester City Council - Chorlton,Chorlton Place,2020,March,13,Thursday,26 Mar 2020,22:00,7,4,11,7,4,11,No Group
Manchester City Council - Chorlton,Chorlton Place,2020,March,13,Thursday,26 Mar 2020,23:00,2,1,3,2,1,3,No Group
Manchester City Council - Chorlton,Chorlton Place,2020,March,13,Friday,27 Mar 2020,00:00,2,0,2,2,0,2,No Group
Manchester City Council - Chorlton,Chorlton Place,2020,March,13,Friday,27 Mar 2020,01:00,0,0,0,0,0,0,No Group
Manchester City Council - Chorlton,Chorlton Place,2020,March,13,Friday,27 Mar 2020,02:00,0,0,0,0,0,0,No Group
Manchester City Council - Chorlton,Chorlton Place,2020,March,13,Friday,27 Mar 2020,03:00,0,0,0,0,0,0,No Group
Manchester City Council - Chorlton,Chorlton Place,2020,March,13,Friday,27 Mar 2020,04:00,0,1,1,0,1,1,No Group
Manchester City Council - Chorlton,Chorlton Place,2020,March,13,Friday,27 Mar 2020,05:00,1,2,3,1,2,3,No Group
Manchester City Council - Chorlton,Chorlton Place,2020,March,13,Friday,27 Mar 2020,06:00,10,15,25,10,15,25,No Group
Manchester City Council - Chorlton,Chorlton Place,2020,March,13,Friday,27 Mar 2020,07:00,19,31,50,19,31,50,No Group
Manchester City Council - Chorlton,Chorlton Place,2020,March,13,Friday,27 Mar 2020,08:00,30,90,120,30,90,120,No Group
Manchester City Council - Chorlton,Chorlton Place,2020,March,13,Friday,27 Mar 2020,09:00,82,119,201,82,119,201,No Group
Manchester City Council - Chorlton,Chorlton Place,2020,March,13,Friday,27 Mar 2020,10:00,149,175,324,149,175,324,No Group
Manchester City Council - Chorlton,Chorlton Place,2020,March,13,Friday,27 Mar 2020,11:00,173,226,399,173,226,399,No Group
Manchester City Council - Chorlton,Chorlton Place,2020,March,13,Friday,27 Mar 2020,12:00,166,242,408,166,242,408,No Group
Manchester City Council - Chorlton,Chorlton Place,2020,March,13,Friday,27 Mar 2020,13:00,138,156,294,138,156,294,No Group
Manchester City Council - Chorlton,Chorlton Place,2020,March,13,Friday,27 Mar 2020,14:00,109,137,246,109,137,246,No Group
Manchester City Council - Chorlton,Chorlton Place,2020,March,13,Friday,27 Mar 2020,15:00,116,134,250,116,134,250,No Group
Manchester City Council - Chorlton,Chorlton Place,2020,March,13,Friday,27 Mar 2020,16:00,58,106,164,58,106,164,No Group
Manchester City Council - Chorlton,Chorlton Place,2020,March,13,Friday,27 Mar 2020,17:00,51,56,107,51,56,107,No Group
Manchester City Council - Chorlton,Chorlton Place,2020,March,13,Friday,27 Mar 2020,18:00,34,49,83,34,49,83,No Group
Manchester City Council - Chorlton,Chorlton Place,2020,March,13,Friday,27 Mar 2020,19:00,40,21,61,40,21,61,No Group
Manchester City Council - Chorlton,Chorlton Place,2020,March,13,Friday,27 Mar 2020,20:00,21,19,40,21,19,40,No Group
Manchester City Council - Chorlton,Chorlton Place,2020,March,13,Friday,27 Mar 2020,21:00,8,10,18,8,10,18,No Group
Manchester City Council - Chorlton,Chorlton Place,2020,March,13,Friday,27 Mar 2020,22:00,1,4,5,1,4,5,No Group
Manchester City Council - Chorlton,Chorlton Place,2020,March,13,Friday,27 Mar 2020,23:00,7,3,10,7,3,10,No Group
Manchester City Council - Chorlton,Chorlton Place,2020,March,13,Saturday,28 Mar 2020,00:00,0,1,1,0,1,1,No Group
Manchester City Council - Chorlton,Chorlton Place,2020,March,13,Saturday,28 Mar 2020,01:00,0,0,0,0,0,0,No Group
Manchester City Council - Chorlton,Chorlton Place,2020,March,13,Saturday,28 Mar 2020,02:00,0,0,0,0,0,0,No Group
Manchester City Council - Chorlton,Chorlton Place,2020,March,13,Saturday,28 Mar 2020,03:00,0,0,0,0,0,0,No Group
Manchester City Council - Chorlton,Chorlton Place,2020,March,13,Saturday,28 Mar 2020,04:00,0,1,1,0,1,1,No Group
Manchester City Council - Chorlton,Chorlton Place,2020,March,13,Saturday,28 Mar 2020,05:00,0,0,0,0,0,0,No Group
Manchester City Council - Chorlton,Chorlton Place,2020,March,13,Saturday,28 Mar 2020,06:00,12,13,25,12,13,25,No Group
Manchester City Council - Chorlton,Chorlton Place,2020,March,13,Saturday,28 Mar 2020,07:00,20,29,49,20,29,49,No Group
Manchester City Council - Chorlton,Chorlton Place,2020,March,13,Saturday,28 Mar 2020,08:00,34,32,66,34,32,66,No Group
Manchester City Council - Chorlton,Chorlton Place,2020,March,13,Saturday,28 Mar 2020,09:00,48,56,104,48,56,104,No Group
Manchester City Council - Chorlton,Chorlton Place,2020,March,13,Saturday,28 Mar 2020,10:00,56,73,129,56,73,129,No Group
Manchester City Council - Chorlton,Chorlton Place,2020,March,13,Saturday,28 Mar 2020,11:00,101,120,221,101,120,221,No Group
Manchester City Council - Chorlton,Chorlton Place,2020,March,13,Saturday,28 Mar 2020,12:00,90,100,190,90,100,190,No Group
Manchester City Council - Chorlton,Chorlton Place,2020,March,13,Saturday,28 Mar 2020,13:00,64,80,144,64,80,144,No Group
Manchester City Council - Chorlton,Chorlton Place,2020,March,13,Saturday,28 Mar 2020,14:00,84,84,168,84,84,168,No Group
Manchester City Council - Chorlton,Chorlton Place,2020,March,13,Saturday,28 Mar 2020,15:00,69,60,129,69,60,129,No Group
Manchester City Council - Chorlton,Chorlton Place,2020,March,13,Saturday,28 Mar 2020,16:00,50,57,107,50,57,107,No Group
Manchester City Council - Chorlton,Chorlton Place,2020,March,13,Saturday,28 Mar 2020,17:00,31,34,65,31,34,65,No Group
Manchester City Council - Chorlton,Chorlton Place,2020,March,13,Saturday,28 Mar 2020,18:00,29,29,58,29,29,58,No Group
Manchester City Council - Chorlton,Chorlton Place,2020,March,13,Saturday,28 Mar 2020,19:00,13,17,30,13,17,30,No Group
Manchester City Council - Chorlton,Chorlton Place,2020,March,13,Saturday,28 Mar 2020,20:00,7,26,33,7,26,33,No Group
Manchester City Council - Chorlton,Chorlton Place,2020,March,13,Saturday,28 Mar 2020,21:00,12,5,17,12,5,17,No Group
Manchester City Council - Chorlton,Chorlton Place,2020,March,13,Saturday,28 Mar 2020,22:00,6,1,7,6,1,7,No Group
Manchester City Council - Chorlton,Chorlton Place,2020,March,13,Saturday,28 Mar 2020,23:00,2,0,2,2,0,2,No Group
Manchester City Council - Chorlton,Chorlton Place,2020,March,13,Sunday,29 Mar 2020,00:00,0,0,0,0,0,0,No Group
Manchester City Council - Chorlton,Chorlton Place,2020,March,13,Sunday,29 Mar 2020,01:00,1,2,3,1,2,3,No Group
Manchester City Council - Chorlton,Chorlton Place,2020,March,13,Sunday,29 Mar 2020,02:00,1,0,1,1,0,1,No Group
Manchester City Council - Chorlton,Chorlton Place,2020,March,13,Sunday,29 Mar 2020,03:00,0,0,0,0,0,0,No Group
Manchester City Council - Chorlton,Chorlton Place,2020,March,13,Sunday,29 Mar 2020,04:00,0,0,0,0,0,0,No Group
Manchester City Council - Chorlton,Chorlton Place,2020,March,13,Sunday,29 Mar 2020,05:00,0,1,1,0,1,1,No Group
Manchester City Council - Chorlton,Chorlton Place,2020,March,13,Sunday,29 Mar 2020,06:00,2,2,4,2,2,4,No Group
Manchester City Council - Chorlton,Chorlton Place,2020,March,13,Sunday,29 Mar 2020,07:00,5,8,13,5,8,13,No Group
Manchester City Council - Chorlton,Chorlton Place,2020,March,13,Sunday,29 Mar 2020,08:00,6,7,13,6,7,13,No Group
Manchester City Council - Chorlton,Chorlton Place,2020,March,13,Sunday,29 Mar 2020,09:00,6,13,19,6,13,19,No Group
Manchester City Council - Chorlton,Chorlton Place,2020,March,13,Sunday,29 Mar 2020,10:00,23,33,56,23,33,56,No Group
Manchester City Council - Chorlton,Chorlton Place,2020,March,13,Sunday,29 Mar 2020,11:00,28,41,69,28,41,69,No Group
Manchester City Council - Chorlton,Chorlton Place,2020,March,13,Sunday,29 Mar 2020,12:00,26,42,68,26,42,68,No Group
Manchester City Council - Chorlton,Chorlton Place,2020,March,13,Sunday,29 Mar 2020,13:00,37,59,96,37,59,96,No Group
Manchester City Council - Chorlton,Chorlton Place,2020,March,13,Sunday,29 Mar 2020,14:00,36,50,86,36,50,86,No Group
Manchester City Council - Chorlton,Chorlton Place,2020,March,13,Sunday,29 Mar 2020,15:00,48,47,95,48,47,95,No Group
Manchester City Council - Chorlton,Chorlton Place,2020,March,13,Sunday,29 Mar 2020,16:00,26,28,54,26,28,54,No Group
Manchester City Council - Chorlton,Chorlton Place,2020,March,13,Sunday,29 Mar 2020,17:00,19,25,44,19,25,44,No Group
Manchester City Council - Chorlton,Chorlton Place,2020,March,13,Sunday,29 Mar 2020,18:00,16,21,37,16,21,37,No Group
Manchester City Council - Chorlton,Chorlton Place,2020,March,13,Sunday,29 Mar 2020,19:00,12,22,34,12,22,34,No Group
Manchester City Council - Chorlton,Chorlton Place,2020,March,13,Sunday,29 Mar 2020,20:00,3,17,20,3,17,20,No Group
Manchester City Council - Chorlton,Chorlton Place,2020,March,13,Sunday,29 Mar 2020,21:00,5,7,12,5,7,12,No Group
Manchester City Council - Chorlton,Chorlton Place,2020,March,13,Sunday,29 Mar 2020,22:00,1,9,10,1,9,10,No Group
Manchester City Council - Chorlton,Chorlton Place,2020,March,13,Sunday,29 Mar 2020,23:00,0,2,2,0,2,2,No Group
Manchester City Council - Chorlton,Chorlton Place,2020,March,14,Monday,30 Mar 2020,00:00,0,1,1,0,1,1,No Group
Manchester City Council - Chorlton,Chorlton Place,2020,March,14,Monday,30 Mar 2020,01:00,0,0,0,0,0,0,No Group
Manchester City Council - Chorlton,Chorlton Place,2020,March,14,Monday,30 Mar 2020,02:00,0,0,0,0,0,0,No Group
Manchester City Council - Chorlton,Chorlton Place,2020,March,14,Monday,30 Mar 2020,03:00,0,0,0,0,0,0,No Group
Manchester City Council - Chorlton,Chorlton Place,2020,March,14,Monday,30 Mar 2020,04:00,0,0,0,0,0,0,No Group
Manchester City Council - Chorlton,Chorlton Place,2020,March,14,Monday,30 Mar 2020,05:00,6,7,13,6,7,13,No Group
Manchester City Council - Chorlton,Chorlton Place,2020,March,14,Monday,30 Mar 2020,06:00,5,6,11,5,6,11,No Group
Manchester City Council - Chorlton,Chorlton Place,2020,March,14,Monday,30 Mar 2020,07:00,22,34,56,22,34,56,No Group
Manchester City Council - Chorlton,Chorlton Place,2020,March,14,Monday,30 Mar 2020,08:00,18,27,45,18,27,45,No Group
Manchester City Council - Chorlton,Chorlton Place,2020,March,14,Monday,30 Mar 2020,09:00,29,54,83,29,54,83,No Group
Manchester City Council - Chorlton,Chorlton Place,2020,March,14,Monday,30 Mar 2020,10:00,31,37,68,31,37,68,No Group
Manchester City Council - Chorlton,Chorlton Place,2020,March,14,Monday,30 Mar 2020,11:00,43,51,94,43,51,94,No Group
Manchester City Council - Chorlton,Chorlton Place,2020,March,14,Monday,30 Mar 2020,12:00,79,91,170,79,91,170,No Group
Manchester City Council - Chorlton,Chorlton Place,2020,March,14,Monday,30 Mar 2020,13:00,71,70,141,71,70,141,No Group
Manchester City Council - Chorlton,Chorlton Place,2020,March,14,Monday,30 Mar 2020,14:00,55,50,105,55,50,105,No Group
Manchester City Council - Chorlton,Chorlton Place,2020,March,14,Monday,30 Mar 2020,15:00,50,42,92,50,42,92,No Group
Manchester City Council - Chorlton,Chorlton Place,2020,March,14,Monday,30 Mar 2020,16:00,49,50,99,49,50,99,No Group
Manchester City Council - Chorlton,Chorlton Place,2020,March,14,Monday,30 Mar 2020,17:00,35,47,82,35,47,82,No Group
Manchester City Council - Chorlton,Chorlton Place,2020,March,14,Monday,30 Mar 2020,18:00,29,30,59,29,30,59,No Group
Manchester City Council - Chorlton,Chorlton Place,2020,March,14,Monday,30 Mar 2020,19:00,20,16,36,20,16,36,No Group
Manchester City Council - Chorlton,Chorlton Place,2020,March,14,Monday,30 Mar 2020,20:00,12,13,25,12,13,25,No Group
Manchester City Council - Chorlton,Chorlton Place,2020,March,14,Monday,30 Mar 2020,21:00,8,13,21,8,13,21,No Group
Manchester City Council - Chorlton,Chorlton Place,2020,March,14,Monday,30 Mar 2020,22:00,5,3,8,5,3,8,No Group
Manchester City Council - Chorlton,Chorlton Place,2020,March,14,Monday,30 Mar 2020,23:00,0,2,2,0,2,2,No Group
Manchester City Council - Chorlton,Chorlton Place,2020,March,14,Tuesday,31 Mar 2020,00:00,0,1,1,0,1,1,No Group
Manchester City Council - Chorlton,Chorlton Place,2020,March,14,Tuesday,31 Mar 2020,01:00,0,0,0,0,0,0,No Group
Manchester City Council - Chorlton,Chorlton Place,2020,March,14,Tuesday,31 Mar 2020,02:00,0,0,0,0,0,0,No Group
Manchester City Council - Chorlton,Chorlton Place,2020,March,14,Tuesday,31 Mar 2020,03:00,0,0,0,0,0,0,No Group
Manchester City Council - Chorlton,Chorlton Place,2020,March,14,Tuesday,31 Mar 2020,04:00,0,0,0,0,0,0,No Group
Manchester City Council - Chorlton,Chorlton Place,2020,March,14,Tuesday,31 Mar 2020,05:00,1,3,4,1,3,4,No Group
Manchester City Council - Chorlton,Chorlton Place,2020,March,14,Tuesday,31 Mar 2020,06:00,17,15,32,17,15,32,No Group
Manchester City Council - Chorlton,Chorlton Place,2020,March,14,Tuesday,31 Mar 2020,07:00,22,29,51,22,29,51,No Group
Manchester City Council - Chorlton,Chorlton Place,2020,March,14,Tuesday,31 Mar 2020,08:00,13,27,40,13,27,40,No Group
Manchester City Council - Chorlton,Chorlton Place,2020,March,14,Tuesday,31 Mar 2020,09:00,24,36,60,24,36,60,No Group
Manchester City Council - Chorlton,Chorlton Place,2020,March,14,Tuesday,31 Mar 2020,10:00,66,62,128,66,62,128,No Group
Manchester City Council - Chorlton,Chorlton Place,2020,March,14,Tuesday,31 Mar 2020,11:00,69,66,135,69,66,135,No Group
Manchester City Council - Chorlton,Chorlton Place,2020,March,14,Tuesday,31 Mar 2020,12:00,61,62,123,61,62,123,No Group
Manchester City Council - Chorlton,Chorlton Place,2020,March,14,Tuesday,31 Mar 2020,13:00,79,70,149,79,70,149,No Group
Manchester City Council - Chorlton,Chorlton Place,2020,March,14,Tuesday,31 Mar 2020,14:00,61,72,133,61,72,133,No Group
Manchester City Council - Chorlton,Chorlton Place,2020,March,14,Tuesday,31 Mar 2020,15:00,77,87,164,77,87,164,No Group
Manchester City Council - Chorlton,Chorlton Place,2020,March,14,Tuesday,31 Mar 2020,16:00,52,59,111,52,59,111,No Group
Manchester City Council - Chorlton,Chorlton Place,2020,March,14,Tuesday,31 Mar 2020,17:00,33,40,73,33,40,73,No Group
Manchester City Council - Chorlton,Chorlton Place,2020,March,14,Tuesday,31 Mar 2020,18:00,36,34,70,36,34,70,No Group
Manchester City Council - Chorlton,Chorlton Place,2020,March,14,Tuesday,31 Mar 2020,19:00,10,32,42,10,32,42,No Group
Manchester City Council - Chorlton,Chorlton Place,2020,March,14,Tuesday,31 Mar 2020,20:00,12,18,30,12,18,30,No Group
Manchester City Council - Chorlton,Chorlton Place,2020,March,14,Tuesday,31 Mar 2020,21:00,7,13,20,7,13,20,No Group
Manchester City Council - Chorlton,Chorlton Place,2020,March,14,Tuesday,31 Mar 2020,22:00,2,1,3,2,1,3,No Group
Manchester City Council - Chorlton,Chorlton Place,2020,March,14,Tuesday,31 Mar 2020,23:00,2,2,4,2,2,4,No Group
Manchester City Council - Chorlton,Chorlton Place,2020,March,14,Wednesday,01 Apr 2020,00:00,1,0,1,1,0,1,No Group
Manchester City Council - Chorlton,Chorlton Place,2020,March,14,Wednesday,01 Apr 2020,01:00,0,0,0,0,0,0,No Group
Manchester City Council - Chorlton,Chorlton Place,2020,March,14,Wednesday,01 Apr 2020,02:00,0,0,0,0,0,0,No Group
Manchester City Council - Chorlton,Chorlton Place,2020,March,14,Wednesday,01 Apr 2020,03:00,0,0,0,0,0,0,No Group
Manchester City Council - Chorlton,Chorlton Place,2020,March,14,Wednesday,01 Apr 2020,04:00,0,1,1,0,1,1,No Group
Manchester City Council - Chorlton,Chorlton Place,2020,March,14,Wednesday,01 Apr 2020,05:00,0,1,1,0,1,1,No Group
Manchester City Council - Chorlton,Chorlton Place,2020,March,14,Wednesday,01 Apr 2020,06:00,11,14,25,11,14,25,No Group
Manchester City Council - Chorlton,Chorlton Place,2020,March,14,Wednesday,01 Apr 2020,07:00,16,29,45,16,29,45,No Group
Manchester City Council - Chorlton,Chorlton Place,2020,March,14,Wednesday,01 Apr 2020,08:00,16,24,40,16,24,40,No Group
Manchester City Council - Chorlton,Chorlton Place,2020,March,14,Wednesday,01 Apr 2020,09:00,23,37,60,23,37,60,No Group
Manchester City Council - Chorlton,Chorlton Place,2020,March,14,Wednesday,01 Apr 2020,10:00,38,47,85,38,47,85,No Group
Manchester City Council - Chorlton,Chorlton Place,2020,March,14,Wednesday,01 Apr 2020,11:00,49,65,114,49,65,114,No Group
Manchester City Council - Chorlton,Chorlton Place,2020,March,14,Wednesday,01 Apr 2020,12:00,71,72,143,71,72,143,No Group
Manchester City Council - Chorlton,Chorlton Place,2020,March,14,Wednesday,01 Apr 2020,13:00,65,53,118,65,53,118,No Group
Manchester City Council - Chorlton,Chorlton Place,2020,March,14,Wednesday,01 Apr 2020,14:00,52,55,107,52,55,107,No Group
Manchester City Council - Chorlton,Chorlton Place,2020,March,14,Wednesday,01 Apr 2020,15:00,48,58,106,48,58,106,No Group
Manchester City Council - Chorlton,Chorlton Place,2020,March,14,Wednesday,01 Apr 2020,16:00,49,47,96,49,47,96,No Group
Manchester City Council - Chorlton,Chorlton Place,2020,March,14,Wednesday,01 Apr 2020,17:00,36,40,76,36,40,76,No Group
Manchester City Council - Chorlton,Chorlton Place,2020,March,14,Wednesday,01 Apr 2020,18:00,22,31,53,22,31,53,No Group
Manchester City Council - Chorlton,Chorlton Place,2020,March,14,Wednesday,01 Apr 2020,19:00,21,30,51,21,30,51,No Group
Manchester City Council - Chorlton,Chorlton Place,2020,March,14,Wednesday,01 Apr 2020,20:00,22,16,38,22,16,38,No Group
Manchester City Council - Chorlton,Chorlton Place,2020,March,14,Wednesday,01 Apr 2020,21:00,3,15,18,3,15,18,No Group
Manchester City Council - Chorlton,Chorlton Place,2020,March,14,Wednesday,01 Apr 2020,22:00,7,6,13,7,6,13,No Group
Manchester City Council - Chorlton,Chorlton Place,2020,March,14,Wednesday,01 Apr 2020,23:00,0,4,4,0,4,4,No Group
Manchester City Council - Chorlton,Chorlton Place,2020,March,14,Thursday,02 Apr 2020,00:00,2,0,2,2,0,2,No Group
Manchester City Council - Chorlton,Chorlton Place,2020,March,14,Thursday,02 Apr 2020,01:00,0,0,0,0,0,0,No Group
Manchester City Council - Chorlton,Chorlton Place,2020,March,14,Thursday,02 Apr 2020,02:00,0,0,0,0,0,0,No Group
Manchester City Council - Chorlton,Chorlton Place,2020,March,14,Thursday,02 Apr 2020,03:00,0,0,0,0,0,0,No Group
Manchester City Council - Chorlton,Chorlton Place,2020,March,14,Thursday,02 Apr 2020,04:00,1,2,3,1,2,3,No Group
Manchester City Council - Chorlton,Chorlton Place,2020,March,14,Thursday,02 Apr 2020,05:00,0,1,1,0,1,1,No Group
Manchester City Council - Chorlton,Chorlton Place,2020,March,14,Thursday,02 Apr 2020,06:00,10,14,24,10,14,24,No Group
Manchester City Council - Chorlton,Chorlton Place,2020,March,14,Thursday,02 Apr 2020,07:00,12,18,30,12,18,30,No Group
Manchester City Council - Chorlton,Chorlton Place,2020,March,14,Thursday,02 Apr 2020,08:00,18,28,46,18,28,46,No Group
Manchester City Council - Chorlton,Chorlton Place,2020,March,14,Thursday,02 Apr 2020,09:00,22,42,64,22,42,64,No Group
Manchester City Council - Chorlton,Chorlton Place,2020,March,14,Thursday,02 Apr 2020,10:00,41,55,96,41,55,96,No Group
Manchester City Council - Chorlton,Chorlton Place,2020,March,14,Thursday,02 Apr 2020,11:00,43,49,92,43,49,92,No Group
Manchester City Council - Chorlton,Chorlton Place,2020,March,14,Thursday,02 Apr 2020,12:00,63,64,127,63,64,127,No Group
Manchester City Council - Chorlton,Chorlton Place,2020,March,14,Thursday,02 Apr 2020,13:00,112,153,265,112,153,265,No Group
Manchester City Council - Chorlton,Chorlton Place,2020,March,14,Thursday,02 Apr 2020,14:00,51,78,129,51,78,129,No Group
Manchester City Council - Chorlton,Chorlton Place,2020,March,14,Thursday,02 Apr 2020,15:00,57,53,110,57,53,110,No Group
Manchester City Council - Chorlton,Chorlton Place,2020,March,14,Thursday,02 Apr 2020,16:00,41,46,87,41,46,87,No Group
Manchester City Council - Chorlton,Chorlton Place,2020,March,14,Thursday,02 Apr 2020,17:00,31,37,68,31,37,68,No Group
Manchester City Council - Chorlton,Chorlton Place,2020,March,14,Thursday,02 Apr 2020,18:00,34,26,60,34,26,60,No Group
Manchester City Council - Chorlton,Chorlton Place,2020,March,14,Thursday,02 Apr 2020,19:00,30,28,58,30,28,58,No Group
Manchester City Council - Chorlton,Chorlton Place,2020,March,14,Thursday,02 Apr 2020,20:00,24,20,44,24,20,44,No Group
Manchester City Council - Chorlton,Chorlton Place,2020,March,14,Thursday,02 Apr 2020,21:00,12,14,26,12,14,26,No Group
Manchester City Council - Chorlton,Chorlton Place,2020,March,14,Thursday,02 Apr 2020,22:00,6,3,9,6,3,9,No Group
Manchester City Council - Chorlton,Chorlton Place,2020,March,14,Thursday,02 Apr 2020,23:00,1,1,2,1,1,2,No Group
Manchester City Council - Chorlton,Chorlton Place,2020,March,14,Friday,03 Apr 2020,00:00,0,1,1,0,1,1,No Group
Manchester City Council - Chorlton,Chorlton Place,2020,March,14,Friday,03 Apr 2020,01:00,1,1,2,1,1,2,No Group
Manchester City Council - Chorlton,Chorlton Place,2020,March,14,Friday,03 Apr 2020,02:00,2,1,3,2,1,3,No Group
Manchester City Council - Chorlton,Chorlton Place,2020,March,14,Friday,03 Apr 2020,03:00,0,0,0,0,0,0,No Group
Manchester City Council - Chorlton,Chorlton Place,2020,March,14,Friday,03 Apr 2020,04:00,0,1,1,0,1,1,No Group
Manchester City Council - Chorlton,Chorlton Place,2020,March,14,Friday,03 Apr 2020,05:00,0,2,2,0,2,2,No Group
Manchester City Council - Chorlton,Chorlton Place,2020,March,14,Friday,03 Apr 2020,06:00,10,17,27,10,17,27,No Group
Manchester City Council - Chorlton,Chorlton Place,2020,March,14,Friday,03 Apr 2020,07:00,13,17,30,13,17,30,No Group
Manchester City Council - Chorlton,Chorlton Place,2020,March,14,Friday,03 Apr 2020,08:00,26,29,55,26,29,55,No Group
Manchester City Council - Chorlton,Chorlton Place,2020,March,14,Friday,03 Apr 2020,09:00,34,43,77,34,43,77,No Group
Manchester City Council - Chorlton,Chorlton Place,2020,March,14,Friday,03 Apr 2020,10:00,54,55,109,54,55,109,No Group
Manchester City Council - Chorlton,Chorlton Place,2020,March,14,Friday,03 Apr 2020,11:00,72,84,156,72,84,156,No Group
Manchester City Council - Chorlton,Chorlton Place,2020,March,14,Friday,03 Apr 2020,12:00,87,81,168,87,81,168,No Group
Manchester City Council - Chorlton,Chorlton Place,2020,March,14,Friday,03 Apr 2020,13:00,75,101,176,75,101,176,No Group
Manchester City Council - Chorlton,Chorlton Place,2020,March,14,Friday,03 Apr 2020,14:00,93,113,206,93,113,206,No Group
Manchester City Council - Chorlton,Chorlton Place,2020,March,14,Friday,03 Apr 2020,15:00,66,81,147,66,81,147,No Group
Manchester City Council - Chorlton,Chorlton Place,2020,March,14,Friday,03 Apr 2020,16:00,62,73,135,62,73,135,No Group
Manchester City Council - Chorlton,Chorlton Place,2020,March,14,Friday,03 Apr 2020,17:00,48,65,113,48,65,113,No Group
Manchester City Council - Chorlton,Chorlton Place,2020,March,14,Friday,03 Apr 2020,18:00,46,42,88,46,42,88,No Group
Manchester City Council - Chorlton,Chorlton Place,2020,March,14,Friday,03 Apr 2020,19:00,32,30,62,32,30,62,No Group
Manchester City Council - Chorlton,Chorlton Place,2020,March,14,Friday,03 Apr 2020,20:00,16,19,35,16,19,35,No Group
Manchester City Council - Chorlton,Chorlton Place,2020,March,14,Friday,03 Apr 2020,21:00,17,16,33,17,16,33,No Group
Manchester City Council - Chorlton,Chorlton Place,2020,March,14,Friday,03 Apr 2020,22:00,3,8,11,3,8,11,No Group
Manchester City Council - Chorlton,Chorlton Place,2020,March,14,Friday,03 Apr 2020,23:00,1,3,4,1,3,4,No Group
Manchester City Council - Chorlton,Chorlton Place,2020,March,14,Saturday,04 Apr 2020,00:00,2,0,2,2,0,2,No Group
Manchester City Council - Chorlton,Chorlton Place,2020,March,14,Saturday,04 Apr 2020,01:00,0,0,0,0,0,0,No Group
Manchester City Council - Chorlton,Chorlton Place,2020,March,14,Saturday,04 Apr 2020,02:00,0,0,0,0,0,0,No Group
Manchester City Council - Chorlton,Chorlton Place,2020,March,14,Saturday,04 Apr 2020,03:00,0,1,1,0,1,1,No Group
Manchester City Council - Chorlton,Chorlton Place,2020,March,14,Saturday,04 Apr 2020,04:00,0,1,1,0,1,1,No Group
Manchester City Council - Chorlton,Chorlton Place,2020,March,14,Saturday,04 Apr 2020,05:00,4,5,9,4,5,9,No Group
Manchester City Council - Chorlton,Chorlton Place,2020,March,14,Saturday,04 Apr 2020,06:00,4,4,8,4,4,8,No Group
Manchester City Council - Chorlton,Chorlton Place,2020,March,14,Saturday,04 Apr 2020,07:00,7,9,16,7,9,16,No Group
Manchester City Council - Chorlton,Chorlton Place,2020,March,14,Saturday,04 Apr 2020,08:00,20,28,48,20,28,48,No Group
Manchester City Council - Chorlton,Chorlton Place,2020,March,14,Saturday,04 Apr 2020,09:00,48,46,94,48,46,94,No Group
Manchester City Council - Chorlton,Chorlton Place,2020,March,14,Saturday,04 Apr 2020,10:00,50,52,102,50,52,102,No Group
Manchester City Council - Chorlton,Chorlton Place,2020,March,14,Saturday,04 Apr 2020,11:00,72,65,137,72,65,137,No Group
Manchester City Council - Chorlton,Chorlton Place,2020,March,14,Saturday,04 Apr 2020,12:00,57,59,116,57,59,116,No Group
Manchester City Council - Chorlton,Chorlton Place,2020,March,14,Saturday,04 Apr 2020,13:00,73,99,172,73,99,172,No Group
Manchester City Council - Chorlton,Chorlton Place,2020,March,14,Saturday,04 Apr 2020,14:00,76,87,163,76,87,163,No Group
Manchester City Council - Chorlton,Chorlton Place,2020,March,14,Saturday,04 Apr 2020,15:00,85,105,190,85,105,190,No Group
Manchester City Council - Chorlton,Chorlton Place,2020,March,14,Saturday,04 Apr 2020,16:00,72,65,137,72,65,137,No Group
Manchester City Council - Chorlton,Chorlton Place,2020,March,14,Saturday,04 Apr 2020,17:00,38,23,61,38,23,61,No Group
Manchester City Council - Chorlton,Chorlton Place,2020,March,14,Saturday,04 Apr 2020,18:00,29,36,65,29,36,65,No Group
Manchester City Council - Chorlton,Chorlton Place,2020,March,14,Saturday,04 Apr 2020,19:00,29,14,43,29,14,43,No Group
Manchester City Council - Chorlton,Chorlton Place,2020,March,14,Saturday,04 Apr 2020,20:00,16,19,35,16,19,35,No Group
Manchester City Council - Chorlton,Chorlton Place,2020,March,14,Saturday,04 Apr 2020,21:00,13,16,29,13,16,29,No Group
Manchester City Council - Chorlton,Chorlton Place,2020,March,14,Saturday,04 Apr 2020,22:00,6,5,11,6,5,11,No Group
Manchester City Council - Chorlton,Chorlton Place,2020,March,14,Saturday,04 Apr 2020,23:00,6,5,11,6,5,11,No Group
Manchester City Council - Chorlton,Chorlton Place,2020,March,14,Sunday,05 Apr 2020,00:00,1,1,2,1,1,2,No Group
Manchester City Council - Chorlton,Chorlton Place,2020,March,14,Sunday,05 Apr 2020,01:00,0,1,1,0,1,1,No Group
Manchester City Council - Chorlton,Chorlton Place,2020,March,14,Sunday,05 Apr 2020,02:00,0,0,0,0,0,0,No Group
Manchester City Council - Chorlton,Chorlton Place,2020,March,14,Sunday,05 Apr 2020,03:00,0,0,0,0,0,0,No Group
Manchester City Council - Chorlton,Chorlton Place,2020,March,14,Sunday,05 Apr 2020,04:00,0,0,0,0,0,0,No Group
Manchester City Council - Chorlton,Chorlton Place,2020,March,14,Sunday,05 Apr 2020,05:00,2,5,7,2,5,7,No Group
Manchester City Council - Chorlton,Chorlton Place,2020,March,14,Sunday,05 Apr 2020,06:00,2,2,4,2,2,4,No Group
Manchester City Council - Chorlton,Chorlton Place,2020,March,14,Sunday,05 Apr 2020,07:00,4,5,9,4,5,9,No Group
Manchester City Council - Chorlton,Chorlton Place,2020,March,14,Sunday,05 Apr 2020,08:00,12,10,22,12,10,22,No Group
Manchester City Council - Chorlton,Chorlton Place,2020,March,14,Sunday,05 Apr 2020,09:00,12,20,32,12,20,32,No Group
Manchester City Council - Chorlton,Chorlton Place,2020,March,14,Sunday,05 Apr 2020,10:00,21,56,77,21,56,77,No Group
Manchester City Council - Chorlton,Chorlton Place,2020,March,14,Sunday,05 Apr 2020,11:00,27,36,63,27,36,63,No Group
Manchester City Council - Chorlton,Chorlton Place,2020,March,14,Sunday,05 Apr 2020,12:00,46,65,111,46,65,111,No Group
Manchester City Council - Chorlton,Chorlton Place,2020,March,14,Sunday,05 Apr 2020,13:00,43,53,96,43,53,96,No Group
Manchester City Council - Chorlton,Chorlton Place,2020,March,14,Sunday,05 Apr 2020,14:00,39,32,71,39,32,71,No Group
Manchester City Council - Chorlton,Chorlton Place,2020,March,14,Sunday,05 Apr 2020,15:00,50,56,106,50,56,106,No Group
Manchester City Council - Chorlton,Chorlton Place,2020,March,14,Sunday,05 Apr 2020,16:00,35,36,71,35,36,71,No Group
Manchester City Council - Chorlton,Chorlton Place,2020,March,14,Sunday,05 Apr 2020,17:00,26,29,55,26,29,55,No Group
Manchester City Council - Chorlton,Chorlton Place,2020,March,14,Sunday,05 Apr 2020,18:00,13,23,36,13,23,36,No Group
Manchester City Council - Chorlton,Chorlton Place,2020,March,14,Sunday,05 Apr 2020,19:00,19,19,38,19,19,38,No Group
Manchester City Council - Chorlton,Chorlton Place,2020,March,14,Sunday,05 Apr 2020,20:00,10,15,25,10,15,25,No Group
Manchester City Council - Chorlton,Chorlton Place,2020,March,14,Sunday,05 Apr 2020,21:00,5,10,15,5,10,15,No Group
Manchester City Council - Chorlton,Chorlton Place,2020,March,14,Sunday,05 Apr 2020,22:00,6,1,7,6,1,7,No Group
Manchester City Council - Chorlton,Chorlton Place,2020,March,14,Sunday,05 Apr 2020,23:00,0,1,1,0,1,1,No Group
Manchester City Council - Chorlton,Chorlton Place,2020,April,15,Monday,06 Apr 2020,00:00,4,2,6,4,2,6,No Group
Manchester City Council - Chorlton,Chorlton Place,2020,April,15,Monday,06 Apr 2020,01:00,0,0,0,0,0,0,No Group
Manchester City Council - Chorlton,Chorlton Place,2020,April,15,Monday,06 Apr 2020,02:00,0,1,1,0,1,1,No Group
Manchester City Council - Chorlton,Chorlton Place,2020,April,15,Monday,06 Apr 2020,03:00,1,1,2,1,1,2,No Group
Manchester City Council - Chorlton,Chorlton Place,2020,April,15,Monday,06 Apr 2020,04:00,0,1,1,0,1,1,No Group
Manchester City Council - Chorlton,Chorlton Place,2020,April,15,Monday,06 Apr 2020,05:00,1,1,2,1,1,2,No Group
Manchester City Council - Chorlton,Chorlton Place,2020,April,15,Monday,06 Apr 2020,06:00,14,11,25,14,11,25,No Group
Manchester City Council - Chorlton,Chorlton Place,2020,April,15,Monday,06 Apr 2020,07:00,17,25,42,17,25,42,No Group
Manchester City Council - Chorlton,Chorlton Place,2020,April,15,Monday,06 Apr 2020,08:00,16,31,47,16,31,47,No Group
Manchester City Council - Chorlton,Chorlton Place,2020,April,15,Monday,06 Apr 2020,09:00,25,42,67,25,42,67,No Group
Manchester City Council - Chorlton,Chorlton Place,2020,April,15,Monday,06 Apr 2020,10:00,70,65,135,70,65,135,No Group
Manchester City Council - Chorlton,Chorlton Place,2020,April,15,Monday,06 Apr 2020,11:00,55,46,101,55,46,101,No Group
Manchester City Council - Chorlton,Chorlton Place,2020,April,15,Monday,06 Apr 2020,12:00,100,107,207,100,107,207,No Group
Manchester City Council - Chorlton,Chorlton Place,2020,April,15,Monday,06 Apr 2020,13:00,110,136,246,110,136,246,No Group
Manchester City Council - Chorlton,Chorlton Place,2020,April,15,Monday,06 Apr 2020,14:00,75,111,186,75,111,186,No Group
Manchester City Council - Chorlton,Chorlton Place,2020,April,15,Monday,06 Apr 2020,15:00,74,75,149,74,75,149,No Group
Manchester City Council - Chorlton,Chorlton Place,2020,April,15,Monday,06 Apr 2020,16:00,83,88,171,83,88,171,No Group
Manchester City Council - Chorlton,Chorlton Place,2020,April,15,Monday,06 Apr 2020,17:00,72,73,145,72,73,145,No Group
Manchester City Council - Chorlton,Chorlton Place,2020,April,15,Monday,06 Apr 2020,18:00,32,39,71,32,39,71,No Group
Manchester City Council - Chorlton,Chorlton Place,2020,April,15,Monday,06 Apr 2020,19:00,24,18,42,24,18,42,No Group
Manchester City Council - Chorlton,Chorlton Place,2020,April,15,Monday,06 Apr 2020,20:00,15,18,33,15,18,33,No Group
Manchester City Council - Chorlton,Chorlton Place,2020,April,15,Monday,06 Apr 2020,21:00,8,11,19,8,11,19,No Group
Manchester City Council - Chorlton,Chorlton Place,2020,April,15,Monday,06 Apr 2020,22:00,6,4,10,6,4,10,No Group
Manchester City Council - Chorlton,Chorlton Place,2020,April,15,Monday,06 Apr 2020,23:00,3,1,4,3,1,4,No Group
Manchester City Council - Chorlton,Chorlton Place,2020,April,15,Tuesday,07 Apr 2020,00:00,4,2,6,4,2,6,No Group
Manchester City Council - Chorlton,Chorlton Place,2020,April,15,Tuesday,07 Apr 2020,01:00,1,0,1,1,0,1,No Group
Manchester City Council - Chorlton,Chorlton Place,2020,April,15,Tuesday,07 Apr 2020,02:00,1,0,1,1,0,1,No Group
Manchester City Council - Chorlton,Chorlton Place,2020,April,15,Tuesday,07 Apr 2020,03:00,0,5,5,0,5,5,No Group
Manchester City Council - Chorlton,Chorlton Place,2020,April,15,Tuesday,07 Apr 2020,04:00,0,0,0,0,0,0,No Group
Manchester City Council - Chorlton,Chorlton Place,2020,April,15,Tuesday,07 Apr 2020,05:00,0,5,5,0,5,5,No Group
Manchester City Council - Chorlton,Chorlton Place,2020,April,15,Tuesday,07 Apr 2020,06:00,9,6,15,9,6,15,No Group
Manchester City Council - Chorlton,Chorlton Place,2020,April,15,Tuesday,07 Apr 2020,07:00,10,15,25,10,15,25,No Group
Manchester City Council - Chorlton,Chorlton Place,2020,April,15,Tuesday,07 Apr 2020,08:00,23,40,63,23,40,63,No Group
Manchester City Council - Chorlton,Chorlton Place,2020,April,15,Tuesday,07 Apr 2020,09:00,42,61,103,42,61,103,No Group
Manchester City Council - Chorlton,Chorlton Place,2020,April,15,Tuesday,07 Apr 2020,10:00,52,81,133,52,81,133,No Group
Manchester City Council - Chorlton,Chorlton Place,2020,April,15,Tuesday,07 Apr 2020,11:00,79,116,195,79,116,195,No Group
Manchester City Council - Chorlton,Chorlton Place,2020,April,15,Tuesday,07 Apr 2020,12:00,138,177,315,138,177,315,No Group
Manchester City Council - Chorlton,Chorlton Place,2020,April,15,Tuesday,07 Apr 2020,13:00,124,151,275,124,151,275,No Group
Manchester City Council - Chorlton,Chorlton Place,2020,April,15,Tuesday,07 Apr 2020,14:00,80,163,243,80,163,243,No Group
Manchester City Council - Chorlton,Chorlton Place,2020,April,15,Tuesday,07 Apr 2020,15:00,82,87,169,82,87,169,No Group
Manchester City Council - Chorlton,Chorlton Place,2020,April,15,Tuesday,07 Apr 2020,16:00,77,70,147,77,70,147,No Group
Manchester City Council - Chorlton,Chorlton Place,2020,April,15,Tuesday,07 Apr 2020,17:00,50,50,100,50,50,100,No Group
Manchester City Council - Chorlton,Chorlton Place,2020,April,15,Tuesday,07 Apr 2020,18:00,28,34,62,28,34,62,No Group
Manchester City Council - Chorlton,Chorlton Place,2020,April,15,Tuesday,07 Apr 2020,19:00,23,25,48,23,25,48,No Group
Manchester City Council - Chorlton,Chorlton Place,2020,April,15,Tuesday,07 Apr 2020,20:00,11,19,30,11,19,30,No Group
Manchester City Council - Chorlton,Chorlton Place,2020,April,15,Tuesday,07 Apr 2020,21:00,8,8,16,8,8,16,No Group
Manchester City Council - Chorlton,Chorlton Place,2020,April,15,Tuesday,07 Apr 2020,22:00,4,4,8,4,4,8,No Group
Manchester City Council - Chorlton,Chorlton Place,2020,April,15,Tuesday,07 Apr 2020,23:00,5,1,6,5,1,6,No Group
Manchester City Council - Chorlton,Chorlton Place,2020,April,15,Wednesday,08 Apr 2020,00:00,0,3,3,0,3,3,No Group
Manchester City Council - Chorlton,Chorlton Place,2020,April,15,Wednesday,08 Apr 2020,01:00,0,0,0,0,0,0,No Group
Manchester City Council - Chorlton,Chorlton Place,2020,April,15,Wednesday,08 Apr 2020,02:00,1,0,1,1,0,1,No Group
Manchester City Council - Chorlton,Chorlton Place,2020,April,15,Wednesday,08 Apr 2020,03:00,0,1,1,0,1,1,No Group
Manchester City Council - Chorlton,Chorlton Place,2020,April,15,Wednesday,08 Apr 2020,04:00,0,0,0,0,0,0,No Group
Manchester City Council - Chorlton,Chorlton Place,2020,April,15,Wednesday,08 Apr 2020,05:00,1,4,5,1,4,5,No Group
Manchester City Council - Chorlton,Chorlton Place,2020,April,15,Wednesday,08 Apr 2020,06:00,4,7,11,4,7,11,No Group
Manchester City Council - Chorlton,Chorlton Place,2020,April,15,Wednesday,08 Apr 2020,07:00,16,28,44,16,28,44,No Group
Manchester City Council - Chorlton,Chorlton Place,2020,April,15,Wednesday,08 Apr 2020,08:00,23,42,65,23,42,65,No Group
Manchester City Council - Chorlton,Chorlton Place,2020,April,15,Wednesday,08 Apr 2020,09:00,42,65,107,42,65,107,No Group
Manchester City Council - Chorlton,Chorlton Place,2020,April,15,Wednesday,08 Apr 2020,10:00,47,64,111,47,64,111,No Group
Manchester City Council - Chorlton,Chorlton Place,2020,April,15,Wednesday,08 Apr 2020,11:00,97,95,192,97,95,192,No Group
Manchester City Council - Chorlton,Chorlton Place,2020,April,15,Wednesday,08 Apr 2020,12:00,108,125,233,108,125,233,No Group
Manchester City Council - Chorlton,Chorlton Place,2020,April,15,Wednesday,08 Apr 2020,13:00,135,144,279,135,144,279,No Group
Manchester City Council - Chorlton,Chorlton Place,2020,April,15,Wednesday,08 Apr 2020,14:00,82,127,209,82,127,209,No Group
Manchester City Council - Chorlton,Chorlton Place,2020,April,15,Wednesday,08 Apr 2020,15:00,52,78,130,52,78,130,No Group
Manchester City Council - Chorlton,Chorlton Place,2020,April,15,Wednesday,08 Apr 2020,16:00,44,60,104,44,60,104,No Group
Manchester City Council - Chorlton,Chorlton Place,2020,April,15,Wednesday,08 Apr 2020,17:00,58,44,102,58,44,102,No Group
Manchester City Council - Chorlton,Chorlton Place,2020,April,15,Wednesday,08 Apr 2020,18:00,35,48,83,35,48,83,No Group
Manchester City Council - Chorlton,Chorlton Place,2020,April,15,Wednesday,08 Apr 2020,19:00,23,28,51,23,28,51,No Group
Manchester City Council - Chorlton,Chorlton Place,2020,April,15,Wednesday,08 Apr 2020,20:00,13,15,28,13,15,28,No Group
Manchester City Council - Chorlton,Chorlton Place,2020,April,15,Wednesday,08 Apr 2020,21:00,7,17,24,7,17,24,No Group
Manchester City Council - Chorlton,Chorlton Place,2020,April,15,Wednesday,08 Apr 2020,22:00,5,4,9,5,4,9,No Group
Manchester City Council - Chorlton,Chorlton Place,2020,April,15,Wednesday,08 Apr 2020,23:00,2,1,3,2,1,3,No Group
Manchester City Council - Chorlton,Chorlton Place,2020,April,15,Thursday,09 Apr 2020,00:00,2,2,4,2,2,4,No Group
Manchester City Council - Chorlton,Chorlton Place,2020,April,15,Thursday,09 Apr 2020,01:00,2,0,2,2,0,2,No Group
Manchester City Council - Chorlton,Chorlton Place,2020,April,15,Thursday,09 Apr 2020,02:00,0,0,0,0,0,0,No Group
Manchester City Council - Chorlton,Chorlton Place,2020,April,15,Thursday,09 Apr 2020,03:00,0,0,0,0,0,0,No Group
Manchester City Council - Chorlton,Chorlton Place,2020,April,15,Thursday,09 Apr 2020,04:00,0,1,1,0,1,1,No Group
Manchester City Council - Chorlton,Chorlton Place,2020,April,15,Thursday,09 Apr 2020,05:00,0,1,1,0,1,1,No Group
Manchester City Council - Chorlton,Chorlton Place,2020,April,15,Thursday,09 Apr 2020,06:00,8,12,20,8,12,20,No Group
Manchester City Council - Chorlton,Chorlton Place,2020,April,15,Thursday,09 Apr 2020,07:00,15,20,35,15,20,35,No Group
Manchester City Council - Chorlton,Chorlton Place,2020,April,15,Thursday,09 Apr 2020,08:00,26,45,71,26,45,71,No Group
Manchester City Council - Chorlton,Chorlton Place,2020,April,15,Thursday,09 Apr 2020,09:00,28,53,81,28,53,81,No Group
Manchester City Council - Chorlton,Chorlton Place,2020,April,15,Thursday,09 Apr 2020,10:00,68,96,164,68,96,164,No Group
Manchester City Council - Chorlton,Chorlton Place,2020,April,15,Thursday,09 Apr 2020,11:00,84,106,190,84,106,190,No Group
Manchester City Council - Chorlton,Chorlton Place,2020,April,15,Thursday,09 Apr 2020,12:00,139,155,294,139,155,294,No Group
Manchester City Council - Chorlton,Chorlton Place,2020,April,15,Thursday,09 Apr 2020,13:00,96,169,265,96,169,265,No Group
Manchester City Council - Chorlton,Chorlton Place,2020,April,15,Thursday,09 Apr 2020,14:00,76,78,154,76,78,154,No Group
Manchester City Council - Chorlton,Chorlton Place,2020,April,15,Thursday,09 Apr 2020,15:00,66,63,129,66,63,129,No Group
Manchester City Council - Chorlton,Chorlton Place,2020,April,15,Thursday,09 Apr 2020,16:00,60,54,114,60,54,114,No Group
Manchester City Council - Chorlton,Chorlton Place,2020,April,15,Thursday,09 Apr 2020,17:00,31,38,69,31,38,69,No Group
Manchester City Council - Chorlton,Chorlton Place,2020,April,15,Thursday,09 Apr 2020,18:00,21,32,53,21,32,53,No Group
Manchester City Council - Chorlton,Chorlton Place,2020,April,15,Thursday,09 Apr 2020,19:00,24,19,43,24,19,43,No Group
Manchester City Council - Chorlton,Chorlton Place,2020,April,15,Thursday,09 Apr 2020,20:00,18,16,34,18,16,34,No Group
Manchester City Council - Chorlton,Chorlton Place,2020,April,15,Thursday,09 Apr 2020,21:00,9,13,22,9,13,22,No Group
Manchester City Council - Chorlton,Chorlton Place,2020,April,15,Thursday,09 Apr 2020,22:00,7,3,10,7,3,10,No Group
Manchester City Council - Chorlton,Chorlton Place,2020,April,15,Thursday,09 Apr 2020,23:00,2,6,8,2,6,8,No Group
Manchester City Council - Chorlton,Chorlton Place,2020,April,15,Friday,10 Apr 2020,00:00,2,4,6,2,4,6,No Group
Manchester City Council - Chorlton,Chorlton Place,2020,April,15,Friday,10 Apr 2020,01:00,2,1,3,2,1,3,No Group
Manchester City Council - Chorlton,Chorlton Place,2020,April,15,Friday,10 Apr 2020,02:00,0,0,0,0,0,0,No Group
Manchester City Council - Chorlton,Chorlton Place,2020,April,15,Friday,10 Apr 2020,03:00,0,0,0,0,0,0,No Group
Manchester City Council - Chorlton,Chorlton Place,2020,April,15,Friday,10 Apr 2020,04:00,0,0,0,0,0,0,No Group
Manchester City Council - Chorlton,Chorlton Place,2020,April,15,Friday,10 Apr 2020,05:00,1,0,1,1,0,1,No Group
Manchester City Council - Chorlton,Chorlton Place,2020,April,15,Friday,10 Apr 2020,06:00,2,3,5,2,3,5,No Group
Manchester City Council - Chorlton,Chorlton Place,2020,April,15,Friday,10 Apr 2020,07:00,14,15,29,14,15,29,No Group
Manchester City Council - Chorlton,Chorlton Place,2020,April,15,Friday,10 Apr 2020,08:00,23,31,54,23,31,54,No Group
Manchester City Council - Chorlton,Chorlton Place,2020,April,15,Friday,10 Apr 2020,09:00,28,35,63,28,35,63,No Group
Manchester City Council - Chorlton,Chorlton Place,2020,April,15,Friday,10 Apr 2020,10:00,39,54,93,39,54,93,No Group
Manchester City Council - Chorlton,Chorlton Place,2020,April,15,Friday,10 Apr 2020,11:00,81,93,174,81,93,174,No Group
Manchester City Council - Chorlton,Chorlton Place,2020,April,15,Friday,10 Apr 2020,12:00,95,135,230,95,135,230,No Group
Manchester City Council - Chorlton,Chorlton Place,2020,April,15,Friday,10 Apr 2020,13:00,112,140,252,112,140,252,No Group
Manchester City Council - Chorlton,Chorlton Place,2020,April,15,Friday,10 Apr 2020,14:00,78,58,136,78,58,136,No Group
Manchester City Council - Chorlton,Chorlton Place,2020,April,15,Friday,10 Apr 2020,15:00,60,60,120,60,60,120,No Group
Manchester City Council - Chorlton,Chorlton Place,2020,April,15,Friday,10 Apr 2020,16:00,45,46,91,45,46,91,No Group
Manchester City Council - Chorlton,Chorlton Place,2020,April,15,Friday,10 Apr 2020,17:00,45,45,90,45,45,90,No Group
Manchester City Council - Chorlton,Chorlton Place,2020,April,15,Friday,10 Apr 2020,18:00,33,28,61,33,28,61,No Group
Manchester City Council - Chorlton,Chorlton Place,2020,April,15,Friday,10 Apr 2020,19:00,23,27,50,23,27,50,No Group
Manchester City Council - Chorlton,Chorlton Place,2020,April,15,Friday,10 Apr 2020,20:00,8,16,24,8,16,24,No Group
Manchester City Council - Chorlton,Chorlton Place,2020,April,15,Friday,10 Apr 2020,21:00,6,10,16,6,10,16,No Group
Manchester City Council - Chorlton,Chorlton Place,2020,April,15,Friday,10 Apr 2020,22:00,7,6,13,7,6,13,No Group
Manchester City Council - Chorlton,Chorlton Place,2020,April,15,Friday,10 Apr 2020,23:00,1,1,2,1,1,2,No Group
Manchester City Council - Chorlton,Chorlton Place,2020,April,15,Saturday,11 Apr 2020,00:00,0,1,1,0,1,1,No Group
Manchester City Council - Chorlton,Chorlton Place,2020,April,15,Saturday,11 Apr 2020,01:00,0,0,0,0,0,0,No Group
Manchester City Council - Chorlton,Chorlton Place,2020,April,15,Saturday,11 Apr 2020,02:00,0,0,0,0,0,0,No Group
Manchester City Council - Chorlton,Chorlton Place,2020,April,15,Saturday,11 Apr 2020,03:00,0,0,0,0,0,0,No Group
Manchester City Council - Chorlton,Chorlton Place,2020,April,15,Saturday,11 Apr 2020,04:00,0,1,1,0,1,1,No Group
Manchester City Council - Chorlton,Chorlton Place,2020,April,15,Saturday,11 Apr 2020,05:00,3,3,6,3,3,6,No Group
Manchester City Council - Chorlton,Chorlton Place,2020,April,15,Saturday,11 Apr 2020,06:00,7,10,17,7,10,17,No Group
Manchester City Council - Chorlton,Chorlton Place,2020,April,15,Saturday,11 Apr 2020,07:00,7,15,22,7,15,22,No Group
Manchester City Council - Chorlton,Chorlton Place,2020,April,15,Saturday,11 Apr 2020,08:00,30,35,65,30,35,65,No Group
Manchester City Council - Chorlton,Chorlton Place,2020,April,15,Saturday,11 Apr 2020,09:00,54,76,130,54,76,130,No Group
Manchester City Council - Chorlton,Chorlton Place,2020,April,15,Saturday,11 Apr 2020,10:00,67,111,178,67,111,178,No Group
Manchester City Council - Chorlton,Chorlton Place,2020,April,15,Saturday,11 Apr 2020,11:00,91,105,196,91,105,196,No Group
Manchester City Council - Chorlton,Chorlton Place,2020,April,15,Saturday,11 Apr 2020,12:00,137,165,302,137,165,302,No Group
Manchester City Council - Chorlton,Chorlton Place,2020,April,15,Saturday,11 Apr 2020,13:00,122,151,273,122,151,273,No Group
Manchester City Council - Chorlton,Chorlton Place,2020,April,15,Saturday,11 Apr 2020,14:00,154,153,307,154,153,307,No Group
Manchester City Council - Chorlton,Chorlton Place,2020,April,15,Saturday,11 Apr 2020,15:00,95,95,190,95,95,190,No Group
Manchester City Council - Chorlton,Chorlton Place,2020,April,15,Saturday,11 Apr 2020,16:00,80,78,158,80,78,158,No Group
Manchester City Council - Chorlton,Chorlton Place,2020,April,15,Saturday,11 Apr 2020,17:00,40,44,84,40,44,84,No Group
Manchester City Council - Chorlton,Chorlton Place,2020,April,15,Saturday,11 Apr 2020,18:00,34,19,53,34,19,53,No Group
Manchester City Council - Chorlton,Chorlton Place,2020,April,15,Saturday,11 Apr 2020,19:00,14,20,34,14,20,34,No Group
Manchester City Council - Chorlton,Chorlton Place,2020,April,15,Saturday,11 Apr 2020,20:00,19,30,49,19,30,49,No Group
Manchester City Council - Chorlton,Chorlton Place,2020,April,15,Saturday,11 Apr 2020,21:00,9,14,23,9,14,23,No Group
Manchester City Council - Chorlton,Chorlton Place,2020,April,15,Saturday,11 Apr 2020,22:00,5,7,12,5,7,12,No Group
Manchester City Council - Chorlton,Chorlton Place,2020,April,15,Saturday,11 Apr 2020,23:00,4,5,9,4,5,9,No Group
Manchester City Council - Chorlton,Chorlton Place,2020,April,15,Sunday,12 Apr 2020,00:00,1,1,2,1,1,2,No Group
Manchester City Council - Chorlton,Chorlton Place,2020,April,15,Sunday,12 Apr 2020,01:00,0,0,0,0,0,0,No Group
Manchester City Council - Chorlton,Chorlton Place,2020,April,15,Sunday,12 Apr 2020,02:00,0,0,0,0,0,0,No Group
Manchester City Council - Chorlton,Chorlton Place,2020,April,15,Sunday,12 Apr 2020,03:00,0,0,0,0,0,0,No Group
Manchester City Council - Chorlton,Chorlton Place,2020,April,15,Sunday,12 Apr 2020,04:00,0,0,0,0,0,0,No Group
Manchester City Council - Chorlton,Chorlton Place,2020,April,15,Sunday,12 Apr 2020,05:00,1,1,2,1,1,2,No Group
Manchester City Council - Chorlton,Chorlton Place,2020,April,15,Sunday,12 Apr 2020,06:00,0,2,2,0,2,2,No Group
Manchester City Council - Chorlton,Chorlton Place,2020,April,15,Sunday,12 Apr 2020,07:00,7,5,12,7,5,12,No Group
Manchester City Council - Chorlton,Chorlton Place,2020,April,15,Sunday,12 Apr 2020,08:00,6,8,14,6,8,14,No Group
Manchester City Council - Chorlton,Chorlton Place,2020,April,15,Sunday,12 Apr 2020,09:00,17,13,30,17,13,30,No Group
Manchester City Council - Chorlton,Chorlton Place,2020,April,15,Sunday,12 Apr 2020,10:00,26,25,51,26,25,51,No Group
Manchester City Council - Chorlton,Chorlton Place,2020,April,15,Sunday,12 Apr 2020,11:00,24,36,60,24,36,60,No Group
Manchester City Council - Chorlton,Chorlton Place,2020,April,15,Sunday,12 Apr 2020,12:00,37,43,80,37,43,80,No Group
Manchester City Council - Chorlton,Chorlton Place,2020,April,15,Sunday,12 Apr 2020,13:00,36,42,78,36,42,78,No Group
Manchester City Council - Chorlton,Chorlton Place,2020,April,15,Sunday,12 Apr 2020,14:00,30,40,70,30,40,70,No Group
Manchester City Council - Chorlton,Chorlton Place,2020,April,15,Sunday,12 Apr 2020,15:00,42,37,79,42,37,79,No Group
Manchester City Council - Chorlton,Chorlton Place,2020,April,15,Sunday,12 Apr 2020,16:00,37,32,69,37,32,69,No Group
Manchester City Council - Chorlton,Chorlton Place,2020,April,15,Sunday,12 Apr 2020,17:00,11,32,43,11,32,43,No Group
Manchester City Council - Chorlton,Chorlton Place,2020,April,15,Sunday,12 Apr 2020,18:00,13,17,30,13,17,30,No Group
Manchester City Council - Chorlton,Chorlton Place,2020,April,15,Sunday,12 Apr 2020,19:00,11,11,22,11,11,22,No Group
Manchester City Council - Chorlton,Chorlton Place,2020,April,15,Sunday,12 Apr 2020,20:00,9,9,18,9,9,18,No Group
Manchester City Council - Chorlton,Chorlton Place,2020,April,15,Sunday,12 Apr 2020,21:00,5,6,11,5,6,11,No Group
Manchester City Council - Chorlton,Chorlton Place,2020,April,15,Sunday,12 Apr 2020,22:00,4,5,9,4,5,9,No Group
Manchester City Council - Chorlton,Chorlton Place,2020,April,15,Sunday,12 Apr 2020,23:00,4,1,5,4,1,5,No Group
Manchester City Council - Chorlton,Chorlton Place,2020,April,16,Monday,13 Apr 2020,00:00,2,1,3,2,1,3,No Group
Manchester City Council - Chorlton,Chorlton Place,2020,April,16,Monday,13 Apr 2020,01:00,1,2,3,1,2,3,No Group
Manchester City Council - Chorlton,Chorlton Place,2020,April,16,Monday,13 Apr 2020,02:00,0,0,0,0,0,0,No Group
Manchester City Council - Chorlton,Chorlton Place,2020,April,16,Monday,13 Apr 2020,03:00,0,0,0,0,0,0,No Group
Manchester City Council - Chorlton,Chorlton Place,2020,April,16,Monday,13 Apr 2020,04:00,0,0,0,0,0,0,No Group
Manchester City Council - Chorlton,Chorlton Place,2020,April,16,Monday,13 Apr 2020,05:00,0,0,0,0,0,0,No Group
Manchester City Council - Chorlton,Chorlton Place,2020,April,16,Monday,13 Apr 2020,06:00,3,4,7,3,4,7,No Group
Manchester City Council - Chorlton,Chorlton Place,2020,April,16,Monday,13 Apr 2020,07:00,7,10,17,7,10,17,No Group
Manchester City Council - Chorlton,Chorlton Place,2020,April,16,Monday,13 Apr 2020,08:00,19,19,38,19,19,38,No Group
Manchester City Council - Chorlton,Chorlton Place,2020,April,16,Monday,13 Apr 2020,09:00,18,31,49,18,31,49,No Group
Manchester City Council - Chorlton,Chorlton Place,2020,April,16,Monday,13 Apr 2020,10:00,32,55,87,32,55,87,No Group
Manchester City Council - Chorlton,Chorlton Place,2020,April,16,Monday,13 Apr 2020,11:00,38,68,106,38,68,106,No Group
Manchester City Council - Chorlton,Chorlton Place,2020,April,16,Monday,13 Apr 2020,12:00,80,103,183,80,103,183,No Group
Manchester City Council - Chorlton,Chorlton Place,2020,April,16,Monday,13 Apr 2020,13:00,85,126,211,85,126,211,No Group
Manchester City Council - Chorlton,Chorlton Place,2020,April,16,Monday,13 Apr 2020,14:00,110,116,226,110,116,226,No Group
Manchester City Council - Chorlton,Chorlton Place,2020,April,16,Monday,13 Apr 2020,15:00,71,77,148,71,77,148,No Group
Manchester City Council - Chorlton,Chorlton Place,2020,April,16,Monday,13 Apr 2020,16:00,39,50,89,39,50,89,No Group
Manchester City Council - Chorlton,Chorlton Place,2020,April,16,Monday,13 Apr 2020,17:00,29,52,81,29,52,81,No Group
Manchester City Council - Chorlton,Chorlton Place,2020,April,16,Monday,13 Apr 2020,18:00,38,38,76,38,38,76,No Group
Manchester City Council - Chorlton,Chorlton Place,2020,April,16,Monday,13 Apr 2020,19:00,22,19,41,22,19,41,No Group
Manchester City Council - Chorlton,Chorlton Place,2020,April,16,Monday,13 Apr 2020,20:00,8,9,17,8,9,17,No Group
Manchester City Council - Chorlton,Chorlton Place,2020,April,16,Monday,13 Apr 2020,21:00,6,9,15,6,9,15,No Group
Manchester City Council - Chorlton,Chorlton Place,2020,April,16,Monday,13 Apr 2020,22:00,3,5,8,3,5,8,No Group
Manchester City Council - Chorlton,Chorlton Place,2020,April,16,Monday,13 Apr 2020,23:00,5,3,8,5,3,8,No Group
Manchester City Council - Chorlton,Chorlton Place,2020,April,16,Tuesday,14 Apr 2020,00:00,0,0,0,0,0,0,No Group
Manchester City Council - Chorlton,Chorlton Place,2020,April,16,Tuesday,14 Apr 2020,01:00,0,0,0,0,0,0,No Group
Manchester City Council - Chorlton,Chorlton Place,2020,April,16,Tuesday,14 Apr 2020,02:00,0,1,1,0,1,1,No Group
Manchester City Council - Chorlton,Chorlton Place,2020,April,16,Tuesday,14 Apr 2020,03:00,0,0,0,0,0,0,No Group
Manchester City Council - Chorlton,Chorlton Place,2020,April,16,Tuesday,14 Apr 2020,04:00,0,0,0,0,0,0,No Group
Manchester City Council - Chorlton,Chorlton Place,2020,April,16,Tuesday,14 Apr 2020,05:00,0,3,3,0,3,3,No Group
Manchester City Council - Chorlton,Chorlton Place,2020,April,16,Tuesday,14 Apr 2020,06:00,13,13,26,13,13,26,No Group
Manchester City Council - Chorlton,Chorlton Place,2020,April,16,Tuesday,14 Apr 2020,07:00,12,18,30,12,18,30,No Group
Manchester City Council - Chorlton,Chorlton Place,2020,April,16,Tuesday,14 Apr 2020,08:00,32,38,70,32,38,70,No Group
Manchester City Council - Chorlton,Chorlton Place,2020,April,16,Tuesday,14 Apr 2020,09:00,41,62,103,41,62,103,No Group
Manchester City Council - Chorlton,Chorlton Place,2020,April,16,Tuesday,14 Apr 2020,10:00,67,70,137,67,70,137,No Group
Manchester City Council - Chorlton,Chorlton Place,2020,April,16,Tuesday,14 Apr 2020,11:00,105,140,245,105,140,245,No Group
Manchester City Council - Chorlton,Chorlton Place,2020,April,16,Tuesday,14 Apr 2020,12:00,142,193,335,142,193,335,No Group
Manchester City Council - Chorlton,Chorlton Place,2020,April,16,Tuesday,14 Apr 2020,13:00,164,171,335,164,171,335,No Group
Manchester City Council - Chorlton,Chorlton Place,2020,April,16,Tuesday,14 Apr 2020,14:00,101,140,241,101,140,241,No Group
Manchester City Council - Chorlton,Chorlton Place,2020,April,16,Tuesday,14 Apr 2020,15:00,69,76,145,69,76,145,No Group
Manchester City Council - Chorlton,Chorlton Place,2020,April,16,Tuesday,14 Apr 2020,16:00,91,76,167,91,76,167,No Group
Manchester City Council - Chorlton,Chorlton Place,2020,April,16,Tuesday,14 Apr 2020,17:00,65,64,129,65,64,129,No Group
Manchester City Council - Chorlton,Chorlton Place,2020,April,16,Tuesday,14 Apr 2020,18:00,27,51,78,27,51,78,No Group
Manchester City Council - Chorlton,Chorlton Place,2020,April,16,Tuesday,14 Apr 2020,19:00,17,26,43,17,26,43,No Group
Manchester City Council - Chorlton,Chorlton Place,2020,April,16,Tuesday,14 Apr 2020,20:00,22,15,37,22,15,37,No Group
Manchester City Council - Chorlton,Chorlton Place,2020,April,16,Tuesday,14 Apr 2020,21:00,15,15,30,15,15,30,No Group
Manchester City Council - Chorlton,Chorlton Place,2020,April,16,Tuesday,14 Apr 2020,22:00,5,7,12,5,7,12,No Group
Manchester City Council - Chorlton,Chorlton Place,2020,April,16,Tuesday,14 Apr 2020,23:00,1,1,2,1,1,2,No Group
Manchester City Council - Chorlton,Chorlton Place,2020,April,16,Wednesday,15 Apr 2020,00:00,1,2,3,1,2,3,No Group
Manchester City Council - Chorlton,Chorlton Place,2020,April,16,Wednesday,15 Apr 2020,01:00,0,0,0,0,0,0,No Group
Manchester City Council - Chorlton,Chorlton Place,2020,April,16,Wednesday,15 Apr 2020,02:00,0,0,0,0,0,0,No Group
Manchester City Council - Chorlton,Chorlton Place,2020,April,16,Wednesday,15 Apr 2020,03:00,0,1,1,0,1,1,No Group
Manchester City Council - Chorlton,Chorlton Place,2020,April,16,Wednesday,15 Apr 2020,04:00,0,0,0,0,0,0,No Group
Manchester City Council - Chorlton,Chorlton Place,2020,April,16,Wednesday,15 Apr 2020,05:00,0,3,3,0,3,3,No Group
Manchester City Council - Chorlton,Chorlton Place,2020,April,16,Wednesday,15 Apr 2020,06:00,10,12,22,10,12,22,No Group
Manchester City Council - Chorlton,Chorlton Place,2020,April,16,Wednesday,15 Apr 2020,07:00,12,22,34,12,22,34,No Group
Manchester City Council - Chorlton,Chorlton Place,2020,April,16,Wednesday,15 Apr 2020,08:00,28,34,62,28,34,62,No Group
Manchester City Council - Chorlton,Chorlton Place,2020,April,16,Wednesday,15 Apr 2020,09:00,34,52,86,34,52,86,No Group
Manchester City Council - Chorlton,Chorlton Place,2020,April,16,Wednesday,15 Apr 2020,10:00,65,79,144,65,79,144,No Group
Manchester City Council - Chorlton,Chorlton Place,2020,April,16,Wednesday,15 Apr 2020,11:00,92,92,184,92,92,184,No Group
Manchester City Council - Chorlton,Chorlton Place,2020,April,16,Wednesday,15 Apr 2020,12:00,145,153,298,145,153,298,No Group
Manchester City Council - Chorlton,Chorlton Place,2020,April,16,Wednesday,15 Apr 2020,13:00,136,172,308,136,172,308,No Group
Manchester City Council - Chorlton,Chorlton Place,2020,April,16,Wednesday,15 Apr 2020,14:00,110,151,261,110,151,261,No Group
Manchester City Council - Chorlton,Chorlton Place,2020,April,16,Wednesday,15 Apr 2020,15:00,69,59,128,69,59,128,No Group
Manchester City Council - Chorlton,Chorlton Place,2020,April,16,Wednesday,15 Apr 2020,16:00,52,65,117,52,65,117,No Group
Manchester City Council - Chorlton,Chorlton Place,2020,April,16,Wednesday,15 Apr 2020,17:00,55,72,127,55,72,127,No Group
Manchester City Council - Chorlton,Chorlton Place,2020,April,16,Wednesday,15 Apr 2020,18:00,42,43,85,42,43,85,No Group
Manchester City Council - Chorlton,Chorlton Place,2020,April,16,Wednesday,15 Apr 2020,19:00,26,21,47,26,21,47,No Group
Manchester City Council - Chorlton,Chorlton Place,2020,April,16,Wednesday,15 Apr 2020,20:00,23,18,41,23,18,41,No Group
Manchester City Council - Chorlton,Chorlton Place,2020,April,16,Wednesday,15 Apr 2020,21:00,10,10,20,10,10,20,No Group
Manchester City Council - Chorlton,Chorlton Place,2020,April,16,Wednesday,15 Apr 2020,22:00,12,9,21,12,9,21,No Group
Manchester City Council - Chorlton,Chorlton Place,2020,April,16,Wednesday,15 Apr 2020,23:00,2,2,4,2,2,4,No Group
Manchester City Council - Chorlton,Chorlton Place,2020,April,16,Thursday,16 Apr 2020,00:00,2,1,3,2,1,3,No Group
Manchester City Council - Chorlton,Chorlton Place,2020,April,16,Thursday,16 Apr 2020,01:00,1,1,2,1,1,2,No Group
Manchester City Council - Chorlton,Chorlton Place,2020,April,16,Thursday,16 Apr 2020,02:00,0,0,0,0,0,0,No Group
Manchester City Council - Chorlton,Chorlton Place,2020,April,16,Thursday,16 Apr 2020,03:00,0,0,0,0,0,0,No Group
Manchester City Council - Chorlton,Chorlton Place,2020,April,16,Thursday,16 Apr 2020,04:00,2,0,2,2,0,2,No Group
Manchester City Council - Chorlton,Chorlton Place,2020,April,16,Thursday,16 Apr 2020,05:00,0,2,2,0,2,2,No Group
Manchester City Council - Chorlton,Chorlton Place,2020,April,16,Thursday,16 Apr 2020,06:00,9,13,22,9,13,22,No Group
Manchester City Council - Chorlton,Chorlton Place,2020,April,16,Thursday,16 Apr 2020,07:00,19,11,30,19,11,30,No Group
Manchester City Council - Chorlton,Chorlton Place,2020,April,16,Thursday,16 Apr 2020,08:00,25,32,57,25,32,57,No Group
Manchester City Council - Chorlton,Chorlton Place,2020,April,16,Thursday,16 Apr 2020,09:00,45,54,99,45,54,99,No Group
Manchester City Council - Chorlton,Chorlton Place,2020,April,16,Thursday,16 Apr 2020,10:00,54,75,129,54,75,129,No Group
Manchester City Council - Chorlton,Chorlton Place,2020,April,16,Thursday,16 Apr 2020,11:00,88,107,195,88,107,195,No Group
Manchester City Council - Chorlton,Chorlton Place,2020,April,16,Thursday,16 Apr 2020,12:00,122,167,289,122,167,289,No Group
Manchester City Council - Chorlton,Chorlton Place,2020,April,16,Thursday,16 Apr 2020,13:00,152,165,317,152,165,317,No Group
Manchester City Council - Chorlton,Chorlton Place,2020,April,16,Thursday,16 Apr 2020,14:00,87,97,184,87,97,184,No Group
Manchester City Council - Chorlton,Chorlton Place,2020,April,16,Thursday,16 Apr 2020,15:00,70,56,126,70,56,126,No Group
Manchester City Council - Chorlton,Chorlton Place,2020,April,16,Thursday,16 Apr 2020,16:00,54,38,92,54,38,92,No Group
Manchester City Council - Chorlton,Chorlton Place,2020,April,16,Thursday,16 Apr 2020,17:00,41,47,88,41,47,88,No Group
Manchester City Council - Chorlton,Chorlton Place,2020,April,16,Thursday,16 Apr 2020,18:00,39,37,76,39,37,76,No Group
Manchester City Council - Chorlton,Chorlton Place,2020,April,16,Thursday,16 Apr 2020,19:00,21,23,44,21,23,44,No Group
Manchester City Council - Chorlton,Chorlton Place,2020,April,16,Thursday,16 Apr 2020,20:00,10,17,27,10,17,27,No Group
Manchester City Council - Chorlton,Chorlton Place,2020,April,16,Thursday,16 Apr 2020,21:00,13,11,24,13,11,24,No Group
Manchester City Council - Chorlton,Chorlton Place,2020,April,16,Thursday,16 Apr 2020,22:00,3,7,10,3,7,10,No Group
Manchester City Council - Chorlton,Chorlton Place,2020,April,16,Thursday,16 Apr 2020,23:00,1,3,4,1,3,4,No Group
Manchester City Council - Chorlton,Chorlton Place,2020,April,16,Friday,17 Apr 2020,00:00,0,0,0,0,0,0,No Group
Manchester City Council - Chorlton,Chorlton Place,2020,April,16,Friday,17 Apr 2020,01:00,0,2,2,0,2,2,No Group
Manchester City Council - Chorlton,Chorlton Place,2020,April,16,Friday,17 Apr 2020,02:00,0,0,0,0,0,0,No Group
Manchester City Council - Chorlton,Chorlton Place,2020,April,16,Friday,17 Apr 2020,03:00,0,0,0,0,0,0,No Group
Manchester City Council - Chorlton,Chorlton Place,2020,April,16,Friday,17 Apr 2020,04:00,0,0,0,0,0,0,No Group
Manchester City Council - Chorlton,Chorlton Place,2020,April,16,Friday,17 Apr 2020,05:00,0,4,4,0,4,4,No Group
Manchester City Council - Chorlton,Chorlton Place,2020,April,16,Friday,17 Apr 2020,06:00,11,15,26,11,15,26,No Group
Manchester City Council - Chorlton,Chorlton Place,2020,April,16,Friday,17 Apr 2020,07:00,14,15,29,14,15,29,No Group
Manchester City Council - Chorlton,Chorlton Place,2020,April,16,Friday,17 Apr 2020,08:00,46,35,81,46,35,81,No Group
Manchester City Council - Chorlton,Chorlton Place,2020,April,16,Friday,17 Apr 2020,09:00,42,67,109,42,67,109,No Group
Manchester City Council - Chorlton,Chorlton Place,2020,April,16,Friday,17 Apr 2020,10:00,60,67,127,60,67,127,No Group
Manchester City Council - Chorlton,Chorlton Place,2020,April,16,Friday,17 Apr 2020,11:00,94,119,213,94,119,213,No Group
Manchester City Council - Chorlton,Chorlton Place,2020,April,16,Friday,17 Apr 2020,12:00,180,208,388,180,208,388,No Group
Manchester City Council - Chorlton,Chorlton Place,2020,April,16,Friday,17 Apr 2020,13:00,130,181,311,130,181,311,No Group
Manchester City Council - Chorlton,Chorlton Place,2020,April,16,Friday,17 Apr 2020,14:00,77,103,180,77,103,180,No Group
Manchester City Council - Chorlton,Chorlton Place,2020,April,16,Friday,17 Apr 2020,15:00,89,108,197,89,108,197,No Group
Manchester City Council - Chorlton,Chorlton Place,2020,April,16,Friday,17 Apr 2020,16:00,75,85,160,75,85,160,No Group
Manchester City Council - Chorlton,Chorlton Place,2020,April,16,Friday,17 Apr 2020,17:00,45,45,90,45,45,90,No Group
Manchester City Council - Chorlton,Chorlton Place,2020,April,16,Friday,17 Apr 2020,18:00,34,44,78,34,44,78,No Group
Manchester City Council - Chorlton,Chorlton Place,2020,April,16,Friday,17 Apr 2020,19:00,27,19,46,27,19,46,No Group
Manchester City Council - Chorlton,Chorlton Place,2020,April,16,Friday,17 Apr 2020,20:00,17,14,31,17,14,31,No Group
Manchester City Council - Chorlton,Chorlton Place,2020,April,16,Friday,17 Apr 2020,21:00,11,17,28,11,17,28,No Group
Manchester City Council - Chorlton,Chorlton Place,2020,April,16,Friday,17 Apr 2020,22:00,6,3,9,6,3,9,No Group
Manchester City Council - Chorlton,Chorlton Place,2020,April,16,Friday,17 Apr 2020,23:00,0,0,0,0,0,0,No Group
Manchester City Council - Chorlton,Chorlton Place,2020,April,16,Saturday,18 Apr 2020,00:00,2,3,5,2,3,5,No Group
Manchester City Council - Chorlton,Chorlton Place,2020,April,16,Saturday,18 Apr 2020,01:00,0,0,0,0,0,0,No Group
Manchester City Council - Chorlton,Chorlton Place,2020,April,16,Saturday,18 Apr 2020,02:00,0,1,1,0,1,1,No Group
Manchester City Council - Chorlton,Chorlton Place,2020,April,16,Saturday,18 Apr 2020,03:00,0,1,1,0,1,1,No Group
Manchester City Council - Chorlton,Chorlton Place,2020,April,16,Saturday,18 Apr 2020,04:00,0,0,0,0,0,0,No Group
Manchester City Council - Chorlton,Chorlton Place,2020,April,16,Saturday,18 Apr 2020,05:00,1,5,6,1,5,6,No Group
Manchester City Council - Chorlton,Chorlton Place,2020,April,16,Saturday,18 Apr 2020,06:00,6,9,15,6,9,15,No Group
Manchester City Council - Chorlton,Chorlton Place,2020,April,16,Saturday,18 Apr 2020,07:00,9,10,19,9,10,19,No Group
Manchester City Council - Chorlton,Chorlton Place,2020,April,16,Saturday,18 Apr 2020,08:00,18,35,53,18,35,53,No Group
Manchester City Council - Chorlton,Chorlton Place,2020,April,16,Saturday,18 Apr 2020,09:00,40,42,82,40,42,82,No Group
Manchester City Council - Chorlton,Chorlton Place,2020,April,16,Saturday,18 Apr 2020,10:00,42,55,97,42,55,97,No Group
Manchester City Council - Chorlton,Chorlton Place,2020,April,16,Saturday,18 Apr 2020,11:00,62,65,127,62,65,127,No Group
Manchester City Council - Chorlton,Chorlton Place,2020,April,16,Saturday,18 Apr 2020,12:00,69,73,142,69,73,142,No Group
Manchester City Council - Chorlton,Chorlton Place,2020,April,16,Saturday,18 Apr 2020,13:00,70,78,148,70,78,148,No Group
Manchester City Council - Chorlton,Chorlton Place,2020,April,16,Saturday,18 Apr 2020,14:00,73,87,160,73,87,160,No Group
Manchester City Council - Chorlton,Chorlton Place,2020,April,16,Saturday,18 Apr 2020,15:00,71,90,161,71,90,161,No Group
Manchester City Council - Chorlton,Chorlton Place,2020,April,16,Saturday,18 Apr 2020,16:00,83,70,153,83,70,153,No Group
Manchester City Council - Chorlton,Chorlton Place,2020,April,16,Saturday,18 Apr 2020,17:00,31,27,58,31,27,58,No Group
Manchester City Council - Chorlton,Chorlton Place,2020,April,16,Saturday,18 Apr 2020,18:00,22,24,46,22,24,46,No Group
Manchester City Council - Chorlton,Chorlton Place,2020,April,16,Saturday,18 Apr 2020,19:00,18,19,37,18,19,37,No Group
Manchester City Council - Chorlton,Chorlton Place,2020,April,16,Saturday,18 Apr 2020,20:00,10,15,25,10,15,25,No Group
Manchester City Council - Chorlton,Chorlton Place,2020,April,16,Saturday,18 Apr 2020,21:00,15,17,32,15,17,32,No Group
Manchester City Council - Chorlton,Chorlton Place,2020,April,16,Saturday,18 Apr 2020,22:00,9,7,16,9,7,16,No Group
Manchester City Council - Chorlton,Chorlton Place,2020,April,16,Saturday,18 Apr 2020,23:00,2,2,4,2,2,4,No Group
Manchester City Council - Chorlton,Chorlton Place,2020,April,16,Sunday,19 Apr 2020,00:00,0,0,0,0,0,0,No Group
Manchester City Council - Chorlton,Chorlton Place,2020,April,16,Sunday,19 Apr 2020,01:00,0,3,3,0,3,3,No Group
Manchester City Council - Chorlton,Chorlton Place,2020,April,16,Sunday,19 Apr 2020,02:00,0,0,0,0,0,0,No Group
Manchester City Council - Chorlton,Chorlton Place,2020,April,16,Sunday,19 Apr 2020,03:00,0,0,0,0,0,0,No Group
Manchester City Council - Chorlton,Chorlton Place,2020,April,16,Sunday,19 Apr 2020,04:00,0,0,0,0,0,0,No Group
Manchester City Council - Chorlton,Chorlton Place,2020,April,16,Sunday,19 Apr 2020,05:00,1,3,4,1,3,4,No Group
Manchester City Council - Chorlton,Chorlton Place,2020,April,16,Sunday,19 Apr 2020,06:00,3,3,6,3,3,6,No Group
Manchester City Council - Chorlton,Chorlton Place,2020,April,16,Sunday,19 Apr 2020,07:00,6,5,11,6,5,11,No Group
Manchester City Council - Chorlton,Chorlton Place,2020,April,16,Sunday,19 Apr 2020,08:00,15,17,32,15,17,32,No Group
Manchester City Council - Chorlton,Chorlton Place,2020,April,16,Sunday,19 Apr 2020,09:00,12,15,27,12,15,27,No Group
Manchester City Council - Chorlton,Chorlton Place,2020,April,16,Sunday,19 Apr 2020,10:00,30,42,72,30,42,72,No Group
Manchester City Council - Chorlton,Chorlton Place,2020,April,16,Sunday,19 Apr 2020,11:00,60,84,144,60,84,144,No Group
Manchester City Council - Chorlton,Chorlton Place,2020,April,16,Sunday,19 Apr 2020,12:00,69,77,146,69,77,146,No Group
Manchester City Council - Chorlton,Chorlton Place,2020,April,16,Sunday,19 Apr 2020,13:00,94,111,205,94,111,205,No Group
Manchester City Council - Chorlton,Chorlton Place,2020,April,16,Sunday,19 Apr 2020,14:00,94,104,198,94,104,198,No Group
Manchester City Council - Chorlton,Chorlton Place,2020,April,16,Sunday,19 Apr 2020,15:00,60,66,126,60,66,126,No Group
Manchester City Council - Chorlton,Chorlton Place,2020,April,16,Sunday,19 Apr 2020,16:00,53,43,96,53,43,96,No Group
Manchester City Council - Chorlton,Chorlton Place,2020,April,16,Sunday,19 Apr 2020,17:00,30,44,74,30,44,74,No Group
Manchester City Council - Chorlton,Chorlton Place,2020,April,16,Sunday,19 Apr 2020,18:00,29,24,53,29,24,53,No Group
Manchester City Council - Chorlton,Chorlton Place,2020,April,16,Sunday,19 Apr 2020,19:00,12,11,23,12,11,23,No Group
Manchester City Council - Chorlton,Chorlton Place,2020,April,16,Sunday,19 Apr 2020,20:00,9,13,22,9,13,22,No Group
Manchester City Council - Chorlton,Chorlton Place,2020,April,16,Sunday,19 Apr 2020,21:00,5,13,18,5,13,18,No Group
Manchester City Council - Chorlton,Chorlton Place,2020,April,16,Sunday,19 Apr 2020,22:00,1,2,3,1,2,3,No Group
Manchester City Council - Chorlton,Chorlton Place,2020,April,16,Sunday,19 Apr 2020,23:00,4,6,10,4,6,10,No Group
Manchester City Council - Chorlton,Chorlton Place,2020,April,17,Monday,20 Apr 2020,00:00,0,2,2,0,2,2,No Group
Manchester City Council - Chorlton,Chorlton Place,2020,April,17,Monday,20 Apr 2020,01:00,0,1,1,0,1,1,No Group
Manchester City Council - Chorlton,Chorlton Place,2020,April,17,Monday,20 Apr 2020,02:00,0,0,0,0,0,0,No Group
Manchester City Council - Chorlton,Chorlton Place,2020,April,17,Monday,20 Apr 2020,03:00,1,1,2,1,1,2,No Group
Manchester City Council - Chorlton,Chorlton Place,2020,April,17,Monday,20 Apr 2020,04:00,0,1,1,0,1,1,No Group
Manchester City Council - Chorlton,Chorlton Place,2020,April,17,Monday,20 Apr 2020,05:00,0,2,2,0,2,2,No Group
Manchester City Council - Chorlton,Chorlton Place,2020,April,17,Monday,20 Apr 2020,06:00,15,18,33,15,18,33,No Group
Manchester City Council - Chorlton,Chorlton Place,2020,April,17,Monday,20 Apr 2020,07:00,15,16,31,15,16,31,No Group
Manchester City Council - Chorlton,Chorlton Place,2020,April,17,Monday,20 Apr 2020,08:00,25,35,60,25,35,60,No Group
Manchester City Council - Chorlton,Chorlton Place,2020,April,17,Monday,20 Apr 2020,09:00,24,32,56,24,32,56,No Group
Manchester City Council - Chorlton,Chorlton Place,2020,April,17,Monday,20 Apr 2020,10:00,46,72,118,46,72,118,No Group
Manchester City Council - Chorlton,Chorlton Place,2020,April,17,Monday,20 Apr 2020,11:00,67,81,148,67,81,148,No Group
Manchester City Council - Chorlton,Chorlton Place,2020,April,17,Monday,20 Apr 2020,12:00,120,152,272,120,152,272,No Group
Manchester City Council - Chorlton,Chorlton Place,2020,April,17,Monday,20 Apr 2020,13:00,159,156,315,159,156,315,No Group
Manchester City Council - Chorlton,Chorlton Place,2020,April,17,Monday,20 Apr 2020,14:00,86,104,190,86,104,190,No Group
Manchester City Council - Chorlton,Chorlton Place,2020,April,17,Monday,20 Apr 2020,15:00,84,79,163,84,79,163,No Group
Manchester City Council - Chorlton,Chorlton Place,2020,April,17,Monday,20 Apr 2020,16:00,59,56,115,59,56,115,No Group
Manchester City Council - Chorlton,Chorlton Place,2020,April,17,Monday,20 Apr 2020,17:00,47,55,102,47,55,102,No Group
Manchester City Council - Chorlton,Chorlton Place,2020,April,17,Monday,20 Apr 2020,18:00,49,42,91,49,42,91,No Group
Manchester City Council - Chorlton,Chorlton Place,2020,April,17,Monday,20 Apr 2020,19:00,19,27,46,19,27,46,No Group
Manchester City Council - Chorlton,Chorlton Place,2020,April,17,Monday,20 Apr 2020,20:00,18,14,32,18,14,32,No Group
Manchester City Council - Chorlton,Chorlton Place,2020,April,17,Monday,20 Apr 2020,21:00,8,16,24,8,16,24,No Group
Manchester City Council - Chorlton,Chorlton Place,2020,April,17,Monday,20 Apr 2020,22:00,3,1,4,3,1,4,No Group
Manchester City Council - Chorlton,Chorlton Place,2020,April,17,Monday,20 Apr 2020,23:00,0,1,1,0,1,1,No Group
Manchester City Council - Chorlton,Chorlton Place,2020,April,17,Tuesday,21 Apr 2020,00:00,0,0,0,0,0,0,No Group
Manchester City Council - Chorlton,Chorlton Place,2020,April,17,Tuesday,21 Apr 2020,01:00,3,3,6,3,3,6,No Group
Manchester City Council - Chorlton,Chorlton Place,2020,April,17,Tuesday,21 Apr 2020,02:00,0,0,0,0,0,0,No Group
Manchester City Council - Chorlton,Chorlton Place,2020,April,17,Tuesday,21 Apr 2020,03:00,0,0,0,0,0,0,No Group
Manchester City Council - Chorlton,Chorlton Place,2020,April,17,Tuesday,21 Apr 2020,04:00,0,0,0,0,0,0,No Group
Manchester City Council - Chorlton,Chorlton Place,2020,April,17,Tuesday,21 Apr 2020,05:00,0,3,3,0,3,3,No Group
Manchester City Council - Chorlton,Chorlton Place,2020,April,17,Tuesday,21 Apr 2020,06:00,14,17,31,14,17,31,No Group
Manchester City Council - Chorlton,Chorlton Place,2020,April,17,Tuesday,21 Apr 2020,07:00,14,22,36,14,22,36,No Group
Manchester City Council - Chorlton,Chorlton Place,2020,April,17,Tuesday,21 Apr 2020,08:00,48,33,81,48,33,81,No Group
Manchester City Council - Chorlton,Chorlton Place,2020,April,17,Tuesday,21 Apr 2020,09:00,39,51,90,39,51,90,No Group
Manchester City Council - Chorlton,Chorlton Place,2020,April,17,Tuesday,21 Apr 2020,10:00,47,76,123,47,76,123,No Group
Manchester City Council - Chorlton,Chorlton Place,2020,April,17,Tuesday,21 Apr 2020,11:00,69,79,148,69,79,148,No Group
Manchester City Council - Chorlton,Chorlton Place,2020,April,17,Tuesday,21 Apr 2020,12:00,119,146,265,119,146,265,No Group
Manchester City Council - Chorlton,Chorlton Place,2020,April,17,Tuesday,21 Apr 2020,13:00,156,151,307,156,151,307,No Group
Manchester City Council - Chorlton,Chorlton Place,2020,April,17,Tuesday,21 Apr 2020,14:00,111,101,212,111,101,212,No Group
Manchester City Council - Chorlton,Chorlton Place,2020,April,17,Tuesday,21 Apr 2020,15:00,63,78,141,63,78,141,No Group
Manchester City Council - Chorlton,Chorlton Place,2020,April,17,Tuesday,21 Apr 2020,16:00,63,70,133,63,70,133,No Group
Manchester City Council - Chorlton,Chorlton Place,2020,April,17,Tuesday,21 Apr 2020,17:00,63,65,128,63,65,128,No Group
Manchester City Council - Chorlton,Chorlton Place,2020,April,17,Tuesday,21 Apr 2020,18:00,46,44,90,46,44,90,No Group
Manchester City Council - Chorlton,Chorlton Place,2020,April,17,Tuesday,21 Apr 2020,19:00,34,28,62,34,28,62,No Group
Manchester City Council - Chorlton,Chorlton Place,2020,April,17,Tuesday,21 Apr 2020,20:00,14,18,32,14,18,32,No Group
Manchester City Council - Chorlton,Chorlton Place,2020,April,17,Tuesday,21 Apr 2020,21:00,6,14,20,6,14,20,No Group
Manchester City Council - Chorlton,Chorlton Place,2020,April,17,Tuesday,21 Apr 2020,22:00,5,4,9,5,4,9,No Group
Manchester City Council - Chorlton,Chorlton Place,2020,April,17,Tuesday,21 Apr 2020,23:00,4,5,9,4,5,9,No Group
Manchester City Council - Chorlton,Chorlton Place,2020,April,17,Wednesday,22 Apr 2020,00:00,3,0,3,3,0,3,No Group
Manchester City Council - Chorlton,Chorlton Place,2020,April,17,Wednesday,22 Apr 2020,01:00,0,0,0,0,0,0,No Group
Manchester City Council - Chorlton,Chorlton Place,2020,April,17,Wednesday,22 Apr 2020,02:00,2,5,7,2,5,7,No Group
Manchester City Council - Chorlton,Chorlton Place,2020,April,17,Wednesday,22 Apr 2020,03:00,1,0,1,1,0,1,No Group
Manchester City Council - Chorlton,Chorlton Place,2020,April,17,Wednesday,22 Apr 2020,04:00,1,0,1,1,0,1,No Group
Manchester City Council - Chorlton,Chorlton Place,2020,April,17,Wednesday,22 Apr 2020,05:00,0,3,3,0,3,3,No Group
Manchester City Council - Chorlton,Chorlton Place,2020,April,17,Wednesday,22 Apr 2020,06:00,15,17,32,15,17,32,No Group
Manchester City Council - Chorlton,Chorlton Place,2020,April,17,Wednesday,22 Apr 2020,07:00,9,13,22,9,13,22,No Group
Manchester City Council - Chorlton,Chorlton Place,2020,April,17,Wednesday,22 Apr 2020,08:00,23,38,61,23,38,61,No Group
Manchester City Council - Chorlton,Chorlton Place,2020,April,17,Wednesday,22 Apr 2020,09:00,34,44,78,34,44,78,No Group
Manchester City Council - Chorlton,Chorlton Place,2020,April,17,Wednesday,22 Apr 2020,10:00,52,79,131,52,79,131,No Group
Manchester City Council - Chorlton,Chorlton Place,2020,April,17,Wednesday,22 Apr 2020,11:00,53,78,131,53,78,131,No Group
Manchester City Council - Chorlton,Chorlton Place,2020,April,17,Wednesday,22 Apr 2020,12:00,112,123,235,112,123,235,No Group
Manchester City Council - Chorlton,Chorlton Place,2020,April,17,Wednesday,22 Apr 2020,13:00,141,144,285,141,144,285,No Group
Manchester City Council - Chorlton,Chorlton Place,2020,April,17,Wednesday,22 Apr 2020,14:00,93,88,181,93,88,181,No Group
Manchester City Council - Chorlton,Chorlton Place,2020,April,17,Wednesday,22 Apr 2020,15:00,66,72,138,66,72,138,No Group
Manchester City Council - Chorlton,Chorlton Place,2020,April,17,Wednesday,22 Apr 2020,16:00,67,65,132,67,65,132,No Group
Manchester City Council - Chorlton,Chorlton Place,2020,April,17,Wednesday,22 Apr 2020,17:00,52,53,105,52,53,105,No Group
Manchester City Council - Chorlton,Chorlton Place,2020,April,17,Wednesday,22 Apr 2020,18:00,40,40,80,40,40,80,No Group
Manchester City Council - Chorlton,Chorlton Place,2020,April,17,Wednesday,22 Apr 2020,19:00,34,22,56,34,22,56,No Group
Manchester City Council - Chorlton,Chorlton Place,2020,April,17,Wednesday,22 Apr 2020,20:00,21,19,40,21,19,40,No Group
Manchester City Council - Chorlton,Chorlton Place,2020,April,17,Wednesday,22 Apr 2020,21:00,10,17,27,10,17,27,No Group
Manchester City Council - Chorlton,Chorlton Place,2020,April,17,Wednesday,22 Apr 2020,22:00,4,5,9,4,5,9,No Group
Manchester City Council - Chorlton,Chorlton Place,2020,April,17,Wednesday,22 Apr 2020,23:00,1,2,3,1,2,3,No Group
Manchester City Council - Chorlton,Chorlton Place,2020,April,17,Thursday,23 Apr 2020,00:00,1,0,1,1,0,1,No Group
Manchester City Council - Chorlton,Chorlton Place,2020,April,17,Thursday,23 Apr 2020,01:00,0,0,0,0,0,0,No Group
Manchester City Council - Chorlton,Chorlton Place,2020,April,17,Thursday,23 Apr 2020,02:00,0,2,2,0,2,2,No Group
Manchester City Council - Chorlton,Chorlton Place,2020,April,17,Thursday,23 Apr 2020,03:00,0,0,0,0,0,0,No Group
Manchester City Council - Chorlton,Chorlton Place,2020,April,17,Thursday,23 Apr 2020,04:00,0,0,0,0,0,0,No Group
Manchester City Council - Chorlton,Chorlton Place,2020,April,17,Thursday,23 Apr 2020,05:00,0,6,6,0,6,6,No Group
Manchester City Council - Chorlton,Chorlton Place,2020,April,17,Thursday,23 Apr 2020,06:00,14,12,26,14,12,26,No Group
Manchester City Council - Chorlton,Chorlton Place,2020,April,17,Thursday,23 Apr 2020,07:00,12,11,23,12,11,23,No Group
Manchester City Council - Chorlton,Chorlton Place,2020,April,17,Thursday,23 Apr 2020,08:00,32,43,75,32,43,75,No Group
Manchester City Council - Chorlton,Chorlton Place,2020,April,17,Thursday,23 Apr 2020,09:00,27,37,64,27,37,64,No Group
Manchester City Council - Chorlton,Chorlton Place,2020,April,17,Thursday,23 Apr 2020,10:00,46,84,130,46,84,130,No Group
Manchester City Council - Chorlton,Chorlton Place,2020,April,17,Thursday,23 Apr 2020,11:00,68,93,161,68,93,161,No Group
Manchester City Council - Chorlton,Chorlton Place,2020,April,17,Thursday,23 Apr 2020,12:00,119,129,248,119,129,248,No Group
Manchester City Council - Chorlton,Chorlton Place,2020,April,17,Thursday,23 Apr 2020,13:00,114,140,254,114,140,254,No Group
Manchester City Council - Chorlton,Chorlton Place,2020,April,17,Thursday,23 Apr 2020,14:00,80,99,179,80,99,179,No Group
Manchester City Council - Chorlton,Chorlton Place,2020,April,17,Thursday,23 Apr 2020,15:00,66,54,120,66,54,120,No Group
Manchester City Council - Chorlton,Chorlton Place,2020,April,17,Thursday,23 Apr 2020,16:00,52,41,93,52,41,93,No Group
Manchester City Council - Chorlton,Chorlton Place,2020,April,17,Thursday,23 Apr 2020,17:00,41,30,71,41,30,71,No Group
Manchester City Council - Chorlton,Chorlton Place,2020,April,17,Thursday,23 Apr 2020,18:00,28,34,62,28,34,62,No Group
Manchester City Council - Chorlton,Chorlton Place,2020,April,17,Thursday,23 Apr 2020,19:00,28,24,52,28,24,52,No Group
Manchester City Council - Chorlton,Chorlton Place,2020,April,17,Thursday,23 Apr 2020,20:00,15,15,30,15,15,30,No Group
Manchester City Council - Chorlton,Chorlton Place,2020,April,17,Thursday,23 Apr 2020,21:00,12,23,35,12,23,35,No Group
Manchester City Council - Chorlton,Chorlton Place,2020,April,17,Thursday,23 Apr 2020,22:00,1,5,6,1,5,6,No Group
Manchester City Council - Chorlton,Chorlton Place,2020,April,17,Thursday,23 Apr 2020,23:00,3,2,5,3,2,5,No Group
Manchester City Council - Chorlton,Chorlton Place,2020,April,17,Friday,24 Apr 2020,00:00,2,1,3,2,1,3,No Group
Manchester City Council - Chorlton,Chorlton Place,2020,April,17,Friday,24 Apr 2020,01:00,0,0,0,0,0,0,No Group
Manchester City Council - Chorlton,Chorlton Place,2020,April,17,Friday,24 Apr 2020,02:00,0,0,0,0,0,0,No Group
Manchester City Council - Chorlton,Chorlton Place,2020,April,17,Friday,24 Apr 2020,03:00,0,0,0,0,0,0,No Group
Manchester City Council - Chorlton,Chorlton Place,2020,April,17,Friday,24 Apr 2020,04:00,1,2,3,1,2,3,No Group
Manchester City Council - Chorlton,Chorlton Place,2020,April,17,Friday,24 Apr 2020,05:00,0,3,3,0,3,3,No Group
Manchester City Council - Chorlton,Chorlton Place,2020,April,17,Friday,24 Apr 2020,06:00,11,23,34,11,23,34,No Group
Manchester City Council - Chorlton,Chorlton Place,2020,April,17,Friday,24 Apr 2020,07:00,17,20,37,17,20,37,No Group
Manchester City Council - Chorlton,Chorlton Place,2020,April,17,Friday,24 Apr 2020,08:00,40,46,86,40,46,86,No Group
Manchester City Council - Chorlton,Chorlton Place,2020,April,17,Friday,24 Apr 2020,09:00,58,74,132,58,74,132,No Group
Manchester City Council - Chorlton,Chorlton Place,2020,April,17,Friday,24 Apr 2020,10:00,71,80,151,71,80,151,No Group
Manchester City Council - Chorlton,Chorlton Place,2020,April,17,Friday,24 Apr 2020,11:00,114,124,238,114,124,238,No Group
Manchester City Council - Chorlton,Chorlton Place,2020,April,17,Friday,24 Apr 2020,12:00,143,157,300,143,157,300,No Group
Manchester City Council - Chorlton,Chorlton Place,2020,April,17,Friday,24 Apr 2020,13:00,180,165,345,180,165,345,No Group
Manchester City Council - Chorlton,Chorlton Place,2020,April,17,Friday,24 Apr 2020,14:00,76,119,195,76,119,195,No Group
Manchester City Council - Chorlton,Chorlton Place,2020,April,17,Friday,24 Apr 2020,15:00,101,98,199,101,98,199,No Group
Manchester City Council - Chorlton,Chorlton Place,2020,April,17,Friday,24 Apr 2020,16:00,81,87,168,81,87,168,No Group
Manchester City Council - Chorlton,Chorlton Place,2020,April,17,Friday,24 Apr 2020,17:00,52,68,120,52,68,120,No Group
Manchester City Council - Chorlton,Chorlton Place,2020,April,17,Friday,24 Apr 2020,18:00,42,41,83,42,41,83,No Group
Manchester City Council - Chorlton,Chorlton Place,2020,April,17,Friday,24 Apr 2020,19:00,20,27,47,20,27,47,No Group
Manchester City Council - Chorlton,Chorlton Place,2020,April,17,Friday,24 Apr 2020,20:00,10,17,27,10,17,27,No Group
Manchester City Council - Chorlton,Chorlton Place,2020,April,17,Friday,24 Apr 2020,21:00,13,22,35,13,22,35,No Group
Manchester City Council - Chorlton,Chorlton Place,2020,April,17,Friday,24 Apr 2020,22:00,6,12,18,6,12,18,No Group
Manchester City Council - Chorlton,Chorlton Place,2020,April,17,Friday,24 Apr 2020,23:00,3,3,6,3,3,6,No Group
Manchester City Council - Chorlton,Chorlton Place,2020,April,17,Saturday,25 Apr 2020,00:00,0,2,2,0,2,2,No Group
Manchester City Council - Chorlton,Chorlton Place,2020,April,17,Saturday,25 Apr 2020,01:00,0,0,0,0,0,0,No Group
Manchester City Council - Chorlton,Chorlton Place,2020,April,17,Saturday,25 Apr 2020,02:00,0,0,0,0,0,0,No Group
Manchester City Council - Chorlton,Chorlton Place,2020,April,17,Saturday,25 Apr 2020,03:00,0,0,0,0,0,0,No Group
Manchester City Council - Chorlton,Chorlton Place,2020,April,17,Saturday,25 Apr 2020,04:00,0,0,0,0,0,0,No Group
Manchester City Council - Chorlton,Chorlton Place,2020,April,17,Saturday,25 Apr 2020,05:00,12,12,24,12,12,24,No Group
Manchester City Council - Chorlton,Chorlton Place,2020,April,17,Saturday,25 Apr 2020,06:00,5,10,15,5,10,15,No Group
Manchester City Council - Chorlton,Chorlton Place,2020,April,17,Saturday,25 Apr 2020,07:00,16,21,37,16,21,37,No Group
Manchester City Council - Chorlton,Chorlton Place,2020,April,17,Saturday,25 Apr 2020,08:00,34,45,79,34,45,79,No Group
Manchester City Council - Chorlton,Chorlton Place,2020,April,17,Saturday,25 Apr 2020,09:00,79,67,146,79,67,146,No Group
Manchester City Council - Chorlton,Chorlton Place,2020,April,17,Saturday,25 Apr 2020,10:00,87,84,171,87,84,171,No Group
Manchester City Council - Chorlton,Chorlton Place,2020,April,17,Saturday,25 Apr 2020,11:00,106,114,220,106,114,220,No Group
Manchester City Council - Chorlton,Chorlton Place,2020,April,17,Saturday,25 Apr 2020,12:00,147,173,320,147,173,320,No Group
Manchester City Council - Chorlton,Chorlton Place,2020,April,17,Saturday,25 Apr 2020,13:00,152,158,310,152,158,310,No Group
Manchester City Council - Chorlton,Chorlton Place,2020,April,17,Saturday,25 Apr 2020,14:00,157,155,312,157,155,312,No Group
Manchester City Council - Chorlton,Chorlton Place,2020,April,17,Saturday,25 Apr 2020,15:00,113,110,223,113,110,223,No Group
Manchester City Council - Chorlton,Chorlton Place,2020,April,17,Saturday,25 Apr 2020,16:00,69,76,145,69,76,145,No Group
Manchester City Council - Chorlton,Chorlton Place,2020,April,17,Saturday,25 Apr 2020,17:00,38,52,90,38,52,90,No Group
Manchester City Council - Chorlton,Chorlton Place,2020,April,17,Saturday,25 Apr 2020,18:00,34,23,57,34,23,57,No Group
Manchester City Council - Chorlton,Chorlton Place,2020,April,17,Saturday,25 Apr 2020,19:00,17,31,48,17,31,48,No Group
Manchester City Council - Chorlton,Chorlton Place,2020,April,17,Saturday,25 Apr 2020,20:00,9,9,18,9,9,18,No Group
Manchester City Council - Chorlton,Chorlton Place,2020,April,17,Saturday,25 Apr 2020,21:00,11,6,17,11,6,17,No Group
Manchester City Council - Chorlton,Chorlton Place,2020,April,17,Saturday,25 Apr 2020,22:00,6,12,18,6,12,18,No Group
Manchester City Council - Chorlton,Chorlton Place,2020,April,17,Saturday,25 Apr 2020,23:00,5,2,7,5,2,7,No Group
Manchester City Council - Chorlton,Chorlton Place,2020,April,17,Sunday,26 Apr 2020,00:00,1,4,5,1,4,5,No Group
Manchester City Council - Chorlton,Chorlton Place,2020,April,17,Sunday,26 Apr 2020,01:00,0,1,1,0,1,1,No Group
Manchester City Council - Chorlton,Chorlton Place,2020,April,17,Sunday,26 Apr 2020,02:00,0,0,0,0,0,0,No Group
Manchester City Council - Chorlton,Chorlton Place,2020,April,17,Sunday,26 Apr 2020,03:00,0,0,0,0,0,0,No Group
Manchester City Council - Chorlton,Chorlton Place,2020,April,17,Sunday,26 Apr 2020,04:00,0,0,0,0,0,0,No Group
Manchester City Council - Chorlton,Chorlton Place,2020,April,17,Sunday,26 Apr 2020,05:00,1,2,3,1,2,3,No Group
Manchester City Council - Chorlton,Chorlton Place,2020,April,17,Sunday,26 Apr 2020,06:00,3,2,5,3,2,5,No Group
Manchester City Council - Chorlton,Chorlton Place,2020,April,17,Sunday,26 Apr 2020,07:00,5,5,10,5,5,10,No Group
Manchester City Council - Chorlton,Chorlton Place,2020,April,17,Sunday,26 Apr 2020,08:00,11,13,24,11,13,24,No Group
Manchester City Council - Chorlton,Chorlton Place,2020,April,17,Sunday,26 Apr 2020,09:00,11,17,28,11,17,28,No Group
Manchester City Council - Chorlton,Chorlton Place,2020,April,17,Sunday,26 Apr 2020,10:00,38,41,79,38,41,79,No Group
Manchester City Council - Chorlton,Chorlton Place,2020,April,17,Sunday,26 Apr 2020,11:00,27,50,77,27,50,77,No Group
Manchester City Council - Chorlton,Chorlton Place,2020,April,17,Sunday,26 Apr 2020,12:00,40,66,106,40,66,106,No Group
Manchester City Council - Chorlton,Chorlton Place,2020,April,17,Sunday,26 Apr 2020,13:00,36,46,82,36,46,82,No Group
Manchester City Council - Chorlton,Chorlton Place,2020,April,17,Sunday,26 Apr 2020,14:00,59,47,106,59,47,106,No Group
Manchester City Council - Chorlton,Chorlton Place,2020,April,17,Sunday,26 Apr 2020,15:00,40,53,93,40,53,93,No Group
Manchester City Council - Chorlton,Chorlton Place,2020,April,17,Sunday,26 Apr 2020,16:00,38,37,75,38,37,75,No Group
Manchester City Council - Chorlton,Chorlton Place,2020,April,17,Sunday,26 Apr 2020,17:00,25,28,53,25,28,53,No Group
Manchester City Council - Chorlton,Chorlton Place,2020,April,17,Sunday,26 Apr 2020,18:00,21,22,43,21,22,43,No Group
Manchester City Council - Chorlton,Chorlton Place,2020,April,17,Sunday,26 Apr 2020,19:00,18,26,44,18,26,44,No Group
Manchester City Council - Chorlton,Chorlton Place,2020,April,17,Sunday,26 Apr 2020,20:00,15,10,25,15,10,25,No Group
Manchester City Council - Chorlton,Chorlton Place,2020,April,17,Sunday,26 Apr 2020,21:00,4,12,16,4,12,16,No Group
Manchester City Council - Chorlton,Chorlton Place,2020,April,17,Sunday,26 Apr 2020,22:00,6,7,13,6,7,13,No Group
Manchester City Council - Chorlton,Chorlton Place,2020,April,17,Sunday,26 Apr 2020,23:00,7,2,9,7,2,9,No Group
Manchester City Council - Chorlton,Chorlton Place,2020,April,18,Monday,27 Apr 2020,00:00,0,3,3,0,3,3,No Group
Manchester City Council - Chorlton,Chorlton Place,2020,April,18,Monday,27 Apr 2020,01:00,0,0,0,0,0,0,No Group
Manchester City Council - Chorlton,Chorlton Place,2020,April,18,Monday,27 Apr 2020,02:00,0,0,0,0,0,0,No Group
Manchester City Council - Chorlton,Chorlton Place,2020,April,18,Monday,27 Apr 2020,03:00,0,0,0,0,0,0,No Group
Manchester City Council - Chorlton,Chorlton Place,2020,April,18,Monday,27 Apr 2020,04:00,1,1,2,1,1,2,No Group
Manchester City Council - Chorlton,Chorlton Place,2020,April,18,Monday,27 Apr 2020,05:00,1,1,2,1,1,2,No Group
Manchester City Council - Chorlton,Chorlton Place,2020,April,18,Monday,27 Apr 2020,06:00,7,22,29,7,22,29,No Group
Manchester City Council - Chorlton,Chorlton Place,2020,April,18,Monday,27 Apr 2020,07:00,11,16,27,11,16,27,No Group
Manchester City Council - Chorlton,Chorlton Place,2020,April,18,Monday,27 Apr 2020,08:00,28,32,60,28,32,60,No Group
Manchester City Council - Chorlton,Chorlton Place,2020,April,18,Monday,27 Apr 2020,09:00,29,38,67,29,38,67,No Group
Manchester City Council - Chorlton,Chorlton Place,2020,April,18,Monday,27 Apr 2020,10:00,44,58,102,44,58,102,No Group
Manchester City Council - Chorlton,Chorlton Place,2020,April,18,Monday,27 Apr 2020,11:00,71,71,142,71,71,142,No Group
Manchester City Council - Chorlton,Chorlton Place,2020,April,18,Monday,27 Apr 2020,12:00,80,95,175,80,95,175,No Group
Manchester City Council - Chorlton,Chorlton Place,2020,April,18,Monday,27 Apr 2020,13:00,99,128,227,99,128,227,No Group
Manchester City Council - Chorlton,Chorlton Place,2020,April,18,Monday,27 Apr 2020,14:00,74,96,170,74,96,170,No Group
Manchester City Council - Chorlton,Chorlton Place,2020,April,18,Monday,27 Apr 2020,15:00,73,81,154,73,81,154,No Group
Manchester City Council - Chorlton,Chorlton Place,2020,April,18,Monday,27 Apr 2020,16:00,53,54,107,53,54,107,No Group
Manchester City Council - Chorlton,Chorlton Place,2020,April,18,Monday,27 Apr 2020,17:00,52,55,107,52,55,107,No Group
Manchester City Council - Chorlton,Chorlton Place,2020,April,18,Monday,27 Apr 2020,18:00,42,55,97,42,55,97,No Group
Manchester City Council - Chorlton,Chorlton Place,2020,April,18,Monday,27 Apr 2020,19:00,33,34,67,33,34,67,No Group
Manchester City Council - Chorlton,Chorlton Place,2020,April,18,Monday,27 Apr 2020,20:00,19,18,37,19,18,37,No Group
Manchester City Council - Chorlton,Chorlton Place,2020,April,18,Monday,27 Apr 2020,21:00,9,15,24,9,15,24,No Group
Manchester City Council - Chorlton,Chorlton Place,2020,April,18,Monday,27 Apr 2020,22:00,3,5,8,3,5,8,No Group
Manchester City Council - Chorlton,Chorlton Place,2020,April,18,Monday,27 Apr 2020,23:00,4,0,4,4,0,4,No Group
Manchester City Council - Chorlton,Chorlton Place,2020,April,18,Tuesday,28 Apr 2020,00:00,1,0,1,1,0,1,No Group
Manchester City Council - Chorlton,Chorlton Place,2020,April,18,Tuesday,28 Apr 2020,01:00,0,0,0,0,0,0,No Group
Manchester City Council - Chorlton,Chorlton Place,2020,April,18,Tuesday,28 Apr 2020,02:00,0,0,0,0,0,0,No Group
Manchester City Council - Chorlton,Chorlton Place,2020,April,18,Tuesday,28 Apr 2020,03:00,0,0,0,0,0,0,No Group
Manchester City Council - Chorlton,Chorlton Place,2020,April,18,Tuesday,28 Apr 2020,04:00,0,0,0,0,0,0,No Group
Manchester City Council - Chorlton,Chorlton Place,2020,April,18,Tuesday,28 Apr 2020,05:00,0,4,4,0,4,4,No Group
Manchester City Council - Chorlton,Chorlton Place,2020,April,18,Tuesday,28 Apr 2020,06:00,11,19,30,11,19,30,No Group
Manchester City Council - Chorlton,Chorlton Place,2020,April,18,Tuesday,28 Apr 2020,07:00,9,19,28,9,19,28,No Group
Manchester City Council - Chorlton,Chorlton Place,2020,April,18,Tuesday,28 Apr 2020,08:00,41,39,80,41,39,80,No Group
Manchester City Council - Chorlton,Chorlton Place,2020,April,18,Tuesday,28 Apr 2020,09:00,26,42,68,26,42,68,No Group
Manchester City Council - Chorlton,Chorlton Place,2020,April,18,Tuesday,28 Apr 2020,10:00,39,50,89,39,50,89,No Group
Manchester City Council - Chorlton,Chorlton Place,2020,April,18,Tuesday,28 Apr 2020,11:00,52,46,98,52,46,98,No Group
Manchester City Council - Chorlton,Chorlton Place,2020,April,18,Tuesday,28 Apr 2020,12:00,66,71,137,66,71,137,No Group
Manchester City Council - Chorlton,Chorlton Place,2020,April,18,Tuesday,28 Apr 2020,13:00,62,64,126,62,64,126,No Group
Manchester City Council - Chorlton,Chorlton Place,2020,April,18,Tuesday,28 Apr 2020,14:00,65,68,133,65,68,133,No Group
Manchester City Council - Chorlton,Chorlton Place,2020,April,18,Tuesday,28 Apr 2020,15:00,51,51,102,51,51,102,No Group
Manchester City Council - Chorlton,Chorlton Place,2020,April,18,Tuesday,28 Apr 2020,16:00,54,64,118,54,64,118,No Group
Manchester City Council - Chorlton,Chorlton Place,2020,April,18,Tuesday,28 Apr 2020,17:00,41,45,86,41,45,86,No Group
Manchester City Council - Chorlton,Chorlton Place,2020,April,18,Tuesday,28 Apr 2020,18:00,26,22,48,26,22,48,No Group
Manchester City Council - Chorlton,Chorlton Place,2020,April,18,Tuesday,28 Apr 2020,19:00,11,18,29,11,18,29,No Group
Manchester City Council - Chorlton,Chorlton Place,2020,April,18,Tuesday,28 Apr 2020,20:00,15,12,27,15,12,27,No Group
Manchester City Council - Chorlton,Chorlton Place,2020,April,18,Tuesday,28 Apr 2020,21:00,5,9,14,5,9,14,No Group
Manchester City Council - Chorlton,Chorlton Place,2020,April,18,Tuesday,28 Apr 2020,22:00,5,3,8,5,3,8,No Group
Manchester City Council - Chorlton,Chorlton Place,2020,April,18,Tuesday,28 Apr 2020,23:00,0,1,1,0,1,1,No Group
Manchester City Council - Chorlton,Chorlton Place,2020,April,18,Wednesday,29 Apr 2020,00:00,1,1,2,1,1,2,No Group
Manchester City Council - Chorlton,Chorlton Place,2020,April,18,Wednesday,29 Apr 2020,01:00,0,0,0,0,0,0,No Group
Manchester City Council - Chorlton,Chorlton Place,2020,April,18,Wednesday,29 Apr 2020,02:00,1,0,1,1,0,1,No Group
Manchester City Council - Chorlton,Chorlton Place,2020,April,18,Wednesday,29 Apr 2020,03:00,0,2,2,0,2,2,No Group
Manchester City Council - Chorlton,Chorlton Place,2020,April,18,Wednesday,29 Apr 2020,04:00,0,1,1,0,1,1,No Group
Manchester City Council - Chorlton,Chorlton Place,2020,April,18,Wednesday,29 Apr 2020,05:00,2,4,6,2,4,6,No Group
Manchester City Council - Chorlton,Chorlton Place,2020,April,18,Wednesday,29 Apr 2020,06:00,14,13,27,14,13,27,No Group
Manchester City Council - Chorlton,Chorlton Place,2020,April,18,Wednesday,29 Apr 2020,07:00,10,23,33,10,23,33,No Group
Manchester City Council - Chorlton,Chorlton Place,2020,April,18,Wednesday,29 Apr 2020,08:00,18,19,37,18,19,37,No Group
Manchester City Council - Chorlton,Chorlton Place,2020,April,18,Wednesday,29 Apr 2020,09:00,27,37,64,27,37,64,No Group
Manchester City Council - Chorlton,Chorlton Place,2020,April,18,Wednesday,29 Apr 2020,10:00,43,53,96,43,53,96,No Group
Manchester City Council - Chorlton,Chorlton Place,2020,April,18,Wednesday,29 Apr 2020,11:00,58,43,101,58,43,101,No Group
Manchester City Council - Chorlton,Chorlton Place,2020,April,18,Wednesday,29 Apr 2020,12:00,61,53,114,61,53,114,No Group
Manchester City Council - Chorlton,Chorlton Place,2020,April,18,Wednesday,29 Apr 2020,13:00,56,44,100,56,44,100,No Group
Manchester City Council - Chorlton,Chorlton Place,2020,April,18,Wednesday,29 Apr 2020,14:00,36,38,74,36,38,74,No Group
Manchester City Council - Chorlton,Chorlton Place,2020,April,18,Wednesday,29 Apr 2020,15:00,26,34,60,26,34,60,No Group
Manchester City Council - Chorlton,Chorlton Place,2020,April,18,Wednesday,29 Apr 2020,16:00,45,48,93,45,48,93,No Group
Manchester City Council - Chorlton,Chorlton Place,2020,April,18,Wednesday,29 Apr 2020,17:00,56,50,106,56,50,106,No Group
Manchester City Council - Chorlton,Chorlton Place,2020,April,18,Wednesday,29 Apr 2020,18:00,47,58,105,47,58,105,No Group
Manchester City Council - Chorlton,Chorlton Place,2020,April,18,Wednesday,29 Apr 2020,19:00,19,33,52,19,33,52,No Group
Manchester City Council - Chorlton,Chorlton Place,2020,April,18,Wednesday,29 Apr 2020,20:00,22,18,40,22,18,40,No Group
Manchester City Council - Chorlton,Chorlton Place,2020,April,18,Wednesday,29 Apr 2020,21:00,10,14,24,10,14,24,No Group
Manchester City Council - Chorlton,Chorlton Place,2020,April,18,Wednesday,29 Apr 2020,22:00,8,10,18,8,10,18,No Group
Manchester City Council - Chorlton,Chorlton Place,2020,April,18,Wednesday,29 Apr 2020,23:00,1,3,4,1,3,4,No Group
Manchester City Council - Chorlton,Chorlton Place,2020,April,18,Thursday,30 Apr 2020,00:00,4,4,8,4,4,8,No Group
Manchester City Council - Chorlton,Chorlton Place,2020,April,18,Thursday,30 Apr 2020,01:00,0,1,1,0,1,1,No Group
Manchester City Council - Chorlton,Chorlton Place,2020,April,18,Thursday,30 Apr 2020,02:00,1,1,2,1,1,2,No Group
Manchester City Council - Chorlton,Chorlton Place,2020,April,18,Thursday,30 Apr 2020,03:00,0,0,0,0,0,0,No Group
Manchester City Council - Chorlton,Chorlton Place,2020,April,18,Thursday,30 Apr 2020,04:00,1,1,2,1,1,2,No Group
Manchester City Council - Chorlton,Chorlton Place,2020,April,18,Thursday,30 Apr 2020,05:00,0,2,2,0,2,2,No Group
Manchester City Council - Chorlton,Chorlton Place,2020,April,18,Thursday,30 Apr 2020,06:00,15,18,33,15,18,33,No Group
Manchester City Council - Chorlton,Chorlton Place,2020,April,18,Thursday,30 Apr 2020,07:00,21,18,39,21,18,39,No Group
Manchester City Council - Chorlton,Chorlton Place,2020,April,18,Thursday,30 Apr 2020,08:00,22,32,54,22,32,54,No Group
Manchester City Council - Chorlton,Chorlton Place,2020,April,18,Thursday,30 Apr 2020,09:00,43,54,97,43,54,97,No Group
Manchester City Council - Chorlton,Chorlton Place,2020,April,18,Thursday,30 Apr 2020,10:00,45,52,97,45,52,97,No Group
Manchester City Council - Chorlton,Chorlton Place,2020,April,18,Thursday,30 Apr 2020,11:00,71,92,163,71,92,163,No Group
Manchester City Council - Chorlton,Chorlton Place,2020,April,18,Thursday,30 Apr 2020,12:00,63,81,144,63,81,144,No Group
Manchester City Council - Chorlton,Chorlton Place,2020,April,18,Thursday,30 Apr 2020,13:00,88,87,175,88,87,175,No Group
Manchester City Council - Chorlton,Chorlton Place,2020,April,18,Thursday,30 Apr 2020,14:00,59,60,119,59,60,119,No Group
Manchester City Council - Chorlton,Chorlton Place,2020,April,18,Thursday,30 Apr 2020,15:00,62,62,124,62,62,124,No Group
Manchester City Council - Chorlton,Chorlton Place,2020,April,18,Thursday,30 Apr 2020,16:00,40,46,86,40,46,86,No Group
Manchester City Council - Chorlton,Chorlton Place,2020,April,18,Thursday,30 Apr 2020,17:00,24,37,61,24,37,61,No Group
Manchester City Council - Chorlton,Chorlton Place,2020,April,18,Thursday,30 Apr 2020,18:00,34,32,66,34,32,66,No Group
Manchester City Council - Chorlton,Chorlton Place,2020,April,18,Thursday,30 Apr 2020,19:00,29,25,54,29,25,54,No Group
Manchester City Council - Chorlton,Chorlton Place,2020,April,18,Thursday,30 Apr 2020,20:00,21,24,45,21,24,45,No Group
Manchester City Council - Chorlton,Chorlton Place,2020,April,18,Thursday,30 Apr 2020,21:00,11,11,22,11,11,22,No Group
Manchester City Council - Chorlton,Chorlton Place,2020,April,18,Thursday,30 Apr 2020,22:00,4,7,11,4,7,11,No Group
Manchester City Council - Chorlton,Chorlton Place,2020,April,18,Thursday,30 Apr 2020,23:00,1,3,4,1,3,4,No Group
Manchester City Council - Chorlton,Chorlton Place,2020,April,18,Friday,01 May 2020,00:00,0,1,1,0,1,1,No Group
Manchester City Council - Chorlton,Chorlton Place,2020,April,18,Friday,01 May 2020,01:00,1,0,1,1,0,1,No Group
Manchester City Council - Chorlton,Chorlton Place,2020,April,18,Friday,01 May 2020,02:00,1,2,3,1,2,3,No Group
Manchester City Council - Chorlton,Chorlton Place,2020,April,18,Friday,01 May 2020,03:00,0,0,0,0,0,0,No Group
Manchester City Council - Chorlton,Chorlton Place,2020,April,18,Friday,01 May 2020,04:00,0,1,1,0,1,1,No Group
Manchester City Council - Chorlton,Chorlton Place,2020,April,18,Friday,01 May 2020,05:00,0,5,5,0,5,5,No Group
Manchester City Council - Chorlton,Chorlton Place,2020,April,18,Friday,01 May 2020,06:00,10,14,24,10,14,24,No Group
Manchester City Council - Chorlton,Chorlton Place,2020,April,18,Friday,01 May 2020,07:00,20,27,47,20,27,47,No Group
Manchester City Council - Chorlton,Chorlton Place,2020,April,18,Friday,01 May 2020,08:00,30,38,68,30,38,68,No Group
Manchester City Council - Chorlton,Chorlton Place,2020,April,18,Friday,01 May 2020,09:00,45,39,84,45,39,84,No Group
Manchester City Council - Chorlton,Chorlton Place,2020,April,18,Friday,01 May 2020,10:00,48,46,94,48,46,94,No Group
Manchester City Council - Chorlton,Chorlton Place,2020,April,18,Friday,01 May 2020,11:00,81,96,177,81,96,177,No Group
Manchester City Council - Chorlton,Chorlton Place,2020,April,18,Friday,01 May 2020,12:00,86,81,167,86,81,167,No Group
Manchester City Council - Chorlton,Chorlton Place,2020,April,18,Friday,01 May 2020,13:00,172,150,322,172,150,322,No Group
Manchester City Council - Chorlton,Chorlton Place,2020,April,18,Friday,01 May 2020,14:00,105,110,215,105,110,215,No Group
Manchester City Council - Chorlton,Chorlton Place,2020,April,18,Friday,01 May 2020,15:00,97,100,197,97,100,197,No Group
Manchester City Council - Chorlton,Chorlton Place,2020,April,18,Friday,01 May 2020,16:00,77,81,158,77,81,158,No Group
Manchester City Council - Chorlton,Chorlton Place,2020,April,18,Friday,01 May 2020,17:00,47,58,105,47,58,105,No Group
Manchester City Council - Chorlton,Chorlton Place,2020,April,18,Friday,01 May 2020,18:00,50,37,87,50,37,87,No Group
Manchester City Council - Chorlton,Chorlton Place,2020,April,18,Friday,01 May 2020,19:00,36,37,73,36,37,73,No Group
Manchester City Council - Chorlton,Chorlton Place,2020,April,18,Friday,01 May 2020,20:00,14,16,30,14,16,30,No Group
Manchester City Council - Chorlton,Chorlton Place,2020,April,18,Friday,01 May 2020,21:00,7,12,19,7,12,19,No Group
Manchester City Council - Chorlton,Chorlton Place,2020,April,18,Friday,01 May 2020,22:00,4,7,11,4,7,11,No Group
Manchester City Council - Chorlton,Chorlton Place,2020,April,18,Friday,01 May 2020,23:00,5,7,12,5,7,12,No Group
Manchester City Council - Chorlton,Chorlton Place,2020,April,18,Saturday,02 May 2020,00:00,0,1,1,0,1,1,No Group
Manchester City Council - Chorlton,Chorlton Place,2020,April,18,Saturday,02 May 2020,01:00,4,0,4,4,0,4,No Group
Manchester City Council - Chorlton,Chorlton Place,2020,April,18,Saturday,02 May 2020,02:00,4,2,6,4,2,6,No Group
Manchester City Council - Chorlton,Chorlton Place,2020,April,18,Saturday,02 May 2020,03:00,3,0,3,3,0,3,No Group
Manchester City Council - Chorlton,Chorlton Place,2020,April,18,Saturday,02 May 2020,04:00,5,0,5,5,0,5,No Group
Manchester City Council - Chorlton,Chorlton Place,2020,April,18,Saturday,02 May 2020,05:00,7,7,14,7,7,14,No Group
Manchester City Council - Chorlton,Chorlton Place,2020,April,18,Saturday,02 May 2020,06:00,3,8,11,3,8,11,No Group
Manchester City Council - Chorlton,Chorlton Place,2020,April,18,Saturday,02 May 2020,07:00,3,10,13,3,10,13,No Group
Manchester City Council - Chorlton,Chorlton Place,2020,April,18,Saturday,02 May 2020,08:00,15,29,44,15,29,44,No Group
Manchester City Council - Chorlton,Chorlton Place,2020,April,18,Saturday,02 May 2020,09:00,38,42,80,38,42,80,No Group
Manchester City Council - Chorlton,Chorlton Place,2020,April,18,Saturday,02 May 2020,10:00,46,64,110,46,64,110,No Group
Manchester City Council - Chorlton,Chorlton Place,2020,April,18,Saturday,02 May 2020,11:00,80,87,167,80,87,167,No Group
Manchester City Council - Chorlton,Chorlton Place,2020,April,18,Saturday,02 May 2020,12:00,97,120,217,97,120,217,No Group
Manchester City Council - Chorlton,Chorlton Place,2020,April,18,Saturday,02 May 2020,13:00,133,128,261,133,128,261,No Group
Manchester City Council - Chorlton,Chorlton Place,2020,April,18,Saturday,02 May 2020,14:00,113,118,231,113,118,231,No Group
Manchester City Council - Chorlton,Chorlton Place,2020,April,18,Saturday,02 May 2020,15:00,113,127,240,113,127,240,No Group
Manchester City Council - Chorlton,Chorlton Place,2020,April,18,Saturday,02 May 2020,16:00,85,100,185,85,100,185,No Group
Manchester City Council - Chorlton,Chorlton Place,2020,April,18,Saturday,02 May 2020,17:00,47,44,91,47,44,91,No Group
Manchester City Council - Chorlton,Chorlton Place,2020,April,18,Saturday,02 May 2020,18:00,31,39,70,31,39,70,No Group
Manchester City Council - Chorlton,Chorlton Place,2020,April,18,Saturday,02 May 2020,19:00,23,22,45,23,22,45,No Group
Manchester City Council - Chorlton,Chorlton Place,2020,April,18,Saturday,02 May 2020,20:00,23,12,35,23,12,35,No Group
Manchester City Council - Chorlton,Chorlton Place,2020,April,18,Saturday,02 May 2020,21:00,9,11,20,9,11,20,No Group
Manchester City Council - Chorlton,Chorlton Place,2020,April,18,Saturday,02 May 2020,22:00,7,7,14,7,7,14,No Group
Manchester City Council - Chorlton,Chorlton Place,2020,April,18,Saturday,02 May 2020,23:00,4,5,9,4,5,9,No Group
Manchester City Council - Chorlton,Chorlton Place,2020,April,18,Sunday,03 May 2020,00:00,4,5,9,4,5,9,No Group
Manchester City Council - Chorlton,Chorlton Place,2020,April,18,Sunday,03 May 2020,01:00,2,0,2,2,0,2,No Group
Manchester City Council - Chorlton,Chorlton Place,2020,April,18,Sunday,03 May 2020,02:00,0,0,0,0,0,0,No Group
Manchester City Council - Chorlton,Chorlton Place,2020,April,18,Sunday,03 May 2020,03:00,0,0,0,0,0,0,No Group
Manchester City Council - Chorlton,Chorlton Place,2020,April,18,Sunday,03 May 2020,04:00,0,1,1,0,1,1,No Group
Manchester City Council - Chorlton,Chorlton Place,2020,April,18,Sunday,03 May 2020,05:00,0,1,1,0,1,1,No Group
Manchester City Council - Chorlton,Chorlton Place,2020,April,18,Sunday,03 May 2020,06:00,3,5,8,3,5,8,No Group
Manchester City Council - Chorlton,Chorlton Place,2020,April,18,Sunday,03 May 2020,07:00,5,3,8,5,3,8,No Group
Manchester City Council - Chorlton,Chorlton Place,2020,April,18,Sunday,03 May 2020,08:00,6,12,18,6,12,18,No Group
Manchester City Council - Chorlton,Chorlton Place,2020,April,18,Sunday,03 May 2020,09:00,10,14,24,10,14,24,No Group
Manchester City Council - Chorlton,Chorlton Place,2020,April,18,Sunday,03 May 2020,10:00,31,33,64,31,33,64,No Group
Manchester City Council - Chorlton,Chorlton Place,2020,April,18,Sunday,03 May 2020,11:00,33,38,71,33,38,71,No Group
Manchester City Council - Chorlton,Chorlton Place,2020,April,18,Sunday,03 May 2020,12:00,52,60,112,52,60,112,No Group
Manchester City Council - Chorlton,Chorlton Place,2020,April,18,Sunday,03 May 2020,13:00,92,89,181,92,89,181,No Group
Manchester City Council - Chorlton,Chorlton Place,2020,April,18,Sunday,03 May 2020,14:00,48,63,111,48,63,111,No Group
Manchester City Council - Chorlton,Chorlton Place,2020,April,18,Sunday,03 May 2020,15:00,54,55,109,54,55,109,No Group
Manchester City Council - Chorlton,Chorlton Place,2020,April,18,Sunday,03 May 2020,16:00,33,41,74,33,41,74,No Group
Manchester City Council - Chorlton,Chorlton Place,2020,April,18,Sunday,03 May 2020,17:00,23,40,63,23,40,63,No Group
Manchester City Council - Chorlton,Chorlton Place,2020,April,18,Sunday,03 May 2020,18:00,19,24,43,19,24,43,No Group
Manchester City Council - Chorlton,Chorlton Place,2020,April,18,Sunday,03 May 2020,19:00,14,24,38,14,24,38,No Group
Manchester City Council - Chorlton,Chorlton Place,2020,April,18,Sunday,03 May 2020,20:00,11,15,26,11,15,26,No Group
Manchester City Council - Chorlton,Chorlton Place,2020,April,18,Sunday,03 May 2020,21:00,4,8,12,4,8,12,No Group
Manchester City Council - Chorlton,Chorlton Place,2020,April,18,Sunday,03 May 2020,22:00,7,3,10,7,3,10,No Group
Manchester City Council - Chorlton,Chorlton Place,2020,April,18,Sunday,03 May 2020,23:00,6,2,8,6,2,8,No Group
Manchester City Council - Chorlton,Chorlton Place,2020,May,19,Monday,04 May 2020,00:00,0,1,1,0,1,1,No Group
Manchester City Council - Chorlton,Chorlton Place,2020,May,19,Monday,04 May 2020,01:00,0,0,0,0,0,0,No Group
Manchester City Council - Chorlton,Chorlton Place,2020,May,19,Monday,04 May 2020,02:00,1,0,1,1,0,1,No Group
Manchester City Council - Chorlton,Chorlton Place,2020,May,19,Monday,04 May 2020,03:00,0,0,0,0,0,0,No Group
Manchester City Council - Chorlton,Chorlton Place,2020,May,19,Monday,04 May 2020,04:00,2,2,4,2,2,4,No Group
Manchester City Council - Chorlton,Chorlton Place,2020,May,19,Monday,04 May 2020,05:00,0,2,2,0,2,2,No Group
Manchester City Council - Chorlton,Chorlton Place,2020,May,19,Monday,04 May 2020,06:00,15,17,32,15,17,32,No Group
Manchester City Council - Chorlton,Chorlton Place,2020,May,19,Monday,04 May 2020,07:00,11,21,32,11,21,32,No Group
Manchester City Council - Chorlton,Chorlton Place,2020,May,19,Monday,04 May 2020,08:00,33,28,61,33,28,61,No Group
Manchester City Council - Chorlton,Chorlton Place,2020,May,19,Monday,04 May 2020,09:00,23,40,63,23,40,63,No Group
Manchester City Council - Chorlton,Chorlton Place,2020,May,19,Monday,04 May 2020,10:00,49,61,110,49,61,110,No Group
Manchester City Council - Chorlton,Chorlton Place,2020,May,19,Monday,04 May 2020,11:00,61,55,116,61,55,116,No Group
Manchester City Council - Chorlton,Chorlton Place,2020,May,19,Monday,04 May 2020,12:00,118,128,246,118,128,246,No Group
Manchester City Council - Chorlton,Chorlton Place,2020,May,19,Monday,04 May 2020,13:00,91,107,198,91,107,198,No Group
Manchester City Council - Chorlton,Chorlton Place,2020,May,19,Monday,04 May 2020,14:00,78,68,146,78,68,146,No Group
Manchester City Council - Chorlton,Chorlton Place,2020,May,19,Monday,04 May 2020,15:00,88,100,188,88,100,188,No Group
Manchester City Council - Chorlton,Chorlton Place,2020,May,19,Monday,04 May 2020,16:00,58,69,127,58,69,127,No Group
Manchester City Council - Chorlton,Chorlton Place,2020,May,19,Monday,04 May 2020,17:00,38,54,92,38,54,92,No Group
Manchester City Council - Chorlton,Chorlton Place,2020,May,19,Monday,04 May 2020,18:00,31,39,70,31,39,70,No Group
Manchester City Council - Chorlton,Chorlton Place,2020,May,19,Monday,04 May 2020,19:00,29,24,53,29,24,53,No Group
Manchester City Council - Chorlton,Chorlton Place,2020,May,19,Monday,04 May 2020,20:00,11,13,24,11,13,24,No Group
Manchester City Council - Chorlton,Chorlton Place,2020,May,19,Monday,04 May 2020,21:00,8,13,21,8,13,21,No Group
Manchester City Council - Chorlton,Chorlton Place,2020,May,19,Monday,04 May 2020,22:00,9,10,19,9,10,19,No Group
Manchester City Council - Chorlton,Chorlton Place,2020,May,19,Monday,04 May 2020,23:00,4,0,4,4,0,4,No Group
Manchester City Council - Chorlton,Chorlton Place,2020,May,19,Tuesday,05 May 2020,00:00,0,2,2,0,2,2,No Group
Manchester City Council - Chorlton,Chorlton Place,2020,May,19,Tuesday,05 May 2020,01:00,2,1,3,2,1,3,No Group
Manchester City Council - Chorlton,Chorlton Place,2020,May,19,Tuesday,05 May 2020,02:00,0,0,0,0,0,0,No Group
Manchester City Council - Chorlton,Chorlton Place,2020,May,19,Tuesday,05 May 2020,03:00,0,1,1,0,1,1,No Group
Manchester City Council - Chorlton,Chorlton Place,2020,May,19,Tuesday,05 May 2020,04:00,0,1,1,0,1,1,No Group
Manchester City Council - Chorlton,Chorlton Place,2020,May,19,Tuesday,05 May 2020,05:00,3,2,5,3,2,5,No Group
Manchester City Council - Chorlton,Chorlton Place,2020,May,19,Tuesday,05 May 2020,06:00,13,21,34,13,21,34,No Group
Manchester City Council - Chorlton,Chorlton Place,2020,May,19,Tuesday,05 May 2020,07:00,7,18,25,7,18,25,No Group
Manchester City Council - Chorlton,Chorlton Place,2020,May,19,Tuesday,05 May 2020,08:00,26,33,59,26,33,59,No Group
Manchester City Council - Chorlton,Chorlton Place,2020,May,19,Tuesday,05 May 2020,09:00,35,43,78,35,43,78,No Group
Manchester City Council - Chorlton,Chorlton Place,2020,May,19,Tuesday,05 May 2020,10:00,53,75,128,53,75,128,No Group
Manchester City Council - Chorlton,Chorlton Place,2020,May,19,Tuesday,05 May 2020,11:00,89,86,175,89,86,175,No Group
Manchester City Council - Chorlton,Chorlton Place,2020,May,19,Tuesday,05 May 2020,12:00,120,136,256,120,136,256,No Group
Manchester City Council - Chorlton,Chorlton Place,2020,May,19,Tuesday,05 May 2020,13:00,100,115,215,100,115,215,No Group
Manchester City Council - Chorlton,Chorlton Place,2020,May,19,Tuesday,05 May 2020,14:00,104,115,219,104,115,219,No Group
Manchester City Council - Chorlton,Chorlton Place,2020,May,19,Tuesday,05 May 2020,15:00,79,76,155,79,76,155,No Group
Manchester City Council - Chorlton,Chorlton Place,2020,May,19,Tuesday,05 May 2020,16:00,62,95,157,62,95,157,No Group
Manchester City Council - Chorlton,Chorlton Place,2020,May,19,Tuesday,05 May 2020,17:00,54,49,103,54,49,103,No Group
Manchester City Council - Chorlton,Chorlton Place,2020,May,19,Tuesday,05 May 2020,18:00,37,37,74,37,37,74,No Group
Manchester City Council - Chorlton,Chorlton Place,2020,May,19,Tuesday,05 May 2020,19:00,23,32,55,23,32,55,No Group
Manchester City Council - Chorlton,Chorlton Place,2020,May,19,Tuesday,05 May 2020,20:00,21,20,41,21,20,41,No Group
Manchester City Council - Chorlton,Chorlton Place,2020,May,19,Tuesday,05 May 2020,21:00,10,17,27,10,17,27,No Group
Manchester City Council - Chorlton,Chorlton Place,2020,May,19,Tuesday,05 May 2020,22:00,11,9,20,11,9,20,No Group
Manchester City Council - Chorlton,Chorlton Place,2020,May,19,Tuesday,05 May 2020,23:00,4,0,4,4,0,4,No Group
Manchester City Council - Chorlton,Chorlton Place,2020,May,19,Wednesday,06 May 2020,00:00,1,1,2,1,1,2,No Group
Manchester City Council - Chorlton,Chorlton Place,2020,May,19,Wednesday,06 May 2020,01:00,0,1,1,0,1,1,No Group
Manchester City Council - Chorlton,Chorlton Place,2020,May,19,Wednesday,06 May 2020,02:00,2,1,3,2,1,3,No Group
Manchester City Council - Chorlton,Chorlton Place,2020,May,19,Wednesday,06 May 2020,03:00,0,0,0,0,0,0,No Group
Manchester City Council - Chorlton,Chorlton Place,2020,May,19,Wednesday,06 May 2020,04:00,0,0,0,0,0,0,No Group
Manchester City Council - Chorlton,Chorlton Place,2020,May,19,Wednesday,06 May 2020,05:00,1,4,5,1,4,5,No Group
Manchester City Council - Chorlton,Chorlton Place,2020,May,19,Wednesday,06 May 2020,06:00,17,19,36,17,19,36,No Group
Manchester City Council - Chorlton,Chorlton Place,2020,May,19,Wednesday,06 May 2020,07:00,16,16,32,16,16,32,No Group
Manchester City Council - Chorlton,Chorlton Place,2020,May,19,Wednesday,06 May 2020,08:00,35,42,77,35,42,77,No Group
Manchester City Council - Chorlton,Chorlton Place,2020,May,19,Wednesday,06 May 2020,09:00,43,64,107,43,64,107,No Group
Manchester City Council - Chorlton,Chorlton Place,2020,May,19,Wednesday,06 May 2020,10:00,57,66,123,57,66,123,No Group
Manchester City Council - Chorlton,Chorlton Place,2020,May,19,Wednesday,06 May 2020,11:00,85,100,185,85,100,185,No Group
Manchester City Council - Chorlton,Chorlton Place,2020,May,19,Wednesday,06 May 2020,12:00,111,145,256,111,145,256,No Group
Manchester City Council - Chorlton,Chorlton Place,2020,May,19,Wednesday,06 May 2020,13:00,145,151,296,145,151,296,No Group
Manchester City Council - Chorlton,Chorlton Place,2020,May,19,Wednesday,06 May 2020,14:00,86,104,190,86,104,190,No Group
Manchester City Council - Chorlton,Chorlton Place,2020,May,19,Wednesday,06 May 2020,15:00,74,73,147,74,73,147,No Group
Manchester City Council - Chorlton,Chorlton Place,2020,May,19,Wednesday,06 May 2020,16:00,74,79,153,74,79,153,No Group
Manchester City Council - Chorlton,Chorlton Place,2020,May,19,Wednesday,06 May 2020,17:00,38,61,99,38,61,99,No Group
Manchester City Council - Chorlton,Chorlton Place,2020,May,19,Wednesday,06 May 2020,18:00,32,44,76,32,44,76,No Group
Manchester City Council - Chorlton,Chorlton Place,2020,May,19,Wednesday,06 May 2020,19:00,29,31,60,29,31,60,No Group
Manchester City Council - Chorlton,Chorlton Place,2020,May,19,Wednesday,06 May 2020,20:00,15,18,33,15,18,33,No Group
Manchester City Council - Chorlton,Chorlton Place,2020,May,19,Wednesday,06 May 2020,21:00,8,15,23,8,15,23,No Group
Manchester City Council - Chorlton,Chorlton Place,2020,May,19,Wednesday,06 May 2020,22:00,7,1,8,7,1,8,No Group
Manchester City Council - Chorlton,Chorlton Place,2020,May,19,Wednesday,06 May 2020,23:00,4,1,5,4,1,5,No Group
Manchester City Council - Chorlton,Chorlton Place,2020,May,19,Thursday,07 May 2020,00:00,4,2,6,4,2,6,No Group
Manchester City Council - Chorlton,Chorlton Place,2020,May,19,Thursday,07 May 2020,01:00,0,0,0,0,0,0,No Group
Manchester City Council - Chorlton,Chorlton Place,2020,May,19,Thursday,07 May 2020,02:00,2,1,3,2,1,3,No Group
Manchester City Council - Chorlton,Chorlton Place,2020,May,19,Thursday,07 May 2020,03:00,0,1,1,0,1,1,No Group
Manchester City Council - Chorlton,Chorlton Place,2020,May,19,Thursday,07 May 2020,04:00,0,1,1,0,1,1,No Group
Manchester City Council - Chorlton,Chorlton Place,2020,May,19,Thursday,07 May 2020,05:00,4,7,11,4,7,11,No Group
Manchester City Council - Chorlton,Chorlton Place,2020,May,19,Thursday,07 May 2020,06:00,11,21,32,11,21,32,No Group
Manchester City Council - Chorlton,Chorlton Place,2020,May,19,Thursday,07 May 2020,07:00,7,23,30,7,23,30,No Group
Manchester City Council - Chorlton,Chorlton Place,2020,May,19,Thursday,07 May 2020,08:00,29,31,60,29,31,60,No Group
Manchester City Council - Chorlton,Chorlton Place,2020,May,19,Thursday,07 May 2020,09:00,50,57,107,50,57,107,No Group
Manchester City Council - Chorlton,Chorlton Place,2020,May,19,Thursday,07 May 2020,10:00,73,79,152,73,79,152,No Group
Manchester City Council - Chorlton,Chorlton Place,2020,May,19,Thursday,07 May 2020,11:00,115,116,231,115,116,231,No Group
Manchester City Council - Chorlton,Chorlton Place,2020,May,19,Thursday,07 May 2020,12:00,143,128,271,143,128,271,No Group
Manchester City Council - Chorlton,Chorlton Place,2020,May,19,Thursday,07 May 2020,13:00,107,176,283,107,176,283,No Group
Manchester City Council - Chorlton,Chorlton Place,2020,May,19,Thursday,07 May 2020,14:00,119,101,220,119,101,220,No Group
Manchester City Council - Chorlton,Chorlton Place,2020,May,19,Thursday,07 May 2020,15:00,79,87,166,79,87,166,No Group
Manchester City Council - Chorlton,Chorlton Place,2020,May,19,Thursday,07 May 2020,16:00,84,63,147,84,63,147,No Group
Manchester City Council - Chorlton,Chorlton Place,2020,May,19,Thursday,07 May 2020,17:00,31,46,77,31,46,77,No Group
Manchester City Council - Chorlton,Chorlton Place,2020,May,19,Thursday,07 May 2020,18:00,46,40,86,46,40,86,No Group
Manchester City Council - Chorlton,Chorlton Place,2020,May,19,Thursday,07 May 2020,19:00,40,25,65,40,25,65,No Group
Manchester City Council - Chorlton,Chorlton Place,2020,May,19,Thursday,07 May 2020,20:00,13,14,27,13,14,27,No Group
Manchester City Council - Chorlton,Chorlton Place,2020,May,19,Thursday,07 May 2020,21:00,10,13,23,10,13,23,No Group
Manchester City Council - Chorlton,Chorlton Place,2020,May,19,Thursday,07 May 2020,22:00,8,9,17,8,9,17,No Group
Manchester City Council - Chorlton,Chorlton Place,2020,May,19,Thursday,07 May 2020,23:00,3,2,5,3,2,5,No Group
Manchester City Council - Chorlton,Chorlton Place,2020,May,19,Friday,08 May 2020,00:00,5,2,7,5,2,7,No Group
Manchester City Council - Chorlton,Chorlton Place,2020,May,19,Friday,08 May 2020,01:00,2,0,2,2,0,2,No Group
Manchester City Council - Chorlton,Chorlton Place,2020,May,19,Friday,08 May 2020,02:00,0,1,1,0,1,1,No Group
Manchester City Council - Chorlton,Chorlton Place,2020,May,19,Friday,08 May 2020,03:00,0,0,0,0,0,0,No Group
Manchester City Council - Chorlton,Chorlton Place,2020,May,19,Friday,08 May 2020,04:00,0,2,2,0,2,2,No Group
Manchester City Council - Chorlton,Chorlton Place,2020,May,19,Friday,08 May 2020,05:00,2,4,6,2,4,6,No Group
Manchester City Council - Chorlton,Chorlton Place,2020,May,19,Friday,08 May 2020,06:00,5,11,16,5,11,16,No Group
Manchester City Council - Chorlton,Chorlton Place,2020,May,19,Friday,08 May 2020,07:00,9,15,24,9,15,24,No Group
Manchester City Council - Chorlton,Chorlton Place,2020,May,19,Friday,08 May 2020,08:00,29,39,68,29,39,68,No Group
Manchester City Council - Chorlton,Chorlton Place,2020,May,19,Friday,08 May 2020,09:00,38,53,91,38,53,91,No Group
Manchester City Council - Chorlton,Chorlton Place,2020,May,19,Friday,08 May 2020,10:00,54,64,118,54,64,118,No Group
Manchester City Council - Chorlton,Chorlton Place,2020,May,19,Friday,08 May 2020,11:00,67,78,145,67,78,145,No Group
Manchester City Council - Chorlton,Chorlton Place,2020,May,19,Friday,08 May 2020,12:00,110,105,215,110,105,215,No Group
Manchester City Council - Chorlton,Chorlton Place,2020,May,19,Friday,08 May 2020,13:00,146,191,337,146,191,337,No Group
Manchester City Council - Chorlton,Chorlton Place,2020,May,19,Friday,08 May 2020,14:00,106,116,222,106,116,222,No Group
Manchester City Council - Chorlton,Chorlton Place,2020,May,19,Friday,08 May 2020,15:00,106,97,203,106,97,203,No Group
Manchester City Council - Chorlton,Chorlton Place,2020,May,19,Friday,08 May 2020,16:00,54,63,117,54,63,117,No Group
Manchester City Council - Chorlton,Chorlton Place,2020,May,19,Friday,08 May 2020,17:00,28,54,82,28,54,82,No Group
Manchester City Council - Chorlton,Chorlton Place,2020,May,19,Friday,08 May 2020,18:00,29,39,68,29,39,68,No Group
Manchester City Council - Chorlton,Chorlton Place,2020,May,19,Friday,08 May 2020,19:00,22,19,41,22,19,41,No Group
Manchester City Council - Chorlton,Chorlton Place,2020,May,19,Friday,08 May 2020,20:00,18,12,30,18,12,30,No Group
Manchester City Council - Chorlton,Chorlton Place,2020,May,19,Friday,08 May 2020,21:00,15,13,28,15,13,28,No Group
Manchester City Council - Chorlton,Chorlton Place,2020,May,19,Friday,08 May 2020,22:00,3,4,7,3,4,7,No Group
Manchester City Council - Chorlton,Chorlton Place,2020,May,19,Friday,08 May 2020,23:00,6,4,10,6,4,10,No Group
Manchester City Council - Chorlton,Chorlton Place,2020,May,19,Saturday,09 May 2020,00:00,4,4,8,4,4,8,No Group
Manchester City Council - Chorlton,Chorlton Place,2020,May,19,Saturday,09 May 2020,01:00,1,1,2,1,1,2,No Group
Manchester City Council - Chorlton,Chorlton Place,2020,May,19,Saturday,09 May 2020,02:00,0,0,0,0,0,0,No Group
Manchester City Council - Chorlton,Chorlton Place,2020,May,19,Saturday,09 May 2020,03:00,0,0,0,0,0,0,No Group
Manchester City Council - Chorlton,Chorlton Place,2020,May,19,Saturday,09 May 2020,04:00,0,1,1,0,1,1,No Group
Manchester City Council - Chorlton,Chorlton Place,2020,May,19,Saturday,09 May 2020,05:00,11,11,22,11,11,22,No Group
Manchester City Council - Chorlton,Chorlton Place,2020,May,19,Saturday,09 May 2020,06:00,6,12,18,6,12,18,No Group
Manchester City Council - Chorlton,Chorlton Place,2020,May,19,Saturday,09 May 2020,07:00,5,14,19,5,14,19,No Group
Manchester City Council - Chorlton,Chorlton Place,2020,May,19,Saturday,09 May 2020,08:00,36,34,70,36,34,70,No Group
Manchester City Council - Chorlton,Chorlton Place,2020,May,19,Saturday,09 May 2020,09:00,61,80,141,61,80,141,No Group
Manchester City Council - Chorlton,Chorlton Place,2020,May,19,Saturday,09 May 2020,10:00,81,90,171,81,90,171,No Group
Manchester City Council - Chorlton,Chorlton Place,2020,May,19,Saturday,09 May 2020,11:00,122,99,221,122,99,221,No Group
Manchester City Council - Chorlton,Chorlton Place,2020,May,19,Saturday,09 May 2020,12:00,174,147,321,174,147,321,No Group
Manchester City Council - Chorlton,Chorlton Place,2020,May,19,Saturday,09 May 2020,13:00,134,147,281,134,147,281,No Group
Manchester City Council - Chorlton,Chorlton Place,2020,May,19,Saturday,09 May 2020,14:00,134,174,308,134,174,308,No Group
Manchester City Council - Chorlton,Chorlton Place,2020,May,19,Saturday,09 May 2020,15:00,96,100,196,96,100,196,No Group
Manchester City Council - Chorlton,Chorlton Place,2020,May,19,Saturday,09 May 2020,16:00,65,60,125,65,60,125,No Group
Manchester City Council - Chorlton,Chorlton Place,2020,May,19,Saturday,09 May 2020,17:00,49,64,113,49,64,113,No Group
Manchester City Council - Chorlton,Chorlton Place,2020,May,19,Saturday,09 May 2020,18:00,40,46,86,40,46,86,No Group
Manchester City Council - Chorlton,Chorlton Place,2020,May,19,Saturday,09 May 2020,19:00,21,27,48,21,27,48,No Group
Manchester City Council - Chorlton,Chorlton Place,2020,May,19,Saturday,09 May 2020,20:00,14,9,23,14,9,23,No Group
Manchester City Council - Chorlton,Chorlton Place,2020,May,19,Saturday,09 May 2020,21:00,14,18,32,14,18,32,No Group
Manchester City Council - Chorlton,Chorlton Place,2020,May,19,Saturday,09 May 2020,22:00,3,4,7,3,4,7,No Group
Manchester City Council - Chorlton,Chorlton Place,2020,May,19,Saturday,09 May 2020,23:00,2,2,4,2,2,4,No Group
Manchester City Council - Chorlton,Chorlton Place,2020,May,19,Sunday,10 May 2020,00:00,1,4,5,1,4,5,No Group
Manchester City Council - Chorlton,Chorlton Place,2020,May,19,Sunday,10 May 2020,01:00,0,3,3,0,3,3,No Group
Manchester City Council - Chorlton,Chorlton Place,2020,May,19,Sunday,10 May 2020,02:00,0,0,0,0,0,0,No Group
Manchester City Council - Chorlton,Chorlton Place,2020,May,19,Sunday,10 May 2020,03:00,0,0,0,0,0,0,No Group
Manchester City Council - Chorlton,Chorlton Place,2020,May,19,Sunday,10 May 2020,04:00,0,0,0,0,0,0,No Group
Manchester City Council - Chorlton,Chorlton Place,2020,May,19,Sunday,10 May 2020,05:00,2,3,5,2,3,5,No Group
Manchester City Council - Chorlton,Chorlton Place,2020,May,19,Sunday,10 May 2020,06:00,2,1,3,2,1,3,No Group
Manchester City Council - Chorlton,Chorlton Place,2020,May,19,Sunday,10 May 2020,07:00,5,12,17,5,12,17,No Group
Manchester City Council - Chorlton,Chorlton Place,2020,May,19,Sunday,10 May 2020,08:00,8,8,16,8,8,16,No Group
Manchester City Council - Chorlton,Chorlton Place,2020,May,19,Sunday,10 May 2020,09:00,8,19,27,8,19,27,No Group
Manchester City Council - Chorlton,Chorlton Place,2020,May,19,Sunday,10 May 2020,10:00,16,23,39,16,23,39,No Group
Manchester City Council - Chorlton,Chorlton Place,2020,May,19,Sunday,10 May 2020,11:00,39,47,86,39,47,86,No Group
Manchester City Council - Chorlton,Chorlton Place,2020,May,19,Sunday,10 May 2020,12:00,40,46,86,40,46,86,No Group
Manchester City Council - Chorlton,Chorlton Place,2020,May,19,Sunday,10 May 2020,13:00,39,39,78,39,39,78,No Group
Manchester City Council - Chorlton,Chorlton Place,2020,May,19,Sunday,10 May 2020,14:00,34,40,74,34,40,74,No Group
Manchester City Council - Chorlton,Chorlton Place,2020,May,19,Sunday,10 May 2020,15:00,46,57,103,46,57,103,No Group
Manchester City Council - Chorlton,Chorlton Place,2020,May,19,Sunday,10 May 2020,16:00,44,34,78,44,34,78,No Group
Manchester City Council - Chorlton,Chorlton Place,2020,May,19,Sunday,10 May 2020,17:00,19,21,40,19,21,40,No Group
Manchester City Council - Chorlton,Chorlton Place,2020,May,19,Sunday,10 May 2020,18:00,23,22,45,23,22,45,No Group
Manchester City Council - Chorlton,Chorlton Place,2020,May,19,Sunday,10 May 2020,19:00,8,15,23,8,15,23,No Group
Manchester City Council - Chorlton,Chorlton Place,2020,May,19,Sunday,10 May 2020,20:00,7,16,23,7,16,23,No Group
Manchester City Council - Chorlton,Chorlton Place,2020,May,19,Sunday,10 May 2020,21:00,7,17,24,7,17,24,No Group
Manchester City Council - Chorlton,Chorlton Place,2020,May,19,Sunday,10 May 2020,22:00,6,5,11,6,5,11,No Group
Manchester City Council - Chorlton,Chorlton Place,2020,May,19,Sunday,10 May 2020,23:00,0,0,0,0,0,0,No Group
Manchester City Council - Chorlton,Chorlton Place,2020,May,20,Monday,11 May 2020,00:00,4,1,5,4,1,5,No Group
Manchester City Council - Chorlton,Chorlton Place,2020,May,20,Monday,11 May 2020,01:00,0,0,0,0,0,0,No Group
Manchester City Council - Chorlton,Chorlton Place,2020,May,20,Monday,11 May 2020,02:00,1,0,1,1,0,1,No Group
Manchester City Council - Chorlton,Chorlton Place,2020,May,20,Monday,11 May 2020,03:00,0,1,1,0,1,1,No Group
Manchester City Council - Chorlton,Chorlton Place,2020,May,20,Monday,11 May 2020,04:00,1,0,1,1,0,1,No Group
Manchester City Council - Chorlton,Chorlton Place,2020,May,20,Monday,11 May 2020,05:00,2,4,6,2,4,6,No Group
Manchester City Council - Chorlton,Chorlton Place,2020,May,20,Monday,11 May 2020,06:00,16,27,43,16,27,43,No Group
Manchester City Council - Chorlton,Chorlton Place,2020,May,20,Monday,11 May 2020,07:00,12,22,34,12,22,34,No Group
Manchester City Council - Chorlton,Chorlton Place,2020,May,20,Monday,11 May 2020,08:00,15,24,39,15,24,39,No Group
Manchester City Council - Chorlton,Chorlton Place,2020,May,20,Monday,11 May 2020,09:00,32,39,71,32,39,71,No Group
Manchester City Council - Chorlton,Chorlton Place,2020,May,20,Monday,11 May 2020,10:00,57,63,120,57,63,120,No Group
Manchester City Council - Chorlton,Chorlton Place,2020,May,20,Monday,11 May 2020,11:00,91,88,179,91,88,179,No Group
Manchester City Council - Chorlton,Chorlton Place,2020,May,20,Monday,11 May 2020,12:00,78,82,160,78,82,160,No Group
Manchester City Council - Chorlton,Chorlton Place,2020,May,20,Monday,11 May 2020,13:00,83,94,177,83,94,177,No Group
Manchester City Council - Chorlton,Chorlton Place,2020,May,20,Monday,11 May 2020,14:00,85,73,158,85,73,158,No Group
Manchester City Council - Chorlton,Chorlton Place,2020,May,20,Monday,11 May 2020,15:00,63,76,139,63,76,139,No Group
Manchester City Council - Chorlton,Chorlton Place,2020,May,20,Monday,11 May 2020,16:00,80,82,162,80,82,162,No Group
Manchester City Council - Chorlton,Chorlton Place,2020,May,20,Monday,11 May 2020,17:00,45,53,98,45,53,98,No Group
Manchester City Council - Chorlton,Chorlton Place,2020,May,20,Monday,11 May 2020,18:00,50,59,109,50,59,109,No Group
Manchester City Council - Chorlton,Chorlton Place,2020,May,20,Monday,11 May 2020,19:00,24,23,47,24,23,47,No Group
Manchester City Council - Chorlton,Chorlton Place,2020,May,20,Monday,11 May 2020,20:00,37,14,51,37,14,51,No Group
Manchester City Council - Chorlton,Chorlton Place,2020,May,20,Monday,11 May 2020,21:00,15,15,30,15,15,30,No Group
Manchester City Council - Chorlton,Chorlton Place,2020,May,20,Monday,11 May 2020,22:00,7,10,17,7,10,17,No Group
Manchester City Council - Chorlton,Chorlton Place,2020,May,20,Monday,11 May 2020,23:00,6,2,8,6,2,8,No Group
Manchester City Council - Chorlton,Chorlton Place,2020,May,20,Tuesday,12 May 2020,00:00,4,1,5,4,1,5,No Group
Manchester City Council - Chorlton,Chorlton Place,2020,May,20,Tuesday,12 May 2020,01:00,0,0,0,0,0,0,No Group
Manchester City Council - Chorlton,Chorlton Place,2020,May,20,Tuesday,12 May 2020,02:00,0,0,0,0,0,0,No Group
Manchester City Council - Chorlton,Chorlton Place,2020,May,20,Tuesday,12 May 2020,03:00,0,0,0,0,0,0,No Group
Manchester City Council - Chorlton,Chorlton Place,2020,May,20,Tuesday,12 May 2020,04:00,0,2,2,0,2,2,No Group
Manchester City Council - Chorlton,Chorlton Place,2020,May,20,Tuesday,12 May 2020,05:00,1,2,3,1,2,3,No Group
Manchester City Council - Chorlton,Chorlton Place,2020,May,20,Tuesday,12 May 2020,06:00,13,20,33,13,20,33,No Group
Manchester City Council - Chorlton,Chorlton Place,2020,May,20,Tuesday,12 May 2020,07:00,9,11,20,9,11,20,No Group
Manchester City Council - Chorlton,Chorlton Place,2020,May,20,Tuesday,12 May 2020,08:00,37,39,76,37,39,76,No Group
Manchester City Council - Chorlton,Chorlton Place,2020,May,20,Tuesday,12 May 2020,09:00,15,25,40,15,25,40,No Group
Manchester City Council - Chorlton,Chorlton Place,2020,May,20,Tuesday,12 May 2020,10:00,23,32,55,23,32,55,No Group
Manchester City Council - Chorlton,Chorlton Place,2020,May,20,Tuesday,12 May 2020,11:00,52,60,112,52,60,112,No Group
Manchester City Council - Chorlton,Chorlton Place,2020,May,20,Tuesday,12 May 2020,12:00,80,76,156,80,76,156,No Group
Manchester City Council - Chorlton,Chorlton Place,2020,May,20,Tuesday,12 May 2020,13:00,72,81,153,72,81,153,No Group
Manchester City Council - Chorlton,Chorlton Place,2020,May,20,Tuesday,12 May 2020,14:00,50,65,115,50,65,115,No Group
Manchester City Council - Chorlton,Chorlton Place,2020,May,20,Tuesday,12 May 2020,15:00,54,60,114,54,60,114,No Group
Manchester City Council - Chorlton,Chorlton Place,2020,May,20,Tuesday,12 May 2020,16:00,60,46,106,60,46,106,No Group
Manchester City Council - Chorlton,Chorlton Place,2020,May,20,Tuesday,12 May 2020,17:00,46,54,100,46,54,100,No Group
Manchester City Council - Chorlton,Chorlton Place,2020,May,20,Tuesday,12 May 2020,18:00,32,54,86,32,54,86,No Group
Manchester City Council - Chorlton,Chorlton Place,2020,May,20,Tuesday,12 May 2020,19:00,25,27,52,25,27,52,No Group
Manchester City Council - Chorlton,Chorlton Place,2020,May,20,Tuesday,12 May 2020,20:00,18,25,43,18,25,43,No Group
Manchester City Council - Chorlton,Chorlton Place,2020,May,20,Tuesday,12 May 2020,21:00,14,12,26,14,12,26,No Group
Manchester City Council - Chorlton,Chorlton Place,2020,May,20,Tuesday,12 May 2020,22:00,4,5,9,4,5,9,No Group
Manchester City Council - Chorlton,Chorlton Place,2020,May,20,Tuesday,12 May 2020,23:00,2,4,6,2,4,6,No Group
Manchester City Council - Chorlton,Chorlton Place,2020,May,20,Wednesday,13 May 2020,00:00,0,1,1,0,1,1,No Group
Manchester City Council - Chorlton,Chorlton Place,2020,May,20,Wednesday,13 May 2020,01:00,0,2,2,0,2,2,No Group
Manchester City Council - Chorlton,Chorlton Place,2020,May,20,Wednesday,13 May 2020,02:00,0,0,0,0,0,0,No Group
Manchester City Council - Chorlton,Chorlton Place,2020,May,20,Wednesday,13 May 2020,03:00,0,0,0,0,0,0,No Group
Manchester City Council - Chorlton,Chorlton Place,2020,May,20,Wednesday,13 May 2020,04:00,0,0,0,0,0,0,No Group
Manchester City Council - Chorlton,Chorlton Place,2020,May,20,Wednesday,13 May 2020,05:00,3,4,7,3,4,7,No Group
Manchester City Council - Chorlton,Chorlton Place,2020,May,20,Wednesday,13 May 2020,06:00,12,21,33,12,21,33,No Group
Manchester City Council - Chorlton,Chorlton Place,2020,May,20,Wednesday,13 May 2020,07:00,8,17,25,8,17,25,No Group
Manchester City Council - Chorlton,Chorlton Place,2020,May,20,Wednesday,13 May 2020,08:00,34,30,64,34,30,64,No Group
Manchester City Council - Chorlton,Chorlton Place,2020,May,20,Wednesday,13 May 2020,09:00,37,51,88,37,51,88,No Group
Manchester City Council - Chorlton,Chorlton Place,2020,May,20,Wednesday,13 May 2020,10:00,35,49,84,35,49,84,No Group
Manchester City Council - Chorlton,Chorlton Place,2020,May,20,Wednesday,13 May 2020,11:00,62,58,120,62,58,120,No Group
Manchester City Council - Chorlton,Chorlton Place,2020,May,20,Wednesday,13 May 2020,12:00,103,100,203,103,100,203,No Group
Manchester City Council - Chorlton,Chorlton Place,2020,May,20,Wednesday,13 May 2020,13:00,113,103,216,113,103,216,No Group
Manchester City Council - Chorlton,Chorlton Place,2020,May,20,Wednesday,13 May 2020,14:00,69,82,151,69,82,151,No Group
Manchester City Council - Chorlton,Chorlton Place,2020,May,20,Wednesday,13 May 2020,15:00,69,79,148,69,79,148,No Group
Manchester City Council - Chorlton,Chorlton Place,2020,May,20,Wednesday,13 May 2020,16:00,62,60,122,62,60,122,No Group
Manchester City Council - Chorlton,Chorlton Place,2020,May,20,Wednesday,13 May 2020,17:00,61,44,105,61,44,105,No Group
Manchester City Council - Chorlton,Chorlton Place,2020,May,20,Wednesday,13 May 2020,18:00,41,49,90,41,49,90,No Group
Manchester City Council - Chorlton,Chorlton Place,2020,May,20,Wednesday,13 May 2020,19:00,25,33,58,25,33,58,No Group
Manchester City Council - Chorlton,Chorlton Place,2020,May,20,Wednesday,13 May 2020,20:00,21,18,39,21,18,39,No Group
Manchester City Council - Chorlton,Chorlton Place,2020,May,20,Wednesday,13 May 2020,21:00,16,16,32,16,16,32,No Group
Manchester City Council - Chorlton,Chorlton Place,2020,May,20,Wednesday,13 May 2020,22:00,5,9,14,5,9,14,No Group
Manchester City Council - Chorlton,Chorlton Place,2020,May,20,Wednesday,13 May 2020,23:00,1,1,2,1,1,2,No Group
Manchester City Council - Chorlton,Chorlton Place,2020,May,20,Thursday,14 May 2020,00:00,1,0,1,1,0,1,No Group
Manchester City Council - Chorlton,Chorlton Place,2020,May,20,Thursday,14 May 2020,01:00,0,0,0,0,0,0,No Group
Manchester City Council - Chorlton,Chorlton Place,2020,May,20,Thursday,14 May 2020,02:00,0,0,0,0,0,0,No Group
Manchester City Council - Chorlton,Chorlton Place,2020,May,20,Thursday,14 May 2020,03:00,0,0,0,0,0,0,No Group
Manchester City Council - Chorlton,Chorlton Place,2020,May,20,Thursday,14 May 2020,04:00,0,4,4,0,4,4,No Group
Manchester City Council - Chorlton,Chorlton Place,2020,May,20,Thursday,14 May 2020,05:00,3,5,8,3,5,8,No Group
Manchester City Council - Chorlton,Chorlton Place,2020,May,20,Thursday,14 May 2020,06:00,11,19,30,11,19,30,No Group
Manchester City Council - Chorlton,Chorlton Place,2020,May,20,Thursday,14 May 2020,07:00,16,13,29,16,13,29,No Group
Manchester City Council - Chorlton,Chorlton Place,2020,May,20,Thursday,14 May 2020,08:00,30,39,69,30,39,69,No Group
Manchester City Council - Chorlton,Chorlton Place,2020,May,20,Thursday,14 May 2020,09:00,46,53,99,46,53,99,No Group
Manchester City Council - Chorlton,Chorlton Place,2020,May,20,Thursday,14 May 2020,10:00,71,71,142,71,71,142,No Group
Manchester City Council - Chorlton,Chorlton Place,2020,May,20,Thursday,14 May 2020,11:00,75,95,170,75,95,170,No Group
Manchester City Council - Chorlton,Chorlton Place,2020,May,20,Thursday,14 May 2020,12:00,115,123,238,115,123,238,No Group
Manchester City Council - Chorlton,Chorlton Place,2020,May,20,Thursday,14 May 2020,13:00,143,145,288,143,145,288,No Group
Manchester City Council - Chorlton,Chorlton Place,2020,May,20,Thursday,14 May 2020,14:00,106,150,256,106,150,256,No Group
Manchester City Council - Chorlton,Chorlton Place,2020,May,20,Thursday,14 May 2020,15:00,82,61,143,82,61,143,No Group
Manchester City Council - Chorlton,Chorlton Place,2020,May,20,Thursday,14 May 2020,16:00,51,79,130,51,79,130,No Group
Manchester City Council - Chorlton,Chorlton Place,2020,May,20,Thursday,14 May 2020,17:00,52,63,115,52,63,115,No Group
Manchester City Council - Chorlton,Chorlton Place,2020,May,20,Thursday,14 May 2020,18:00,44,57,101,44,57,101,No Group
Manchester City Council - Chorlton,Chorlton Place,2020,May,20,Thursday,14 May 2020,19:00,35,24,59,35,24,59,No Group
Manchester City Council - Chorlton,Chorlton Place,2020,May,20,Thursday,14 May 2020,20:00,27,14,41,27,14,41,No Group
Manchester City Council - Chorlton,Chorlton Place,2020,May,20,Thursday,14 May 2020,21:00,13,12,25,13,12,25,No Group
Manchester City Council - Chorlton,Chorlton Place,2020,May,20,Thursday,14 May 2020,22:00,10,12,22,10,12,22,No Group
Manchester City Council - Chorlton,Chorlton Place,2020,May,20,Thursday,14 May 2020,23:00,1,3,4,1,3,4,No Group
Manchester City Council - Chorlton,Chorlton Place,2020,May,20,Friday,15 May 2020,00:00,2,3,5,2,3,5,No Group
Manchester City Council - Chorlton,Chorlton Place,2020,May,20,Friday,15 May 2020,01:00,0,0,0,0,0,0,No Group
Manchester City Council - Chorlton,Chorlton Place,2020,May,20,Friday,15 May 2020,02:00,0,0,0,0,0,0,No Group
Manchester City Council - Chorlton,Chorlton Place,2020,May,20,Friday,15 May 2020,03:00,0,1,1,0,1,1,No Group
Manchester City Council - Chorlton,Chorlton Place,2020,May,20,Friday,15 May 2020,04:00,2,2,4,2,2,4,No Group
Manchester City Council - Chorlton,Chorlton Place,2020,May,20,Friday,15 May 2020,05:00,4,4,8,4,4,8,No Group
Manchester City Council - Chorlton,Chorlton Place,2020,May,20,Friday,15 May 2020,06:00,8,19,27,8,19,27,No Group
Manchester City Council - Chorlton,Chorlton Place,2020,May,20,Friday,15 May 2020,07:00,10,19,29,10,19,29,No Group
Manchester City Council - Chorlton,Chorlton Place,2020,May,20,Friday,15 May 2020,08:00,33,34,67,33,34,67,No Group
Manchester City Council - Chorlton,Chorlton Place,2020,May,20,Friday,15 May 2020,09:00,56,46,102,56,46,102,No Group
Manchester City Council - Chorlton,Chorlton Place,2020,May,20,Friday,15 May 2020,10:00,63,67,130,63,67,130,No Group
Manchester City Council - Chorlton,Chorlton Place,2020,May,20,Friday,15 May 2020,11:00,81,90,171,81,90,171,No Group
Manchester City Council - Chorlton,Chorlton Place,2020,May,20,Friday,15 May 2020,12:00,94,98,192,94,98,192,No Group
Manchester City Council - Chorlton,Chorlton Place,2020,May,20,Friday,15 May 2020,13:00,112,129,241,112,129,241,No Group
Manchester City Council - Chorlton,Chorlton Place,2020,May,20,Friday,15 May 2020,14:00,77,90,167,77,90,167,No Group
Manchester City Council - Chorlton,Chorlton Place,2020,May,20,Friday,15 May 2020,15:00,85,94,179,85,94,179,No Group
Manchester City Council - Chorlton,Chorlton Place,2020,May,20,Friday,15 May 2020,16:00,89,73,162,89,73,162,No Group
Manchester City Council - Chorlton,Chorlton Place,2020,May,20,Friday,15 May 2020,17:00,52,62,114,52,62,114,No Group
Manchester City Council - Chorlton,Chorlton Place,2020,May,20,Friday,15 May 2020,18:00,58,55,113,58,55,113,No Group
Manchester City Council - Chorlton,Chorlton Place,2020,May,20,Friday,15 May 2020,19:00,22,26,48,22,26,48,No Group
Manchester City Council - Chorlton,Chorlton Place,2020,May,20,Friday,15 May 2020,20:00,24,25,49,24,25,49,No Group
Manchester City Council - Chorlton,Chorlton Place,2020,May,20,Friday,15 May 2020,21:00,11,11,22,11,11,22,No Group
Manchester City Council - Chorlton,Chorlton Place,2020,May,20,Friday,15 May 2020,22:00,13,8,21,13,8,21,No Group
Manchester City Council - Chorlton,Chorlton Place,2020,May,20,Friday,15 May 2020,23:00,2,5,7,2,5,7,No Group
Manchester City Council - Chorlton,Chorlton Place,2020,May,20,Saturday,16 May 2020,00:00,1,2,3,1,2,3,No Group
Manchester City Council - Chorlton,Chorlton Place,2020,May,20,Saturday,16 May 2020,01:00,1,3,4,1,3,4,No Group
Manchester City Council - Chorlton,Chorlton Place,2020,May,20,Saturday,16 May 2020,02:00,0,0,0,0,0,0,No Group
Manchester City Council - Chorlton,Chorlton Place,2020,May,20,Saturday,16 May 2020,03:00,1,1,2,1,1,2,No Group
Manchester City Council - Chorlton,Chorlton Place,2020,May,20,Saturday,16 May 2020,04:00,0,0,0,0,0,0,No Group
Manchester City Council - Chorlton,Chorlton Place,2020,May,20,Saturday,16 May 2020,05:00,11,9,20,11,9,20,No Group
Manchester City Council - Chorlton,Chorlton Place,2020,May,20,Saturday,16 May 2020,06:00,4,11,15,4,11,15,No Group
Manchester City Council - Chorlton,Chorlton Place,2020,May,20,Saturday,16 May 2020,07:00,13,11,24,13,11,24,No Group
Manchester City Council - Chorlton,Chorlton Place,2020,May,20,Saturday,16 May 2020,08:00,22,30,52,22,30,52,No Group
Manchester City Council - Chorlton,Chorlton Place,2020,May,20,Saturday,16 May 2020,09:00,56,56,112,56,56,112,No Group
Manchester City Council - Chorlton,Chorlton Place,2020,May,20,Saturday,16 May 2020,10:00,68,62,130,68,62,130,No Group
Manchester City Council - Chorlton,Chorlton Place,2020,May,20,Saturday,16 May 2020,11:00,80,80,160,80,80,160,No Group
Manchester City Council - Chorlton,Chorlton Place,2020,May,20,Saturday,16 May 2020,12:00,113,123,236,113,123,236,No Group
Manchester City Council - Chorlton,Chorlton Place,2020,May,20,Saturday,16 May 2020,13:00,152,180,332,152,180,332,No Group
Manchester City Council - Chorlton,Chorlton Place,2020,May,20,Saturday,16 May 2020,14:00,89,140,229,89,140,229,No Group
Manchester City Council - Chorlton,Chorlton Place,2020,May,20,Saturday,16 May 2020,15:00,115,103,218,115,103,218,No Group
Manchester City Council - Chorlton,Chorlton Place,2020,May,20,Saturday,16 May 2020,16:00,91,88,179,91,88,179,No Group
Manchester City Council - Chorlton,Chorlton Place,2020,May,20,Saturday,16 May 2020,17:00,59,50,109,59,50,109,No Group
Manchester City Council - Chorlton,Chorlton Place,2020,May,20,Saturday,16 May 2020,18:00,38,52,90,38,52,90,No Group
Manchester City Council - Chorlton,Chorlton Place,2020,May,20,Saturday,16 May 2020,19:00,26,32,58,26,32,58,No Group
Manchester City Council - Chorlton,Chorlton Place,2020,May,20,Saturday,16 May 2020,20:00,17,19,36,17,19,36,No Group
Manchester City Council - Chorlton,Chorlton Place,2020,May,20,Saturday,16 May 2020,21:00,12,6,18,12,6,18,No Group
Manchester City Council - Chorlton,Chorlton Place,2020,May,20,Saturday,16 May 2020,22:00,9,10,19,9,10,19,No Group
Manchester City Council - Chorlton,Chorlton Place,2020,May,20,Saturday,16 May 2020,23:00,4,2,6,4,2,6,No Group
Manchester City Council - Chorlton,Chorlton Place,2020,May,20,Sunday,17 May 2020,00:00,4,1,5,4,1,5,No Group
Manchester City Council - Chorlton,Chorlton Place,2020,May,20,Sunday,17 May 2020,01:00,1,1,2,1,1,2,No Group
Manchester City Council - Chorlton,Chorlton Place,2020,May,20,Sunday,17 May 2020,02:00,0,0,0,0,0,0,No Group
Manchester City Council - Chorlton,Chorlton Place,2020,May,20,Sunday,17 May 2020,03:00,0,0,0,0,0,0,No Group
Manchester City Council - Chorlton,Chorlton Place,2020,May,20,Sunday,17 May 2020,04:00,1,0,1,1,0,1,No Group
Manchester City Council - Chorlton,Chorlton Place,2020,May,20,Sunday,17 May 2020,05:00,0,2,2,0,2,2,No Group
Manchester City Council - Chorlton,Chorlton Place,2020,May,20,Sunday,17 May 2020,06:00,4,12,16,4,12,16,No Group
Manchester City Council - Chorlton,Chorlton Place,2020,May,20,Sunday,17 May 2020,07:00,6,9,15,6,9,15,No Group
Manchester City Council - Chorlton,Chorlton Place,2020,May,20,Sunday,17 May 2020,08:00,5,5,10,5,5,10,No Group
Manchester City Council - Chorlton,Chorlton Place,2020,May,20,Sunday,17 May 2020,09:00,17,24,41,17,24,41,No Group
Manchester City Council - Chorlton,Chorlton Place,2020,May,20,Sunday,17 May 2020,10:00,30,28,58,30,28,58,No Group
Manchester City Council - Chorlton,Chorlton Place,2020,May,20,Sunday,17 May 2020,11:00,61,48,109,61,48,109,No Group
Manchester City Council - Chorlton,Chorlton Place,2020,May,20,Sunday,17 May 2020,12:00,37,54,91,37,54,91,No Group
Manchester City Council - Chorlton,Chorlton Place,2020,May,20,Sunday,17 May 2020,13:00,50,42,92,50,42,92,No Group
Manchester City Council - Chorlton,Chorlton Place,2020,May,20,Sunday,17 May 2020,14:00,61,61,122,61,61,122,No Group
Manchester City Council - Chorlton,Chorlton Place,2020,May,20,Sunday,17 May 2020,15:00,36,37,73,36,37,73,No Group
Manchester City Council - Chorlton,Chorlton Place,2020,May,20,Sunday,17 May 2020,16:00,41,44,85,41,44,85,No Group
Manchester City Council - Chorlton,Chorlton Place,2020,May,20,Sunday,17 May 2020,17:00,33,33,66,33,33,66,No Group
Manchester City Council - Chorlton,Chorlton Place,2020,May,20,Sunday,17 May 2020,18:00,29,18,47,29,18,47,No Group
Manchester City Council - Chorlton,Chorlton Place,2020,May,20,Sunday,17 May 2020,19:00,16,17,33,16,17,33,No Group
Manchester City Council - Chorlton,Chorlton Place,2020,May,20,Sunday,17 May 2020,20:00,14,18,32,14,18,32,No Group
Manchester City Council - Chorlton,Chorlton Place,2020,May,20,Sunday,17 May 2020,21:00,7,10,17,7,10,17,No Group
Manchester City Council - Chorlton,Chorlton Place,2020,May,20,Sunday,17 May 2020,22:00,8,11,19,8,11,19,No Group
Manchester City Council - Chorlton,Chorlton Place,2020,May,20,Sunday,17 May 2020,23:00,2,2,4,2,2,4,No Group
Manchester City Council - Chorlton,Chorlton Place,2020,May,21,Monday,18 May 2020,00:00,1,3,4,1,3,4,No Group
Manchester City Council - Chorlton,Chorlton Place,2020,May,21,Monday,18 May 2020,01:00,2,0,2,2,0,2,No Group
Manchester City Council - Chorlton,Chorlton Place,2020,May,21,Monday,18 May 2020,02:00,0,0,0,0,0,0,No Group
Manchester City Council - Chorlton,Chorlton Place,2020,May,21,Monday,18 May 2020,03:00,0,1,1,0,1,1,No Group
Manchester City Council - Chorlton,Chorlton Place,2020,May,21,Monday,18 May 2020,04:00,1,3,4,1,3,4,No Group
Manchester City Council - Chorlton,Chorlton Place,2020,May,21,Monday,18 May 2020,05:00,0,6,6,0,6,6,No Group
Manchester City Council - Chorlton,Chorlton Place,2020,May,21,Monday,18 May 2020,06:00,14,26,40,14,26,40,No Group
Manchester City Council - Chorlton,Chorlton Place,2020,May,21,Monday,18 May 2020,07:00,9,10,19,9,10,19,No Group
Manchester City Council - Chorlton,Chorlton Place,2020,May,21,Monday,18 May 2020,08:00,15,28,43,15,28,43,No Group
Manchester City Council - Chorlton,Chorlton Place,2020,May,21,Monday,18 May 2020,09:00,41,46,87,41,46,87,No Group
Manchester City Council - Chorlton,Chorlton Place,2020,May,21,Monday,18 May 2020,10:00,62,64,126,62,64,126,No Group
Manchester City Council - Chorlton,Chorlton Place,2020,May,21,Monday,18 May 2020,11:00,64,57,121,64,57,121,No Group
Manchester City Council - Chorlton,Chorlton Place,2020,May,21,Monday,18 May 2020,12:00,83,86,169,83,86,169,No Group
Manchester City Council - Chorlton,Chorlton Place,2020,May,21,Monday,18 May 2020,13:00,89,74,163,89,74,163,No Group
Manchester City Council - Chorlton,Chorlton Place,2020,May,21,Monday,18 May 2020,14:00,73,83,156,73,83,156,No Group
Manchester City Council - Chorlton,Chorlton Place,2020,May,21,Monday,18 May 2020,15:00,71,75,146,71,75,146,No Group
Manchester City Council - Chorlton,Chorlton Place,2020,May,21,Monday,18 May 2020,16:00,74,76,150,74,76,150,No Group
Manchester City Council - Chorlton,Chorlton Place,2020,May,21,Monday,18 May 2020,17:00,61,47,108,61,47,108,No Group
Manchester City Council - Chorlton,Chorlton Place,2020,May,21,Monday,18 May 2020,18:00,27,32,59,27,32,59,No Group
Manchester City Council - Chorlton,Chorlton Place,2020,May,21,Monday,18 May 2020,19:00,23,32,55,23,32,55,No Group
Manchester City Council - Chorlton,Chorlton Place,2020,May,21,Monday,18 May 2020,20:00,20,15,35,20,15,35,No Group
Manchester City Council - Chorlton,Chorlton Place,2020,May,21,Monday,18 May 2020,21:00,8,10,18,8,10,18,No Group
Manchester City Council - Chorlton,Chorlton Place,2020,May,21,Monday,18 May 2020,22:00,5,4,9,5,4,9,No Group
Manchester City Council - Chorlton,Chorlton Place,2020,May,21,Monday,18 May 2020,23:00,2,3,5,2,3,5,No Group
Manchester City Council - Chorlton,Chorlton Place,2020,May,21,Tuesday,19 May 2020,00:00,4,0,4,4,0,4,No Group
Manchester City Council - Chorlton,Chorlton Place,2020,May,21,Tuesday,19 May 2020,01:00,0,3,3,0,3,3,No Group
Manchester City Council - Chorlton,Chorlton Place,2020,May,21,Tuesday,19 May 2020,02:00,0,1,1,0,1,1,No Group
Manchester City Council - Chorlton,Chorlton Place,2020,May,21,Tuesday,19 May 2020,03:00,0,1,1,0,1,1,No Group
Manchester City Council - Chorlton,Chorlton Place,2020,May,21,Tuesday,19 May 2020,04:00,0,0,0,0,0,0,No Group
Manchester City Council - Chorlton,Chorlton Place,2020,May,21,Tuesday,19 May 2020,05:00,1,5,6,1,5,6,No Group
Manchester City Council - Chorlton,Chorlton Place,2020,May,21,Tuesday,19 May 2020,06:00,14,15,29,14,15,29,No Group
Manchester City Council - Chorlton,Chorlton Place,2020,May,21,Tuesday,19 May 2020,07:00,11,18,29,11,18,29,No Group
Manchester City Council - Chorlton,Chorlton Place,2020,May,21,Tuesday,19 May 2020,08:00,30,32,62,30,32,62,No Group
Manchester City Council - Chorlton,Chorlton Place,2020,May,21,Tuesday,19 May 2020,09:00,30,49,79,30,49,79,No Group
Manchester City Council - Chorlton,Chorlton Place,2020,May,21,Tuesday,19 May 2020,10:00,52,46,98,52,46,98,No Group
Manchester City Council - Chorlton,Chorlton Place,2020,May,21,Tuesday,19 May 2020,11:00,62,81,143,62,81,143,No Group
Manchester City Council - Chorlton,Chorlton Place,2020,May,21,Tuesday,19 May 2020,12:00,76,90,166,76,90,166,No Group
Manchester City Council - Chorlton,Chorlton Place,2020,May,21,Tuesday,19 May 2020,13:00,86,87,173,86,87,173,No Group
Manchester City Council - Chorlton,Chorlton Place,2020,May,21,Tuesday,19 May 2020,14:00,92,89,181,92,89,181,No Group
Manchester City Council - Chorlton,Chorlton Place,2020,May,21,Tuesday,19 May 2020,15:00,83,77,160,83,77,160,No Group
Manchester City Council - Chorlton,Chorlton Place,2020,May,21,Tuesday,19 May 2020,16:00,55,70,125,55,70,125,No Group
Manchester City Council - Chorlton,Chorlton Place,2020,May,21,Tuesday,19 May 2020,17:00,42,44,86,42,44,86,No Group
Manchester City Council - Chorlton,Chorlton Place,2020,May,21,Tuesday,19 May 2020,18:00,54,50,104,54,50,104,No Group
Manchester City Council - Chorlton,Chorlton Place,2020,May,21,Tuesday,19 May 2020,19:00,23,39,62,23,39,62,No Group
Manchester City Council - Chorlton,Chorlton Place,2020,May,21,Tuesday,19 May 2020,20:00,23,16,39,23,16,39,No Group
Manchester City Council - Chorlton,Chorlton Place,2020,May,21,Tuesday,19 May 2020,21:00,7,15,22,7,15,22,No Group
Manchester City Council - Chorlton,Chorlton Place,2020,May,21,Tuesday,19 May 2020,22:00,9,5,14,9,5,14,No Group
Manchester City Council - Chorlton,Chorlton Place,2020,May,21,Tuesday,19 May 2020,23:00,3,5,8,3,5,8,No Group
Manchester City Council - Chorlton,Chorlton Place,2020,May,21,Wednesday,20 May 2020,00:00,1,1,2,1,1,2,No Group
Manchester City Council - Chorlton,Chorlton Place,2020,May,21,Wednesday,20 May 2020,01:00,0,0,0,0,0,0,No Group
Manchester City Council - Chorlton,Chorlton Place,2020,May,21,Wednesday,20 May 2020,02:00,0,0,0,0,0,0,No Group
Manchester City Council - Chorlton,Chorlton Place,2020,May,21,Wednesday,20 May 2020,03:00,0,0,0,0,0,0,No Group
Manchester City Council - Chorlton,Chorlton Place,2020,May,21,Wednesday,20 May 2020,04:00,0,0,0,0,0,0,No Group
Manchester City Council - Chorlton,Chorlton Place,2020,May,21,Wednesday,20 May 2020,05:00,2,3,5,2,3,5,No Group
Manchester City Council - Chorlton,Chorlton Place,2020,May,21,Wednesday,20 May 2020,06:00,8,19,27,8,19,27,No Group
Manchester City Council - Chorlton,Chorlton Place,2020,May,21,Wednesday,20 May 2020,07:00,14,23,37,14,23,37,No Group
Manchester City Council - Chorlton,Chorlton Place,2020,May,21,Wednesday,20 May 2020,08:00,30,32,62,30,32,62,No Group
Manchester City Council - Chorlton,Chorlton Place,2020,May,21,Wednesday,20 May 2020,09:00,41,64,105,41,64,105,No Group
Manchester City Council - Chorlton,Chorlton Place,2020,May,21,Wednesday,20 May 2020,10:00,71,78,149,71,78,149,No Group
Manchester City Council - Chorlton,Chorlton Place,2020,May,21,Wednesday,20 May 2020,11:00,86,94,180,86,94,180,No Group
Manchester City Council - Chorlton,Chorlton Place,2020,May,21,Wednesday,20 May 2020,12:00,151,154,305,151,154,305,No Group
Manchester City Council - Chorlton,Chorlton Place,2020,May,21,Wednesday,20 May 2020,13:00,174,167,341,174,167,341,No Group
Manchester City Council - Chorlton,Chorlton Place,2020,May,21,Wednesday,20 May 2020,14:00,91,100,191,91,100,191,No Group
Manchester City Council - Chorlton,Chorlton Place,2020,May,21,Wednesday,20 May 2020,15:00,68,77,145,68,77,145,No Group
Manchester City Council - Chorlton,Chorlton Place,2020,May,21,Wednesday,20 May 2020,16:00,66,69,135,66,69,135,No Group
Manchester City Council - Chorlton,Chorlton Place,2020,May,21,Wednesday,20 May 2020,17:00,44,52,96,44,52,96,No Group
Manchester City Council - Chorlton,Chorlton Place,2020,May,21,Wednesday,20 May 2020,18:00,51,48,99,51,48,99,No Group
Manchester City Council - Chorlton,Chorlton Place,2020,May,21,Wednesday,20 May 2020,19:00,37,41,78,37,41,78,No Group
Manchester City Council - Chorlton,Chorlton Place,2020,May,21,Wednesday,20 May 2020,20:00,16,26,42,16,26,42,No Group
Manchester City Council - Chorlton,Chorlton Place,2020,May,21,Wednesday,20 May 2020,21:00,21,24,45,21,24,45,No Group
Manchester City Council - Chorlton,Chorlton Place,2020,May,21,Wednesday,20 May 2020,22:00,10,12,22,10,12,22,No Group
Manchester City Council - Chorlton,Chorlton Place,2020,May,21,Wednesday,20 May 2020,23:00,3,5,8,3,5,8,No Group
Manchester City Council - Chorlton,Chorlton Place,2020,May,21,Thursday,21 May 2020,00:00,0,3,3,0,3,3,No Group
Manchester City Council - Chorlton,Chorlton Place,2020,May,21,Thursday,21 May 2020,01:00,1,2,3,1,2,3,No Group
Manchester City Council - Chorlton,Chorlton Place,2020,May,21,Thursday,21 May 2020,02:00,0,0,0,0,0,0,No Group
Manchester City Council - Chorlton,Chorlton Place,2020,May,21,Thursday,21 May 2020,03:00,1,2,3,1,2,3,No Group
Manchester City Council - Chorlton,Chorlton Place,2020,May,21,Thursday,21 May 2020,04:00,0,2,2,0,2,2,No Group
Manchester City Council - Chorlton,Chorlton Place,2020,May,21,Thursday,21 May 2020,05:00,7,10,17,7,10,17,No Group
Manchester City Council - Chorlton,Chorlton Place,2020,May,21,Thursday,21 May 2020,06:00,15,10,25,15,10,25,No Group
Manchester City Council - Chorlton,Chorlton Place,2020,May,21,Thursday,21 May 2020,07:00,9,21,30,9,21,30,No Group
Manchester City Council - Chorlton,Chorlton Place,2020,May,21,Thursday,21 May 2020,08:00,23,31,54,23,31,54,No Group
Manchester City Council - Chorlton,Chorlton Place,2020,May,21,Thursday,21 May 2020,09:00,33,38,71,33,38,71,No Group
Manchester City Council - Chorlton,Chorlton Place,2020,May,21,Thursday,21 May 2020,10:00,58,63,121,58,63,121,No Group
Manchester City Council - Chorlton,Chorlton Place,2020,May,21,Thursday,21 May 2020,11:00,76,86,162,76,86,162,No Group
Manchester City Council - Chorlton,Chorlton Place,2020,May,21,Thursday,21 May 2020,12:00,155,157,312,155,157,312,No Group
Manchester City Council - Chorlton,Chorlton Place,2020,May,21,Thursday,21 May 2020,13:00,151,184,335,151,184,335,No Group
Manchester City Council - Chorlton,Chorlton Place,2020,May,21,Thursday,21 May 2020,14:00,120,97,217,120,97,217,No Group
Manchester City Council - Chorlton,Chorlton Place,2020,May,21,Thursday,21 May 2020,15:00,95,103,198,95,103,198,No Group
Manchester City Council - Chorlton,Chorlton Place,2020,May,21,Thursday,21 May 2020,16:00,93,88,181,93,88,181,No Group
Manchester City Council - Chorlton,Chorlton Place,2020,May,21,Thursday,21 May 2020,17:00,44,60,104,44,60,104,No Group
Manchester City Council - Chorlton,Chorlton Place,2020,May,21,Thursday,21 May 2020,18:00,39,53,92,39,53,92,No Group
Manchester City Council - Chorlton,Chorlton Place,2020,May,21,Thursday,21 May 2020,19:00,50,39,89,50,39,89,No Group
Manchester City Council - Chorlton,Chorlton Place,2020,May,21,Thursday,21 May 2020,20:00,20,15,35,20,15,35,No Group
Manchester City Council - Chorlton,Chorlton Place,2020,May,21,Thursday,21 May 2020,21:00,14,14,28,14,14,28,No Group
Manchester City Council - Chorlton,Chorlton Place,2020,May,21,Thursday,21 May 2020,22:00,16,10,26,16,10,26,No Group
Manchester City Council - Chorlton,Chorlton Place,2020,May,21,Thursday,21 May 2020,23:00,1,4,5,1,4,5,No Group
Manchester City Council - Chorlton,Chorlton Place,2020,May,21,Friday,22 May 2020,00:00,1,3,4,1,3,4,No Group
Manchester City Council - Chorlton,Chorlton Place,2020,May,21,Friday,22 May 2020,01:00,1,0,1,1,0,1,No Group
Manchester City Council - Chorlton,Chorlton Place,2020,May,21,Friday,22 May 2020,02:00,1,0,1,1,0,1,No Group
Manchester City Council - Chorlton,Chorlton Place,2020,May,21,Friday,22 May 2020,03:00,9,4,13,9,4,13,No Group
Manchester City Council - Chorlton,Chorlton Place,2020,May,21,Friday,22 May 2020,04:00,3,1,4,3,1,4,No Group
Manchester City Council - Chorlton,Chorlton Place,2020,May,21,Friday,22 May 2020,05:00,3,8,11,3,8,11,No Group
Manchester City Council - Chorlton,Chorlton Place,2020,May,21,Friday,22 May 2020,06:00,16,15,31,16,15,31,No Group
Manchester City Council - Chorlton,Chorlton Place,2020,May,21,Friday,22 May 2020,07:00,13,25,38,13,25,38,No Group
Manchester City Council - Chorlton,Chorlton Place,2020,May,21,Friday,22 May 2020,08:00,26,41,67,26,41,67,No Group
Manchester City Council - Chorlton,Chorlton Place,2020,May,21,Friday,22 May 2020,09:00,57,66,123,57,66,123,No Group
Manchester City Council - Chorlton,Chorlton Place,2020,May,21,Friday,22 May 2020,10:00,61,60,121,61,60,121,No Group
Manchester City Council - Chorlton,Chorlton Place,2020,May,21,Friday,22 May 2020,11:00,118,130,248,118,130,248,No Group
Manchester City Council - Chorlton,Chorlton Place,2020,May,21,Friday,22 May 2020,12:00,103,98,201,103,98,201,No Group
Manchester City Council - Chorlton,Chorlton Place,2020,May,21,Friday,22 May 2020,13:00,117,151,268,117,151,268,No Group
Manchester City Council - Chorlton,Chorlton Place,2020,May,21,Friday,22 May 2020,14:00,104,92,196,104,92,196,No Group
Manchester City Council - Chorlton,Chorlton Place,2020,May,21,Friday,22 May 2020,15:00,120,117,237,120,117,237,No Group
Manchester City Council - Chorlton,Chorlton Place,2020,May,21,Friday,22 May 2020,16:00,93,89,182,93,89,182,No Group
Manchester City Council - Chorlton,Chorlton Place,2020,May,21,Friday,22 May 2020,17:00,72,68,140,72,68,140,No Group
Manchester City Council - Chorlton,Chorlton Place,2020,May,21,Friday,22 May 2020,18:00,38,47,85,38,47,85,No Group
Manchester City Council - Chorlton,Chorlton Place,2020,May,21,Friday,22 May 2020,19:00,43,48,91,43,48,91,No Group
Manchester City Council - Chorlton,Chorlton Place,2020,May,21,Friday,22 May 2020,20:00,12,23,35,12,23,35,No Group
Manchester City Council - Chorlton,Chorlton Place,2020,May,21,Friday,22 May 2020,21:00,13,10,23,13,10,23,No Group
Manchester City Council - Chorlton,Chorlton Place,2020,May,21,Friday,22 May 2020,22:00,7,8,15,7,8,15,No Group
Manchester City Council - Chorlton,Chorlton Place,2020,May,21,Friday,22 May 2020,23:00,5,2,7,5,2,7,No Group
Manchester City Council - Chorlton,Chorlton Place,2020,May,21,Saturday,23 May 2020,00:00,0,3,3,0,3,3,No Group
Manchester City Council - Chorlton,Chorlton Place,2020,May,21,Saturday,23 May 2020,01:00,0,0,0,0,0,0,No Group
Manchester City Council - Chorlton,Chorlton Place,2020,May,21,Saturday,23 May 2020,02:00,0,0,0,0,0,0,No Group
Manchester City Council - Chorlton,Chorlton Place,2020,May,21,Saturday,23 May 2020,03:00,0,0,0,0,0,0,No Group
Manchester City Council - Chorlton,Chorlton Place,2020,May,21,Saturday,23 May 2020,04:00,0,1,1,0,1,1,No Group
Manchester City Council - Chorlton,Chorlton Place,2020,May,21,Saturday,23 May 2020,05:00,11,14,25,11,14,25,No Group
Manchester City Council - Chorlton,Chorlton Place,2020,May,21,Saturday,23 May 2020,06:00,5,9,14,5,9,14,No Group
Manchester City Council - Chorlton,Chorlton Place,2020,May,21,Saturday,23 May 2020,07:00,9,12,21,9,12,21,No Group
Manchester City Council - Chorlton,Chorlton Place,2020,May,21,Saturday,23 May 2020,08:00,30,39,69,30,39,69,No Group
Manchester City Council - Chorlton,Chorlton Place,2020,May,21,Saturday,23 May 2020,09:00,53,52,105,53,52,105,No Group
Manchester City Council - Chorlton,Chorlton Place,2020,May,21,Saturday,23 May 2020,10:00,87,80,167,87,80,167,No Group
Manchester City Council - Chorlton,Chorlton Place,2020,May,21,Saturday,23 May 2020,11:00,103,116,219,103,116,219,No Group
Manchester City Council - Chorlton,Chorlton Place,2020,May,21,Saturday,23 May 2020,12:00,109,116,225,109,116,225,No Group
Manchester City Council - Chorlton,Chorlton Place,2020,May,21,Saturday,23 May 2020,13:00,104,125,229,104,125,229,No Group
Manchester City Council - Chorlton,Chorlton Place,2020,May,21,Saturday,23 May 2020,14:00,107,127,234,107,127,234,No Group
Manchester City Council - Chorlton,Chorlton Place,2020,May,21,Saturday,23 May 2020,15:00,120,110,230,120,110,230,No Group
Manchester City Council - Chorlton,Chorlton Place,2020,May,21,Saturday,23 May 2020,16:00,104,115,219,104,115,219,No Group
Manchester City Council - Chorlton,Chorlton Place,2020,May,21,Saturday,23 May 2020,17:00,44,48,92,44,48,92,No Group
Manchester City Council - Chorlton,Chorlton Place,2020,May,21,Saturday,23 May 2020,18:00,31,42,73,31,42,73,No Group
Manchester City Council - Chorlton,Chorlton Place,2020,May,21,Saturday,23 May 2020,19:00,22,20,42,22,20,42,No Group
Manchester City Council - Chorlton,Chorlton Place,2020,May,21,Saturday,23 May 2020,20:00,18,16,34,18,16,34,No Group
Manchester City Council - Chorlton,Chorlton Place,2020,May,21,Saturday,23 May 2020,21:00,14,14,28,14,14,28,No Group
Manchester City Council - Chorlton,Chorlton Place,2020,May,21,Saturday,23 May 2020,22:00,7,13,20,7,13,20,No Group
Manchester City Council - Chorlton,Chorlton Place,2020,May,21,Saturday,23 May 2020,23:00,15,7,22,15,7,22,No Group
Manchester City Council - Chorlton,Chorlton Place,2020,May,21,Sunday,24 May 2020,00:00,0,1,1,0,1,1,No Group
Manchester City Council - Chorlton,Chorlton Place,2020,May,21,Sunday,24 May 2020,01:00,1,1,2,1,1,2,No Group
Manchester City Council - Chorlton,Chorlton Place,2020,May,21,Sunday,24 May 2020,02:00,0,0,0,0,0,0,No Group
Manchester City Council - Chorlton,Chorlton Place,2020,May,21,Sunday,24 May 2020,03:00,0,1,1,0,1,1,No Group
Manchester City Council - Chorlton,Chorlton Place,2020,May,21,Sunday,24 May 2020,04:00,1,1,2,1,1,2,No Group
Manchester City Council - Chorlton,Chorlton Place,2020,May,21,Sunday,24 May 2020,05:00,1,4,5,1,4,5,No Group
Manchester City Council - Chorlton,Chorlton Place,2020,May,21,Sunday,24 May 2020,06:00,4,3,7,4,3,7,No Group
Manchester City Council - Chorlton,Chorlton Place,2020,May,21,Sunday,24 May 2020,07:00,4,5,9,4,5,9,No Group
Manchester City Council - Chorlton,Chorlton Place,2020,May,21,Sunday,24 May 2020,08:00,7,8,15,7,8,15,No Group
Manchester City Council - Chorlton,Chorlton Place,2020,May,21,Sunday,24 May 2020,09:00,13,13,26,13,13,26,No Group
Manchester City Council - Chorlton,Chorlton Place,2020,May,21,Sunday,24 May 2020,10:00,28,34,62,28,34,62,No Group
Manchester City Council - Chorlton,Chorlton Place,2020,May,21,Sunday,24 May 2020,11:00,43,47,90,43,47,90,No Group
Manchester City Council - Chorlton,Chorlton Place,2020,May,21,Sunday,24 May 2020,12:00,38,45,83,38,45,83,No Group
Manchester City Council - Chorlton,Chorlton Place,2020,May,21,Sunday,24 May 2020,13:00,60,52,112,60,52,112,No Group
Manchester City Council - Chorlton,Chorlton Place,2020,May,21,Sunday,24 May 2020,14:00,79,62,141,79,62,141,No Group
Manchester City Council - Chorlton,Chorlton Place,2020,May,21,Sunday,24 May 2020,15:00,60,60,120,60,60,120,No Group
Manchester City Council - Chorlton,Chorlton Place,2020,May,21,Sunday,24 May 2020,16:00,49,43,92,49,43,92,No Group
Manchester City Council - Chorlton,Chorlton Place,2020,May,21,Sunday,24 May 2020,17:00,46,52,98,46,52,98,No Group
Manchester City Council - Chorlton,Chorlton Place,2020,May,21,Sunday,24 May 2020,18:00,26,32,58,26,32,58,No Group
Manchester City Council - Chorlton,Chorlton Place,2020,May,21,Sunday,24 May 2020,19:00,19,30,49,19,30,49,No Group
Manchester City Council - Chorlton,Chorlton Place,2020,May,21,Sunday,24 May 2020,20:00,12,17,29,12,17,29,No Group
Manchester City Council - Chorlton,Chorlton Place,2020,May,21,Sunday,24 May 2020,21:00,15,15,30,15,15,30,No Group
Manchester City Council - Chorlton,Chorlton Place,2020,May,21,Sunday,24 May 2020,22:00,6,5,11,6,5,11,No Group
Manchester City Council - Chorlton,Chorlton Place,2020,May,21,Sunday,24 May 2020,23:00,3,1,4,3,1,4,No Group
Manchester City Council - Chorlton,Chorlton Place,2020,May,22,Monday,25 May 2020,00:00,1,3,4,1,3,4,No Group
Manchester City Council - Chorlton,Chorlton Place,2020,May,22,Monday,25 May 2020,01:00,0,0,0,0,0,0,No Group
Manchester City Council - Chorlton,Chorlton Place,2020,May,22,Monday,25 May 2020,02:00,0,0,0,0,0,0,No Group
Manchester City Council - Chorlton,Chorlton Place,2020,May,22,Monday,25 May 2020,03:00,1,0,1,1,0,1,No Group
Manchester City Council - Chorlton,Chorlton Place,2020,May,22,Monday,25 May 2020,04:00,2,0,2,2,0,2,No Group
Manchester City Council - Chorlton,Chorlton Place,2020,May,22,Monday,25 May 2020,05:00,1,4,5,1,4,5,No Group
Manchester City Council - Chorlton,Chorlton Place,2020,May,22,Monday,25 May 2020,06:00,5,6,11,5,6,11,No Group
Manchester City Council - Chorlton,Chorlton Place,2020,May,22,Monday,25 May 2020,07:00,7,10,17,7,10,17,No Group
Manchester City Council - Chorlton,Chorlton Place,2020,May,22,Monday,25 May 2020,08:00,17,13,30,17,13,30,No Group
Manchester City Council - Chorlton,Chorlton Place,2020,May,22,Monday,25 May 2020,09:00,26,31,57,26,31,57,No Group
Manchester City Council - Chorlton,Chorlton Place,2020,May,22,Monday,25 May 2020,10:00,52,55,107,52,55,107,No Group
Manchester City Council - Chorlton,Chorlton Place,2020,May,22,Monday,25 May 2020,11:00,70,53,123,70,53,123,No Group
Manchester City Council - Chorlton,Chorlton Place,2020,May,22,Monday,25 May 2020,12:00,91,110,201,91,110,201,No Group
Manchester City Council - Chorlton,Chorlton Place,2020,May,22,Monday,25 May 2020,13:00,111,125,236,111,125,236,No Group
Manchester City Council - Chorlton,Chorlton Place,2020,May,22,Monday,25 May 2020,14:00,111,117,228,111,117,228,No Group
Manchester City Council - Chorlton,Chorlton Place,2020,May,22,Monday,25 May 2020,15:00,84,65,149,84,65,149,No Group
Manchester City Council - Chorlton,Chorlton Place,2020,May,22,Monday,25 May 2020,16:00,37,50,87,37,50,87,No Group
Manchester City Council - Chorlton,Chorlton Place,2020,May,22,Monday,25 May 2020,17:00,38,42,80,38,42,80,No Group
Manchester City Council - Chorlton,Chorlton Place,2020,May,22,Monday,25 May 2020,18:00,30,66,96,30,66,96,No Group
Manchester City Council - Chorlton,Chorlton Place,2020,May,22,Monday,25 May 2020,19:00,24,28,52,24,28,52,No Group
Manchester City Council - Chorlton,Chorlton Place,2020,May,22,Monday,25 May 2020,20:00,11,26,37,11,26,37,No Group
Manchester City Council - Chorlton,Chorlton Place,2020,May,22,Monday,25 May 2020,21:00,17,11,28,17,11,28,No Group
Manchester City Council - Chorlton,Chorlton Place,2020,May,22,Monday,25 May 2020,22:00,6,6,12,6,6,12,No Group
Manchester City Council - Chorlton,Chorlton Place,2020,May,22,Monday,25 May 2020,23:00,6,4,10,6,4,10,No Group
Manchester City Council - Chorlton,Chorlton Place,2020,May,22,Tuesday,26 May 2020,00:00,1,1,2,1,1,2,No Group
Manchester City Council - Chorlton,Chorlton Place,2020,May,22,Tuesday,26 May 2020,01:00,4,3,7,4,3,7,No Group
Manchester City Council - Chorlton,Chorlton Place,2020,May,22,Tuesday,26 May 2020,02:00,0,0,0,0,0,0,No Group
Manchester City Council - Chorlton,Chorlton Place,2020,May,22,Tuesday,26 May 2020,03:00,0,0,0,0,0,0,No Group
Manchester City Council - Chorlton,Chorlton Place,2020,May,22,Tuesday,26 May 2020,04:00,1,0,1,1,0,1,No Group
Manchester City Council - Chorlton,Chorlton Place,2020,May,22,Tuesday,26 May 2020,05:00,2,4,6,2,4,6,No Group
Manchester City Council - Chorlton,Chorlton Place,2020,May,22,Tuesday,26 May 2020,06:00,13,22,35,13,22,35,No Group
Manchester City Council - Chorlton,Chorlton Place,2020,May,22,Tuesday,26 May 2020,07:00,11,19,30,11,19,30,No Group
Manchester City Council - Chorlton,Chorlton Place,2020,May,22,Tuesday,26 May 2020,08:00,23,33,56,23,33,56,No Group
Manchester City Council - Chorlton,Chorlton Place,2020,May,22,Tuesday,26 May 2020,09:00,39,45,84,39,45,84,No Group
Manchester City Council - Chorlton,Chorlton Place,2020,May,22,Tuesday,26 May 2020,10:00,68,68,136,68,68,136,No Group
Manchester City Council - Chorlton,Chorlton Place,2020,May,22,Tuesday,26 May 2020,11:00,98,106,204,98,106,204,No Group
Manchester City Council - Chorlton,Chorlton Place,2020,May,22,Tuesday,26 May 2020,12:00,109,117,226,109,117,226,No Group
Manchester City Council - Chorlton,Chorlton Place,2020,May,22,Tuesday,26 May 2020,13:00,103,95,198,103,95,198,No Group
Manchester City Council - Chorlton,Chorlton Place,2020,May,22,Tuesday,26 May 2020,14:00,84,83,167,84,83,167,No Group
Manchester City Council - Chorlton,Chorlton Place,2020,May,22,Tuesday,26 May 2020,15:00,74,84,158,74,84,158,No Group
Manchester City Council - Chorlton,Chorlton Place,2020,May,22,Tuesday,26 May 2020,16:00,56,62,118,56,62,118,No Group
Manchester City Council - Chorlton,Chorlton Place,2020,May,22,Tuesday,26 May 2020,17:00,56,56,112,56,56,112,No Group
Manchester City Council - Chorlton,Chorlton Place,2020,May,22,Tuesday,26 May 2020,18:00,41,46,87,41,46,87,No Group
Manchester City Council - Chorlton,Chorlton Place,2020,May,22,Tuesday,26 May 2020,19:00,30,31,61,30,31,61,No Group
Manchester City Council - Chorlton,Chorlton Place,2020,May,22,Tuesday,26 May 2020,20:00,16,23,39,16,23,39,No Group
Manchester City Council - Chorlton,Chorlton Place,2020,May,22,Tuesday,26 May 2020,21:00,19,13,32,19,13,32,No Group
Manchester City Council - Chorlton,Chorlton Place,2020,May,22,Tuesday,26 May 2020,22:00,15,21,36,15,21,36,No Group
Manchester City Council - Chorlton,Chorlton Place,2020,May,22,Tuesday,26 May 2020,23:00,5,6,11,5,6,11,No Group
Manchester City Council - Chorlton,Chorlton Place,2020,May,22,Wednesday,27 May 2020,00:00,3,0,3,3,0,3,No Group
Manchester City Council - Chorlton,Chorlton Place,2020,May,22,Wednesday,27 May 2020,01:00,0,0,0,0,0,0,No Group
Manchester City Council - Chorlton,Chorlton Place,2020,May,22,Wednesday,27 May 2020,02:00,0,0,0,0,0,0,No Group
Manchester City Council - Chorlton,Chorlton Place,2020,May,22,Wednesday,27 May 2020,03:00,0,0,0,0,0,0,No Group
Manchester City Council - Chorlton,Chorlton Place,2020,May,22,Wednesday,27 May 2020,04:00,3,1,4,3,1,4,No Group
Manchester City Council - Chorlton,Chorlton Place,2020,May,22,Wednesday,27 May 2020,05:00,0,4,4,0,4,4,No Group
Manchester City Council - Chorlton,Chorlton Place,2020,May,22,Wednesday,27 May 2020,06:00,13,15,28,13,15,28,No Group
Manchester City Council - Chorlton,Chorlton Place,2020,May,22,Wednesday,27 May 2020,07:00,9,18,27,9,18,27,No Group
Manchester City Council - Chorlton,Chorlton Place,2020,May,22,Wednesday,27 May 2020,08:00,22,27,49,22,27,49,No Group
Manchester City Council - Chorlton,Chorlton Place,2020,May,22,Wednesday,27 May 2020,09:00,49,66,115,49,66,115,No Group
Manchester City Council - Chorlton,Chorlton Place,2020,May,22,Wednesday,27 May 2020,10:00,67,65,132,67,65,132,No Group
Manchester City Council - Chorlton,Chorlton Place,2020,May,22,Wednesday,27 May 2020,11:00,83,94,177,83,94,177,No Group
Manchester City Council - Chorlton,Chorlton Place,2020,May,22,Wednesday,27 May 2020,12:00,146,178,324,146,178,324,No Group
Manchester City Council - Chorlton,Chorlton Place,2020,May,22,Wednesday,27 May 2020,13:00,157,190,347,157,190,347,No Group
Manchester City Council - Chorlton,Chorlton Place,2020,May,22,Wednesday,27 May 2020,14:00,139,131,270,139,131,270,No Group
Manchester City Council - Chorlton,Chorlton Place,2020,May,22,Wednesday,27 May 2020,15:00,71,92,163,71,92,163,No Group
Manchester City Council - Chorlton,Chorlton Place,2020,May,22,Wednesday,27 May 2020,16:00,69,58,127,69,58,127,No Group
Manchester City Council - Chorlton,Chorlton Place,2020,May,22,Wednesday,27 May 2020,17:00,43,52,95,43,52,95,No Group
Manchester City Council - Chorlton,Chorlton Place,2020,May,22,Wednesday,27 May 2020,18:00,36,29,65,36,29,65,No Group
Manchester City Council - Chorlton,Chorlton Place,2020,May,22,Wednesday,27 May 2020,19:00,26,38,64,26,38,64,No Group
Manchester City Council - Chorlton,Chorlton Place,2020,May,22,Wednesday,27 May 2020,20:00,26,25,51,26,25,51,No Group
Manchester City Council - Chorlton,Chorlton Place,2020,May,22,Wednesday,27 May 2020,21:00,15,18,33,15,18,33,No Group
Manchester City Council - Chorlton,Chorlton Place,2020,May,22,Wednesday,27 May 2020,22:00,14,12,26,14,12,26,No Group
Manchester City Council - Chorlton,Chorlton Place,2020,May,22,Wednesday,27 May 2020,23:00,4,7,11,4,7,11,No Group
Manchester City Council - Chorlton,Chorlton Place,2020,May,22,Thursday,28 May 2020,00:00,0,0,0,0,0,0,No Group
Manchester City Council - Chorlton,Chorlton Place,2020,May,22,Thursday,28 May 2020,01:00,2,1,3,2,1,3,No Group
Manchester City Council - Chorlton,Chorlton Place,2020,May,22,Thursday,28 May 2020,02:00,0,1,1,0,1,1,No Group
Manchester City Council - Chorlton,Chorlton Place,2020,May,22,Thursday,28 May 2020,03:00,0,1,1,0,1,1,No Group
Manchester City Council - Chorlton,Chorlton Place,2020,May,22,Thursday,28 May 2020,04:00,0,1,1,0,1,1,No Group
Manchester City Council - Chorlton,Chorlton Place,2020,May,22,Thursday,28 May 2020,05:00,7,6,13,7,6,13,No Group
Manchester City Council - Chorlton,Chorlton Place,2020,May,22,Thursday,28 May 2020,06:00,10,17,27,10,17,27,No Group
Manchester City Council - Chorlton,Chorlton Place,2020,May,22,Thursday,28 May 2020,07:00,6,25,31,6,25,31,No Group
Manchester City Council - Chorlton,Chorlton Place,2020,May,22,Thursday,28 May 2020,08:00,34,49,83,34,49,83,No Group
Manchester City Council - Chorlton,Chorlton Place,2020,May,22,Thursday,28 May 2020,09:00,60,77,137,60,77,137,No Group
Manchester City Council - Chorlton,Chorlton Place,2020,May,22,Thursday,28 May 2020,10:00,80,82,162,80,82,162,No Group
Manchester City Council - Chorlton,Chorlton Place,2020,May,22,Thursday,28 May 2020,11:00,137,135,272,137,135,272,No Group
Manchester City Council - Chorlton,Chorlton Place,2020,May,22,Thursday,28 May 2020,12:00,149,142,291,149,142,291,No Group
Manchester City Council - Chorlton,Chorlton Place,2020,May,22,Thursday,28 May 2020,13:00,154,190,344,154,190,344,No Group
Manchester City Council - Chorlton,Chorlton Place,2020,May,22,Thursday,28 May 2020,14:00,121,105,226,121,105,226,No Group
Manchester City Council - Chorlton,Chorlton Place,2020,May,22,Thursday,28 May 2020,15:00,66,67,133,66,67,133,No Group
Manchester City Council - Chorlton,Chorlton Place,2020,May,22,Thursday,28 May 2020,16:00,79,83,162,79,83,162,No Group
Manchester City Council - Chorlton,Chorlton Place,2020,May,22,Thursday,28 May 2020,17:00,47,39,86,47,39,86,No Group
Manchester City Council - Chorlton,Chorlton Place,2020,May,22,Thursday,28 May 2020,18:00,43,47,90,43,47,90,No Group
Manchester City Council - Chorlton,Chorlton Place,2020,May,22,Thursday,28 May 2020,19:00,34,31,65,34,31,65,No Group
Manchester City Council - Chorlton,Chorlton Place,2020,May,22,Thursday,28 May 2020,20:00,27,30,57,27,30,57,No Group
Manchester City Council - Chorlton,Chorlton Place,2020,May,22,Thursday,28 May 2020,21:00,29,23,52,29,23,52,No Group
Manchester City Council - Chorlton,Chorlton Place,2020,May,22,Thursday,28 May 2020,22:00,9,14,23,9,14,23,No Group
Manchester City Council - Chorlton,Chorlton Place,2020,May,22,Thursday,28 May 2020,23:00,3,5,8,3,5,8,No Group
Manchester City Council - Chorlton,Chorlton Place,2020,May,22,Friday,29 May 2020,00:00,1,0,1,1,0,1,No Group
Manchester City Council - Chorlton,Chorlton Place,2020,May,22,Friday,29 May 2020,01:00,1,2,3,1,2,3,No Group
Manchester City Council - Chorlton,Chorlton Place,2020,May,22,Friday,29 May 2020,02:00,1,1,2,1,1,2,No Group
Manchester City Council - Chorlton,Chorlton Place,2020,May,22,Friday,29 May 2020,03:00,0,1,1,0,1,1,No Group
Manchester City Council - Chorlton,Chorlton Place,2020,May,22,Friday,29 May 2020,04:00,0,1,1,0,1,1,No Group
Manchester City Council - Chorlton,Chorlton Place,2020,May,22,Friday,29 May 2020,05:00,4,7,11,4,7,11,No Group
Manchester City Council - Chorlton,Chorlton Place,2020,May,22,Friday,29 May 2020,06:00,15,19,34,15,19,34,No Group
Manchester City Council - Chorlton,Chorlton Place,2020,May,22,Friday,29 May 2020,07:00,18,23,41,18,23,41,No Group
Manchester City Council - Chorlton,Chorlton Place,2020,May,22,Friday,29 May 2020,08:00,36,37,73,36,37,73,No Group
Manchester City Council - Chorlton,Chorlton Place,2020,May,22,Friday,29 May 2020,09:00,118,98,216,118,98,216,No Group
Manchester City Council - Chorlton,Chorlton Place,2020,May,22,Friday,29 May 2020,10:00,125,123,248,125,123,248,No Group
Manchester City Council - Chorlton,Chorlton Place,2020,May,22,Friday,29 May 2020,11:00,109,109,218,109,109,218,No Group
Manchester City Council - Chorlton,Chorlton Place,2020,May,22,Friday,29 May 2020,12:00,157,160,317,157,160,317,No Group
Manchester City Council - Chorlton,Chorlton Place,2020,May,22,Friday,29 May 2020,13:00,152,169,321,152,169,321,No Group
Manchester City Council - Chorlton,Chorlton Place,2020,May,22,Friday,29 May 2020,14:00,151,135,286,151,135,286,No Group
Manchester City Council - Chorlton,Chorlton Place,2020,May,22,Friday,29 May 2020,15:00,110,108,218,110,108,218,No Group
Manchester City Council - Chorlton,Chorlton Place,2020,May,22,Friday,29 May 2020,16:00,91,90,181,91,90,181,No Group
Manchester City Council - Chorlton,Chorlton Place,2020,May,22,Friday,29 May 2020,17:00,54,38,92,54,38,92,No Group
Manchester City Council - Chorlton,Chorlton Place,2020,May,22,Friday,29 May 2020,18:00,45,51,96,45,51,96,No Group
Manchester City Council - Chorlton,Chorlton Place,2020,May,22,Friday,29 May 2020,19:00,47,41,88,47,41,88,No Group
Manchester City Council - Chorlton,Chorlton Place,2020,May,22,Friday,29 May 2020,20:00,32,25,57,32,25,57,No Group
Manchester City Council - Chorlton,Chorlton Place,2020,May,22,Friday,29 May 2020,21:00,21,23,44,21,23,44,No Group
Manchester City Council - Chorlton,Chorlton Place,2020,May,22,Friday,29 May 2020,22:00,18,9,27,18,9,27,No Group
Manchester City Council - Chorlton,Chorlton Place,2020,May,22,Friday,29 May 2020,23:00,1,4,5,1,4,5,No Group
Manchester City Council - Chorlton,Chorlton Place,2020,May,22,Saturday,30 May 2020,00:00,2,3,5,2,3,5,No Group
Manchester City Council - Chorlton,Chorlton Place,2020,May,22,Saturday,30 May 2020,01:00,0,1,1,0,1,1,No Group
Manchester City Council - Chorlton,Chorlton Place,2020,May,22,Saturday,30 May 2020,02:00,2,1,3,2,1,3,No Group
Manchester City Council - Chorlton,Chorlton Place,2020,May,22,Saturday,30 May 2020,03:00,1,4,5,1,4,5,No Group
Manchester City Council - Chorlton,Chorlton Place,2020,May,22,Saturday,30 May 2020,04:00,1,1,2,1,1,2,No Group
Manchester City Council - Chorlton,Chorlton Place,2020,May,22,Saturday,30 May 2020,05:00,13,15,28,13,15,28,No Group
Manchester City Council - Chorlton,Chorlton Place,2020,May,22,Saturday,30 May 2020,06:00,8,10,18,8,10,18,No Group
Manchester City Council - Chorlton,Chorlton Place,2020,May,22,Saturday,30 May 2020,07:00,17,16,33,17,16,33,No Group
Manchester City Council - Chorlton,Chorlton Place,2020,May,22,Saturday,30 May 2020,08:00,44,55,99,44,55,99,No Group
Manchester City Council - Chorlton,Chorlton Place,2020,May,22,Saturday,30 May 2020,09:00,101,111,212,101,111,212,No Group
Manchester City Council - Chorlton,Chorlton Place,2020,May,22,Saturday,30 May 2020,10:00,144,129,273,144,129,273,No Group
Manchester City Council - Chorlton,Chorlton Place,2020,May,22,Saturday,30 May 2020,11:00,175,147,322,175,147,322,No Group
Manchester City Council - Chorlton,Chorlton Place,2020,May,22,Saturday,30 May 2020,12:00,170,188,358,170,188,358,No Group
Manchester City Council - Chorlton,Chorlton Place,2020,May,22,Saturday,30 May 2020,13:00,167,185,352,167,185,352,No Group
Manchester City Council - Chorlton,Chorlton Place,2020,May,22,Saturday,30 May 2020,14:00,154,153,307,154,153,307,No Group
Manchester City Council - Chorlton,Chorlton Place,2020,May,22,Saturday,30 May 2020,15:00,114,108,222,114,108,222,No Group
Manchester City Council - Chorlton,Chorlton Place,2020,May,22,Saturday,30 May 2020,16:00,84,95,179,84,95,179,No Group
Manchester City Council - Chorlton,Chorlton Place,2020,May,22,Saturday,30 May 2020,17:00,48,42,90,48,42,90,No Group
Manchester City Council - Chorlton,Chorlton Place,2020,May,22,Saturday,30 May 2020,18:00,35,47,82,35,47,82,No Group
Manchester City Council - Chorlton,Chorlton Place,2020,May,22,Saturday,30 May 2020,19:00,35,38,73,35,38,73,No Group
Manchester City Council - Chorlton,Chorlton Place,2020,May,22,Saturday,30 May 2020,20:00,26,37,63,26,37,63,No Group
Manchester City Council - Chorlton,Chorlton Place,2020,May,22,Saturday,30 May 2020,21:00,18,13,31,18,13,31,No Group
Manchester City Council - Chorlton,Chorlton Place,2020,May,22,Saturday,30 May 2020,22:00,20,27,47,20,27,47,No Group
Manchester City Council - Chorlton,Chorlton Place,2020,May,22,Saturday,30 May 2020,23:00,8,6,14,8,6,14,No Group
Manchester City Council - Chorlton,Chorlton Place,2020,May,22,Sunday,31 May 2020,00:00,5,2,7,5,2,7,No Group
Manchester City Council - Chorlton,Chorlton Place,2020,May,22,Sunday,31 May 2020,01:00,0,2,2,0,2,2,No Group
Manchester City Council - Chorlton,Chorlton Place,2020,May,22,Sunday,31 May 2020,02:00,2,0,2,2,0,2,No Group
Manchester City Council - Chorlton,Chorlton Place,2020,May,22,Sunday,31 May 2020,03:00,0,0,0,0,0,0,No Group
Manchester City Council - Chorlton,Chorlton Place,2020,May,22,Sunday,31 May 2020,04:00,1,1,2,1,1,2,No Group
Manchester City Council - Chorlton,Chorlton Place,2020,May,22,Sunday,31 May 2020,05:00,2,2,4,2,2,4,No Group
Manchester City Council - Chorlton,Chorlton Place,2020,May,22,Sunday,31 May 2020,06:00,4,3,7,4,3,7,No Group
Manchester City Council - Chorlton,Chorlton Place,2020,May,22,Sunday,31 May 2020,07:00,4,6,10,4,6,10,No Group
Manchester City Council - Chorlton,Chorlton Place,2020,May,22,Sunday,31 May 2020,08:00,10,10,20,10,10,20,No Group
Manchester City Council - Chorlton,Chorlton Place,2020,May,22,Sunday,31 May 2020,09:00,18,21,39,18,21,39,No Group
Manchester City Council - Chorlton,Chorlton Place,2020,May,22,Sunday,31 May 2020,10:00,40,39,79,40,39,79,No Group
Manchester City Council - Chorlton,Chorlton Place,2020,May,22,Sunday,31 May 2020,11:00,57,65,122,57,65,122,No Group
Manchester City Council - Chorlton,Chorlton Place,2020,May,22,Sunday,31 May 2020,12:00,66,82,148,66,82,148,No Group
Manchester City Council - Chorlton,Chorlton Place,2020,May,22,Sunday,31 May 2020,13:00,87,98,185,87,98,185,No Group
Manchester City Council - Chorlton,Chorlton Place,2020,May,22,Sunday,31 May 2020,14:00,93,94,187,93,94,187,No Group
Manchester City Council - Chorlton,Chorlton Place,2020,May,22,Sunday,31 May 2020,15:00,54,42,96,54,42,96,No Group
Manchester City Council - Chorlton,Chorlton Place,2020,May,22,Sunday,31 May 2020,16:00,53,43,96,53,43,96,No Group
Manchester City Council - Chorlton,Chorlton Place,2020,May,22,Sunday,31 May 2020,17:00,25,21,46,25,21,46,No Group
Manchester City Council - Chorlton,Chorlton Place,2020,May,22,Sunday,31 May 2020,18:00,25,36,61,25,36,61,No Group
Manchester City Council - Chorlton,Chorlton Place,2020,May,22,Sunday,31 May 2020,19:00,32,34,66,32,34,66,No Group
Manchester City Council - Chorlton,Chorlton Place,2020,May,22,Sunday,31 May 2020,20:00,10,17,27,10,17,27,No Group
Manchester City Council - Chorlton,Chorlton Place,2020,May,22,Sunday,31 May 2020,21:00,6,11,17,6,11,17,No Group
Manchester City Council - Chorlton,Chorlton Place,2020,May,22,Sunday,31 May 2020,22:00,4,2,6,4,2,6,No Group
Manchester City Council - Chorlton,Chorlton Place,2020,May,22,Sunday,31 May 2020,23:00,11,7,18,11,7,18,No Group
Manchester City Council - Chorlton,Chorlton Place,2020,June,23,Monday,01 Jun 2020,00:00,3,3,6,3,3,6,No Group
Manchester City Council - Chorlton,Chorlton Place,2020,June,23,Monday,01 Jun 2020,01:00,0,1,1,0,1,1,No Group
Manchester City Council - Chorlton,Chorlton Place,2020,June,23,Monday,01 Jun 2020,02:00,1,1,2,1,1,2,No Group
Manchester City Council - Chorlton,Chorlton Place,2020,June,23,Monday,01 Jun 2020,03:00,0,0,0,0,0,0,No Group
Manchester City Council - Chorlton,Chorlton Place,2020,June,23,Monday,01 Jun 2020,04:00,0,3,3,0,3,3,No Group
Manchester City Council - Chorlton,Chorlton Place,2020,June,23,Monday,01 Jun 2020,05:00,3,6,9,3,6,9,No Group
Manchester City Council - Chorlton,Chorlton Place,2020,June,23,Monday,01 Jun 2020,06:00,12,22,34,12,22,34,No Group
Manchester City Council - Chorlton,Chorlton Place,2020,June,23,Monday,01 Jun 2020,07:00,8,19,27,8,19,27,No Group
Manchester City Council - Chorlton,Chorlton Place,2020,June,23,Monday,01 Jun 2020,08:00,21,40,61,21,40,61,No Group
Manchester City Council - Chorlton,Chorlton Place,2020,June,23,Monday,01 Jun 2020,09:00,50,73,123,50,73,123,No Group
Manchester City Council - Chorlton,Chorlton Place,2020,June,23,Monday,01 Jun 2020,10:00,69,60,129,69,60,129,No Group
Manchester City Council - Chorlton,Chorlton Place,2020,June,23,Monday,01 Jun 2020,11:00,94,81,175,94,81,175,No Group
Manchester City Council - Chorlton,Chorlton Place,2020,June,23,Monday,01 Jun 2020,12:00,174,182,356,174,182,356,No Group
Manchester City Council - Chorlton,Chorlton Place,2020,June,23,Monday,01 Jun 2020,13:00,134,152,286,134,152,286,No Group
Manchester City Council - Chorlton,Chorlton Place,2020,June,23,Monday,01 Jun 2020,14:00,117,107,224,117,107,224,No Group
Manchester City Council - Chorlton,Chorlton Place,2020,June,23,Monday,01 Jun 2020,15:00,88,77,165,88,77,165,No Group
Manchester City Council - Chorlton,Chorlton Place,2020,June,23,Monday,01 Jun 2020,16:00,62,56,118,62,56,118,No Group
Manchester City Council - Chorlton,Chorlton Place,2020,June,23,Monday,01 Jun 2020,17:00,52,58,110,52,58,110,No Group
Manchester City Council - Chorlton,Chorlton Place,2020,June,23,Monday,01 Jun 2020,18:00,41,51,92,41,51,92,No Group
Manchester City Council - Chorlton,Chorlton Place,2020,June,23,Monday,01 Jun 2020,19:00,38,31,69,38,31,69,No Group
Manchester City Council - Chorlton,Chorlton Place,2020,June,23,Monday,01 Jun 2020,20:00,26,20,46,26,20,46,No Group
Manchester City Council - Chorlton,Chorlton Place,2020,June,23,Monday,01 Jun 2020,21:00,18,19,37,18,19,37,No Group
Manchester City Council - Chorlton,Chorlton Place,2020,June,23,Monday,01 Jun 2020,22:00,12,22,34,12,22,34,No Group
Manchester City Council - Chorlton,Chorlton Place,2020,June,23,Monday,01 Jun 2020,23:00,5,3,8,5,3,8,No Group
Manchester City Council - Chorlton,Chorlton Place,2020,June,23,Tuesday,02 Jun 2020,00:00,4,4,8,4,4,8,No Group
Manchester City Council - Chorlton,Chorlton Place,2020,June,23,Tuesday,02 Jun 2020,01:00,0,1,1,0,1,1,No Group
Manchester City Council - Chorlton,Chorlton Place,2020,June,23,Tuesday,02 Jun 2020,02:00,0,0,0,0,0,0,No Group
Manchester City Council - Chorlton,Chorlton Place,2020,June,23,Tuesday,02 Jun 2020,03:00,0,1,1,0,1,1,No Group
Manchester City Council - Chorlton,Chorlton Place,2020,June,23,Tuesday,02 Jun 2020,04:00,0,3,3,0,3,3,No Group
Manchester City Council - Chorlton,Chorlton Place,2020,June,23,Tuesday,02 Jun 2020,05:00,1,4,5,1,4,5,No Group
Manchester City Council - Chorlton,Chorlton Place,2020,June,23,Tuesday,02 Jun 2020,06:00,20,23,43,20,23,43,No Group
Manchester City Council - Chorlton,Chorlton Place,2020,June,23,Tuesday,02 Jun 2020,07:00,17,26,43,17,26,43,No Group
Manchester City Council - Chorlton,Chorlton Place,2020,June,23,Tuesday,02 Jun 2020,08:00,27,36,63,27,36,63,No Group
Manchester City Council - Chorlton,Chorlton Place,2020,June,23,Tuesday,02 Jun 2020,09:00,58,60,118,58,60,118,No Group
Manchester City Council - Chorlton,Chorlton Place,2020,June,23,Tuesday,02 Jun 2020,10:00,68,78,146,68,78,146,No Group
Manchester City Council - Chorlton,Chorlton Place,2020,June,23,Tuesday,02 Jun 2020,11:00,119,107,226,119,107,226,No Group
Manchester City Council - Chorlton,Chorlton Place,2020,June,23,Tuesday,02 Jun 2020,12:00,155,162,317,155,162,317,No Group
Manchester City Council - Chorlton,Chorlton Place,2020,June,23,Tuesday,02 Jun 2020,13:00,131,160,291,131,160,291,No Group
Manchester City Council - Chorlton,Chorlton Place,2020,June,23,Tuesday,02 Jun 2020,14:00,115,125,240,115,125,240,No Group
Manchester City Council - Chorlton,Chorlton Place,2020,June,23,Tuesday,02 Jun 2020,15:00,75,80,155,75,80,155,No Group
Manchester City Council - Chorlton,Chorlton Place,2020,June,23,Tuesday,02 Jun 2020,16:00,92,90,182,92,90,182,No Group
Manchester City Council - Chorlton,Chorlton Place,2020,June,23,Tuesday,02 Jun 2020,17:00,55,57,112,55,57,112,No Group
Manchester City Council - Chorlton,Chorlton Place,2020,June,23,Tuesday,02 Jun 2020,18:00,40,48,88,40,48,88,No Group
Manchester City Council - Chorlton,Chorlton Place,2020,June,23,Tuesday,02 Jun 2020,19:00,27,49,76,27,49,76,No Group
Manchester City Council - Chorlton,Chorlton Place,2020,June,23,Tuesday,02 Jun 2020,20:00,21,29,50,21,29,50,No Group
Manchester City Council - Chorlton,Chorlton Place,2020,June,23,Tuesday,02 Jun 2020,21:00,17,21,38,17,21,38,No Group
Manchester City Council - Chorlton,Chorlton Place,2020,June,23,Tuesday,02 Jun 2020,22:00,9,16,25,9,16,25,No Group
Manchester City Council - Chorlton,Chorlton Place,2020,June,23,Tuesday,02 Jun 2020,23:00,9,4,13,9,4,13,No Group
Manchester City Council - Chorlton,Chorlton Place,2020,June,23,Wednesday,03 Jun 2020,00:00,2,2,4,2,2,4,No Group
Manchester City Council - Chorlton,Chorlton Place,2020,June,23,Wednesday,03 Jun 2020,01:00,1,1,2,1,1,2,No Group
Manchester City Council - Chorlton,Chorlton Place,2020,June,23,Wednesday,03 Jun 2020,02:00,2,3,5,2,3,5,No Group
Manchester City Council - Chorlton,Chorlton Place,2020,June,23,Wednesday,03 Jun 2020,03:00,0,2,2,0,2,2,No Group
Manchester City Council - Chorlton,Chorlton Place,2020,June,23,Wednesday,03 Jun 2020,04:00,1,1,2,1,1,2,No Group
Manchester City Council - Chorlton,Chorlton Place,2020,June,23,Wednesday,03 Jun 2020,05:00,2,3,5,2,3,5,No Group
Manchester City Council - Chorlton,Chorlton Place,2020,June,23,Wednesday,03 Jun 2020,06:00,17,24,41,17,24,41,No Group
Manchester City Council - Chorlton,Chorlton Place,2020,June,23,Wednesday,03 Jun 2020,07:00,9,15,24,9,15,24,No Group
Manchester City Council - Chorlton,Chorlton Place,2020,June,23,Wednesday,03 Jun 2020,08:00,17,27,44,17,27,44,No Group
Manchester City Council - Chorlton,Chorlton Place,2020,June,23,Wednesday,03 Jun 2020,09:00,59,73,132,59,73,132,No Group
Manchester City Council - Chorlton,Chorlton Place,2020,June,23,Wednesday,03 Jun 2020,10:00,72,86,158,72,86,158,No Group
Manchester City Council - Chorlton,Chorlton Place,2020,June,23,Wednesday,03 Jun 2020,11:00,74,68,142,74,68,142,No Group
Manchester City Council - Chorlton,Chorlton Place,2020,June,23,Wednesday,03 Jun 2020,12:00,108,119,227,108,119,227,No Group
Manchester City Council - Chorlton,Chorlton Place,2020,June,23,Wednesday,03 Jun 2020,13:00,79,90,169,79,90,169,No Group
Manchester City Council - Chorlton,Chorlton Place,2020,June,23,Wednesday,03 Jun 2020,14:00,107,97,204,107,97,204,No Group
Manchester City Council - Chorlton,Chorlton Place,2020,June,23,Wednesday,03 Jun 2020,15:00,82,79,161,82,79,161,No Group
Manchester City Council - Chorlton,Chorlton Place,2020,June,23,Wednesday,03 Jun 2020,16:00,69,78,147,69,78,147,No Group
Manchester City Council - Chorlton,Chorlton Place,2020,June,23,Wednesday,03 Jun 2020,17:00,28,90,118,28,90,118,No Group
Manchester City Council - Chorlton,Chorlton Place,2020,June,23,Wednesday,03 Jun 2020,18:00,62,46,108,62,46,108,No Group
Manchester City Council - Chorlton,Chorlton Place,2020,June,23,Wednesday,03 Jun 2020,19:00,31,27,58,31,27,58,No Group
Manchester City Council - Chorlton,Chorlton Place,2020,June,23,Wednesday,03 Jun 2020,20:00,12,19,31,12,19,31,No Group
Manchester City Council - Chorlton,Chorlton Place,2020,June,23,Wednesday,03 Jun 2020,21:00,11,16,27,11,16,27,No Group
Manchester City Council - Chorlton,Chorlton Place,2020,June,23,Wednesday,03 Jun 2020,22:00,11,8,19,11,8,19,No Group
Manchester City Council - Chorlton,Chorlton Place,2020,June,23,Wednesday,03 Jun 2020,23:00,6,1,7,6,1,7,No Group
Manchester City Council - Chorlton,Chorlton Place,2020,June,23,Thursday,04 Jun 2020,00:00,0,1,1,0,1,1,No Group
Manchester City Council - Chorlton,Chorlton Place,2020,June,23,Thursday,04 Jun 2020,01:00,0,3,3,0,3,3,No Group
Manchester City Council - Chorlton,Chorlton Place,2020,June,23,Thursday,04 Jun 2020,02:00,0,1,1,0,1,1,No Group
Manchester City Council - Chorlton,Chorlton Place,2020,June,23,Thursday,04 Jun 2020,03:00,0,0,0,0,0,0,No Group
Manchester City Council - Chorlton,Chorlton Place,2020,June,23,Thursday,04 Jun 2020,04:00,0,0,0,0,0,0,No Group
Manchester City Council - Chorlton,Chorlton Place,2020,June,23,Thursday,04 Jun 2020,05:00,2,3,5,2,3,5,No Group
Manchester City Council - Chorlton,Chorlton Place,2020,June,23,Thursday,04 Jun 2020,06:00,15,20,35,15,20,35,No Group
Manchester City Council - Chorlton,Chorlton Place,2020,June,23,Thursday,04 Jun 2020,07:00,15,26,41,15,26,41,No Group
Manchester City Council - Chorlton,Chorlton Place,2020,June,23,Thursday,04 Jun 2020,08:00,28,41,69,28,41,69,No Group
Manchester City Council - Chorlton,Chorlton Place,2020,June,23,Thursday,04 Jun 2020,09:00,38,42,80,38,42,80,No Group
Manchester City Council - Chorlton,Chorlton Place,2020,June,23,Thursday,04 Jun 2020,10:00,56,59,115,56,59,115,No Group
Manchester City Council - Chorlton,Chorlton Place,2020,June,23,Thursday,04 Jun 2020,11:00,88,76,164,88,76,164,No Group
Manchester City Council - Chorlton,Chorlton Place,2020,June,23,Thursday,04 Jun 2020,12:00,96,85,181,96,85,181,No Group
Manchester City Council - Chorlton,Chorlton Place,2020,June,23,Thursday,04 Jun 2020,13:00,100,104,204,100,104,204,No Group
Manchester City Council - Chorlton,Chorlton Place,2020,June,23,Thursday,04 Jun 2020,14:00,100,111,211,100,111,211,No Group
Manchester City Council - Chorlton,Chorlton Place,2020,June,23,Thursday,04 Jun 2020,15:00,130,104,234,130,104,234,No Group
Manchester City Council - Chorlton,Chorlton Place,2020,June,23,Thursday,04 Jun 2020,16:00,80,86,166,80,86,166,No Group
Manchester City Council - Chorlton,Chorlton Place,2020,June,23,Thursday,04 Jun 2020,17:00,44,57,101,44,57,101,No Group
Manchester City Council - Chorlton,Chorlton Place,2020,June,23,Thursday,04 Jun 2020,18:00,35,34,69,35,34,69,No Group
Manchester City Council - Chorlton,Chorlton Place,2020,June,23,Thursday,04 Jun 2020,19:00,41,27,68,41,27,68,No Group
Manchester City Council - Chorlton,Chorlton Place,2020,June,23,Thursday,04 Jun 2020,20:00,21,22,43,21,22,43,No Group
Manchester City Council - Chorlton,Chorlton Place,2020,June,23,Thursday,04 Jun 2020,21:00,16,11,27,16,11,27,No Group
Manchester City Council - Chorlton,Chorlton Place,2020,June,23,Thursday,04 Jun 2020,22:00,7,6,13,7,6,13,No Group
Manchester City Council - Chorlton,Chorlton Place,2020,June,23,Thursday,04 Jun 2020,23:00,8,3,11,8,3,11,No Group
Manchester City Council - Chorlton,Chorlton Place,2020,June,23,Friday,05 Jun 2020,00:00,1,0,1,1,0,1,No Group
Manchester City Council - Chorlton,Chorlton Place,2020,June,23,Friday,05 Jun 2020,01:00,2,0,2,2,0,2,No Group
Manchester City Council - Chorlton,Chorlton Place,2020,June,23,Friday,05 Jun 2020,02:00,0,0,0,0,0,0,No Group
Manchester City Council - Chorlton,Chorlton Place,2020,June,23,Friday,05 Jun 2020,03:00,0,2,2,0,2,2,No Group
Manchester City Council - Chorlton,Chorlton Place,2020,June,23,Friday,05 Jun 2020,04:00,0,3,3,0,3,3,No Group
Manchester City Council - Chorlton,Chorlton Place,2020,June,23,Friday,05 Jun 2020,05:00,2,7,9,2,7,9,No Group
Manchester City Council - Chorlton,Chorlton Place,2020,June,23,Friday,05 Jun 2020,06:00,15,25,40,15,25,40,No Group
Manchester City Council - Chorlton,Chorlton Place,2020,June,23,Friday,05 Jun 2020,07:00,11,13,24,11,13,24,No Group
Manchester City Council - Chorlton,Chorlton Place,2020,June,23,Friday,05 Jun 2020,08:00,32,45,77,32,45,77,No Group
Manchester City Council - Chorlton,Chorlton Place,2020,June,23,Friday,05 Jun 2020,09:00,50,68,118,50,68,118,No Group
Manchester City Council - Chorlton,Chorlton Place,2020,June,23,Friday,05 Jun 2020,10:00,61,77,138,61,77,138,No Group
Manchester City Council - Chorlton,Chorlton Place,2020,June,23,Friday,05 Jun 2020,11:00,95,82,177,95,82,177,No Group
Manchester City Council - Chorlton,Chorlton Place,2020,June,23,Friday,05 Jun 2020,12:00,108,115,223,108,115,223,No Group
Manchester City Council - Chorlton,Chorlton Place,2020,June,23,Friday,05 Jun 2020,13:00,129,146,275,129,146,275,No Group
Manchester City Council - Chorlton,Chorlton Place,2020,June,23,Friday,05 Jun 2020,14:00,123,119,242,123,119,242,No Group
Manchester City Council - Chorlton,Chorlton Place,2020,June,23,Friday,05 Jun 2020,15:00,116,110,226,116,110,226,No Group
Manchester City Council - Chorlton,Chorlton Place,2020,June,23,Friday,05 Jun 2020,16:00,67,73,140,67,73,140,No Group
Manchester City Council - Chorlton,Chorlton Place,2020,June,23,Friday,05 Jun 2020,17:00,68,52,120,68,52,120,No Group
Manchester City Council - Chorlton,Chorlton Place,2020,June,23,Friday,05 Jun 2020,18:00,54,46,100,54,46,100,No Group
Manchester City Council - Chorlton,Chorlton Place,2020,June,23,Friday,05 Jun 2020,19:00,39,39,78,39,39,78,No Group
Manchester City Council - Chorlton,Chorlton Place,2020,June,23,Friday,05 Jun 2020,20:00,19,17,36,19,17,36,No Group
Manchester City Council - Chorlton,Chorlton Place,2020,June,23,Friday,05 Jun 2020,21:00,19,14,33,19,14,33,No Group
Manchester City Council - Chorlton,Chorlton Place,2020,June,23,Friday,05 Jun 2020,22:00,14,9,23,14,9,23,No Group
Manchester City Council - Chorlton,Chorlton Place,2020,June,23,Friday,05 Jun 2020,23:00,13,5,18,13,5,18,No Group
Manchester City Council - Chorlton,Chorlton Place,2020,June,23,Saturday,06 Jun 2020,00:00,9,5,14,9,5,14,No Group
Manchester City Council - Chorlton,Chorlton Place,2020,June,23,Saturday,06 Jun 2020,01:00,2,8,10,2,8,10,No Group
Manchester City Council - Chorlton,Chorlton Place,2020,June,23,Saturday,06 Jun 2020,02:00,4,4,8,4,4,8,No Group
Manchester City Council - Chorlton,Chorlton Place,2020,June,23,Saturday,06 Jun 2020,03:00,0,1,1,0,1,1,No Group
Manchester City Council - Chorlton,Chorlton Place,2020,June,23,Saturday,06 Jun 2020,04:00,0,1,1,0,1,1,No Group
Manchester City Council - Chorlton,Chorlton Place,2020,June,23,Saturday,06 Jun 2020,05:00,9,14,23,9,14,23,No Group
Manchester City Council - Chorlton,Chorlton Place,2020,June,23,Saturday,06 Jun 2020,06:00,11,15,26,11,15,26,No Group
Manchester City Council - Chorlton,Chorlton Place,2020,June,23,Saturday,06 Jun 2020,07:00,5,13,18,5,13,18,No Group
Manchester City Council - Chorlton,Chorlton Place,2020,June,23,Saturday,06 Jun 2020,08:00,26,27,53,26,27,53,No Group
Manchester City Council - Chorlton,Chorlton Place,2020,June,23,Saturday,06 Jun 2020,09:00,48,50,98,48,50,98,No Group
Manchester City Council - Chorlton,Chorlton Place,2020,June,23,Saturday,06 Jun 2020,10:00,88,97,185,88,97,185,No Group
Manchester City Council - Chorlton,Chorlton Place,2020,June,23,Saturday,06 Jun 2020,11:00,101,109,210,101,109,210,No Group
Manchester City Council - Chorlton,Chorlton Place,2020,June,23,Saturday,06 Jun 2020,12:00,120,154,274,120,154,274,No Group
Manchester City Council - Chorlton,Chorlton Place,2020,June,23,Saturday,06 Jun 2020,13:00,172,167,339,172,167,339,No Group
Manchester City Council - Chorlton,Chorlton Place,2020,June,23,Saturday,06 Jun 2020,14:00,127,135,262,127,135,262,No Group
Manchester City Council - Chorlton,Chorlton Place,2020,June,23,Saturday,06 Jun 2020,15:00,127,123,250,127,123,250,No Group
Manchester City Council - Chorlton,Chorlton Place,2020,June,23,Saturday,06 Jun 2020,16:00,119,95,214,119,95,214,No Group
Manchester City Council - Chorlton,Chorlton Place,2020,June,23,Saturday,06 Jun 2020,17:00,55,54,109,55,54,109,No Group
Manchester City Council - Chorlton,Chorlton Place,2020,June,23,Saturday,06 Jun 2020,18:00,45,43,88,45,43,88,No Group
Manchester City Council - Chorlton,Chorlton Place,2020,June,23,Saturday,06 Jun 2020,19:00,35,27,62,35,27,62,No Group
Manchester City Council - Chorlton,Chorlton Place,2020,June,23,Saturday,06 Jun 2020,20:00,15,12,27,15,12,27,No Group
Manchester City Council - Chorlton,Chorlton Place,2020,June,23,Saturday,06 Jun 2020,21:00,16,16,32,16,16,32,No Group
Manchester City Council - Chorlton,Chorlton Place,2020,June,23,Saturday,06 Jun 2020,22:00,17,12,29,17,12,29,No Group
Manchester City Council - Chorlton,Chorlton Place,2020,June,23,Saturday,06 Jun 2020,23:00,4,7,11,4,7,11,No Group
Manchester City Council - Chorlton,Chorlton Place,2020,June,23,Sunday,07 Jun 2020,00:00,1,1,2,1,1,2,No Group
Manchester City Council - Chorlton,Chorlton Place,2020,June,23,Sunday,07 Jun 2020,01:00,0,0,0,0,0,0,No Group
Manchester City Council - Chorlton,Chorlton Place,2020,June,23,Sunday,07 Jun 2020,02:00,0,3,3,0,3,3,No Group
Manchester City Council - Chorlton,Chorlton Place,2020,June,23,Sunday,07 Jun 2020,03:00,1,0,1,1,0,1,No Group
Manchester City Council - Chorlton,Chorlton Place,2020,June,23,Sunday,07 Jun 2020,04:00,2,0,2,2,0,2,No Group
Manchester City Council - Chorlton,Chorlton Place,2020,June,23,Sunday,07 Jun 2020,05:00,7,2,9,7,2,9,No Group
Manchester City Council - Chorlton,Chorlton Place,2020,June,23,Sunday,07 Jun 2020,06:00,3,13,16,3,13,16,No Group
Manchester City Council - Chorlton,Chorlton Place,2020,June,23,Sunday,07 Jun 2020,07:00,4,10,14,4,10,14,No Group
Manchester City Council - Chorlton,Chorlton Place,2020,June,23,Sunday,07 Jun 2020,08:00,5,7,12,5,7,12,No Group
Manchester City Council - Chorlton,Chorlton Place,2020,June,23,Sunday,07 Jun 2020,09:00,9,16,25,9,16,25,No Group
Manchester City Council - Chorlton,Chorlton Place,2020,June,23,Sunday,07 Jun 2020,10:00,28,45,73,28,45,73,No Group
Manchester City Council - Chorlton,Chorlton Place,2020,June,23,Sunday,07 Jun 2020,11:00,48,40,88,48,40,88,No Group
Manchester City Council - Chorlton,Chorlton Place,2020,June,23,Sunday,07 Jun 2020,12:00,42,58,100,42,58,100,No Group
Manchester City Council - Chorlton,Chorlton Place,2020,June,23,Sunday,07 Jun 2020,13:00,65,69,134,65,69,134,No Group
Manchester City Council - Chorlton,Chorlton Place,2020,June,23,Sunday,07 Jun 2020,14:00,56,59,115,56,59,115,No Group
Manchester City Council - Chorlton,Chorlton Place,2020,June,23,Sunday,07 Jun 2020,15:00,68,68,136,68,68,136,No Group
Manchester City Council - Chorlton,Chorlton Place,2020,June,23,Sunday,07 Jun 2020,16:00,52,64,116,52,64,116,No Group
Manchester City Council - Chorlton,Chorlton Place,2020,June,23,Sunday,07 Jun 2020,17:00,44,31,75,44,31,75,No Group
Manchester City Council - Chorlton,Chorlton Place,2020,June,23,Sunday,07 Jun 2020,18:00,42,48,90,42,48,90,No Group
Manchester City Council - Chorlton,Chorlton Place,2020,June,23,Sunday,07 Jun 2020,19:00,24,31,55,24,31,55,No Group
Manchester City Council - Chorlton,Chorlton Place,2020,June,23,Sunday,07 Jun 2020,20:00,9,18,27,9,18,27,No Group
Manchester City Council - Chorlton,Chorlton Place,2020,June,23,Sunday,07 Jun 2020,21:00,15,11,26,15,11,26,No Group
Manchester City Council - Chorlton,Chorlton Place,2020,June,23,Sunday,07 Jun 2020,22:00,6,11,17,6,11,17,No Group
Manchester City Council - Chorlton,Chorlton Place,2020,June,23,Sunday,07 Jun 2020,23:00,6,4,10,6,4,10,No Group
Manchester City Council - Chorlton,Chorlton Place,2020,June,24,Monday,08 Jun 2020,00:00,2,3,5,2,3,5,No Group
Manchester City Council - Chorlton,Chorlton Place,2020,June,24,Monday,08 Jun 2020,01:00,1,1,2,1,1,2,No Group
Manchester City Council - Chorlton,Chorlton Place,2020,June,24,Monday,08 Jun 2020,02:00,0,2,2,0,2,2,No Group
Manchester City Council - Chorlton,Chorlton Place,2020,June,24,Monday,08 Jun 2020,03:00,0,0,0,0,0,0,No Group
Manchester City Council - Chorlton,Chorlton Place,2020,June,24,Monday,08 Jun 2020,04:00,0,2,2,0,2,2,No Group
Manchester City Council - Chorlton,Chorlton Place,2020,June,24,Monday,08 Jun 2020,05:00,2,6,8,2,6,8,No Group
Manchester City Council - Chorlton,Chorlton Place,2020,June,24,Monday,08 Jun 2020,06:00,16,14,30,16,14,30,No Group
Manchester City Council - Chorlton,Chorlton Place,2020,June,24,Monday,08 Jun 2020,07:00,6,19,25,6,19,25,No Group
Manchester City Council - Chorlton,Chorlton Place,2020,June,24,Monday,08 Jun 2020,08:00,18,37,55,18,37,55,No Group
Manchester City Council - Chorlton,Chorlton Place,2020,June,24,Monday,08 Jun 2020,09:00,41,48,89,41,48,89,No Group
Manchester City Council - Chorlton,Chorlton Place,2020,June,24,Monday,08 Jun 2020,10:00,41,54,95,41,54,95,No Group
Manchester City Council - Chorlton,Chorlton Place,2020,June,24,Monday,08 Jun 2020,11:00,73,79,152,73,79,152,No Group
Manchester City Council - Chorlton,Chorlton Place,2020,June,24,Monday,08 Jun 2020,12:00,81,81,162,81,81,162,No Group
Manchester City Council - Chorlton,Chorlton Place,2020,June,24,Monday,08 Jun 2020,13:00,100,96,196,100,96,196,No Group
Manchester City Council - Chorlton,Chorlton Place,2020,June,24,Monday,08 Jun 2020,14:00,87,99,186,87,99,186,No Group
Manchester City Council - Chorlton,Chorlton Place,2020,June,24,Monday,08 Jun 2020,15:00,108,89,197,108,89,197,No Group
Manchester City Council - Chorlton,Chorlton Place,2020,June,24,Monday,08 Jun 2020,16:00,72,66,138,72,66,138,No Group
Manchester City Council - Chorlton,Chorlton Place,2020,June,24,Monday,08 Jun 2020,17:00,63,59,122,63,59,122,No Group
Manchester City Council - Chorlton,Chorlton Place,2020,June,24,Monday,08 Jun 2020,18:00,45,42,87,45,42,87,No Group
Manchester City Council - Chorlton,Chorlton Place,2020,June,24,Monday,08 Jun 2020,19:00,30,48,78,30,48,78,No Group
Manchester City Council - Chorlton,Chorlton Place,2020,June,24,Monday,08 Jun 2020,20:00,25,24,49,25,24,49,No Group
Manchester City Council - Chorlton,Chorlton Place,2020,June,24,Monday,08 Jun 2020,21:00,16,11,27,16,11,27,No Group
Manchester City Council - Chorlton,Chorlton Place,2020,June,24,Monday,08 Jun 2020,22:00,10,6,16,10,6,16,No Group
Manchester City Council - Chorlton,Chorlton Place,2020,June,24,Monday,08 Jun 2020,23:00,4,3,7,4,3,7,No Group
Manchester City Council - Chorlton,Chorlton Place,2020,June,24,Tuesday,09 Jun 2020,00:00,1,0,1,1,0,1,No Group
Manchester City Council - Chorlton,Chorlton Place,2020,June,24,Tuesday,09 Jun 2020,01:00,0,1,1,0,1,1,No Group
Manchester City Council - Chorlton,Chorlton Place,2020,June,24,Tuesday,09 Jun 2020,02:00,2,0,2,2,0,2,No Group
Manchester City Council - Chorlton,Chorlton Place,2020,June,24,Tuesday,09 Jun 2020,03:00,0,0,0,0,0,0,No Group
Manchester City Council - Chorlton,Chorlton Place,2020,June,24,Tuesday,09 Jun 2020,04:00,1,4,5,1,4,5,No Group
Manchester City Council - Chorlton,Chorlton Place,2020,June,24,Tuesday,09 Jun 2020,05:00,4,4,8,4,4,8,No Group
Manchester City Council - Chorlton,Chorlton Place,2020,June,24,Tuesday,09 Jun 2020,06:00,10,20,30,10,20,30,No Group
Manchester City Council - Chorlton,Chorlton Place,2020,June,24,Tuesday,09 Jun 2020,07:00,5,18,23,5,18,23,No Group
Manchester City Council - Chorlton,Chorlton Place,2020,June,24,Tuesday,09 Jun 2020,08:00,22,24,46,22,24,46,No Group
Manchester City Council - Chorlton,Chorlton Place,2020,June,24,Tuesday,09 Jun 2020,09:00,32,37,69,32,37,69,No Group
Manchester City Council - Chorlton,Chorlton Place,2020,June,24,Tuesday,09 Jun 2020,10:00,80,73,153,80,73,153,No Group
Manchester City Council - Chorlton,Chorlton Place,2020,June,24,Tuesday,09 Jun 2020,11:00,108,94,202,108,94,202,No Group
Manchester City Council - Chorlton,Chorlton Place,2020,June,24,Tuesday,09 Jun 2020,12:00,97,128,225,97,128,225,No Group
Manchester City Council - Chorlton,Chorlton Place,2020,June,24,Tuesday,09 Jun 2020,13:00,109,123,232,109,123,232,No Group
Manchester City Council - Chorlton,Chorlton Place,2020,June,24,Tuesday,09 Jun 2020,14:00,122,105,227,122,105,227,No Group
Manchester City Council - Chorlton,Chorlton Place,2020,June,24,Tuesday,09 Jun 2020,15:00,85,80,165,85,80,165,No Group
Manchester City Council - Chorlton,Chorlton Place,2020,June,24,Tuesday,09 Jun 2020,16:00,68,83,151,68,83,151,No Group
Manchester City Council - Chorlton,Chorlton Place,2020,June,24,Tuesday,09 Jun 2020,17:00,64,43,107,64,43,107,No Group
Manchester City Council - Chorlton,Chorlton Place,2020,June,24,Tuesday,09 Jun 2020,18:00,47,50,97,47,50,97,No Group
Manchester City Council - Chorlton,Chorlton Place,2020,June,24,Tuesday,09 Jun 2020,19:00,38,26,64,38,26,64,No Group
Manchester City Council - Chorlton,Chorlton Place,2020,June,24,Tuesday,09 Jun 2020,20:00,16,14,30,16,14,30,No Group
Manchester City Council - Chorlton,Chorlton Place,2020,June,24,Tuesday,09 Jun 2020,21:00,10,12,22,10,12,22,No Group
Manchester City Council - Chorlton,Chorlton Place,2020,June,24,Tuesday,09 Jun 2020,22:00,10,5,15,10,5,15,No Group
Manchester City Council - Chorlton,Chorlton Place,2020,June,24,Tuesday,09 Jun 2020,23:00,8,4,12,8,4,12,No Group
Manchester City Council - Chorlton,Chorlton Place,2020,June,24,Wednesday,10 Jun 2020,00:00,2,0,2,2,0,2,No Group
Manchester City Council - Chorlton,Chorlton Place,2020,June,24,Wednesday,10 Jun 2020,01:00,1,0,1,1,0,1,No Group
Manchester City Council - Chorlton,Chorlton Place,2020,June,24,Wednesday,10 Jun 2020,02:00,1,2,3,1,2,3,No Group
Manchester City Council - Chorlton,Chorlton Place,2020,June,24,Wednesday,10 Jun 2020,03:00,0,3,3,0,3,3,No Group
Manchester City Council - Chorlton,Chorlton Place,2020,June,24,Wednesday,10 Jun 2020,04:00,2,4,6,2,4,6,No Group
Manchester City Council - Chorlton,Chorlton Place,2020,June,24,Wednesday,10 Jun 2020,05:00,1,9,10,1,9,10,No Group
Manchester City Council - Chorlton,Chorlton Place,2020,June,24,Wednesday,10 Jun 2020,06:00,17,20,37,17,20,37,No Group
Manchester City Council - Chorlton,Chorlton Place,2020,June,24,Wednesday,10 Jun 2020,07:00,8,11,19,8,11,19,No Group
Manchester City Council - Chorlton,Chorlton Place,2020,June,24,Wednesday,10 Jun 2020,08:00,25,12,37,25,12,37,No Group
Manchester City Council - Chorlton,Chorlton Place,2020,June,24,Wednesday,10 Jun 2020,09:00,40,38,78,40,38,78,No Group
Manchester City Council - Chorlton,Chorlton Place,2020,June,24,Wednesday,10 Jun 2020,10:00,81,71,152,81,71,152,No Group
Manchester City Council - Chorlton,Chorlton Place,2020,June,24,Wednesday,10 Jun 2020,11:00,93,79,172,93,79,172,No Group
Manchester City Council - Chorlton,Chorlton Place,2020,June,24,Wednesday,10 Jun 2020,12:00,100,118,218,100,118,218,No Group
Manchester City Council - Chorlton,Chorlton Place,2020,June,24,Wednesday,10 Jun 2020,13:00,86,108,194,86,108,194,No Group
Manchester City Council - Chorlton,Chorlton Place,2020,June,24,Wednesday,10 Jun 2020,14:00,110,116,226,110,116,226,No Group
Manchester City Council - Chorlton,Chorlton Place,2020,June,24,Wednesday,10 Jun 2020,15:00,79,91,170,79,91,170,No Group
Manchester City Council - Chorlton,Chorlton Place,2020,June,24,Wednesday,10 Jun 2020,16:00,65,62,127,65,62,127,No Group
Manchester City Council - Chorlton,Chorlton Place,2020,June,24,Wednesday,10 Jun 2020,17:00,51,76,127,51,76,127,No Group
Manchester City Council - Chorlton,Chorlton Place,2020,June,24,Wednesday,10 Jun 2020,18:00,77,55,132,77,55,132,No Group
Manchester City Council - Chorlton,Chorlton Place,2020,June,24,Wednesday,10 Jun 2020,19:00,31,39,70,31,39,70,No Group
Manchester City Council - Chorlton,Chorlton Place,2020,June,24,Wednesday,10 Jun 2020,20:00,22,34,56,22,34,56,No Group
Manchester City Council - Chorlton,Chorlton Place,2020,June,24,Wednesday,10 Jun 2020,21:00,16,21,37,16,21,37,No Group
Manchester City Council - Chorlton,Chorlton Place,2020,June,24,Wednesday,10 Jun 2020,22:00,12,11,23,12,11,23,No Group
Manchester City Council - Chorlton,Chorlton Place,2020,June,24,Wednesday,10 Jun 2020,23:00,5,4,9,5,4,9,No Group
Manchester City Council - Chorlton,Chorlton Place,2020,June,24,Thursday,11 Jun 2020,00:00,4,3,7,4,3,7,No Group
Manchester City Council - Chorlton,Chorlton Place,2020,June,24,Thursday,11 Jun 2020,01:00,0,1,1,0,1,1,No Group
Manchester City Council - Chorlton,Chorlton Place,2020,June,24,Thursday,11 Jun 2020,02:00,0,1,1,0,1,1,No Group
Manchester City Council - Chorlton,Chorlton Place,2020,June,24,Thursday,11 Jun 2020,03:00,0,0,0,0,0,0,No Group
Manchester City Council - Chorlton,Chorlton Place,2020,June,24,Thursday,11 Jun 2020,04:00,0,1,1,0,1,1,No Group
Manchester City Council - Chorlton,Chorlton Place,2020,June,24,Thursday,11 Jun 2020,05:00,2,5,7,2,5,7,No Group
Manchester City Council - Chorlton,Chorlton Place,2020,June,24,Thursday,11 Jun 2020,06:00,5,12,17,5,12,17,No Group
Manchester City Council - Chorlton,Chorlton Place,2020,June,24,Thursday,11 Jun 2020,07:00,15,28,43,15,28,43,No Group
Manchester City Council - Chorlton,Chorlton Place,2020,June,24,Thursday,11 Jun 2020,08:00,20,28,48,20,28,48,No Group
Manchester City Council - Chorlton,Chorlton Place,2020,June,24,Thursday,11 Jun 2020,09:00,54,63,117,54,63,117,No Group
Manchester City Council - Chorlton,Chorlton Place,2020,June,24,Thursday,11 Jun 2020,10:00,64,74,138,64,74,138,No Group
Manchester City Council - Chorlton,Chorlton Place,2020,June,24,Thursday,11 Jun 2020,11:00,68,71,139,68,71,139,No Group
Manchester City Council - Chorlton,Chorlton Place,2020,June,24,Thursday,11 Jun 2020,12:00,140,141,281,140,141,281,No Group
Manchester City Council - Chorlton,Chorlton Place,2020,June,24,Thursday,11 Jun 2020,13:00,123,124,247,123,124,247,No Group
Manchester City Council - Chorlton,Chorlton Place,2020,June,24,Thursday,11 Jun 2020,14:00,132,101,233,132,101,233,No Group
Manchester City Council - Chorlton,Chorlton Place,2020,June,24,Thursday,11 Jun 2020,15:00,98,105,203,98,105,203,No Group
Manchester City Council - Chorlton,Chorlton Place,2020,June,24,Thursday,11 Jun 2020,16:00,65,75,140,65,75,140,No Group
Manchester City Council - Chorlton,Chorlton Place,2020,June,24,Thursday,11 Jun 2020,17:00,46,40,86,46,40,86,No Group
Manchester City Council - Chorlton,Chorlton Place,2020,June,24,Thursday,11 Jun 2020,18:00,35,34,69,35,34,69,No Group
Manchester City Council - Chorlton,Chorlton Place,2020,June,24,Thursday,11 Jun 2020,19:00,34,26,60,34,26,60,No Group
Manchester City Council - Chorlton,Chorlton Place,2020,June,24,Thursday,11 Jun 2020,20:00,23,20,43,23,20,43,No Group
Manchester City Council - Chorlton,Chorlton Place,2020,June,24,Thursday,11 Jun 2020,21:00,14,15,29,14,15,29,No Group
Manchester City Council - Chorlton,Chorlton Place,2020,June,24,Thursday,11 Jun 2020,22:00,4,6,10,4,6,10,No Group
Manchester City Council - Chorlton,Chorlton Place,2020,June,24,Thursday,11 Jun 2020,23:00,5,3,8,5,3,8,No Group
Manchester City Council - Chorlton,Chorlton Place,2020,June,24,Friday,12 Jun 2020,00:00,2,2,4,2,2,4,No Group
Manchester City Council - Chorlton,Chorlton Place,2020,June,24,Friday,12 Jun 2020,01:00,0,2,2,0,2,2,No Group
Manchester City Council - Chorlton,Chorlton Place,2020,June,24,Friday,12 Jun 2020,02:00,0,1,1,0,1,1,No Group
Manchester City Council - Chorlton,Chorlton Place,2020,June,24,Friday,12 Jun 2020,03:00,0,0,0,0,0,0,No Group
Manchester City Council - Chorlton,Chorlton Place,2020,June,24,Friday,12 Jun 2020,04:00,1,2,3,1,2,3,No Group
Manchester City Council - Chorlton,Chorlton Place,2020,June,24,Friday,12 Jun 2020,05:00,2,5,7,2,5,7,No Group
Manchester City Council - Chorlton,Chorlton Place,2020,June,24,Friday,12 Jun 2020,06:00,16,21,37,16,21,37,No Group
Manchester City Council - Chorlton,Chorlton Place,2020,June,24,Friday,12 Jun 2020,07:00,10,18,28,10,18,28,No Group
Manchester City Council - Chorlton,Chorlton Place,2020,June,24,Friday,12 Jun 2020,08:00,35,39,74,35,39,74,No Group
Manchester City Council - Chorlton,Chorlton Place,2020,June,24,Friday,12 Jun 2020,09:00,62,61,123,62,61,123,No Group
Manchester City Council - Chorlton,Chorlton Place,2020,June,24,Friday,12 Jun 2020,10:00,85,78,163,85,78,163,No Group
Manchester City Council - Chorlton,Chorlton Place,2020,June,24,Friday,12 Jun 2020,11:00,95,91,186,95,91,186,No Group
Manchester City Council - Chorlton,Chorlton Place,2020,June,24,Friday,12 Jun 2020,12:00,121,132,253,121,132,253,No Group
Manchester City Council - Chorlton,Chorlton Place,2020,June,24,Friday,12 Jun 2020,13:00,96,95,191,96,95,191,No Group
Manchester City Council - Chorlton,Chorlton Place,2020,June,24,Friday,12 Jun 2020,14:00,120,113,233,120,113,233,No Group
Manchester City Council - Chorlton,Chorlton Place,2020,June,24,Friday,12 Jun 2020,15:00,106,104,210,106,104,210,No Group
Manchester City Council - Chorlton,Chorlton Place,2020,June,24,Friday,12 Jun 2020,16:00,94,88,182,94,88,182,No Group
Manchester City Council - Chorlton,Chorlton Place,2020,June,24,Friday,12 Jun 2020,17:00,56,51,107,56,51,107,No Group
Manchester City Council - Chorlton,Chorlton Place,2020,June,24,Friday,12 Jun 2020,18:00,15,45,60,15,45,60,No Group
Manchester City Council - Chorlton,Chorlton Place,2020,June,24,Friday,12 Jun 2020,19:00,40,38,78,40,38,78,No Group
Manchester City Council - Chorlton,Chorlton Place,2020,June,24,Friday,12 Jun 2020,20:00,17,23,40,17,23,40,No Group
Manchester City Council - Chorlton,Chorlton Place,2020,June,24,Friday,12 Jun 2020,21:00,12,18,30,12,18,30,No Group
Manchester City Council - Chorlton,Chorlton Place,2020,June,24,Friday,12 Jun 2020,22:00,10,10,20,10,10,20,No Group
Manchester City Council - Chorlton,Chorlton Place,2020,June,24,Friday,12 Jun 2020,23:00,6,3,9,6,3,9,No Group
Manchester City Council - Chorlton,Chorlton Place,2020,June,24,Saturday,13 Jun 2020,00:00,3,5,8,3,5,8,No Group
Manchester City Council - Chorlton,Chorlton Place,2020,June,24,Saturday,13 Jun 2020,01:00,2,1,3,2,1,3,No Group
Manchester City Council - Chorlton,Chorlton Place,2020,June,24,Saturday,13 Jun 2020,02:00,1,3,4,1,3,4,No Group
Manchester City Council - Chorlton,Chorlton Place,2020,June,24,Saturday,13 Jun 2020,03:00,0,0,0,0,0,0,No Group
Manchester City Council - Chorlton,Chorlton Place,2020,June,24,Saturday,13 Jun 2020,04:00,1,0,1,1,0,1,No Group
Manchester City Council - Chorlton,Chorlton Place,2020,June,24,Saturday,13 Jun 2020,05:00,12,13,25,12,13,25,No Group
Manchester City Council - Chorlton,Chorlton Place,2020,June,24,Saturday,13 Jun 2020,06:00,6,7,13,6,7,13,No Group
Manchester City Council - Chorlton,Chorlton Place,2020,June,24,Saturday,13 Jun 2020,07:00,2,2,4,2,2,4,No Group
Manchester City Council - Chorlton,Chorlton Place,2020,June,24,Saturday,13 Jun 2020,08:00,31,39,70,31,39,70,No Group
Manchester City Council - Chorlton,Chorlton Place,2020,June,24,Saturday,13 Jun 2020,09:00,69,66,135,69,66,135,No Group
Manchester City Council - Chorlton,Chorlton Place,2020,June,24,Saturday,13 Jun 2020,10:00,83,85,168,83,85,168,No Group
Manchester City Council - Chorlton,Chorlton Place,2020,June,24,Saturday,13 Jun 2020,11:00,114,113,227,114,113,227,No Group
Manchester City Council - Chorlton,Chorlton Place,2020,June,24,Saturday,13 Jun 2020,12:00,111,121,232,111,121,232,No Group
Manchester City Council - Chorlton,Chorlton Place,2020,June,24,Saturday,13 Jun 2020,13:00,169,139,308,169,139,308,No Group
Manchester City Council - Chorlton,Chorlton Place,2020,June,24,Saturday,13 Jun 2020,14:00,178,197,375,178,197,375,No Group
Manchester City Council - Chorlton,Chorlton Place,2020,June,24,Saturday,13 Jun 2020,15:00,140,144,284,140,144,284,No Group
Manchester City Council - Chorlton,Chorlton Place,2020,June,24,Saturday,13 Jun 2020,16:00,117,108,225,117,108,225,No Group
Manchester City Council - Chorlton,Chorlton Place,2020,June,24,Saturday,13 Jun 2020,17:00,71,84,155,71,84,155,No Group
Manchester City Council - Chorlton,Chorlton Place,2020,June,24,Saturday,13 Jun 2020,18:00,49,44,93,49,44,93,No Group
Manchester City Council - Chorlton,Chorlton Place,2020,June,24,Saturday,13 Jun 2020,19:00,30,34,64,30,34,64,No Group
Manchester City Council - Chorlton,Chorlton Place,2020,June,24,Saturday,13 Jun 2020,20:00,21,19,40,21,19,40,No Group
Manchester City Council - Chorlton,Chorlton Place,2020,June,24,Saturday,13 Jun 2020,21:00,16,23,39,16,23,39,No Group
Manchester City Council - Chorlton,Chorlton Place,2020,June,24,Saturday,13 Jun 2020,22:00,16,12,28,16,12,28,No Group
Manchester City Council - Chorlton,Chorlton Place,2020,June,24,Saturday,13 Jun 2020,23:00,11,12,23,11,12,23,No Group
Manchester City Council - Chorlton,Chorlton Place,2020,June,24,Sunday,14 Jun 2020,00:00,3,10,13,3,10,13,No Group
Manchester City Council - Chorlton,Chorlton Place,2020,June,24,Sunday,14 Jun 2020,01:00,2,2,4,2,2,4,No Group
Manchester City Council - Chorlton,Chorlton Place,2020,June,24,Sunday,14 Jun 2020,02:00,1,5,6,1,5,6,No Group
Manchester City Council - Chorlton,Chorlton Place,2020,June,24,Sunday,14 Jun 2020,03:00,0,1,1,0,1,1,No Group
Manchester City Council - Chorlton,Chorlton Place,2020,June,24,Sunday,14 Jun 2020,04:00,1,0,1,1,0,1,No Group
Manchester City Council - Chorlton,Chorlton Place,2020,June,24,Sunday,14 Jun 2020,05:00,6,6,12,6,6,12,No Group
Manchester City Council - Chorlton,Chorlton Place,2020,June,24,Sunday,14 Jun 2020,06:00,3,3,6,3,3,6,No Group
Manchester City Council - Chorlton,Chorlton Place,2020,June,24,Sunday,14 Jun 2020,07:00,5,10,15,5,10,15,No Group
Manchester City Council - Chorlton,Chorlton Place,2020,June,24,Sunday,14 Jun 2020,08:00,6,6,12,6,6,12,No Group
Manchester City Council - Chorlton,Chorlton Place,2020,June,24,Sunday,14 Jun 2020,09:00,13,25,38,13,25,38,No Group
Manchester City Council - Chorlton,Chorlton Place,2020,June,24,Sunday,14 Jun 2020,10:00,43,34,77,43,34,77,No Group
Manchester City Council - Chorlton,Chorlton Place,2020,June,24,Sunday,14 Jun 2020,11:00,46,46,92,46,46,92,No Group
Manchester City Council - Chorlton,Chorlton Place,2020,June,24,Sunday,14 Jun 2020,12:00,57,82,139,57,82,139,No Group
Manchester City Council - Chorlton,Chorlton Place,2020,June,24,Sunday,14 Jun 2020,13:00,61,96,157,61,96,157,No Group
Manchester City Council - Chorlton,Chorlton Place,2020,June,24,Sunday,14 Jun 2020,14:00,70,74,144,70,74,144,No Group
Manchester City Council - Chorlton,Chorlton Place,2020,June,24,Sunday,14 Jun 2020,15:00,81,66,147,81,66,147,No Group
Manchester City Council - Chorlton,Chorlton Place,2020,June,24,Sunday,14 Jun 2020,16:00,44,40,84,44,40,84,No Group
Manchester City Council - Chorlton,Chorlton Place,2020,June,24,Sunday,14 Jun 2020,17:00,34,41,75,34,41,75,No Group
Manchester City Council - Chorlton,Chorlton Place,2020,June,24,Sunday,14 Jun 2020,18:00,29,32,61,29,32,61,No Group
Manchester City Council - Chorlton,Chorlton Place,2020,June,24,Sunday,14 Jun 2020,19:00,17,27,44,17,27,44,No Group
Manchester City Council - Chorlton,Chorlton Place,2020,June,24,Sunday,14 Jun 2020,20:00,15,12,27,15,12,27,No Group
Manchester City Council - Chorlton,Chorlton Place,2020,June,24,Sunday,14 Jun 2020,21:00,8,11,19,8,11,19,No Group
Manchester City Council - Chorlton,Chorlton Place,2020,June,24,Sunday,14 Jun 2020,22:00,7,8,15,7,8,15,No Group
Manchester City Council - Chorlton,Chorlton Place,2020,June,24,Sunday,14 Jun 2020,23:00,4,4,8,4,4,8,No Group
Manchester City Council - Chorlton,Chorlton Place,2020,June,25,Monday,15 Jun 2020,00:00,1,1,2,1,1,2,No Group
Manchester City Council - Chorlton,Chorlton Place,2020,June,25,Monday,15 Jun 2020,01:00,0,2,2,0,2,2,No Group
Manchester City Council - Chorlton,Chorlton Place,2020,June,25,Monday,15 Jun 2020,02:00,0,0,0,0,0,0,No Group
Manchester City Council - Chorlton,Chorlton Place,2020,June,25,Monday,15 Jun 2020,03:00,0,1,1,0,1,1,No Group
Manchester City Council - Chorlton,Chorlton Place,2020,June,25,Monday,15 Jun 2020,04:00,0,1,1,0,1,1,No Group
Manchester City Council - Chorlton,Chorlton Place,2020,June,25,Monday,15 Jun 2020,05:00,5,4,9,5,4,9,No Group
Manchester City Council - Chorlton,Chorlton Place,2020,June,25,Monday,15 Jun 2020,06:00,14,20,34,14,20,34,No Group
Manchester City Council - Chorlton,Chorlton Place,2020,June,25,Monday,15 Jun 2020,07:00,19,23,42,19,23,42,No Group
Manchester City Council - Chorlton,Chorlton Place,2020,June,25,Monday,15 Jun 2020,08:00,36,44,80,36,44,80,No Group
Manchester City Council - Chorlton,Chorlton Place,2020,June,25,Monday,15 Jun 2020,09:00,52,64,116,52,64,116,No Group
Manchester City Council - Chorlton,Chorlton Place,2020,June,25,Monday,15 Jun 2020,10:00,89,100,189,89,100,189,No Group
Manchester City Council - Chorlton,Chorlton Place,2020,June,25,Monday,15 Jun 2020,11:00,98,121,219,98,121,219,No Group
Manchester City Council - Chorlton,Chorlton Place,2020,June,25,Monday,15 Jun 2020,12:00,122,135,257,122,135,257,No Group
Manchester City Council - Chorlton,Chorlton Place,2020,June,25,Monday,15 Jun 2020,13:00,124,111,235,124,111,235,No Group
Manchester City Council - Chorlton,Chorlton Place,2020,June,25,Monday,15 Jun 2020,14:00,82,93,175,82,93,175,No Group
Manchester City Council - Chorlton,Chorlton Place,2020,June,25,Monday,15 Jun 2020,15:00,100,90,190,100,90,190,No Group
Manchester City Council - Chorlton,Chorlton Place,2020,June,25,Monday,15 Jun 2020,16:00,70,71,141,70,71,141,No Group
Manchester City Council - Chorlton,Chorlton Place,2020,June,25,Monday,15 Jun 2020,17:00,71,65,136,71,65,136,No Group
Manchester City Council - Chorlton,Chorlton Place,2020,June,25,Monday,15 Jun 2020,18:00,59,58,117,59,58,117,No Group
Manchester City Council - Chorlton,Chorlton Place,2020,June,25,Monday,15 Jun 2020,19:00,36,32,68,36,32,68,No Group
Manchester City Council - Chorlton,Chorlton Place,2020,June,25,Monday,15 Jun 2020,20:00,23,21,44,23,21,44,No Group
Manchester City Council - Chorlton,Chorlton Place,2020,June,25,Monday,15 Jun 2020,21:00,8,14,22,8,14,22,No Group
Manchester City Council - Chorlton,Chorlton Place,2020,June,25,Monday,15 Jun 2020,22:00,12,8,20,12,8,20,No Group
Manchester City Council - Chorlton,Chorlton Place,2020,June,25,Monday,15 Jun 2020,23:00,3,2,5,3,2,5,No Group
Manchester City Council - Chorlton,Chorlton Place,2020,June,25,Tuesday,16 Jun 2020,00:00,7,3,10,7,3,10,No Group
Manchester City Council - Chorlton,Chorlton Place,2020,June,25,Tuesday,16 Jun 2020,01:00,4,6,10,4,6,10,No Group
Manchester City Council - Chorlton,Chorlton Place,2020,June,25,Tuesday,16 Jun 2020,02:00,0,0,0,0,0,0,No Group
Manchester City Council - Chorlton,Chorlton Place,2020,June,25,Tuesday,16 Jun 2020,03:00,0,0,0,0,0,0,No Group
Manchester City Council - Chorlton,Chorlton Place,2020,June,25,Tuesday,16 Jun 2020,04:00,0,1,1,0,1,1,No Group
Manchester City Council - Chorlton,Chorlton Place,2020,June,25,Tuesday,16 Jun 2020,05:00,15,12,27,15,12,27,No Group
Manchester City Council - Chorlton,Chorlton Place,2020,June,25,Tuesday,16 Jun 2020,06:00,8,19,27,8,19,27,No Group
Manchester City Council - Chorlton,Chorlton Place,2020,June,25,Tuesday,16 Jun 2020,07:00,17,24,41,17,24,41,No Group
Manchester City Council - Chorlton,Chorlton Place,2020,June,25,Tuesday,16 Jun 2020,08:00,26,44,70,26,44,70,No Group
Manchester City Council - Chorlton,Chorlton Place,2020,June,25,Tuesday,16 Jun 2020,09:00,49,61,110,49,61,110,No Group
Manchester City Council - Chorlton,Chorlton Place,2020,June,25,Tuesday,16 Jun 2020,10:00,62,63,125,62,63,125,No Group
Manchester City Council - Chorlton,Chorlton Place,2020,June,25,Tuesday,16 Jun 2020,11:00,75,93,168,75,93,168,No Group
Manchester City Council - Chorlton,Chorlton Place,2020,June,25,Tuesday,16 Jun 2020,12:00,133,135,268,133,135,268,No Group
Manchester City Council - Chorlton,Chorlton Place,2020,June,25,Tuesday,16 Jun 2020,13:00,143,186,329,143,186,329,No Group
Manchester City Council - Chorlton,Chorlton Place,2020,June,25,Tuesday,16 Jun 2020,14:00,113,130,243,113,130,243,No Group
Manchester City Council - Chorlton,Chorlton Place,2020,June,25,Tuesday,16 Jun 2020,15:00,75,64,139,75,64,139,No Group
Manchester City Council - Chorlton,Chorlton Place,2020,June,25,Tuesday,16 Jun 2020,16:00,88,82,170,88,82,170,No Group
Manchester City Council - Chorlton,Chorlton Place,2020,June,25,Tuesday,16 Jun 2020,17:00,70,43,113,70,43,113,No Group
Manchester City Council - Chorlton,Chorlton Place,2020,June,25,Tuesday,16 Jun 2020,18:00,56,50,106,56,50,106,No Group
Manchester City Council - Chorlton,Chorlton Place,2020,June,25,Tuesday,16 Jun 2020,19:00,36,48,84,36,48,84,No Group
Manchester City Council - Chorlton,Chorlton Place,2020,June,25,Tuesday,16 Jun 2020,20:00,16,29,45,16,29,45,No Group
Manchester City Council - Chorlton,Chorlton Place,2020,June,25,Tuesday,16 Jun 2020,21:00,11,11,22,11,11,22,No Group
Manchester City Council - Chorlton,Chorlton Place,2020,June,25,Tuesday,16 Jun 2020,22:00,10,3,13,10,3,13,No Group
Manchester City Council - Chorlton,Chorlton Place,2020,June,25,Tuesday,16 Jun 2020,23:00,1,1,2,1,1,2,No Group
Manchester City Council - Chorlton,Chorlton Place,2020,June,25,Wednesday,17 Jun 2020,00:00,3,2,5,3,2,5,No Group
Manchester City Council - Chorlton,Chorlton Place,2020,June,25,Wednesday,17 Jun 2020,01:00,0,0,0,0,0,0,No Group
Manchester City Council - Chorlton,Chorlton Place,2020,June,25,Wednesday,17 Jun 2020,02:00,0,0,0,0,0,0,No Group
Manchester City Council - Chorlton,Chorlton Place,2020,June,25,Wednesday,17 Jun 2020,03:00,0,0,0,0,0,0,No Group
Manchester City Council - Chorlton,Chorlton Place,2020,June,25,Wednesday,17 Jun 2020,04:00,2,3,5,2,3,5,No Group
Manchester City Council - Chorlton,Chorlton Place,2020,June,25,Wednesday,17 Jun 2020,05:00,2,2,4,2,2,4,No Group
Manchester City Council - Chorlton,Chorlton Place,2020,June,25,Wednesday,17 Jun 2020,06:00,10,19,29,10,19,29,No Group
Manchester City Council - Chorlton,Chorlton Place,2020,June,25,Wednesday,17 Jun 2020,07:00,14,26,40,14,26,40,No Group
Manchester City Council - Chorlton,Chorlton Place,2020,June,25,Wednesday,17 Jun 2020,08:00,38,58,96,38,58,96,No Group
Manchester City Council - Chorlton,Chorlton Place,2020,June,25,Wednesday,17 Jun 2020,09:00,57,74,131,57,74,131,No Group
Manchester City Council - Chorlton,Chorlton Place,2020,June,25,Wednesday,17 Jun 2020,10:00,111,91,202,111,91,202,No Group
Manchester City Council - Chorlton,Chorlton Place,2020,June,25,Wednesday,17 Jun 2020,11:00,129,148,277,129,148,277,No Group
Manchester City Council - Chorlton,Chorlton Place,2020,June,25,Wednesday,17 Jun 2020,12:00,149,150,299,149,150,299,No Group
Manchester City Council - Chorlton,Chorlton Place,2020,June,25,Wednesday,17 Jun 2020,13:00,135,153,288,135,153,288,No Group
Manchester City Council - Chorlton,Chorlton Place,2020,June,25,Wednesday,17 Jun 2020,14:00,122,120,242,122,120,242,No Group
Manchester City Council - Chorlton,Chorlton Place,2020,June,25,Wednesday,17 Jun 2020,15:00,97,113,210,97,113,210,No Group
Manchester City Council - Chorlton,Chorlton Place,2020,June,25,Wednesday,17 Jun 2020,16:00,142,132,274,142,132,274,No Group
Manchester City Council - Chorlton,Chorlton Place,2020,June,25,Wednesday,17 Jun 2020,17:00,63,59,122,63,59,122,No Group
Manchester City Council - Chorlton,Chorlton Place,2020,June,25,Wednesday,17 Jun 2020,18:00,54,52,106,54,52,106,No Group
Manchester City Council - Chorlton,Chorlton Place,2020,June,25,Wednesday,17 Jun 2020,19:00,26,28,54,26,28,54,No Group
Manchester City Council - Chorlton,Chorlton Place,2020,June,25,Wednesday,17 Jun 2020,20:00,21,29,50,21,29,50,No Group
Manchester City Council - Chorlton,Chorlton Place,2020,June,25,Wednesday,17 Jun 2020,21:00,11,10,21,11,10,21,No Group
Manchester City Council - Chorlton,Chorlton Place,2020,June,25,Wednesday,17 Jun 2020,22:00,6,4,10,6,4,10,No Group
Manchester City Council - Chorlton,Chorlton Place,2020,June,25,Wednesday,17 Jun 2020,23:00,5,6,11,5,6,11,No Group
Manchester City Council - Chorlton,Chorlton Place,2020,June,25,Thursday,18 Jun 2020,00:00,0,3,3,0,3,3,No Group
Manchester City Council - Chorlton,Chorlton Place,2020,June,25,Thursday,18 Jun 2020,01:00,0,4,4,0,4,4,No Group
Manchester City Council - Chorlton,Chorlton Place,2020,June,25,Thursday,18 Jun 2020,02:00,1,0,1,1,0,1,No Group
Manchester City Council - Chorlton,Chorlton Place,2020,June,25,Thursday,18 Jun 2020,03:00,1,0,1,1,0,1,No Group
Manchester City Council - Chorlton,Chorlton Place,2020,June,25,Thursday,18 Jun 2020,04:00,0,1,1,0,1,1,No Group
Manchester City Council - Chorlton,Chorlton Place,2020,June,25,Thursday,18 Jun 2020,05:00,1,6,7,1,6,7,No Group
Manchester City Council - Chorlton,Chorlton Place,2020,June,25,Thursday,18 Jun 2020,06:00,10,15,25,10,15,25,No Group
Manchester City Council - Chorlton,Chorlton Place,2020,June,25,Thursday,18 Jun 2020,07:00,27,53,80,27,53,80,No Group
Manchester City Council - Chorlton,Chorlton Place,2020,June,25,Thursday,18 Jun 2020,08:00,59,66,125,59,66,125,No Group
Manchester City Council - Chorlton,Chorlton Place,2020,June,25,Thursday,18 Jun 2020,09:00,56,104,160,56,104,160,No Group
Manchester City Council - Chorlton,Chorlton Place,2020,June,25,Thursday,18 Jun 2020,10:00,91,95,186,91,95,186,No Group
Manchester City Council - Chorlton,Chorlton Place,2020,June,25,Thursday,18 Jun 2020,11:00,81,105,186,81,105,186,No Group
Manchester City Council - Chorlton,Chorlton Place,2020,June,25,Thursday,18 Jun 2020,12:00,119,111,230,119,111,230,No Group
Manchester City Council - Chorlton,Chorlton Place,2020,June,25,Thursday,18 Jun 2020,13:00,86,101,187,86,101,187,No Group
Manchester City Council - Chorlton,Chorlton Place,2020,June,25,Thursday,18 Jun 2020,14:00,124,118,242,124,118,242,No Group
Manchester City Council - Chorlton,Chorlton Place,2020,June,25,Thursday,18 Jun 2020,15:00,97,101,198,97,101,198,No Group
Manchester City Council - Chorlton,Chorlton Place,2020,June,25,Thursday,18 Jun 2020,16:00,103,102,205,103,102,205,No Group
Manchester City Council - Chorlton,Chorlton Place,2020,June,25,Thursday,18 Jun 2020,17:00,69,60,129,69,60,129,No Group
Manchester City Council - Chorlton,Chorlton Place,2020,June,25,Thursday,18 Jun 2020,18:00,52,63,115,52,63,115,No Group
Manchester City Council - Chorlton,Chorlton Place,2020,June,25,Thursday,18 Jun 2020,19:00,31,34,65,31,34,65,No Group
Manchester City Council - Chorlton,Chorlton Place,2020,June,25,Thursday,18 Jun 2020,20:00,24,14,38,24,14,38,No Group
Manchester City Council - Chorlton,Chorlton Place,2020,June,25,Thursday,18 Jun 2020,21:00,14,14,28,14,14,28,No Group
Manchester City Council - Chorlton,Chorlton Place,2020,June,25,Thursday,18 Jun 2020,22:00,10,11,21,10,11,21,No Group
Manchester City Council - Chorlton,Chorlton Place,2020,June,25,Thursday,18 Jun 2020,23:00,4,1,5,4,1,5,No Group
Manchester City Council - Chorlton,Chorlton Place,2020,June,25,Friday,19 Jun 2020,00:00,1,3,4,1,3,4,No Group
Manchester City Council - Chorlton,Chorlton Place,2020,June,25,Friday,19 Jun 2020,01:00,0,2,2,0,2,2,No Group
Manchester City Council - Chorlton,Chorlton Place,2020,June,25,Friday,19 Jun 2020,02:00,1,0,1,1,0,1,No Group
Manchester City Council - Chorlton,Chorlton Place,2020,June,25,Friday,19 Jun 2020,03:00,0,0,0,0,0,0,No Group
Manchester City Council - Chorlton,Chorlton Place,2020,June,25,Friday,19 Jun 2020,04:00,0,0,0,0,0,0,No Group
Manchester City Council - Chorlton,Chorlton Place,2020,June,25,Friday,19 Jun 2020,05:00,2,3,5,2,3,5,No Group
Manchester City Council - Chorlton,Chorlton Place,2020,June,25,Friday,19 Jun 2020,06:00,23,30,53,23,30,53,No Group
Manchester City Council - Chorlton,Chorlton Place,2020,June,25,Friday,19 Jun 2020,07:00,23,34,57,23,34,57,No Group
Manchester City Council - Chorlton,Chorlton Place,2020,June,25,Friday,19 Jun 2020,08:00,55,73,128,55,73,128,No Group
Manchester City Council - Chorlton,Chorlton Place,2020,June,25,Friday,19 Jun 2020,09:00,90,102,192,90,102,192,No Group
Manchester City Council - Chorlton,Chorlton Place,2020,June,25,Friday,19 Jun 2020,10:00,124,99,223,124,99,223,No Group
Manchester City Council - Chorlton,Chorlton Place,2020,June,25,Friday,19 Jun 2020,11:00,97,100,197,97,100,197,No Group
Manchester City Council - Chorlton,Chorlton Place,2020,June,25,Friday,19 Jun 2020,12:00,175,165,340,175,165,340,No Group
Manchester City Council - Chorlton,Chorlton Place,2020,June,25,Friday,19 Jun 2020,13:00,158,164,322,158,164,322,No Group
Manchester City Council - Chorlton,Chorlton Place,2020,June,25,Friday,19 Jun 2020,14:00,137,131,268,137,131,268,No Group
Manchester City Council - Chorlton,Chorlton Place,2020,June,25,Friday,19 Jun 2020,15:00,148,118,266,148,118,266,No Group
Manchester City Council - Chorlton,Chorlton Place,2020,June,25,Friday,19 Jun 2020,16:00,103,84,187,103,84,187,No Group
Manchester City Council - Chorlton,Chorlton Place,2020,June,25,Friday,19 Jun 2020,17:00,61,47,108,61,47,108,No Group
Manchester City Council - Chorlton,Chorlton Place,2020,June,25,Friday,19 Jun 2020,18:00,53,64,117,53,64,117,No Group
Manchester City Council - Chorlton,Chorlton Place,2020,June,25,Friday,19 Jun 2020,19:00,31,38,69,31,38,69,No Group
Manchester City Council - Chorlton,Chorlton Place,2020,June,25,Friday,19 Jun 2020,20:00,17,24,41,17,24,41,No Group
Manchester City Council - Chorlton,Chorlton Place,2020,June,25,Friday,19 Jun 2020,21:00,13,13,26,13,13,26,No Group
Manchester City Council - Chorlton,Chorlton Place,2020,June,25,Friday,19 Jun 2020,22:00,8,9,17,8,9,17,No Group
Manchester City Council - Chorlton,Chorlton Place,2020,June,25,Friday,19 Jun 2020,23:00,15,8,23,15,8,23,No Group
Manchester City Council - Chorlton,Chorlton Place,2020,June,25,Saturday,20 Jun 2020,00:00,3,2,5,3,2,5,No Group
Manchester City Council - Chorlton,Chorlton Place,2020,June,25,Saturday,20 Jun 2020,01:00,1,2,3,1,2,3,No Group
Manchester City Council - Chorlton,Chorlton Place,2020,June,25,Saturday,20 Jun 2020,02:00,0,0,0,0,0,0,No Group
Manchester City Council - Chorlton,Chorlton Place,2020,June,25,Saturday,20 Jun 2020,03:00,1,2,3,1,2,3,No Group
Manchester City Council - Chorlton,Chorlton Place,2020,June,25,Saturday,20 Jun 2020,04:00,2,2,4,2,2,4,No Group
Manchester City Council - Chorlton,Chorlton Place,2020,June,25,Saturday,20 Jun 2020,05:00,13,12,25,13,12,25,No Group
Manchester City Council - Chorlton,Chorlton Place,2020,June,25,Saturday,20 Jun 2020,06:00,9,10,19,9,10,19,No Group
Manchester City Council - Chorlton,Chorlton Place,2020,June,25,Saturday,20 Jun 2020,07:00,23,46,69,23,46,69,No Group
Manchester City Council - Chorlton,Chorlton Place,2020,June,25,Saturday,20 Jun 2020,08:00,47,52,99,47,52,99,No Group
Manchester City Council - Chorlton,Chorlton Place,2020,June,25,Saturday,20 Jun 2020,09:00,88,80,168,88,80,168,No Group
Manchester City Council - Chorlton,Chorlton Place,2020,June,25,Saturday,20 Jun 2020,10:00,130,128,258,130,128,258,No Group
Manchester City Council - Chorlton,Chorlton Place,2020,June,25,Saturday,20 Jun 2020,11:00,160,166,326,160,166,326,No Group
Manchester City Council - Chorlton,Chorlton Place,2020,June,25,Saturday,20 Jun 2020,12:00,187,176,363,187,176,363,No Group
Manchester City Council - Chorlton,Chorlton Place,2020,June,25,Saturday,20 Jun 2020,13:00,206,193,399,206,193,399,No Group
Manchester City Council - Chorlton,Chorlton Place,2020,June,25,Saturday,20 Jun 2020,14:00,240,253,493,240,253,493,No Group
Manchester City Council - Chorlton,Chorlton Place,2020,June,25,Saturday,20 Jun 2020,15:00,223,200,423,223,200,423,No Group
Manchester City Council - Chorlton,Chorlton Place,2020,June,25,Saturday,20 Jun 2020,16:00,145,148,293,145,148,293,No Group
Manchester City Council - Chorlton,Chorlton Place,2020,June,25,Saturday,20 Jun 2020,17:00,93,67,160,93,67,160,No Group
Manchester City Council - Chorlton,Chorlton Place,2020,June,25,Saturday,20 Jun 2020,18:00,42,44,86,42,44,86,No Group
Manchester City Council - Chorlton,Chorlton Place,2020,June,25,Saturday,20 Jun 2020,19:00,36,54,90,36,54,90,No Group
Manchester City Council - Chorlton,Chorlton Place,2020,June,25,Saturday,20 Jun 2020,20:00,33,32,65,33,32,65,No Group
Manchester City Council - Chorlton,Chorlton Place,2020,June,25,Saturday,20 Jun 2020,21:00,20,30,50,20,30,50,No Group
Manchester City Council - Chorlton,Chorlton Place,2020,June,25,Saturday,20 Jun 2020,22:00,11,19,30,11,19,30,No Group
Manchester City Council - Chorlton,Chorlton Place,2020,June,25,Saturday,20 Jun 2020,23:00,13,6,19,13,6,19,No Group
Manchester City Council - Chorlton,Chorlton Place,2020,June,25,Sunday,21 Jun 2020,00:00,1,5,6,1,5,6,No Group
Manchester City Council - Chorlton,Chorlton Place,2020,June,25,Sunday,21 Jun 2020,01:00,5,7,12,5,7,12,No Group
Manchester City Council - Chorlton,Chorlton Place,2020,June,25,Sunday,21 Jun 2020,02:00,0,2,2,0,2,2,No Group
Manchester City Council - Chorlton,Chorlton Place,2020,June,25,Sunday,21 Jun 2020,03:00,1,5,6,1,5,6,No Group
Manchester City Council - Chorlton,Chorlton Place,2020,June,25,Sunday,21 Jun 2020,04:00,4,2,6,4,2,6,No Group
Manchester City Council - Chorlton,Chorlton Place,2020,June,25,Sunday,21 Jun 2020,05:00,6,9,15,6,9,15,No Group
Manchester City Council - Chorlton,Chorlton Place,2020,June,25,Sunday,21 Jun 2020,06:00,1,3,4,1,3,4,No Group
Manchester City Council - Chorlton,Chorlton Place,2020,June,25,Sunday,21 Jun 2020,07:00,6,7,13,6,7,13,No Group
Manchester City Council - Chorlton,Chorlton Place,2020,June,25,Sunday,21 Jun 2020,08:00,11,16,27,11,16,27,No Group
Manchester City Council - Chorlton,Chorlton Place,2020,June,25,Sunday,21 Jun 2020,09:00,23,19,42,23,19,42,No Group
Manchester City Council - Chorlton,Chorlton Place,2020,June,25,Sunday,21 Jun 2020,10:00,43,49,92,43,49,92,No Group
Manchester City Council - Chorlton,Chorlton Place,2020,June,25,Sunday,21 Jun 2020,11:00,57,85,142,57,85,142,No Group
Manchester City Council - Chorlton,Chorlton Place,2020,June,25,Sunday,21 Jun 2020,12:00,93,106,199,93,106,199,No Group
Manchester City Council - Chorlton,Chorlton Place,2020,June,25,Sunday,21 Jun 2020,13:00,74,93,167,74,93,167,No Group
Manchester City Council - Chorlton,Chorlton Place,2020,June,25,Sunday,21 Jun 2020,14:00,96,97,193,96,97,193,No Group
Manchester City Council - Chorlton,Chorlton Place,2020,June,25,Sunday,21 Jun 2020,15:00,82,91,173,82,91,173,No Group
Manchester City Council - Chorlton,Chorlton Place,2020,June,25,Sunday,21 Jun 2020,16:00,65,59,124,65,59,124,No Group
Manchester City Council - Chorlton,Chorlton Place,2020,June,25,Sunday,21 Jun 2020,17:00,58,43,101,58,43,101,No Group
Manchester City Council - Chorlton,Chorlton Place,2020,June,25,Sunday,21 Jun 2020,18:00,26,40,66,26,40,66,No Group
Manchester City Council - Chorlton,Chorlton Place,2020,June,25,Sunday,21 Jun 2020,19:00,21,17,38,21,17,38,No Group
Manchester City Council - Chorlton,Chorlton Place,2020,June,25,Sunday,21 Jun 2020,20:00,12,22,34,12,22,34,No Group
Manchester City Council - Chorlton,Chorlton Place,2020,June,25,Sunday,21 Jun 2020,21:00,8,19,27,8,19,27,No Group
Manchester City Council - Chorlton,Chorlton Place,2020,June,25,Sunday,21 Jun 2020,22:00,18,11,29,18,11,29,No Group
Manchester City Council - Chorlton,Chorlton Place,2020,June,25,Sunday,21 Jun 2020,23:00,7,5,12,7,5,12,No Group
Manchester City Council - Chorlton,Chorlton Place,2020,June,26,Monday,22 Jun 2020,00:00,3,0,3,3,0,3,No Group
Manchester City Council - Chorlton,Chorlton Place,2020,June,26,Monday,22 Jun 2020,01:00,1,1,2,1,1,2,No Group
Manchester City Council - Chorlton,Chorlton Place,2020,June,26,Monday,22 Jun 2020,02:00,4,1,5,4,1,5,No Group
Manchester City Council - Chorlton,Chorlton Place,2020,June,26,Monday,22 Jun 2020,03:00,0,0,0,0,0,0,No Group
Manchester City Council - Chorlton,Chorlton Place,2020,June,26,Monday,22 Jun 2020,04:00,0,2,2,0,2,2,No Group
Manchester City Council - Chorlton,Chorlton Place,2020,June,26,Monday,22 Jun 2020,05:00,6,6,12,6,6,12,No Group
Manchester City Council - Chorlton,Chorlton Place,2020,June,26,Monday,22 Jun 2020,06:00,13,15,28,13,15,28,No Group
Manchester City Council - Chorlton,Chorlton Place,2020,June,26,Monday,22 Jun 2020,07:00,11,16,27,11,16,27,No Group
Manchester City Council - Chorlton,Chorlton Place,2020,June,26,Monday,22 Jun 2020,08:00,25,44,69,25,44,69,No Group
Manchester City Council - Chorlton,Chorlton Place,2020,June,26,Monday,22 Jun 2020,09:00,62,57,119,62,57,119,No Group
Manchester City Council - Chorlton,Chorlton Place,2020,June,26,Monday,22 Jun 2020,10:00,95,105,200,95,105,200,No Group
Manchester City Council - Chorlton,Chorlton Place,2020,June,26,Monday,22 Jun 2020,11:00,83,122,205,83,122,205,No Group
Manchester City Council - Chorlton,Chorlton Place,2020,June,26,Monday,22 Jun 2020,12:00,139,154,293,139,154,293,No Group
Manchester City Council - Chorlton,Chorlton Place,2020,June,26,Monday,22 Jun 2020,13:00,144,129,273,144,129,273,No Group
Manchester City Council - Chorlton,Chorlton Place,2020,June,26,Monday,22 Jun 2020,14:00,107,120,227,107,120,227,No Group
Manchester City Council - Chorlton,Chorlton Place,2020,June,26,Monday,22 Jun 2020,15:00,106,108,214,106,108,214,No Group
Manchester City Council - Chorlton,Chorlton Place,2020,June,26,Monday,22 Jun 2020,16:00,95,86,181,95,86,181,No Group
Manchester City Council - Chorlton,Chorlton Place,2020,June,26,Monday,22 Jun 2020,17:00,84,73,157,84,73,157,No Group
Manchester City Council - Chorlton,Chorlton Place,2020,June,26,Monday,22 Jun 2020,18:00,42,43,85,42,43,85,No Group
Manchester City Council - Chorlton,Chorlton Place,2020,June,26,Monday,22 Jun 2020,19:00,28,30,58,28,30,58,No Group
Manchester City Council - Chorlton,Chorlton Place,2020,June,26,Monday,22 Jun 2020,20:00,22,20,42,22,20,42,No Group
Manchester City Council - Chorlton,Chorlton Place,2020,June,26,Monday,22 Jun 2020,21:00,15,15,30,15,15,30,No Group
Manchester City Council - Chorlton,Chorlton Place,2020,June,26,Monday,22 Jun 2020,22:00,12,10,22,12,10,22,No Group
Manchester City Council - Chorlton,Chorlton Place,2020,June,26,Monday,22 Jun 2020,23:00,7,5,12,7,5,12,No Group
Manchester City Council - Chorlton,Chorlton Place,2020,June,26,Tuesday,23 Jun 2020,00:00,2,2,4,2,2,4,No Group
Manchester City Council - Chorlton,Chorlton Place,2020,June,26,Tuesday,23 Jun 2020,01:00,1,4,5,1,4,5,No Group
Manchester City Council - Chorlton,Chorlton Place,2020,June,26,Tuesday,23 Jun 2020,02:00,0,1,1,0,1,1,No Group
Manchester City Council - Chorlton,Chorlton Place,2020,June,26,Tuesday,23 Jun 2020,03:00,0,0,0,0,0,0,No Group
Manchester City Council - Chorlton,Chorlton Place,2020,June,26,Tuesday,23 Jun 2020,04:00,1,1,2,1,1,2,No Group
Manchester City Council - Chorlton,Chorlton Place,2020,June,26,Tuesday,23 Jun 2020,05:00,10,12,22,10,12,22,No Group
Manchester City Council - Chorlton,Chorlton Place,2020,June,26,Tuesday,23 Jun 2020,06:00,15,15,30,15,15,30,No Group
Manchester City Council - Chorlton,Chorlton Place,2020,June,26,Tuesday,23 Jun 2020,07:00,12,24,36,12,24,36,No Group
Manchester City Council - Chorlton,Chorlton Place,2020,June,26,Tuesday,23 Jun 2020,08:00,35,41,76,35,41,76,No Group
Manchester City Council - Chorlton,Chorlton Place,2020,June,26,Tuesday,23 Jun 2020,09:00,83,99,182,83,99,182,No Group
Manchester City Council - Chorlton,Chorlton Place,2020,June,26,Tuesday,23 Jun 2020,10:00,100,98,198,100,98,198,No Group
Manchester City Council - Chorlton,Chorlton Place,2020,June,26,Tuesday,23 Jun 2020,11:00,100,109,209,100,109,209,No Group
Manchester City Council - Chorlton,Chorlton Place,2020,June,26,Tuesday,23 Jun 2020,12:00,139,110,249,139,110,249,No Group
Manchester City Council - Chorlton,Chorlton Place,2020,June,26,Tuesday,23 Jun 2020,13:00,121,135,256,121,135,256,No Group
Manchester City Council - Chorlton,Chorlton Place,2020,June,26,Tuesday,23 Jun 2020,14:00,130,104,234,130,104,234,No Group
Manchester City Council - Chorlton,Chorlton Place,2020,June,26,Tuesday,23 Jun 2020,15:00,95,110,205,95,110,205,No Group
Manchester City Council - Chorlton,Chorlton Place,2020,June,26,Tuesday,23 Jun 2020,16:00,104,97,201,104,97,201,No Group
Manchester City Council - Chorlton,Chorlton Place,2020,June,26,Tuesday,23 Jun 2020,17:00,60,56,116,60,56,116,No Group
Manchester City Council - Chorlton,Chorlton Place,2020,June,26,Tuesday,23 Jun 2020,18:00,55,52,107,55,52,107,No Group
Manchester City Council - Chorlton,Chorlton Place,2020,June,26,Tuesday,23 Jun 2020,19:00,44,48,92,44,48,92,No Group
Manchester City Council - Chorlton,Chorlton Place,2020,June,26,Tuesday,23 Jun 2020,20:00,31,27,58,31,27,58,No Group
Manchester City Council - Chorlton,Chorlton Place,2020,June,26,Tuesday,23 Jun 2020,21:00,22,26,48,22,26,48,No Group
Manchester City Council - Chorlton,Chorlton Place,2020,June,26,Tuesday,23 Jun 2020,22:00,23,25,48,23,25,48,No Group
Manchester City Council - Chorlton,Chorlton Place,2020,June,26,Tuesday,23 Jun 2020,23:00,6,14,20,6,14,20,No Group
Manchester City Council - Chorlton,Chorlton Place,2020,June,26,Wednesday,24 Jun 2020,00:00,9,7,16,9,7,16,No Group
Manchester City Council - Chorlton,Chorlton Place,2020,June,26,Wednesday,24 Jun 2020,01:00,2,8,10,2,8,10,No Group
Manchester City Council - Chorlton,Chorlton Place,2020,June,26,Wednesday,24 Jun 2020,02:00,1,1,2,1,1,2,No Group
Manchester City Council - Chorlton,Chorlton Place,2020,June,26,Wednesday,24 Jun 2020,03:00,3,1,4,3,1,4,No Group
Manchester City Council - Chorlton,Chorlton Place,2020,June,26,Wednesday,24 Jun 2020,04:00,1,0,1,1,0,1,No Group
Manchester City Council - Chorlton,Chorlton Place,2020,June,26,Wednesday,24 Jun 2020,05:00,4,7,11,4,7,11,No Group
Manchester City Council - Chorlton,Chorlton Place,2020,June,26,Wednesday,24 Jun 2020,06:00,14,23,37,14,23,37,No Group
Manchester City Council - Chorlton,Chorlton Place,2020,June,26,Wednesday,24 Jun 2020,07:00,21,33,54,21,33,54,No Group
Manchester City Council - Chorlton,Chorlton Place,2020,June,26,Wednesday,24 Jun 2020,08:00,38,48,86,38,48,86,No Group
Manchester City Council - Chorlton,Chorlton Place,2020,June,26,Wednesday,24 Jun 2020,09:00,76,73,149,76,73,149,No Group
Manchester City Council - Chorlton,Chorlton Place,2020,June,26,Wednesday,24 Jun 2020,10:00,98,114,212,98,114,212,No Group
Manchester City Council - Chorlton,Chorlton Place,2020,June,26,Wednesday,24 Jun 2020,11:00,119,139,258,119,139,258,No Group
Manchester City Council - Chorlton,Chorlton Place,2020,June,26,Wednesday,24 Jun 2020,12:00,165,171,336,165,171,336,No Group
Manchester City Council - Chorlton,Chorlton Place,2020,June,26,Wednesday,24 Jun 2020,13:00,165,189,354,165,189,354,No Group
Manchester City Council - Chorlton,Chorlton Place,2020,June,26,Wednesday,24 Jun 2020,14:00,144,146,290,144,146,290,No Group
Manchester City Council - Chorlton,Chorlton Place,2020,June,26,Wednesday,24 Jun 2020,15:00,103,107,210,103,107,210,No Group
Manchester City Council - Chorlton,Chorlton Place,2020,June,26,Wednesday,24 Jun 2020,16:00,98,87,185,98,87,185,No Group
Manchester City Council - Chorlton,Chorlton Place,2020,June,26,Wednesday,24 Jun 2020,17:00,62,93,155,62,93,155,No Group
Manchester City Council - Chorlton,Chorlton Place,2020,June,26,Wednesday,24 Jun 2020,18:00,61,61,122,61,61,122,No Group
Manchester City Council - Chorlton,Chorlton Place,2020,June,26,Wednesday,24 Jun 2020,19:00,44,53,97,44,53,97,No Group
Manchester City Council - Chorlton,Chorlton Place,2020,June,26,Wednesday,24 Jun 2020,20:00,32,20,52,32,20,52,No Group
Manchester City Council - Chorlton,Chorlton Place,2020,June,26,Wednesday,24 Jun 2020,21:00,23,20,43,23,20,43,No Group
Manchester City Council - Chorlton,Chorlton Place,2020,June,26,Wednesday,24 Jun 2020,22:00,16,13,29,16,13,29,No Group
Manchester City Council - Chorlton,Chorlton Place,2020,June,26,Wednesday,24 Jun 2020,23:00,5,15,20,5,15,20,No Group
Manchester City Council - Chorlton,Chorlton Place,2020,June,26,Thursday,25 Jun 2020,00:00,2,6,8,2,6,8,No Group
Manchester City Council - Chorlton,Chorlton Place,2020,June,26,Thursday,25 Jun 2020,01:00,3,9,12,3,9,12,No Group
Manchester City Council - Chorlton,Chorlton Place,2020,June,26,Thursday,25 Jun 2020,02:00,0,3,3,0,3,3,No Group
Manchester City Council - Chorlton,Chorlton Place,2020,June,26,Thursday,25 Jun 2020,03:00,0,5,5,0,5,5,No Group
Manchester City Council - Chorlton,Chorlton Place,2020,June,26,Thursday,25 Jun 2020,04:00,0,0,0,0,0,0,No Group
Manchester City Council - Chorlton,Chorlton Place,2020,June,26,Thursday,25 Jun 2020,05:00,7,5,12,7,5,12,No Group
Manchester City Council - Chorlton,Chorlton Place,2020,June,26,Thursday,25 Jun 2020,06:00,15,21,36,15,21,36,No Group
Manchester City Council - Chorlton,Chorlton Place,2020,June,26,Thursday,25 Jun 2020,07:00,27,28,55,27,28,55,No Group
Manchester City Council - Chorlton,Chorlton Place,2020,June,26,Thursday,25 Jun 2020,08:00,34,47,81,34,47,81,No Group
Manchester City Council - Chorlton,Chorlton Place,2020,June,26,Thursday,25 Jun 2020,09:00,65,74,139,65,74,139,No Group
Manchester City Council - Chorlton,Chorlton Place,2020,June,26,Thursday,25 Jun 2020,10:00,96,94,190,96,94,190,No Group
Manchester City Council - Chorlton,Chorlton Place,2020,June,26,Thursday,25 Jun 2020,11:00,125,137,262,125,137,262,No Group
Manchester City Council - Chorlton,Chorlton Place,2020,June,26,Thursday,25 Jun 2020,12:00,136,132,268,136,132,268,No Group
Manchester City Council - Chorlton,Chorlton Place,2020,June,26,Thursday,25 Jun 2020,13:00,158,202,360,158,202,360,No Group
Manchester City Council - Chorlton,Chorlton Place,2020,June,26,Thursday,25 Jun 2020,14:00,92,107,199,92,107,199,No Group
Manchester City Council - Chorlton,Chorlton Place,2020,June,26,Thursday,25 Jun 2020,15:00,101,112,213,101,112,213,No Group
Manchester City Council - Chorlton,Chorlton Place,2020,June,26,Thursday,25 Jun 2020,16:00,76,68,144,76,68,144,No Group
Manchester City Council - Chorlton,Chorlton Place,2020,June,26,Thursday,25 Jun 2020,17:00,77,71,148,77,71,148,No Group
Manchester City Council - Chorlton,Chorlton Place,2020,June,26,Thursday,25 Jun 2020,18:00,56,57,113,56,57,113,No Group
Manchester City Council - Chorlton,Chorlton Place,2020,June,26,Thursday,25 Jun 2020,19:00,49,41,90,49,41,90,No Group
Manchester City Council - Chorlton,Chorlton Place,2020,June,26,Thursday,25 Jun 2020,20:00,20,30,50,20,30,50,No Group
Manchester City Council - Chorlton,Chorlton Place,2020,June,26,Thursday,25 Jun 2020,21:00,19,32,51,19,32,51,No Group
Manchester City Council - Chorlton,Chorlton Place,2020,June,26,Thursday,25 Jun 2020,22:00,23,29,52,23,29,52,No Group
Manchester City Council - Chorlton,Chorlton Place,2020,June,26,Thursday,25 Jun 2020,23:00,21,20,41,21,20,41,No Group
Manchester City Council - Chorlton,Chorlton Place,2020,June,26,Friday,26 Jun 2020,00:00,11,2,13,11,2,13,No Group
Manchester City Council - Chorlton,Chorlton Place,2020,June,26,Friday,26 Jun 2020,01:00,0,6,6,0,6,6,No Group
Manchester City Council - Chorlton,Chorlton Place,2020,June,26,Friday,26 Jun 2020,02:00,0,4,4,0,4,4,No Group
Manchester City Council - Chorlton,Chorlton Place,2020,June,26,Friday,26 Jun 2020,03:00,2,1,3,2,1,3,No Group
Manchester City Council - Chorlton,Chorlton Place,2020,June,26,Friday,26 Jun 2020,04:00,0,1,1,0,1,1,No Group
Manchester City Council - Chorlton,Chorlton Place,2020,June,26,Friday,26 Jun 2020,05:00,2,4,6,2,4,6,No Group
Manchester City Council - Chorlton,Chorlton Place,2020,June,26,Friday,26 Jun 2020,06:00,14,20,34,14,20,34,No Group
Manchester City Council - Chorlton,Chorlton Place,2020,June,26,Friday,26 Jun 2020,07:00,13,28,41,13,28,41,No Group
Manchester City Council - Chorlton,Chorlton Place,2020,June,26,Friday,26 Jun 2020,08:00,44,56,100,44,56,100,No Group
Manchester City Council - Chorlton,Chorlton Place,2020,June,26,Friday,26 Jun 2020,09:00,73,85,158,73,85,158,No Group
Manchester City Council - Chorlton,Chorlton Place,2020,June,26,Friday,26 Jun 2020,10:00,109,107,216,109,107,216,No Group
Manchester City Council - Chorlton,Chorlton Place,2020,June,26,Friday,26 Jun 2020,11:00,122,109,231,122,109,231,No Group
Manchester City Council - Chorlton,Chorlton Place,2020,June,26,Friday,26 Jun 2020,12:00,140,158,298,140,158,298,No Group
Manchester City Council - Chorlton,Chorlton Place,2020,June,26,Friday,26 Jun 2020,13:00,193,189,382,193,189,382,No Group
Manchester City Council - Chorlton,Chorlton Place,2020,June,26,Friday,26 Jun 2020,14:00,128,122,250,128,122,250,No Group
Manchester City Council - Chorlton,Chorlton Place,2020,June,26,Friday,26 Jun 2020,15:00,143,150,293,143,150,293,No Group
Manchester City Council - Chorlton,Chorlton Place,2020,June,26,Friday,26 Jun 2020,16:00,88,102,190,88,102,190,No Group
Manchester City Council - Chorlton,Chorlton Place,2020,June,26,Friday,26 Jun 2020,17:00,65,59,124,65,59,124,No Group
Manchester City Council - Chorlton,Chorlton Place,2020,June,26,Friday,26 Jun 2020,18:00,55,55,110,55,55,110,No Group
Manchester City Council - Chorlton,Chorlton Place,2020,June,26,Friday,26 Jun 2020,19:00,63,62,125,63,62,125,No Group
Manchester City Council - Chorlton,Chorlton Place,2020,June,26,Friday,26 Jun 2020,20:00,24,30,54,24,30,54,No Group
Manchester City Council - Chorlton,Chorlton Place,2020,June,26,Friday,26 Jun 2020,21:00,29,26,55,29,26,55,No Group
Manchester City Council - Chorlton,Chorlton Place,2020,June,26,Friday,26 Jun 2020,22:00,17,18,35,17,18,35,No Group
Manchester City Council - Chorlton,Chorlton Place,2020,June,26,Friday,26 Jun 2020,23:00,10,9,19,10,9,19,No Group
Manchester City Council - Chorlton,Chorlton Place,2020,June,26,Saturday,27 Jun 2020,00:00,9,9,18,9,9,18,No Group
Manchester City Council - Chorlton,Chorlton Place,2020,June,26,Saturday,27 Jun 2020,01:00,1,0,1,1,0,1,No Group
Manchester City Council - Chorlton,Chorlton Place,2020,June,26,Saturday,27 Jun 2020,02:00,2,3,5,2,3,5,No Group
Manchester City Council - Chorlton,Chorlton Place,2020,June,26,Saturday,27 Jun 2020,03:00,2,0,2,2,0,2,No Group
Manchester City Council - Chorlton,Chorlton Place,2020,June,26,Saturday,27 Jun 2020,04:00,1,0,1,1,0,1,No Group
Manchester City Council - Chorlton,Chorlton Place,2020,June,26,Saturday,27 Jun 2020,05:00,16,13,29,16,13,29,No Group
Manchester City Council - Chorlton,Chorlton Place,2020,June,26,Saturday,27 Jun 2020,06:00,3,10,13,3,10,13,No Group
Manchester City Council - Chorlton,Chorlton Place,2020,June,26,Saturday,27 Jun 2020,07:00,14,21,35,14,21,35,No Group
Manchester City Council - Chorlton,Chorlton Place,2020,June,26,Saturday,27 Jun 2020,08:00,44,44,88,44,44,88,No Group
Manchester City Council - Chorlton,Chorlton Place,2020,June,26,Saturday,27 Jun 2020,09:00,113,98,211,113,98,211,No Group
Manchester City Council - Chorlton,Chorlton Place,2020,June,26,Saturday,27 Jun 2020,10:00,245,243,488,245,243,488,No Group
Manchester City Council - Chorlton,Chorlton Place,2020,June,26,Saturday,27 Jun 2020,11:00,210,231,441,210,231,441,No Group
Manchester City Council - Chorlton,Chorlton Place,2020,June,26,Saturday,27 Jun 2020,12:00,129,141,270,129,141,270,No Group
Manchester City Council - Chorlton,Chorlton Place,2020,June,26,Saturday,27 Jun 2020,13:00,161,174,335,161,174,335,No Group
Manchester City Council - Chorlton,Chorlton Place,2020,June,26,Saturday,27 Jun 2020,14:00,210,185,395,210,185,395,No Group
Manchester City Council - Chorlton,Chorlton Place,2020,June,26,Saturday,27 Jun 2020,15:00,155,174,329,155,174,329,No Group
Manchester City Council - Chorlton,Chorlton Place,2020,June,26,Saturday,27 Jun 2020,16:00,105,122,227,105,122,227,No Group
Manchester City Council - Chorlton,Chorlton Place,2020,June,26,Saturday,27 Jun 2020,17:00,73,68,141,73,68,141,No Group
Manchester City Council - Chorlton,Chorlton Place,2020,June,26,Saturday,27 Jun 2020,18:00,42,37,79,42,37,79,No Group
Manchester City Council - Chorlton,Chorlton Place,2020,June,26,Saturday,27 Jun 2020,19:00,47,32,79,47,32,79,No Group
Manchester City Council - Chorlton,Chorlton Place,2020,June,26,Saturday,27 Jun 2020,20:00,17,23,40,17,23,40,No Group
Manchester City Council - Chorlton,Chorlton Place,2020,June,26,Saturday,27 Jun 2020,21:00,17,19,36,17,19,36,No Group
Manchester City Council - Chorlton,Chorlton Place,2020,June,26,Saturday,27 Jun 2020,22:00,21,9,30,21,9,30,No Group
Manchester City Council - Chorlton,Chorlton Place,2020,June,26,Saturday,27 Jun 2020,23:00,23,23,46,23,23,46,No Group
Manchester City Council - Chorlton,Chorlton Place,2020,June,26,Sunday,28 Jun 2020,00:00,3,3,6,3,3,6,No Group
Manchester City Council - Chorlton,Chorlton Place,2020,June,26,Sunday,28 Jun 2020,01:00,2,0,2,2,0,2,No Group
Manchester City Council - Chorlton,Chorlton Place,2020,June,26,Sunday,28 Jun 2020,02:00,0,1,1,0,1,1,No Group
Manchester City Council - Chorlton,Chorlton Place,2020,June,26,Sunday,28 Jun 2020,03:00,1,1,2,1,1,2,No Group
Manchester City Council - Chorlton,Chorlton Place,2020,June,26,Sunday,28 Jun 2020,04:00,1,1,2,1,1,2,No Group
Manchester City Council - Chorlton,Chorlton Place,2020,June,26,Sunday,28 Jun 2020,05:00,6,3,9,6,3,9,No Group
Manchester City Council - Chorlton,Chorlton Place,2020,June,26,Sunday,28 Jun 2020,06:00,3,3,6,3,3,6,No Group
Manchester City Council - Chorlton,Chorlton Place,2020,June,26,Sunday,28 Jun 2020,07:00,9,12,21,9,12,21,No Group
Manchester City Council - Chorlton,Chorlton Place,2020,June,26,Sunday,28 Jun 2020,08:00,7,10,17,7,10,17,No Group
Manchester City Council - Chorlton,Chorlton Place,2020,June,26,Sunday,28 Jun 2020,09:00,20,24,44,20,24,44,No Group
Manchester City Council - Chorlton,Chorlton Place,2020,June,26,Sunday,28 Jun 2020,10:00,45,35,80,45,35,80,No Group
Manchester City Council - Chorlton,Chorlton Place,2020,June,26,Sunday,28 Jun 2020,11:00,62,64,126,62,64,126,No Group
Manchester City Council - Chorlton,Chorlton Place,2020,June,26,Sunday,28 Jun 2020,12:00,112,98,210,112,98,210,No Group
Manchester City Council - Chorlton,Chorlton Place,2020,June,26,Sunday,28 Jun 2020,13:00,114,117,231,114,117,231,No Group
Manchester City Council - Chorlton,Chorlton Place,2020,June,26,Sunday,28 Jun 2020,14:00,92,99,191,92,99,191,No Group
Manchester City Council - Chorlton,Chorlton Place,2020,June,26,Sunday,28 Jun 2020,15:00,60,73,133,60,73,133,No Group
Manchester City Council - Chorlton,Chorlton Place,2020,June,26,Sunday,28 Jun 2020,16:00,62,76,138,62,76,138,No Group
Manchester City Council - Chorlton,Chorlton Place,2020,June,26,Sunday,28 Jun 2020,17:00,40,42,82,40,42,82,No Group
Manchester City Council - Chorlton,Chorlton Place,2020,June,26,Sunday,28 Jun 2020,18:00,21,19,40,21,19,40,No Group
Manchester City Council - Chorlton,Chorlton Place,2020,June,26,Sunday,28 Jun 2020,19:00,14,14,28,14,14,28,No Group
Manchester City Council - Chorlton,Chorlton Place,2020,June,26,Sunday,28 Jun 2020,20:00,23,28,51,23,28,51,No Group
Manchester City Council - Chorlton,Chorlton Place,2020,June,26,Sunday,28 Jun 2020,21:00,4,7,11,4,7,11,No Group
Manchester City Council - Chorlton,Chorlton Place,2020,June,26,Sunday,28 Jun 2020,22:00,7,0,7,7,0,7,No Group
Manchester City Council - Chorlton,Chorlton Place,2020,June,26,Sunday,28 Jun 2020,23:00,4,2,6,4,2,6,No Group
Manchester City Council - Chorlton,Chorlton Place,2020,June,27,Monday,29 Jun 2020,00:00,7,3,10,7,3,10,No Group
Manchester City Council - Chorlton,Chorlton Place,2020,June,27,Monday,29 Jun 2020,01:00,0,0,0,0,0,0,No Group
Manchester City Council - Chorlton,Chorlton Place,2020,June,27,Monday,29 Jun 2020,02:00,0,3,3,0,3,3,No Group
Manchester City Council - Chorlton,Chorlton Place,2020,June,27,Monday,29 Jun 2020,03:00,0,1,1,0,1,1,No Group
Manchester City Council - Chorlton,Chorlton Place,2020,June,27,Monday,29 Jun 2020,04:00,0,0,0,0,0,0,No Group
Manchester City Council - Chorlton,Chorlton Place,2020,June,27,Monday,29 Jun 2020,05:00,0,3,3,0,3,3,No Group
Manchester City Council - Chorlton,Chorlton Place,2020,June,27,Monday,29 Jun 2020,06:00,7,16,23,7,16,23,No Group
Manchester City Council - Chorlton,Chorlton Place,2020,June,27,Monday,29 Jun 2020,07:00,14,26,40,14,26,40,No Group
Manchester City Council - Chorlton,Chorlton Place,2020,June,27,Monday,29 Jun 2020,08:00,40,58,98,40,58,98,No Group
Manchester City Council - Chorlton,Chorlton Place,2020,June,27,Monday,29 Jun 2020,09:00,66,91,157,66,91,157,No Group
Manchester City Council - Chorlton,Chorlton Place,2020,June,27,Monday,29 Jun 2020,10:00,87,82,169,87,82,169,No Group
Manchester City Council - Chorlton,Chorlton Place,2020,June,27,Monday,29 Jun 2020,11:00,87,94,181,87,94,181,No Group
Manchester City Council - Chorlton,Chorlton Place,2020,June,27,Monday,29 Jun 2020,12:00,118,114,232,118,114,232,No Group
Manchester City Council - Chorlton,Chorlton Place,2020,June,27,Monday,29 Jun 2020,13:00,91,99,190,91,99,190,No Group
Manchester City Council - Chorlton,Chorlton Place,2020,June,27,Monday,29 Jun 2020,14:00,114,127,241,114,127,241,No Group
Manchester City Council - Chorlton,Chorlton Place,2020,June,27,Monday,29 Jun 2020,15:00,114,99,213,114,99,213,No Group
Manchester City Council - Chorlton,Chorlton Place,2020,June,27,Monday,29 Jun 2020,16:00,248,250,498,248,250,498,No Group
Manchester City Council - Chorlton,Chorlton Place,2020,June,27,Monday,29 Jun 2020,17:00,118,99,217,118,99,217,No Group
Manchester City Council - Chorlton,Chorlton Place,2020,June,27,Monday,29 Jun 2020,18:00,42,41,83,42,41,83,No Group
Manchester City Council - Chorlton,Chorlton Place,2020,June,27,Monday,29 Jun 2020,19:00,27,22,49,27,22,49,No Group
Manchester City Council - Chorlton,Chorlton Place,2020,June,27,Monday,29 Jun 2020,20:00,25,28,53,25,28,53,No Group
Manchester City Council - Chorlton,Chorlton Place,2020,June,27,Monday,29 Jun 2020,21:00,15,19,34,15,19,34,No Group
Manchester City Council - Chorlton,Chorlton Place,2020,June,27,Monday,29 Jun 2020,22:00,4,2,6,4,2,6,No Group
Manchester City Council - Chorlton,Chorlton Place,2020,June,27,Monday,29 Jun 2020,23:00,1,0,1,1,0,1,No Group
Manchester City Council - Chorlton,Chorlton Place,2020,June,27,Tuesday,30 Jun 2020,00:00,1,1,2,1,1,2,No Group
Manchester City Council - Chorlton,Chorlton Place,2020,June,27,Tuesday,30 Jun 2020,01:00,1,0,1,1,0,1,No Group
Manchester City Council - Chorlton,Chorlton Place,2020,June,27,Tuesday,30 Jun 2020,02:00,0,0,0,0,0,0,No Group
Manchester City Council - Chorlton,Chorlton Place,2020,June,27,Tuesday,30 Jun 2020,03:00,0,1,1,0,1,1,No Group
Manchester City Council - Chorlton,Chorlton Place,2020,June,27,Tuesday,30 Jun 2020,04:00,0,0,0,0,0,0,No Group
Manchester City Council - Chorlton,Chorlton Place,2020,June,27,Tuesday,30 Jun 2020,05:00,1,4,5,1,4,5,No Group
Manchester City Council - Chorlton,Chorlton Place,2020,June,27,Tuesday,30 Jun 2020,06:00,25,40,65,25,40,65,No Group
Manchester City Council - Chorlton,Chorlton Place,2020,June,27,Tuesday,30 Jun 2020,07:00,13,23,36,13,23,36,No Group
Manchester City Council - Chorlton,Chorlton Place,2020,June,27,Tuesday,30 Jun 2020,08:00,42,58,100,42,58,100,No Group
Manchester City Council - Chorlton,Chorlton Place,2020,June,27,Tuesday,30 Jun 2020,09:00,70,54,124,70,54,124,No Group
Manchester City Council - Chorlton,Chorlton Place,2020,June,27,Tuesday,30 Jun 2020,10:00,95,112,207,95,112,207,No Group
Manchester City Council - Chorlton,Chorlton Place,2020,June,27,Tuesday,30 Jun 2020,11:00,123,131,254,123,131,254,No Group
Manchester City Council - Chorlton,Chorlton Place,2020,June,27,Tuesday,30 Jun 2020,12:00,135,140,275,135,140,275,No Group
Manchester City Council - Chorlton,Chorlton Place,2020,June,27,Tuesday,30 Jun 2020,13:00,135,119,254,135,119,254,No Group
Manchester City Council - Chorlton,Chorlton Place,2020,June,27,Tuesday,30 Jun 2020,14:00,127,152,279,127,152,279,No Group
Manchester City Council - Chorlton,Chorlton Place,2020,June,27,Tuesday,30 Jun 2020,15:00,120,120,240,120,120,240,No Group
Manchester City Council - Chorlton,Chorlton Place,2020,June,27,Tuesday,30 Jun 2020,16:00,115,110,225,115,110,225,No Group
Manchester City Council - Chorlton,Chorlton Place,2020,June,27,Tuesday,30 Jun 2020,17:00,80,79,159,80,79,159,No Group
Manchester City Council - Chorlton,Chorlton Place,2020,June,27,Tuesday,30 Jun 2020,18:00,65,70,135,65,70,135,No Group
Manchester City Council - Chorlton,Chorlton Place,2020,June,27,Tuesday,30 Jun 2020,19:00,46,39,85,46,39,85,No Group
Manchester City Council - Chorlton,Chorlton Place,2020,June,27,Tuesday,30 Jun 2020,20:00,30,29,59,30,29,59,No Group
Manchester City Council - Chorlton,Chorlton Place,2020,June,27,Tuesday,30 Jun 2020,21:00,14,27,41,14,27,41,No Group
Manchester City Council - Chorlton,Chorlton Place,2020,June,27,Tuesday,30 Jun 2020,22:00,16,12,28,16,12,28,No Group
Manchester City Council - Chorlton,Chorlton Place,2020,June,27,Tuesday,30 Jun 2020,23:00,8,5,13,8,5,13,No Group
Manchester City Council - Chorlton,Chorlton Place,2020,June,27,Wednesday,01 Jul 2020,00:00,6,6,12,6,6,12,No Group
Manchester City Council - Chorlton,Chorlton Place,2020,June,27,Wednesday,01 Jul 2020,01:00,0,2,2,0,2,2,No Group
Manchester City Council - Chorlton,Chorlton Place,2020,June,27,Wednesday,01 Jul 2020,02:00,1,2,3,1,2,3,No Group
Manchester City Council - Chorlton,Chorlton Place,2020,June,27,Wednesday,01 Jul 2020,03:00,0,0,0,0,0,0,No Group
Manchester City Council - Chorlton,Chorlton Place,2020,June,27,Wednesday,01 Jul 2020,04:00,1,0,1,1,0,1,No Group
Manchester City Council - Chorlton,Chorlton Place,2020,June,27,Wednesday,01 Jul 2020,05:00,2,5,7,2,5,7,No Group
Manchester City Council - Chorlton,Chorlton Place,2020,June,27,Wednesday,01 Jul 2020,06:00,10,27,37,10,27,37,No Group
Manchester City Council - Chorlton,Chorlton Place,2020,June,27,Wednesday,01 Jul 2020,07:00,14,29,43,14,29,43,No Group
Manchester City Council - Chorlton,Chorlton Place,2020,June,27,Wednesday,01 Jul 2020,08:00,26,48,74,26,48,74,No Group
Manchester City Council - Chorlton,Chorlton Place,2020,June,27,Wednesday,01 Jul 2020,09:00,69,77,146,69,77,146,No Group
Manchester City Council - Chorlton,Chorlton Place,2020,June,27,Wednesday,01 Jul 2020,10:00,102,110,212,102,110,212,No Group
Manchester City Council - Chorlton,Chorlton Place,2020,June,27,Wednesday,01 Jul 2020,11:00,94,107,201,94,107,201,No Group
Manchester City Council - Chorlton,Chorlton Place,2020,June,27,Wednesday,01 Jul 2020,12:00,134,128,262,134,128,262,No Group
Manchester City Council - Chorlton,Chorlton Place,2020,June,27,Wednesday,01 Jul 2020,13:00,132,127,259,132,127,259,No Group
Manchester City Council - Chorlton,Chorlton Place,2020,June,27,Wednesday,01 Jul 2020,14:00,157,158,315,157,158,315,No Group
Manchester City Council - Chorlton,Chorlton Place,2020,June,27,Wednesday,01 Jul 2020,15:00,125,122,247,125,122,247,No Group
Manchester City Council - Chorlton,Chorlton Place,2020,June,27,Wednesday,01 Jul 2020,16:00,100,100,200,100,100,200,No Group
Manchester City Council - Chorlton,Chorlton Place,2020,June,27,Wednesday,01 Jul 2020,17:00,85,77,162,85,77,162,No Group
Manchester City Council - Chorlton,Chorlton Place,2020,June,27,Wednesday,01 Jul 2020,18:00,77,79,156,77,79,156,No Group
Manchester City Council - Chorlton,Chorlton Place,2020,June,27,Wednesday,01 Jul 2020,19:00,40,36,76,40,36,76,No Group
Manchester City Council - Chorlton,Chorlton Place,2020,June,27,Wednesday,01 Jul 2020,20:00,38,42,80,38,42,80,No Group
Manchester City Council - Chorlton,Chorlton Place,2020,June,27,Wednesday,01 Jul 2020,21:00,16,22,38,16,22,38,No Group
Manchester City Council - Chorlton,Chorlton Place,2020,June,27,Wednesday,01 Jul 2020,22:00,3,8,11,3,8,11,No Group
Manchester City Council - Chorlton,Chorlton Place,2020,June,27,Wednesday,01 Jul 2020,23:00,0,3,3,0,3,3,No Group
Manchester City Council - Chorlton,Chorlton Place,2020,June,27,Thursday,02 Jul 2020,00:00,2,3,5,2,3,5,No Group
Manchester City Council - Chorlton,Chorlton Place,2020,June,27,Thursday,02 Jul 2020,01:00,1,0,1,1,0,1,No Group
Manchester City Council - Chorlton,Chorlton Place,2020,June,27,Thursday,02 Jul 2020,02:00,1,0,1,1,0,1,No Group
Manchester City Council - Chorlton,Chorlton Place,2020,June,27,Thursday,02 Jul 2020,03:00,0,0,0,0,0,0,No Group
Manchester City Council - Chorlton,Chorlton Place,2020,June,27,Thursday,02 Jul 2020,04:00,1,1,2,1,1,2,No Group
Manchester City Council - Chorlton,Chorlton Place,2020,June,27,Thursday,02 Jul 2020,05:00,1,4,5,1,4,5,No Group
Manchester City Council - Chorlton,Chorlton Place,2020,June,27,Thursday,02 Jul 2020,06:00,15,28,43,15,28,43,No Group
Manchester City Council - Chorlton,Chorlton Place,2020,June,27,Thursday,02 Jul 2020,07:00,15,33,48,15,33,48,No Group
Manchester City Council - Chorlton,Chorlton Place,2020,June,27,Thursday,02 Jul 2020,08:00,54,71,125,54,71,125,No Group
Manchester City Council - Chorlton,Chorlton Place,2020,June,27,Thursday,02 Jul 2020,09:00,79,94,173,79,94,173,No Group
Manchester City Council - Chorlton,Chorlton Place,2020,June,27,Thursday,02 Jul 2020,10:00,92,115,207,92,115,207,No Group
Manchester City Council - Chorlton,Chorlton Place,2020,June,27,Thursday,02 Jul 2020,11:00,108,112,220,108,112,220,No Group
Manchester City Council - Chorlton,Chorlton Place,2020,June,27,Thursday,02 Jul 2020,12:00,136,132,268,136,132,268,No Group
Manchester City Council - Chorlton,Chorlton Place,2020,June,27,Thursday,02 Jul 2020,13:00,134,134,268,134,134,268,No Group
Manchester City Council - Chorlton,Chorlton Place,2020,June,27,Thursday,02 Jul 2020,14:00,138,122,260,138,122,260,No Group
Manchester City Council - Chorlton,Chorlton Place,2020,June,27,Thursday,02 Jul 2020,15:00,125,123,248,125,123,248,No Group
Manchester City Council - Chorlton,Chorlton Place,2020,June,27,Thursday,02 Jul 2020,16:00,111,129,240,111,129,240,No Group
Manchester City Council - Chorlton,Chorlton Place,2020,June,27,Thursday,02 Jul 2020,17:00,56,59,115,56,59,115,No Group
Manchester City Council - Chorlton,Chorlton Place,2020,June,27,Thursday,02 Jul 2020,18:00,60,53,113,60,53,113,No Group
Manchester City Council - Chorlton,Chorlton Place,2020,June,27,Thursday,02 Jul 2020,19:00,29,25,54,29,25,54,No Group
Manchester City Council - Chorlton,Chorlton Place,2020,June,27,Thursday,02 Jul 2020,20:00,28,25,53,28,25,53,No Group
Manchester City Council - Chorlton,Chorlton Place,2020,June,27,Thursday,02 Jul 2020,21:00,14,22,36,14,22,36,No Group
Manchester City Council - Chorlton,Chorlton Place,2020,June,27,Thursday,02 Jul 2020,22:00,7,13,20,7,13,20,No Group
Manchester City Council - Chorlton,Chorlton Place,2020,June,27,Thursday,02 Jul 2020,23:00,8,8,16,8,8,16,No Group
Manchester City Council - Chorlton,Chorlton Place,2020,June,27,Friday,03 Jul 2020,00:00,2,7,9,2,7,9,No Group
Manchester City Council - Chorlton,Chorlton Place,2020,June,27,Friday,03 Jul 2020,01:00,0,0,0,0,0,0,No Group
Manchester City Council - Chorlton,Chorlton Place,2020,June,27,Friday,03 Jul 2020,02:00,0,1,1,0,1,1,No Group
Manchester City Council - Chorlton,Chorlton Place,2020,June,27,Friday,03 Jul 2020,03:00,0,0,0,0,0,0,No Group
Manchester City Council - Chorlton,Chorlton Place,2020,June,27,Friday,03 Jul 2020,04:00,2,2,4,2,2,4,No Group
Manchester City Council - Chorlton,Chorlton Place,2020,June,27,Friday,03 Jul 2020,05:00,2,3,5,2,3,5,No Group
Manchester City Council - Chorlton,Chorlton Place,2020,June,27,Friday,03 Jul 2020,06:00,19,28,47,19,28,47,No Group
Manchester City Council - Chorlton,Chorlton Place,2020,June,27,Friday,03 Jul 2020,07:00,14,27,41,14,27,41,No Group
Manchester City Council - Chorlton,Chorlton Place,2020,June,27,Friday,03 Jul 2020,08:00,46,60,106,46,60,106,No Group
Manchester City Council - Chorlton,Chorlton Place,2020,June,27,Friday,03 Jul 2020,09:00,84,75,159,84,75,159,No Group
Manchester City Council - Chorlton,Chorlton Place,2020,June,27,Friday,03 Jul 2020,10:00,100,102,202,100,102,202,No Group
Manchester City Council - Chorlton,Chorlton Place,2020,June,27,Friday,03 Jul 2020,11:00,126,143,269,126,143,269,No Group
Manchester City Council - Chorlton,Chorlton Place,2020,June,27,Friday,03 Jul 2020,12:00,174,150,324,174,150,324,No Group
Manchester City Council - Chorlton,Chorlton Place,2020,June,27,Friday,03 Jul 2020,13:00,165,164,329,165,164,329,No Group
Manchester City Council - Chorlton,Chorlton Place,2020,June,27,Friday,03 Jul 2020,14:00,150,149,299,150,149,299,No Group
Manchester City Council - Chorlton,Chorlton Place,2020,June,27,Friday,03 Jul 2020,15:00,148,147,295,148,147,295,No Group
Manchester City Council - Chorlton,Chorlton Place,2020,June,27,Friday,03 Jul 2020,16:00,145,137,282,145,137,282,No Group
Manchester City Council - Chorlton,Chorlton Place,2020,June,27,Friday,03 Jul 2020,17:00,79,79,158,79,79,158,No Group
Manchester City Council - Chorlton,Chorlton Place,2020,June,27,Friday,03 Jul 2020,18:00,65,65,130,65,65,130,No Group
Manchester City Council - Chorlton,Chorlton Place,2020,June,27,Friday,03 Jul 2020,19:00,56,58,114,56,58,114,No Group
Manchester City Council - Chorlton,Chorlton Place,2020,June,27,Friday,03 Jul 2020,20:00,13,30,43,13,30,43,No Group
Manchester City Council - Chorlton,Chorlton Place,2020,June,27,Friday,03 Jul 2020,21:00,20,15,35,20,15,35,No Group
Manchester City Council - Chorlton,Chorlton Place,2020,June,27,Friday,03 Jul 2020,22:00,12,17,29,12,17,29,No Group
Manchester City Council - Chorlton,Chorlton Place,2020,June,27,Friday,03 Jul 2020,23:00,1,7,8,1,7,8,No Group
Manchester City Council - Chorlton,Chorlton Place,2020,June,27,Saturday,04 Jul 2020,00:00,4,3,7,4,3,7,No Group
Manchester City Council - Chorlton,Chorlton Place,2020,June,27,Saturday,04 Jul 2020,01:00,1,5,6,1,5,6,No Group
Manchester City Council - Chorlton,Chorlton Place,2020,June,27,Saturday,04 Jul 2020,02:00,2,0,2,2,0,2,No Group
Manchester City Council - Chorlton,Chorlton Place,2020,June,27,Saturday,04 Jul 2020,03:00,0,0,0,0,0,0,No Group
Manchester City Council - Chorlton,Chorlton Place,2020,June,27,Saturday,04 Jul 2020,04:00,6,8,14,6,8,14,No Group
Manchester City Council - Chorlton,Chorlton Place,2020,June,27,Saturday,04 Jul 2020,05:00,18,18,36,18,18,36,No Group
Manchester City Council - Chorlton,Chorlton Place,2020,June,27,Saturday,04 Jul 2020,06:00,7,9,16,7,9,16,No Group
Manchester City Council - Chorlton,Chorlton Place,2020,June,27,Saturday,04 Jul 2020,07:00,15,24,39,15,24,39,No Group
Manchester City Council - Chorlton,Chorlton Place,2020,June,27,Saturday,04 Jul 2020,08:00,45,67,112,45,67,112,No Group
Manchester City Council - Chorlton,Chorlton Place,2020,June,27,Saturday,04 Jul 2020,09:00,83,104,187,83,104,187,No Group
Manchester City Council - Chorlton,Chorlton Place,2020,June,27,Saturday,04 Jul 2020,10:00,166,157,323,166,157,323,No Group
Manchester City Council - Chorlton,Chorlton Place,2020,June,27,Saturday,04 Jul 2020,11:00,193,205,398,193,205,398,No Group
Manchester City Council - Chorlton,Chorlton Place,2020,June,27,Saturday,04 Jul 2020,12:00,218,205,423,218,205,423,No Group
Manchester City Council - Chorlton,Chorlton Place,2020,June,27,Saturday,04 Jul 2020,13:00,182,228,410,182,228,410,No Group
Manchester City Council - Chorlton,Chorlton Place,2020,June,27,Saturday,04 Jul 2020,14:00,213,225,438,213,225,438,No Group
Manchester City Council - Chorlton,Chorlton Place,2020,June,27,Saturday,04 Jul 2020,15:00,213,221,434,213,221,434,No Group
Manchester City Council - Chorlton,Chorlton Place,2020,June,27,Saturday,04 Jul 2020,16:00,166,172,338,166,172,338,No Group
Manchester City Council - Chorlton,Chorlton Place,2020,June,27,Saturday,04 Jul 2020,17:00,80,96,176,80,96,176,No Group
Manchester City Council - Chorlton,Chorlton Place,2020,June,27,Saturday,04 Jul 2020,18:00,62,78,140,62,78,140,No Group
Manchester City Council - Chorlton,Chorlton Place,2020,June,27,Saturday,04 Jul 2020,19:00,71,65,136,71,65,136,No Group
Manchester City Council - Chorlton,Chorlton Place,2020,June,27,Saturday,04 Jul 2020,20:00,40,29,69,40,29,69,No Group
Manchester City Council - Chorlton,Chorlton Place,2020,June,27,Saturday,04 Jul 2020,21:00,46,37,83,46,37,83,No Group
Manchester City Council - Chorlton,Chorlton Place,2020,June,27,Saturday,04 Jul 2020,22:00,23,38,61,23,38,61,No Group
Manchester City Council - Chorlton,Chorlton Place,2020,June,27,Saturday,04 Jul 2020,23:00,16,28,44,16,28,44,No Group
Manchester City Council - Chorlton,Chorlton Place,2020,June,27,Sunday,05 Jul 2020,00:00,9,5,14,9,5,14,No Group
Manchester City Council - Chorlton,Chorlton Place,2020,June,27,Sunday,05 Jul 2020,01:00,1,5,6,1,5,6,No Group
Manchester City Council - Chorlton,Chorlton Place,2020,June,27,Sunday,05 Jul 2020,02:00,3,3,6,3,3,6,No Group
Manchester City Council - Chorlton,Chorlton Place,2020,June,27,Sunday,05 Jul 2020,03:00,1,0,1,1,0,1,No Group
Manchester City Council - Chorlton,Chorlton Place,2020,June,27,Sunday,05 Jul 2020,04:00,5,3,8,5,3,8,No Group
Manchester City Council - Chorlton,Chorlton Place,2020,June,27,Sunday,05 Jul 2020,05:00,3,3,6,3,3,6,No Group
Manchester City Council - Chorlton,Chorlton Place,2020,June,27,Sunday,05 Jul 2020,06:00,2,3,5,2,3,5,No Group
Manchester City Council - Chorlton,Chorlton Place,2020,June,27,Sunday,05 Jul 2020,07:00,10,7,17,10,7,17,No Group
Manchester City Council - Chorlton,Chorlton Place,2020,June,27,Sunday,05 Jul 2020,08:00,15,21,36,15,21,36,No Group
Manchester City Council - Chorlton,Chorlton Place,2020,June,27,Sunday,05 Jul 2020,09:00,18,34,52,18,34,52,No Group
Manchester City Council - Chorlton,Chorlton Place,2020,June,27,Sunday,05 Jul 2020,10:00,59,56,115,59,56,115,No Group
Manchester City Council - Chorlton,Chorlton Place,2020,June,27,Sunday,05 Jul 2020,11:00,75,63,138,75,63,138,No Group
Manchester City Council - Chorlton,Chorlton Place,2020,June,27,Sunday,05 Jul 2020,12:00,111,85,196,111,85,196,No Group
Manchester City Council - Chorlton,Chorlton Place,2020,June,27,Sunday,05 Jul 2020,13:00,80,116,196,80,116,196,No Group
Manchester City Council - Chorlton,Chorlton Place,2020,June,27,Sunday,05 Jul 2020,14:00,128,139,267,128,139,267,No Group
Manchester City Council - Chorlton,Chorlton Place,2020,June,27,Sunday,05 Jul 2020,15:00,79,80,159,79,80,159,No Group
Manchester City Council - Chorlton,Chorlton Place,2020,June,27,Sunday,05 Jul 2020,16:00,54,61,115,54,61,115,No Group
Manchester City Council - Chorlton,Chorlton Place,2020,June,27,Sunday,05 Jul 2020,17:00,47,34,81,47,34,81,No Group
Manchester City Council - Chorlton,Chorlton Place,2020,June,27,Sunday,05 Jul 2020,18:00,61,55,116,61,55,116,No Group
Manchester City Council - Chorlton,Chorlton Place,2020,June,27,Sunday,05 Jul 2020,19:00,36,35,71,36,35,71,No Group
Manchester City Council - Chorlton,Chorlton Place,2020,June,27,Sunday,05 Jul 2020,20:00,18,22,40,18,22,40,No Group
Manchester City Council - Chorlton,Chorlton Place,2020,June,27,Sunday,05 Jul 2020,21:00,11,15,26,11,15,26,No Group
Manchester City Council - Chorlton,Chorlton Place,2020,June,27,Sunday,05 Jul 2020,22:00,14,21,35,14,21,35,No Group
Manchester City Council - Chorlton,Chorlton Place,2020,June,27,Sunday,05 Jul 2020,23:00,7,9,16,7,9,16,No Group
Manchester City Council - Chorlton,Chorlton Place,2020,July,28,Monday,06 Jul 2020,00:00,2,5,7,2,5,7,No Group
Manchester City Council - Chorlton,Chorlton Place,2020,July,28,Monday,06 Jul 2020,01:00,1,2,3,1,2,3,No Group
Manchester City Council - Chorlton,Chorlton Place,2020,July,28,Monday,06 Jul 2020,02:00,1,1,2,1,1,2,No Group
Manchester City Council - Chorlton,Chorlton Place,2020,July,28,Monday,06 Jul 2020,03:00,2,0,2,2,0,2,No Group
Manchester City Council - Chorlton,Chorlton Place,2020,July,28,Monday,06 Jul 2020,04:00,1,2,3,1,2,3,No Group
Manchester City Council - Chorlton,Chorlton Place,2020,July,28,Monday,06 Jul 2020,05:00,4,8,12,4,8,12,No Group
Manchester City Council - Chorlton,Chorlton Place,2020,July,28,Monday,06 Jul 2020,06:00,9,17,26,9,17,26,No Group
Manchester City Council - Chorlton,Chorlton Place,2020,July,28,Monday,06 Jul 2020,07:00,16,25,41,16,25,41,No Group
Manchester City Council - Chorlton,Chorlton Place,2020,July,28,Monday,06 Jul 2020,08:00,47,62,109,47,62,109,No Group
Manchester City Council - Chorlton,Chorlton Place,2020,July,28,Monday,06 Jul 2020,09:00,66,66,132,66,66,132,No Group
Manchester City Council - Chorlton,Chorlton Place,2020,July,28,Monday,06 Jul 2020,10:00,99,102,201,99,102,201,No Group
Manchester City Council - Chorlton,Chorlton Place,2020,July,28,Monday,06 Jul 2020,11:00,114,114,228,114,114,228,No Group
Manchester City Council - Chorlton,Chorlton Place,2020,July,28,Monday,06 Jul 2020,12:00,154,156,310,154,156,310,No Group
Manchester City Council - Chorlton,Chorlton Place,2020,July,28,Monday,06 Jul 2020,13:00,193,201,394,193,201,394,No Group
Manchester City Council - Chorlton,Chorlton Place,2020,July,28,Monday,06 Jul 2020,14:00,158,179,337,158,179,337,No Group
Manchester City Council - Chorlton,Chorlton Place,2020,July,28,Monday,06 Jul 2020,15:00,156,154,310,156,154,310,No Group
Manchester City Council - Chorlton,Chorlton Place,2020,July,28,Monday,06 Jul 2020,16:00,137,123,260,137,123,260,No Group
Manchester City Council - Chorlton,Chorlton Place,2020,July,28,Monday,06 Jul 2020,17:00,78,96,174,78,96,174,No Group
Manchester City Council - Chorlton,Chorlton Place,2020,July,28,Monday,06 Jul 2020,18:00,62,59,121,62,59,121,No Group
Manchester City Council - Chorlton,Chorlton Place,2020,July,28,Monday,06 Jul 2020,19:00,50,41,91,50,41,91,No Group
Manchester City Council - Chorlton,Chorlton Place,2020,July,28,Monday,06 Jul 2020,20:00,31,42,73,31,42,73,No Group
Manchester City Council - Chorlton,Chorlton Place,2020,July,28,Monday,06 Jul 2020,21:00,43,52,95,43,52,95,No Group
Manchester City Council - Chorlton,Chorlton Place,2020,July,28,Monday,06 Jul 2020,22:00,13,19,32,13,19,32,No Group
Manchester City Council - Chorlton,Chorlton Place,2020,July,28,Monday,06 Jul 2020,23:00,27,24,51,27,24,51,No Group
Manchester City Council - Chorlton,Chorlton Place,2020,July,28,Tuesday,07 Jul 2020,00:00,3,1,4,3,1,4,No Group
Manchester City Council - Chorlton,Chorlton Place,2020,July,28,Tuesday,07 Jul 2020,01:00,1,1,2,1,1,2,No Group
Manchester City Council - Chorlton,Chorlton Place,2020,July,28,Tuesday,07 Jul 2020,02:00,0,3,3,0,3,3,No Group
Manchester City Council - Chorlton,Chorlton Place,2020,July,28,Tuesday,07 Jul 2020,03:00,0,0,0,0,0,0,No Group
Manchester City Council - Chorlton,Chorlton Place,2020,July,28,Tuesday,07 Jul 2020,04:00,0,1,1,0,1,1,No Group
Manchester City Council - Chorlton,Chorlton Place,2020,July,28,Tuesday,07 Jul 2020,05:00,1,5,6,1,5,6,No Group
Manchester City Council - Chorlton,Chorlton Place,2020,July,28,Tuesday,07 Jul 2020,06:00,18,16,34,18,16,34,No Group
Manchester City Council - Chorlton,Chorlton Place,2020,July,28,Tuesday,07 Jul 2020,07:00,9,13,22,9,13,22,No Group
Manchester City Council - Chorlton,Chorlton Place,2020,July,28,Tuesday,07 Jul 2020,08:00,43,71,114,43,71,114,No Group
Manchester City Council - Chorlton,Chorlton Place,2020,July,28,Tuesday,07 Jul 2020,09:00,69,67,136,69,67,136,No Group
Manchester City Council - Chorlton,Chorlton Place,2020,July,28,Tuesday,07 Jul 2020,10:00,119,107,226,119,107,226,No Group
Manchester City Council - Chorlton,Chorlton Place,2020,July,28,Tuesday,07 Jul 2020,11:00,138,151,289,138,151,289,No Group
Manchester City Council - Chorlton,Chorlton Place,2020,July,28,Tuesday,07 Jul 2020,12:00,161,145,306,161,145,306,No Group
Manchester City Council - Chorlton,Chorlton Place,2020,July,28,Tuesday,07 Jul 2020,13:00,160,193,353,160,193,353,No Group
Manchester City Council - Chorlton,Chorlton Place,2020,July,28,Tuesday,07 Jul 2020,14:00,117,116,233,117,116,233,No Group
Manchester City Council - Chorlton,Chorlton Place,2020,July,28,Tuesday,07 Jul 2020,15:00,98,98,196,98,98,196,No Group
Manchester City Council - Chorlton,Chorlton Place,2020,July,28,Tuesday,07 Jul 2020,16:00,111,112,223,111,112,223,No Group
Manchester City Council - Chorlton,Chorlton Place,2020,July,28,Tuesday,07 Jul 2020,17:00,83,61,144,83,61,144,No Group
Manchester City Council - Chorlton,Chorlton Place,2020,July,28,Tuesday,07 Jul 2020,18:00,56,61,117,56,61,117,No Group
Manchester City Council - Chorlton,Chorlton Place,2020,July,28,Tuesday,07 Jul 2020,19:00,44,35,79,44,35,79,No Group
Manchester City Council - Chorlton,Chorlton Place,2020,July,28,Tuesday,07 Jul 2020,20:00,46,36,82,46,36,82,No Group
Manchester City Council - Chorlton,Chorlton Place,2020,July,28,Tuesday,07 Jul 2020,21:00,25,28,53,25,28,53,No Group
Manchester City Council - Chorlton,Chorlton Place,2020,July,28,Tuesday,07 Jul 2020,22:00,12,12,24,12,12,24,No Group
Manchester City Council - Chorlton,Chorlton Place,2020,July,28,Tuesday,07 Jul 2020,23:00,5,4,9,5,4,9,No Group
Manchester City Council - Chorlton,Chorlton Place,2020,July,28,Wednesday,08 Jul 2020,00:00,3,2,5,3,2,5,No Group
Manchester City Council - Chorlton,Chorlton Place,2020,July,28,Wednesday,08 Jul 2020,01:00,2,1,3,2,1,3,No Group
Manchester City Council - Chorlton,Chorlton Place,2020,July,28,Wednesday,08 Jul 2020,02:00,0,0,0,0,0,0,No Group
Manchester City Council - Chorlton,Chorlton Place,2020,July,28,Wednesday,08 Jul 2020,03:00,0,0,0,0,0,0,No Group
Manchester City Council - Chorlton,Chorlton Place,2020,July,28,Wednesday,08 Jul 2020,04:00,0,0,0,0,0,0,No Group
Manchester City Council - Chorlton,Chorlton Place,2020,July,28,Wednesday,08 Jul 2020,05:00,1,1,2,1,1,2,No Group
Manchester City Council - Chorlton,Chorlton Place,2020,July,28,Wednesday,08 Jul 2020,06:00,9,17,26,9,17,26,No Group
Manchester City Council - Chorlton,Chorlton Place,2020,July,28,Wednesday,08 Jul 2020,07:00,16,18,34,16,18,34,No Group
Manchester City Council - Chorlton,Chorlton Place,2020,July,28,Wednesday,08 Jul 2020,08:00,22,40,62,22,40,62,No Group
Manchester City Council - Chorlton,Chorlton Place,2020,July,28,Wednesday,08 Jul 2020,09:00,73,75,148,73,75,148,No Group
Manchester City Council - Chorlton,Chorlton Place,2020,July,28,Wednesday,08 Jul 2020,10:00,92,95,187,92,95,187,No Group
Manchester City Council - Chorlton,Chorlton Place,2020,July,28,Wednesday,08 Jul 2020,11:00,140,123,263,140,123,263,No Group
Manchester City Council - Chorlton,Chorlton Place,2020,July,28,Wednesday,08 Jul 2020,12:00,164,150,314,164,150,314,No Group
Manchester City Council - Chorlton,Chorlton Place,2020,July,28,Wednesday,08 Jul 2020,13:00,164,147,311,164,147,311,No Group
Manchester City Council - Chorlton,Chorlton Place,2020,July,28,Wednesday,08 Jul 2020,14:00,147,150,297,147,150,297,No Group
Manchester City Council - Chorlton,Chorlton Place,2020,July,28,Wednesday,08 Jul 2020,15:00,123,138,261,123,138,261,No Group
Manchester City Council - Chorlton,Chorlton Place,2020,July,28,Wednesday,08 Jul 2020,16:00,94,86,180,94,86,180,No Group
Manchester City Council - Chorlton,Chorlton Place,2020,July,28,Wednesday,08 Jul 2020,17:00,113,79,192,113,79,192,No Group
Manchester City Council - Chorlton,Chorlton Place,2020,July,28,Wednesday,08 Jul 2020,18:00,55,76,131,55,76,131,No Group
Manchester City Council - Chorlton,Chorlton Place,2020,July,28,Wednesday,08 Jul 2020,19:00,45,30,75,45,30,75,No Group
Manchester City Council - Chorlton,Chorlton Place,2020,July,28,Wednesday,08 Jul 2020,20:00,22,41,63,22,41,63,No Group
Manchester City Council - Chorlton,Chorlton Place,2020,July,28,Wednesday,08 Jul 2020,21:00,24,19,43,24,19,43,No Group
Manchester City Council - Chorlton,Chorlton Place,2020,July,28,Wednesday,08 Jul 2020,22:00,13,10,23,13,10,23,No Group
Manchester City Council - Chorlton,Chorlton Place,2020,July,28,Wednesday,08 Jul 2020,23:00,8,7,15,8,7,15,No Group
Manchester City Council - Chorlton,Chorlton Place,2020,July,28,Thursday,09 Jul 2020,00:00,2,1,3,2,1,3,No Group
Manchester City Council - Chorlton,Chorlton Place,2020,July,28,Thursday,09 Jul 2020,01:00,2,0,2,2,0,2,No Group
Manchester City Council - Chorlton,Chorlton Place,2020,July,28,Thursday,09 Jul 2020,02:00,2,0,2,2,0,2,No Group
Manchester City Council - Chorlton,Chorlton Place,2020,July,28,Thursday,09 Jul 2020,03:00,1,0,1,1,0,1,No Group
Manchester City Council - Chorlton,Chorlton Place,2020,July,28,Thursday,09 Jul 2020,04:00,1,0,1,1,0,1,No Group
Manchester City Council - Chorlton,Chorlton Place,2020,July,28,Thursday,09 Jul 2020,05:00,4,4,8,4,4,8,No Group
Manchester City Council - Chorlton,Chorlton Place,2020,July,28,Thursday,09 Jul 2020,06:00,11,11,22,11,11,22,No Group
Manchester City Council - Chorlton,Chorlton Place,2020,July,28,Thursday,09 Jul 2020,07:00,11,19,30,11,19,30,No Group
Manchester City Council - Chorlton,Chorlton Place,2020,July,28,Thursday,09 Jul 2020,08:00,68,79,147,68,79,147,No Group
Manchester City Council - Chorlton,Chorlton Place,2020,July,28,Thursday,09 Jul 2020,09:00,68,73,141,68,73,141,No Group
Manchester City Council - Chorlton,Chorlton Place,2020,July,28,Thursday,09 Jul 2020,10:00,103,113,216,103,113,216,No Group
Manchester City Council - Chorlton,Chorlton Place,2020,July,28,Thursday,09 Jul 2020,11:00,143,144,287,143,144,287,No Group
Manchester City Council - Chorlton,Chorlton Place,2020,July,28,Thursday,09 Jul 2020,12:00,138,135,273,138,135,273,No Group
Manchester City Council - Chorlton,Chorlton Place,2020,July,28,Thursday,09 Jul 2020,13:00,129,143,272,129,143,272,No Group
Manchester City Council - Chorlton,Chorlton Place,2020,July,28,Thursday,09 Jul 2020,14:00,175,177,352,175,177,352,No Group
Manchester City Council - Chorlton,Chorlton Place,2020,July,28,Thursday,09 Jul 2020,15:00,134,124,258,134,124,258,No Group
Manchester City Council - Chorlton,Chorlton Place,2020,July,28,Thursday,09 Jul 2020,16:00,113,96,209,113,96,209,No Group
Manchester City Council - Chorlton,Chorlton Place,2020,July,28,Thursday,09 Jul 2020,17:00,75,69,144,75,69,144,No Group
Manchester City Council - Chorlton,Chorlton Place,2020,July,28,Thursday,09 Jul 2020,18:00,54,54,108,54,54,108,No Group
Manchester City Council - Chorlton,Chorlton Place,2020,July,28,Thursday,09 Jul 2020,19:00,51,53,104,51,53,104,No Group
Manchester City Council - Chorlton,Chorlton Place,2020,July,28,Thursday,09 Jul 2020,20:00,36,28,64,36,28,64,No Group
Manchester City Council - Chorlton,Chorlton Place,2020,July,28,Thursday,09 Jul 2020,21:00,27,31,58,27,31,58,No Group
Manchester City Council - Chorlton,Chorlton Place,2020,July,28,Thursday,09 Jul 2020,22:00,18,34,52,18,34,52,No Group
Manchester City Council - Chorlton,Chorlton Place,2020,July,28,Thursday,09 Jul 2020,23:00,12,6,18,12,6,18,No Group
Manchester City Council - Chorlton,Chorlton Place,2020,July,28,Friday,10 Jul 2020,00:00,1,1,2,1,1,2,No Group
Manchester City Council - Chorlton,Chorlton Place,2020,July,28,Friday,10 Jul 2020,01:00,5,3,8,5,3,8,No Group
Manchester City Council - Chorlton,Chorlton Place,2020,July,28,Friday,10 Jul 2020,02:00,1,0,1,1,0,1,No Group
Manchester City Council - Chorlton,Chorlton Place,2020,July,28,Friday,10 Jul 2020,03:00,1,0,1,1,0,1,No Group
Manchester City Council - Chorlton,Chorlton Place,2020,July,28,Friday,10 Jul 2020,04:00,2,1,3,2,1,3,No Group
Manchester City Council - Chorlton,Chorlton Place,2020,July,28,Friday,10 Jul 2020,05:00,7,4,11,7,4,11,No Group
Manchester City Council - Chorlton,Chorlton Place,2020,July,28,Friday,10 Jul 2020,06:00,9,12,21,9,12,21,No Group
Manchester City Council - Chorlton,Chorlton Place,2020,July,28,Friday,10 Jul 2020,07:00,13,30,43,13,30,43,No Group
Manchester City Council - Chorlton,Chorlton Place,2020,July,28,Friday,10 Jul 2020,08:00,45,70,115,45,70,115,No Group
Manchester City Council - Chorlton,Chorlton Place,2020,July,28,Friday,10 Jul 2020,09:00,171,252,423,171,252,423,No Group
Manchester City Council - Chorlton,Chorlton Place,2020,July,28,Friday,10 Jul 2020,10:00,184,177,361,184,177,361,No Group
Manchester City Council - Chorlton,Chorlton Place,2020,July,28,Friday,10 Jul 2020,11:00,131,135,266,131,135,266,No Group
Manchester City Council - Chorlton,Chorlton Place,2020,July,28,Friday,10 Jul 2020,12:00,149,154,303,149,154,303,No Group
Manchester City Council - Chorlton,Chorlton Place,2020,July,28,Friday,10 Jul 2020,13:00,188,164,352,188,164,352,No Group
Manchester City Council - Chorlton,Chorlton Place,2020,July,28,Friday,10 Jul 2020,14:00,172,181,353,172,181,353,No Group
Manchester City Council - Chorlton,Chorlton Place,2020,July,28,Friday,10 Jul 2020,15:00,185,187,372,185,187,372,No Group
Manchester City Council - Chorlton,Chorlton Place,2020,July,28,Friday,10 Jul 2020,16:00,145,144,289,145,144,289,No Group
Manchester City Council - Chorlton,Chorlton Place,2020,July,28,Friday,10 Jul 2020,17:00,85,112,197,85,112,197,No Group
Manchester City Council - Chorlton,Chorlton Place,2020,July,28,Friday,10 Jul 2020,18:00,58,63,121,58,63,121,No Group
Manchester City Council - Chorlton,Chorlton Place,2020,July,28,Friday,10 Jul 2020,19:00,66,59,125,66,59,125,No Group
Manchester City Council - Chorlton,Chorlton Place,2020,July,28,Friday,10 Jul 2020,20:00,34,40,74,34,40,74,No Group
Manchester City Council - Chorlton,Chorlton Place,2020,July,28,Friday,10 Jul 2020,21:00,26,43,69,26,43,69,No Group
Manchester City Council - Chorlton,Chorlton Place,2020,July,28,Friday,10 Jul 2020,22:00,35,34,69,35,34,69,No Group
Manchester City Council - Chorlton,Chorlton Place,2020,July,28,Friday,10 Jul 2020,23:00,28,22,50,28,22,50,No Group
Manchester City Council - Chorlton,Chorlton Place,2020,July,28,Saturday,11 Jul 2020,00:00,22,9,31,22,9,31,No Group
Manchester City Council - Chorlton,Chorlton Place,2020,July,28,Saturday,11 Jul 2020,01:00,1,1,2,1,1,2,No Group
Manchester City Council - Chorlton,Chorlton Place,2020,July,28,Saturday,11 Jul 2020,02:00,4,3,7,4,3,7,No Group
Manchester City Council - Chorlton,Chorlton Place,2020,July,28,Saturday,11 Jul 2020,03:00,1,0,1,1,0,1,No Group
Manchester City Council - Chorlton,Chorlton Place,2020,July,28,Saturday,11 Jul 2020,04:00,1,2,3,1,2,3,No Group
Manchester City Council - Chorlton,Chorlton Place,2020,July,28,Saturday,11 Jul 2020,05:00,10,10,20,10,10,20,No Group
Manchester City Council - Chorlton,Chorlton Place,2020,July,28,Saturday,11 Jul 2020,06:00,17,29,46,17,29,46,No Group
Manchester City Council - Chorlton,Chorlton Place,2020,July,28,Saturday,11 Jul 2020,07:00,27,30,57,27,30,57,No Group
Manchester City Council - Chorlton,Chorlton Place,2020,July,28,Saturday,11 Jul 2020,08:00,60,60,120,60,60,120,No Group
Manchester City Council - Chorlton,Chorlton Place,2020,July,28,Saturday,11 Jul 2020,09:00,70,82,152,70,82,152,No Group
Manchester City Council - Chorlton,Chorlton Place,2020,July,28,Saturday,11 Jul 2020,10:00,115,85,200,115,85,200,No Group
Manchester City Council - Chorlton,Chorlton Place,2020,July,28,Saturday,11 Jul 2020,11:00,151,168,319,151,168,319,No Group
Manchester City Council - Chorlton,Chorlton Place,2020,July,28,Saturday,11 Jul 2020,12:00,156,184,340,156,184,340,No Group
Manchester City Council - Chorlton,Chorlton Place,2020,July,28,Saturday,11 Jul 2020,13:00,191,198,389,191,198,389,No Group
Manchester City Council - Chorlton,Chorlton Place,2020,July,28,Saturday,11 Jul 2020,14:00,207,203,410,207,203,410,No Group
Manchester City Council - Chorlton,Chorlton Place,2020,July,28,Saturday,11 Jul 2020,15:00,219,199,418,219,199,418,No Group
Manchester City Council - Chorlton,Chorlton Place,2020,July,28,Saturday,11 Jul 2020,16:00,160,145,305,160,145,305,No Group
Manchester City Council - Chorlton,Chorlton Place,2020,July,28,Saturday,11 Jul 2020,17:00,76,85,161,76,85,161,No Group
Manchester City Council - Chorlton,Chorlton Place,2020,July,28,Saturday,11 Jul 2020,18:00,54,71,125,54,71,125,No Group
Manchester City Council - Chorlton,Chorlton Place,2020,July,28,Saturday,11 Jul 2020,19:00,55,60,115,55,60,115,No Group
Manchester City Council - Chorlton,Chorlton Place,2020,July,28,Saturday,11 Jul 2020,20:00,30,38,68,30,38,68,No Group
Manchester City Council - Chorlton,Chorlton Place,2020,July,28,Saturday,11 Jul 2020,21:00,34,30,64,34,30,64,No Group
Manchester City Council - Chorlton,Chorlton Place,2020,July,28,Saturday,11 Jul 2020,22:00,30,64,94,30,64,94,No Group
Manchester City Council - Chorlton,Chorlton Place,2020,July,28,Saturday,11 Jul 2020,23:00,14,48,62,14,48,62,No Group
Manchester City Council - Chorlton,Chorlton Place,2020,July,28,Sunday,12 Jul 2020,00:00,22,10,32,22,10,32,No Group
Manchester City Council - Chorlton,Chorlton Place,2020,July,28,Sunday,12 Jul 2020,01:00,7,2,9,7,2,9,No Group
Manchester City Council - Chorlton,Chorlton Place,2020,July,28,Sunday,12 Jul 2020,02:00,2,1,3,2,1,3,No Group
Manchester City Council - Chorlton,Chorlton Place,2020,July,28,Sunday,12 Jul 2020,03:00,0,0,0,0,0,0,No Group
Manchester City Council - Chorlton,Chorlton Place,2020,July,28,Sunday,12 Jul 2020,04:00,0,0,0,0,0,0,No Group
Manchester City Council - Chorlton,Chorlton Place,2020,July,28,Sunday,12 Jul 2020,05:00,2,3,5,2,3,5,No Group
Manchester City Council - Chorlton,Chorlton Place,2020,July,28,Sunday,12 Jul 2020,06:00,0,1,1,0,1,1,No Group
Manchester City Council - Chorlton,Chorlton Place,2020,July,28,Sunday,12 Jul 2020,07:00,6,7,13,6,7,13,No Group
Manchester City Council - Chorlton,Chorlton Place,2020,July,28,Sunday,12 Jul 2020,08:00,16,23,39,16,23,39,No Group
Manchester City Council - Chorlton,Chorlton Place,2020,July,28,Sunday,12 Jul 2020,09:00,24,38,62,24,38,62,No Group
Manchester City Council - Chorlton,Chorlton Place,2020,July,28,Sunday,12 Jul 2020,10:00,43,49,92,43,49,92,No Group
Manchester City Council - Chorlton,Chorlton Place,2020,July,28,Sunday,12 Jul 2020,11:00,79,66,145,79,66,145,No Group
Manchester City Council - Chorlton,Chorlton Place,2020,July,28,Sunday,12 Jul 2020,12:00,137,100,237,137,100,237,No Group
Manchester City Council - Chorlton,Chorlton Place,2020,July,28,Sunday,12 Jul 2020,13:00,123,110,233,123,110,233,No Group
Manchester City Council - Chorlton,Chorlton Place,2020,July,28,Sunday,12 Jul 2020,14:00,151,127,278,151,127,278,No Group
Manchester City Council - Chorlton,Chorlton Place,2020,July,28,Sunday,12 Jul 2020,15:00,92,102,194,92,102,194,No Group
Manchester City Council - Chorlton,Chorlton Place,2020,July,28,Sunday,12 Jul 2020,16:00,82,86,168,82,86,168,No Group
Manchester City Council - Chorlton,Chorlton Place,2020,July,28,Sunday,12 Jul 2020,17:00,41,57,98,41,57,98,No Group
Manchester City Council - Chorlton,Chorlton Place,2020,July,28,Sunday,12 Jul 2020,18:00,39,67,106,39,67,106,No Group
Manchester City Council - Chorlton,Chorlton Place,2020,July,28,Sunday,12 Jul 2020,19:00,42,34,76,42,34,76,No Group
Manchester City Council - Chorlton,Chorlton Place,2020,July,28,Sunday,12 Jul 2020,20:00,27,22,49,27,22,49,No Group
Manchester City Council - Chorlton,Chorlton Place,2020,July,28,Sunday,12 Jul 2020,21:00,20,49,69,20,49,69,No Group
Manchester City Council - Chorlton,Chorlton Place,2020,July,28,Sunday,12 Jul 2020,22:00,15,25,40,15,25,40,No Group
Manchester City Council - Chorlton,Chorlton Place,2020,July,28,Sunday,12 Jul 2020,23:00,3,7,10,3,7,10,No Group
Manchester City Council - Chorlton,Chorlton Place,2020,July,29,Monday,13 Jul 2020,00:00,10,6,16,10,6,16,No Group
Manchester City Council - Chorlton,Chorlton Place,2020,July,29,Monday,13 Jul 2020,01:00,3,2,5,3,2,5,No Group
Manchester City Council - Chorlton,Chorlton Place,2020,July,29,Monday,13 Jul 2020,02:00,0,0,0,0,0,0,No Group
Manchester City Council - Chorlton,Chorlton Place,2020,July,29,Monday,13 Jul 2020,03:00,0,1,1,0,1,1,No Group
Manchester City Council - Chorlton,Chorlton Place,2020,July,29,Monday,13 Jul 2020,04:00,0,1,1,0,1,1,No Group
Manchester City Council - Chorlton,Chorlton Place,2020,July,29,Monday,13 Jul 2020,05:00,1,7,8,1,7,8,No Group
Manchester City Council - Chorlton,Chorlton Place,2020,July,29,Monday,13 Jul 2020,06:00,2,8,10,2,8,10,No Group
Manchester City Council - Chorlton,Chorlton Place,2020,July,29,Monday,13 Jul 2020,07:00,7,22,29,7,22,29,No Group
Manchester City Council - Chorlton,Chorlton Place,2020,July,29,Monday,13 Jul 2020,08:00,43,50,93,43,50,93,No Group
Manchester City Council - Chorlton,Chorlton Place,2020,July,29,Monday,13 Jul 2020,09:00,68,81,149,68,81,149,No Group
Manchester City Council - Chorlton,Chorlton Place,2020,July,29,Monday,13 Jul 2020,10:00,87,85,172,87,85,172,No Group
Manchester City Council - Chorlton,Chorlton Place,2020,July,29,Monday,13 Jul 2020,11:00,120,108,228,120,108,228,No Group
Manchester City Council - Chorlton,Chorlton Place,2020,July,29,Monday,13 Jul 2020,12:00,157,145,302,157,145,302,No Group
Manchester City Council - Chorlton,Chorlton Place,2020,July,29,Monday,13 Jul 2020,13:00,131,144,275,131,144,275,No Group
Manchester City Council - Chorlton,Chorlton Place,2020,July,29,Monday,13 Jul 2020,14:00,138,150,288,138,150,288,No Group
Manchester City Council - Chorlton,Chorlton Place,2020,July,29,Monday,13 Jul 2020,15:00,129,109,238,129,109,238,No Group
Manchester City Council - Chorlton,Chorlton Place,2020,July,29,Monday,13 Jul 2020,16:00,125,106,231,125,106,231,No Group
Manchester City Council - Chorlton,Chorlton Place,2020,July,29,Monday,13 Jul 2020,17:00,62,75,137,62,75,137,No Group
Manchester City Council - Chorlton,Chorlton Place,2020,July,29,Monday,13 Jul 2020,18:00,38,43,81,38,43,81,No Group
Manchester City Council - Chorlton,Chorlton Place,2020,July,29,Monday,13 Jul 2020,19:00,37,31,68,37,31,68,No Group
Manchester City Council - Chorlton,Chorlton Place,2020,July,29,Monday,13 Jul 2020,20:00,36,31,67,36,31,67,No Group
Manchester City Council - Chorlton,Chorlton Place,2020,July,29,Monday,13 Jul 2020,21:00,24,23,47,24,23,47,No Group
Manchester City Council - Chorlton,Chorlton Place,2020,July,29,Monday,13 Jul 2020,22:00,20,25,45,20,25,45,No Group
Manchester City Council - Chorlton,Chorlton Place,2020,July,29,Monday,13 Jul 2020,23:00,9,5,14,9,5,14,No Group
Manchester City Council - Chorlton,Chorlton Place,2020,July,29,Tuesday,14 Jul 2020,00:00,3,3,6,3,3,6,No Group
Manchester City Council - Chorlton,Chorlton Place,2020,July,29,Tuesday,14 Jul 2020,01:00,1,4,5,1,4,5,No Group
Manchester City Council - Chorlton,Chorlton Place,2020,July,29,Tuesday,14 Jul 2020,02:00,0,0,0,0,0,0,No Group
Manchester City Council - Chorlton,Chorlton Place,2020,July,29,Tuesday,14 Jul 2020,03:00,0,0,0,0,0,0,No Group
Manchester City Council - Chorlton,Chorlton Place,2020,July,29,Tuesday,14 Jul 2020,04:00,7,5,12,7,5,12,No Group
Manchester City Council - Chorlton,Chorlton Place,2020,July,29,Tuesday,14 Jul 2020,05:00,2,4,6,2,4,6,No Group
Manchester City Council - Chorlton,Chorlton Place,2020,July,29,Tuesday,14 Jul 2020,06:00,4,7,11,4,7,11,No Group
Manchester City Council - Chorlton,Chorlton Place,2020,July,29,Tuesday,14 Jul 2020,07:00,12,23,35,12,23,35,No Group
Manchester City Council - Chorlton,Chorlton Place,2020,July,29,Tuesday,14 Jul 2020,08:00,41,54,95,41,54,95,No Group
Manchester City Council - Chorlton,Chorlton Place,2020,July,29,Tuesday,14 Jul 2020,09:00,71,72,143,71,72,143,No Group
Manchester City Council - Chorlton,Chorlton Place,2020,July,29,Tuesday,14 Jul 2020,10:00,112,115,227,112,115,227,No Group
Manchester City Council - Chorlton,Chorlton Place,2020,July,29,Tuesday,14 Jul 2020,11:00,131,138,269,131,138,269,No Group
Manchester City Council - Chorlton,Chorlton Place,2020,July,29,Tuesday,14 Jul 2020,12:00,167,145,312,167,145,312,No Group
Manchester City Council - Chorlton,Chorlton Place,2020,July,29,Tuesday,14 Jul 2020,13:00,157,151,308,157,151,308,No Group
Manchester City Council - Chorlton,Chorlton Place,2020,July,29,Tuesday,14 Jul 2020,14:00,152,133,285,152,133,285,No Group
Manchester City Council - Chorlton,Chorlton Place,2020,July,29,Tuesday,14 Jul 2020,15:00,160,131,291,160,131,291,No Group
Manchester City Council - Chorlton,Chorlton Place,2020,July,29,Tuesday,14 Jul 2020,16:00,120,116,236,120,116,236,No Group
Manchester City Council - Chorlton,Chorlton Place,2020,July,29,Tuesday,14 Jul 2020,17:00,72,74,146,72,74,146,No Group
Manchester City Council - Chorlton,Chorlton Place,2020,July,29,Tuesday,14 Jul 2020,18:00,49,50,99,49,50,99,No Group
Manchester City Council - Chorlton,Chorlton Place,2020,July,29,Tuesday,14 Jul 2020,19:00,37,52,89,37,52,89,No Group
Manchester City Council - Chorlton,Chorlton Place,2020,July,29,Tuesday,14 Jul 2020,20:00,28,36,64,28,36,64,No Group
Manchester City Council - Chorlton,Chorlton Place,2020,July,29,Tuesday,14 Jul 2020,21:00,26,37,63,26,37,63,No Group
Manchester City Council - Chorlton,Chorlton Place,2020,July,29,Tuesday,14 Jul 2020,22:00,13,16,29,13,16,29,No Group
Manchester City Council - Chorlton,Chorlton Place,2020,July,29,Tuesday,14 Jul 2020,23:00,11,4,15,11,4,15,No Group
Manchester City Council - Chorlton,Chorlton Place,2020,July,29,Wednesday,15 Jul 2020,00:00,6,13,19,6,13,19,No Group
Manchester City Council - Chorlton,Chorlton Place,2020,July,29,Wednesday,15 Jul 2020,01:00,0,8,8,0,8,8,No Group
Manchester City Council - Chorlton,Chorlton Place,2020,July,29,Wednesday,15 Jul 2020,02:00,2,6,8,2,6,8,No Group
Manchester City Council - Chorlton,Chorlton Place,2020,July,29,Wednesday,15 Jul 2020,03:00,0,1,1,0,1,1,No Group
Manchester City Council - Chorlton,Chorlton Place,2020,July,29,Wednesday,15 Jul 2020,04:00,1,1,2,1,1,2,No Group
Manchester City Council - Chorlton,Chorlton Place,2020,July,29,Wednesday,15 Jul 2020,05:00,4,12,16,4,12,16,No Group
Manchester City Council - Chorlton,Chorlton Place,2020,July,29,Wednesday,15 Jul 2020,06:00,8,13,21,8,13,21,No Group
Manchester City Council - Chorlton,Chorlton Place,2020,July,29,Wednesday,15 Jul 2020,07:00,20,40,60,20,40,60,No Group
Manchester City Council - Chorlton,Chorlton Place,2020,July,29,Wednesday,15 Jul 2020,08:00,56,77,133,56,77,133,No Group
Manchester City Council - Chorlton,Chorlton Place,2020,July,29,Wednesday,15 Jul 2020,09:00,90,100,190,90,100,190,No Group
Manchester City Council - Chorlton,Chorlton Place,2020,July,29,Wednesday,15 Jul 2020,10:00,123,118,241,123,118,241,No Group
Manchester City Council - Chorlton,Chorlton Place,2020,July,29,Wednesday,15 Jul 2020,11:00,150,158,308,150,158,308,No Group
Manchester City Council - Chorlton,Chorlton Place,2020,July,29,Wednesday,15 Jul 2020,12:00,172,152,324,172,152,324,No Group
Manchester City Council - Chorlton,Chorlton Place,2020,July,29,Wednesday,15 Jul 2020,13:00,148,130,278,148,130,278,No Group
Manchester City Council - Chorlton,Chorlton Place,2020,July,29,Wednesday,15 Jul 2020,14:00,137,155,292,137,155,292,No Group
Manchester City Council - Chorlton,Chorlton Place,2020,July,29,Wednesday,15 Jul 2020,15:00,147,126,273,147,126,273,No Group
Manchester City Council - Chorlton,Chorlton Place,2020,July,29,Wednesday,15 Jul 2020,16:00,146,131,277,146,131,277,No Group
Manchester City Council - Chorlton,Chorlton Place,2020,July,29,Wednesday,15 Jul 2020,17:00,92,77,169,92,77,169,No Group
Manchester City Council - Chorlton,Chorlton Place,2020,July,29,Wednesday,15 Jul 2020,18:00,63,66,129,63,66,129,No Group
Manchester City Council - Chorlton,Chorlton Place,2020,July,29,Wednesday,15 Jul 2020,19:00,50,52,102,50,52,102,No Group
Manchester City Council - Chorlton,Chorlton Place,2020,July,29,Wednesday,15 Jul 2020,20:00,29,41,70,29,41,70,No Group
Manchester City Council - Chorlton,Chorlton Place,2020,July,29,Wednesday,15 Jul 2020,21:00,27,21,48,27,21,48,No Group
Manchester City Council - Chorlton,Chorlton Place,2020,July,29,Wednesday,15 Jul 2020,22:00,15,19,34,15,19,34,No Group
Manchester City Council - Chorlton,Chorlton Place,2020,July,29,Wednesday,15 Jul 2020,23:00,15,10,25,15,10,25,No Group
Manchester City Council - Chorlton,Chorlton Place,2020,July,29,Thursday,16 Jul 2020,00:00,1,4,5,1,4,5,No Group
Manchester City Council - Chorlton,Chorlton Place,2020,July,29,Thursday,16 Jul 2020,01:00,1,0,1,1,0,1,No Group
Manchester City Council - Chorlton,Chorlton Place,2020,July,29,Thursday,16 Jul 2020,02:00,0,0,0,0,0,0,No Group
Manchester City Council - Chorlton,Chorlton Place,2020,July,29,Thursday,16 Jul 2020,03:00,0,2,2,0,2,2,No Group
Manchester City Council - Chorlton,Chorlton Place,2020,July,29,Thursday,16 Jul 2020,04:00,0,1,1,0,1,1,No Group
Manchester City Council - Chorlton,Chorlton Place,2020,July,29,Thursday,16 Jul 2020,05:00,2,5,7,2,5,7,No Group
Manchester City Council - Chorlton,Chorlton Place,2020,July,29,Thursday,16 Jul 2020,06:00,4,11,15,4,11,15,No Group
Manchester City Council - Chorlton,Chorlton Place,2020,July,29,Thursday,16 Jul 2020,07:00,19,24,43,19,24,43,No Group
Manchester City Council - Chorlton,Chorlton Place,2020,July,29,Thursday,16 Jul 2020,08:00,48,59,107,48,59,107,No Group
Manchester City Council - Chorlton,Chorlton Place,2020,July,29,Thursday,16 Jul 2020,09:00,66,91,157,66,91,157,No Group
Manchester City Council - Chorlton,Chorlton Place,2020,July,29,Thursday,16 Jul 2020,10:00,92,90,182,92,90,182,No Group
Manchester City Council - Chorlton,Chorlton Place,2020,July,29,Thursday,16 Jul 2020,11:00,138,129,267,138,129,267,No Group
Manchester City Council - Chorlton,Chorlton Place,2020,July,29,Thursday,16 Jul 2020,12:00,126,156,282,126,156,282,No Group
Manchester City Council - Chorlton,Chorlton Place,2020,July,29,Thursday,16 Jul 2020,13:00,138,147,285,138,147,285,No Group
Manchester City Council - Chorlton,Chorlton Place,2020,July,29,Thursday,16 Jul 2020,14:00,135,147,282,135,147,282,No Group
Manchester City Council - Chorlton,Chorlton Place,2020,July,29,Thursday,16 Jul 2020,15:00,142,126,268,142,126,268,No Group
Manchester City Council - Chorlton,Chorlton Place,2020,July,29,Thursday,16 Jul 2020,16:00,113,125,238,113,125,238,No Group
Manchester City Council - Chorlton,Chorlton Place,2020,July,29,Thursday,16 Jul 2020,17:00,68,82,150,68,82,150,No Group
Manchester City Council - Chorlton,Chorlton Place,2020,July,29,Thursday,16 Jul 2020,18:00,40,51,91,40,51,91,No Group
Manchester City Council - Chorlton,Chorlton Place,2020,July,29,Thursday,16 Jul 2020,19:00,57,54,111,57,54,111,No Group
Manchester City Council - Chorlton,Chorlton Place,2020,July,29,Thursday,16 Jul 2020,20:00,43,47,90,43,47,90,No Group
Manchester City Council - Chorlton,Chorlton Place,2020,July,29,Thursday,16 Jul 2020,21:00,29,44,73,29,44,73,No Group
Manchester City Council - Chorlton,Chorlton Place,2020,July,29,Thursday,16 Jul 2020,22:00,30,46,76,30,46,76,No Group
Manchester City Council - Chorlton,Chorlton Place,2020,July,29,Thursday,16 Jul 2020,23:00,12,16,28,12,16,28,No Group
Manchester City Council - Chorlton,Chorlton Place,2020,July,29,Friday,17 Jul 2020,00:00,5,3,8,5,3,8,No Group
Manchester City Council - Chorlton,Chorlton Place,2020,July,29,Friday,17 Jul 2020,01:00,2,0,2,2,0,2,No Group
Manchester City Council - Chorlton,Chorlton Place,2020,July,29,Friday,17 Jul 2020,02:00,4,0,4,4,0,4,No Group
Manchester City Council - Chorlton,Chorlton Place,2020,July,29,Friday,17 Jul 2020,03:00,0,1,1,0,1,1,No Group
Manchester City Council - Chorlton,Chorlton Place,2020,July,29,Friday,17 Jul 2020,04:00,0,0,0,0,0,0,No Group
Manchester City Council - Chorlton,Chorlton Place,2020,July,29,Friday,17 Jul 2020,05:00,1,6,7,1,6,7,No Group
Manchester City Council - Chorlton,Chorlton Place,2020,July,29,Friday,17 Jul 2020,06:00,3,12,15,3,12,15,No Group
Manchester City Council - Chorlton,Chorlton Place,2020,July,29,Friday,17 Jul 2020,07:00,9,18,27,9,18,27,No Group
Manchester City Council - Chorlton,Chorlton Place,2020,July,29,Friday,17 Jul 2020,08:00,57,59,116,57,59,116,No Group
Manchester City Council - Chorlton,Chorlton Place,2020,July,29,Friday,17 Jul 2020,09:00,79,72,151,79,72,151,No Group
Manchester City Council - Chorlton,Chorlton Place,2020,July,29,Friday,17 Jul 2020,10:00,123,133,256,123,133,256,No Group
Manchester City Council - Chorlton,Chorlton Place,2020,July,29,Friday,17 Jul 2020,11:00,131,123,254,131,123,254,No Group
Manchester City Council - Chorlton,Chorlton Place,2020,July,29,Friday,17 Jul 2020,12:00,140,154,294,140,154,294,No Group
Manchester City Council - Chorlton,Chorlton Place,2020,July,29,Friday,17 Jul 2020,13:00,174,144,318,174,144,318,No Group
Manchester City Council - Chorlton,Chorlton Place,2020,July,29,Friday,17 Jul 2020,14:00,196,176,372,196,176,372,No Group
Manchester City Council - Chorlton,Chorlton Place,2020,July,29,Friday,17 Jul 2020,15:00,144,128,272,144,128,272,No Group
Manchester City Council - Chorlton,Chorlton Place,2020,July,29,Friday,17 Jul 2020,16:00,138,121,259,138,121,259,No Group
Manchester City Council - Chorlton,Chorlton Place,2020,July,29,Friday,17 Jul 2020,17:00,85,93,178,85,93,178,No Group
Manchester City Council - Chorlton,Chorlton Place,2020,July,29,Friday,17 Jul 2020,18:00,73,93,166,73,93,166,No Group
Manchester City Council - Chorlton,Chorlton Place,2020,July,29,Friday,17 Jul 2020,19:00,71,71,142,71,71,142,No Group
Manchester City Council - Chorlton,Chorlton Place,2020,July,29,Friday,17 Jul 2020,20:00,49,41,90,49,41,90,No Group
Manchester City Council - Chorlton,Chorlton Place,2020,July,29,Friday,17 Jul 2020,21:00,31,44,75,31,44,75,No Group
Manchester City Council - Chorlton,Chorlton Place,2020,July,29,Friday,17 Jul 2020,22:00,31,52,83,31,52,83,No Group
Manchester City Council - Chorlton,Chorlton Place,2020,July,29,Friday,17 Jul 2020,23:00,17,44,61,17,44,61,No Group
Manchester City Council - Chorlton,Chorlton Place,2020,July,29,Saturday,18 Jul 2020,00:00,12,13,25,12,13,25,No Group
Manchester City Council - Chorlton,Chorlton Place,2020,July,29,Saturday,18 Jul 2020,01:00,20,2,22,20,2,22,No Group
Manchester City Council - Chorlton,Chorlton Place,2020,July,29,Saturday,18 Jul 2020,02:00,5,1,6,5,1,6,No Group
Manchester City Council - Chorlton,Chorlton Place,2020,July,29,Saturday,18 Jul 2020,03:00,0,0,0,0,0,0,No Group
Manchester City Council - Chorlton,Chorlton Place,2020,July,29,Saturday,18 Jul 2020,04:00,0,1,1,0,1,1,No Group
Manchester City Council - Chorlton,Chorlton Place,2020,July,29,Saturday,18 Jul 2020,05:00,13,10,23,13,10,23,No Group
Manchester City Council - Chorlton,Chorlton Place,2020,July,29,Saturday,18 Jul 2020,06:00,6,8,14,6,8,14,No Group
Manchester City Council - Chorlton,Chorlton Place,2020,July,29,Saturday,18 Jul 2020,07:00,9,13,22,9,13,22,No Group
Manchester City Council - Chorlton,Chorlton Place,2020,July,29,Saturday,18 Jul 2020,08:00,41,48,89,41,48,89,No Group
Manchester City Council - Chorlton,Chorlton Place,2020,July,29,Saturday,18 Jul 2020,09:00,106,114,220,106,114,220,No Group
Manchester City Council - Chorlton,Chorlton Place,2020,July,29,Saturday,18 Jul 2020,10:00,231,202,433,231,202,433,No Group
Manchester City Council - Chorlton,Chorlton Place,2020,July,29,Saturday,18 Jul 2020,11:00,181,169,350,181,169,350,No Group
Manchester City Council - Chorlton,Chorlton Place,2020,July,29,Saturday,18 Jul 2020,12:00,194,219,413,194,219,413,No Group
Manchester City Council - Chorlton,Chorlton Place,2020,July,29,Saturday,18 Jul 2020,13:00,216,204,420,216,204,420,No Group
Manchester City Council - Chorlton,Chorlton Place,2020,July,29,Saturday,18 Jul 2020,14:00,234,207,441,234,207,441,No Group
Manchester City Council - Chorlton,Chorlton Place,2020,July,29,Saturday,18 Jul 2020,15:00,237,236,473,237,236,473,No Group
Manchester City Council - Chorlton,Chorlton Place,2020,July,29,Saturday,18 Jul 2020,16:00,190,206,396,190,206,396,No Group
Manchester City Council - Chorlton,Chorlton Place,2020,July,29,Saturday,18 Jul 2020,17:00,106,92,198,106,92,198,No Group
Manchester City Council - Chorlton,Chorlton Place,2020,July,29,Saturday,18 Jul 2020,18:00,75,67,142,75,67,142,No Group
Manchester City Council - Chorlton,Chorlton Place,2020,July,29,Saturday,18 Jul 2020,19:00,47,46,93,47,46,93,No Group
Manchester City Council - Chorlton,Chorlton Place,2020,July,29,Saturday,18 Jul 2020,20:00,48,36,84,48,36,84,No Group
Manchester City Council - Chorlton,Chorlton Place,2020,July,29,Saturday,18 Jul 2020,21:00,40,46,86,40,46,86,No Group
Manchester City Council - Chorlton,Chorlton Place,2020,July,29,Saturday,18 Jul 2020,22:00,34,44,78,34,44,78,No Group
Manchester City Council - Chorlton,Chorlton Place,2020,July,29,Saturday,18 Jul 2020,23:00,21,35,56,21,35,56,No Group
Manchester City Council - Chorlton,Chorlton Place,2020,July,29,Sunday,19 Jul 2020,00:00,8,2,10,8,2,10,No Group
Manchester City Council - Chorlton,Chorlton Place,2020,July,29,Sunday,19 Jul 2020,01:00,3,5,8,3,5,8,No Group
Manchester City Council - Chorlton,Chorlton Place,2020,July,29,Sunday,19 Jul 2020,02:00,2,0,2,2,0,2,No Group
Manchester City Council - Chorlton,Chorlton Place,2020,July,29,Sunday,19 Jul 2020,03:00,0,0,0,0,0,0,No Group
Manchester City Council - Chorlton,Chorlton Place,2020,July,29,Sunday,19 Jul 2020,04:00,0,2,2,0,2,2,No Group
Manchester City Council - Chorlton,Chorlton Place,2020,July,29,Sunday,19 Jul 2020,05:00,5,5,10,5,5,10,No Group
Manchester City Council - Chorlton,Chorlton Place,2020,July,29,Sunday,19 Jul 2020,06:00,1,6,7,1,6,7,No Group
Manchester City Council - Chorlton,Chorlton Place,2020,July,29,Sunday,19 Jul 2020,07:00,11,8,19,11,8,19,No Group
Manchester City Council - Chorlton,Chorlton Place,2020,July,29,Sunday,19 Jul 2020,08:00,19,23,42,19,23,42,No Group
Manchester City Council - Chorlton,Chorlton Place,2020,July,29,Sunday,19 Jul 2020,09:00,33,31,64,33,31,64,No Group
Manchester City Council - Chorlton,Chorlton Place,2020,July,29,Sunday,19 Jul 2020,10:00,53,45,98,53,45,98,No Group
Manchester City Council - Chorlton,Chorlton Place,2020,July,29,Sunday,19 Jul 2020,11:00,77,74,151,77,74,151,No Group
Manchester City Council - Chorlton,Chorlton Place,2020,July,29,Sunday,19 Jul 2020,12:00,146,102,248,146,102,248,No Group
Manchester City Council - Chorlton,Chorlton Place,2020,July,29,Sunday,19 Jul 2020,13:00,96,111,207,96,111,207,No Group
Manchester City Council - Chorlton,Chorlton Place,2020,July,29,Sunday,19 Jul 2020,14:00,107,103,210,107,103,210,No Group
Manchester City Council - Chorlton,Chorlton Place,2020,July,29,Sunday,19 Jul 2020,15:00,93,81,174,93,81,174,No Group
Manchester City Council - Chorlton,Chorlton Place,2020,July,29,Sunday,19 Jul 2020,16:00,66,74,140,66,74,140,No Group
Manchester City Council - Chorlton,Chorlton Place,2020,July,29,Sunday,19 Jul 2020,17:00,61,70,131,61,70,131,No Group
Manchester City Council - Chorlton,Chorlton Place,2020,July,29,Sunday,19 Jul 2020,18:00,44,26,70,44,26,70,No Group
Manchester City Council - Chorlton,Chorlton Place,2020,July,29,Sunday,19 Jul 2020,19:00,29,47,76,29,47,76,No Group
Manchester City Council - Chorlton,Chorlton Place,2020,July,29,Sunday,19 Jul 2020,20:00,32,40,72,32,40,72,No Group
Manchester City Council - Chorlton,Chorlton Place,2020,July,29,Sunday,19 Jul 2020,21:00,18,11,29,18,11,29,No Group
Manchester City Council - Chorlton,Chorlton Place,2020,July,29,Sunday,19 Jul 2020,22:00,11,23,34,11,23,34,No Group
Manchester City Council - Chorlton,Chorlton Place,2020,July,29,Sunday,19 Jul 2020,23:00,14,12,26,14,12,26,No Group
Manchester City Council - Chorlton,Chorlton Place,2020,July,30,Monday,20 Jul 2020,00:00,2,10,12,2,10,12,No Group
Manchester City Council - Chorlton,Chorlton Place,2020,July,30,Monday,20 Jul 2020,01:00,2,3,5,2,3,5,No Group
Manchester City Council - Chorlton,Chorlton Place,2020,July,30,Monday,20 Jul 2020,02:00,3,1,4,3,1,4,No Group
Manchester City Council - Chorlton,Chorlton Place,2020,July,30,Monday,20 Jul 2020,03:00,0,1,1,0,1,1,No Group
Manchester City Council - Chorlton,Chorlton Place,2020,July,30,Monday,20 Jul 2020,04:00,0,2,2,0,2,2,No Group
Manchester City Council - Chorlton,Chorlton Place,2020,July,30,Monday,20 Jul 2020,05:00,7,8,15,7,8,15,No Group
Manchester City Council - Chorlton,Chorlton Place,2020,July,30,Monday,20 Jul 2020,06:00,18,17,35,18,17,35,No Group
Manchester City Council - Chorlton,Chorlton Place,2020,July,30,Monday,20 Jul 2020,07:00,17,24,41,17,24,41,No Group
Manchester City Council - Chorlton,Chorlton Place,2020,July,30,Monday,20 Jul 2020,08:00,25,38,63,25,38,63,No Group
Manchester City Council - Chorlton,Chorlton Place,2020,July,30,Monday,20 Jul 2020,09:00,74,74,148,74,74,148,No Group
Manchester City Council - Chorlton,Chorlton Place,2020,July,30,Monday,20 Jul 2020,10:00,95,92,187,95,92,187,No Group
Manchester City Council - Chorlton,Chorlton Place,2020,July,30,Monday,20 Jul 2020,11:00,111,115,226,111,115,226,No Group
Manchester City Council - Chorlton,Chorlton Place,2020,July,30,Monday,20 Jul 2020,12:00,144,147,291,144,147,291,No Group
Manchester City Council - Chorlton,Chorlton Place,2020,July,30,Monday,20 Jul 2020,13:00,147,143,290,147,143,290,No Group
Manchester City Council - Chorlton,Chorlton Place,2020,July,30,Monday,20 Jul 2020,14:00,146,131,277,146,131,277,No Group
Manchester City Council - Chorlton,Chorlton Place,2020,July,30,Monday,20 Jul 2020,15:00,130,119,249,130,119,249,No Group
Manchester City Council - Chorlton,Chorlton Place,2020,July,30,Monday,20 Jul 2020,16:00,131,117,248,131,117,248,No Group
Manchester City Council - Chorlton,Chorlton Place,2020,July,30,Monday,20 Jul 2020,17:00,93,83,176,93,83,176,No Group
Manchester City Council - Chorlton,Chorlton Place,2020,July,30,Monday,20 Jul 2020,18:00,70,67,137,70,67,137,No Group
Manchester City Council - Chorlton,Chorlton Place,2020,July,30,Monday,20 Jul 2020,19:00,61,57,118,61,57,118,No Group
Manchester City Council - Chorlton,Chorlton Place,2020,July,30,Monday,20 Jul 2020,20:00,50,37,87,50,37,87,No Group
Manchester City Council - Chorlton,Chorlton Place,2020,July,30,Monday,20 Jul 2020,21:00,17,29,46,17,29,46,No Group
Manchester City Council - Chorlton,Chorlton Place,2020,July,30,Monday,20 Jul 2020,22:00,10,24,34,10,24,34,No Group
Manchester City Council - Chorlton,Chorlton Place,2020,July,30,Monday,20 Jul 2020,23:00,11,5,16,11,5,16,No Group
Manchester City Council - Chorlton,Chorlton Place,2020,July,30,Tuesday,21 Jul 2020,00:00,4,1,5,4,1,5,No Group
Manchester City Council - Chorlton,Chorlton Place,2020,July,30,Tuesday,21 Jul 2020,01:00,1,0,1,1,0,1,No Group
Manchester City Council - Chorlton,Chorlton Place,2020,July,30,Tuesday,21 Jul 2020,02:00,0,1,1,0,1,1,No Group
Manchester City Council - Chorlton,Chorlton Place,2020,July,30,Tuesday,21 Jul 2020,03:00,0,0,0,0,0,0,No Group
Manchester City Council - Chorlton,Chorlton Place,2020,July,30,Tuesday,21 Jul 2020,04:00,0,0,0,0,0,0,No Group
Manchester City Council - Chorlton,Chorlton Place,2020,July,30,Tuesday,21 Jul 2020,05:00,12,11,23,12,11,23,No Group
Manchester City Council - Chorlton,Chorlton Place,2020,July,30,Tuesday,21 Jul 2020,06:00,11,19,30,11,19,30,No Group
Manchester City Council - Chorlton,Chorlton Place,2020,July,30,Tuesday,21 Jul 2020,07:00,11,28,39,11,28,39,No Group
Manchester City Council - Chorlton,Chorlton Place,2020,July,30,Tuesday,21 Jul 2020,08:00,18,40,58,18,40,58,No Group
Manchester City Council - Chorlton,Chorlton Place,2020,July,30,Tuesday,21 Jul 2020,09:00,67,71,138,67,71,138,No Group
Manchester City Council - Chorlton,Chorlton Place,2020,July,30,Tuesday,21 Jul 2020,10:00,99,94,193,99,94,193,No Group
Manchester City Council - Chorlton,Chorlton Place,2020,July,30,Tuesday,21 Jul 2020,11:00,121,144,265,121,144,265,No Group
Manchester City Council - Chorlton,Chorlton Place,2020,July,30,Tuesday,21 Jul 2020,12:00,172,168,340,172,168,340,No Group
Manchester City Council - Chorlton,Chorlton Place,2020,July,30,Tuesday,21 Jul 2020,13:00,162,165,327,162,165,327,No Group
Manchester City Council - Chorlton,Chorlton Place,2020,July,30,Tuesday,21 Jul 2020,14:00,155,135,290,155,135,290,No Group
Manchester City Council - Chorlton,Chorlton Place,2020,July,30,Tuesday,21 Jul 2020,15:00,159,148,307,159,148,307,No Group
Manchester City Council - Chorlton,Chorlton Place,2020,July,30,Tuesday,21 Jul 2020,16:00,112,133,245,112,133,245,No Group
Manchester City Council - Chorlton,Chorlton Place,2020,July,30,Tuesday,21 Jul 2020,17:00,88,102,190,88,102,190,No Group
Manchester City Council - Chorlton,Chorlton Place,2020,July,30,Tuesday,21 Jul 2020,18:00,52,46,98,52,46,98,No Group
Manchester City Council - Chorlton,Chorlton Place,2020,July,30,Tuesday,21 Jul 2020,19:00,56,72,128,56,72,128,No Group
Manchester City Council - Chorlton,Chorlton Place,2020,July,30,Tuesday,21 Jul 2020,20:00,37,45,82,37,45,82,No Group
Manchester City Council - Chorlton,Chorlton Place,2020,July,30,Tuesday,21 Jul 2020,21:00,15,25,40,15,25,40,No Group
Manchester City Council - Chorlton,Chorlton Place,2020,July,30,Tuesday,21 Jul 2020,22:00,22,25,47,22,25,47,No Group
Manchester City Council - Chorlton,Chorlton Place,2020,July,30,Tuesday,21 Jul 2020,23:00,9,8,17,9,8,17,No Group
Manchester City Council - Chorlton,Chorlton Place,2020,July,30,Wednesday,22 Jul 2020,00:00,1,1,2,1,1,2,No Group
Manchester City Council - Chorlton,Chorlton Place,2020,July,30,Wednesday,22 Jul 2020,01:00,0,4,4,0,4,4,No Group
Manchester City Council - Chorlton,Chorlton Place,2020,July,30,Wednesday,22 Jul 2020,02:00,3,0,3,3,0,3,No Group
Manchester City Council - Chorlton,Chorlton Place,2020,July,30,Wednesday,22 Jul 2020,03:00,1,1,2,1,1,2,No Group
Manchester City Council - Chorlton,Chorlton Place,2020,July,30,Wednesday,22 Jul 2020,04:00,0,0,0,0,0,0,No Group
Manchester City Council - Chorlton,Chorlton Place,2020,July,30,Wednesday,22 Jul 2020,05:00,2,2,4,2,2,4,No Group
Manchester City Council - Chorlton,Chorlton Place,2020,July,30,Wednesday,22 Jul 2020,06:00,4,8,12,4,8,12,No Group
Manchester City Council - Chorlton,Chorlton Place,2020,July,30,Wednesday,22 Jul 2020,07:00,9,29,38,9,29,38,No Group
Manchester City Council - Chorlton,Chorlton Place,2020,July,30,Wednesday,22 Jul 2020,08:00,31,50,81,31,50,81,No Group
Manchester City Council - Chorlton,Chorlton Place,2020,July,30,Wednesday,22 Jul 2020,09:00,63,80,143,63,80,143,No Group
Manchester City Council - Chorlton,Chorlton Place,2020,July,30,Wednesday,22 Jul 2020,10:00,103,102,205,103,102,205,No Group
Manchester City Council - Chorlton,Chorlton Place,2020,July,30,Wednesday,22 Jul 2020,11:00,115,116,231,115,116,231,No Group
Manchester City Council - Chorlton,Chorlton Place,2020,July,30,Wednesday,22 Jul 2020,12:00,201,212,413,201,212,413,No Group
Manchester City Council - Chorlton,Chorlton Place,2020,July,30,Wednesday,22 Jul 2020,13:00,192,170,362,192,170,362,No Group
Manchester City Council - Chorlton,Chorlton Place,2020,July,30,Wednesday,22 Jul 2020,14:00,139,159,298,139,159,298,No Group
Manchester City Council - Chorlton,Chorlton Place,2020,July,30,Wednesday,22 Jul 2020,15:00,151,126,277,151,126,277,No Group
Manchester City Council - Chorlton,Chorlton Place,2020,July,30,Wednesday,22 Jul 2020,16:00,104,121,225,104,121,225,No Group
Manchester City Council - Chorlton,Chorlton Place,2020,July,30,Wednesday,22 Jul 2020,17:00,87,99,186,87,99,186,No Group
Manchester City Council - Chorlton,Chorlton Place,2020,July,30,Wednesday,22 Jul 2020,18:00,57,58,115,57,58,115,No Group
Manchester City Council - Chorlton,Chorlton Place,2020,July,30,Wednesday,22 Jul 2020,19:00,59,50,109,59,50,109,No Group
Manchester City Council - Chorlton,Chorlton Place,2020,July,30,Wednesday,22 Jul 2020,20:00,45,45,90,45,45,90,No Group
Manchester City Council - Chorlton,Chorlton Place,2020,July,30,Wednesday,22 Jul 2020,21:00,23,31,54,23,31,54,No Group
Manchester City Council - Chorlton,Chorlton Place,2020,July,30,Wednesday,22 Jul 2020,22:00,41,31,72,41,31,72,No Group
Manchester City Council - Chorlton,Chorlton Place,2020,July,30,Wednesday,22 Jul 2020,23:00,9,11,20,9,11,20,No Group
Manchester City Council - Chorlton,Chorlton Place,2020,July,30,Thursday,23 Jul 2020,00:00,3,3,6,3,3,6,No Group
Manchester City Council - Chorlton,Chorlton Place,2020,July,30,Thursday,23 Jul 2020,01:00,1,1,2,1,1,2,No Group
Manchester City Council - Chorlton,Chorlton Place,2020,July,30,Thursday,23 Jul 2020,02:00,0,2,2,0,2,2,No Group
Manchester City Council - Chorlton,Chorlton Place,2020,July,30,Thursday,23 Jul 2020,03:00,0,2,2,0,2,2,No Group
Manchester City Council - Chorlton,Chorlton Place,2020,July,30,Thursday,23 Jul 2020,04:00,1,1,2,1,1,2,No Group
Manchester City Council - Chorlton,Chorlton Place,2020,July,30,Thursday,23 Jul 2020,05:00,3,5,8,3,5,8,No Group
Manchester City Council - Chorlton,Chorlton Place,2020,July,30,Thursday,23 Jul 2020,06:00,4,7,11,4,7,11,No Group
Manchester City Council - Chorlton,Chorlton Place,2020,July,30,Thursday,23 Jul 2020,07:00,9,10,19,9,10,19,No Group
Manchester City Council - Chorlton,Chorlton Place,2020,July,30,Thursday,23 Jul 2020,08:00,35,53,88,35,53,88,No Group
Manchester City Council - Chorlton,Chorlton Place,2020,July,30,Thursday,23 Jul 2020,09:00,83,77,160,83,77,160,No Group
Manchester City Council - Chorlton,Chorlton Place,2020,July,30,Thursday,23 Jul 2020,10:00,95,108,203,95,108,203,No Group
Manchester City Council - Chorlton,Chorlton Place,2020,July,30,Thursday,23 Jul 2020,11:00,131,121,252,131,121,252,No Group
Manchester City Council - Chorlton,Chorlton Place,2020,July,30,Thursday,23 Jul 2020,12:00,144,150,294,144,150,294,No Group
Manchester City Council - Chorlton,Chorlton Place,2020,July,30,Thursday,23 Jul 2020,13:00,146,159,305,146,159,305,No Group
Manchester City Council - Chorlton,Chorlton Place,2020,July,30,Thursday,23 Jul 2020,14:00,136,134,270,136,134,270,No Group
Manchester City Council - Chorlton,Chorlton Place,2020,July,30,Thursday,23 Jul 2020,15:00,124,146,270,124,146,270,No Group
Manchester City Council - Chorlton,Chorlton Place,2020,July,30,Thursday,23 Jul 2020,16:00,85,116,201,85,116,201,No Group
Manchester City Council - Chorlton,Chorlton Place,2020,July,30,Thursday,23 Jul 2020,17:00,80,83,163,80,83,163,No Group
Manchester City Council - Chorlton,Chorlton Place,2020,July,30,Thursday,23 Jul 2020,18:00,84,64,148,84,64,148,No Group
Manchester City Council - Chorlton,Chorlton Place,2020,July,30,Thursday,23 Jul 2020,19:00,54,49,103,54,49,103,No Group
Manchester City Council - Chorlton,Chorlton Place,2020,July,30,Thursday,23 Jul 2020,20:00,36,34,70,36,34,70,No Group
Manchester City Council - Chorlton,Chorlton Place,2020,July,30,Thursday,23 Jul 2020,21:00,22,27,49,22,27,49,No Group
Manchester City Council - Chorlton,Chorlton Place,2020,July,30,Thursday,23 Jul 2020,22:00,22,18,40,22,18,40,No Group
Manchester City Council - Chorlton,Chorlton Place,2020,July,30,Thursday,23 Jul 2020,23:00,7,5,12,7,5,12,No Group
Manchester City Council - Chorlton,Chorlton Place,2020,July,30,Friday,24 Jul 2020,00:00,5,2,7,5,2,7,No Group
Manchester City Council - Chorlton,Chorlton Place,2020,July,30,Friday,24 Jul 2020,01:00,0,4,4,0,4,4,No Group
Manchester City Council - Chorlton,Chorlton Place,2020,July,30,Friday,24 Jul 2020,02:00,0,0,0,0,0,0,No Group
Manchester City Council - Chorlton,Chorlton Place,2020,July,30,Friday,24 Jul 2020,03:00,0,1,1,0,1,1,No Group
Manchester City Council - Chorlton,Chorlton Place,2020,July,30,Friday,24 Jul 2020,04:00,2,0,2,2,0,2,No Group
Manchester City Council - Chorlton,Chorlton Place,2020,July,30,Friday,24 Jul 2020,05:00,2,5,7,2,5,7,No Group
Manchester City Council - Chorlton,Chorlton Place,2020,July,30,Friday,24 Jul 2020,06:00,8,17,25,8,17,25,No Group
Manchester City Council - Chorlton,Chorlton Place,2020,July,30,Friday,24 Jul 2020,07:00,9,23,32,9,23,32,No Group
Manchester City Council - Chorlton,Chorlton Place,2020,July,30,Friday,24 Jul 2020,08:00,30,44,74,30,44,74,No Group
Manchester City Council - Chorlton,Chorlton Place,2020,July,30,Friday,24 Jul 2020,09:00,101,120,221,101,120,221,No Group
Manchester City Council - Chorlton,Chorlton Place,2020,July,30,Friday,24 Jul 2020,10:00,205,192,397,205,192,397,No Group
Manchester City Council - Chorlton,Chorlton Place,2020,July,30,Friday,24 Jul 2020,11:00,153,161,314,153,161,314,No Group
Manchester City Council - Chorlton,Chorlton Place,2020,July,30,Friday,24 Jul 2020,12:00,216,182,398,216,182,398,No Group
Manchester City Council - Chorlton,Chorlton Place,2020,July,30,Friday,24 Jul 2020,13:00,227,242,469,227,242,469,No Group
Manchester City Council - Chorlton,Chorlton Place,2020,July,30,Friday,24 Jul 2020,14:00,173,162,335,173,162,335,No Group
Manchester City Council - Chorlton,Chorlton Place,2020,July,30,Friday,24 Jul 2020,15:00,146,148,294,146,148,294,No Group
Manchester City Council - Chorlton,Chorlton Place,2020,July,30,Friday,24 Jul 2020,16:00,134,144,278,134,144,278,No Group
Manchester City Council - Chorlton,Chorlton Place,2020,July,30,Friday,24 Jul 2020,17:00,105,100,205,105,100,205,No Group
Manchester City Council - Chorlton,Chorlton Place,2020,July,30,Friday,24 Jul 2020,18:00,87,74,161,87,74,161,No Group
Manchester City Council - Chorlton,Chorlton Place,2020,July,30,Friday,24 Jul 2020,19:00,82,81,163,82,81,163,No Group
Manchester City Council - Chorlton,Chorlton Place,2020,July,30,Friday,24 Jul 2020,20:00,60,78,138,60,78,138,No Group
Manchester City Council - Chorlton,Chorlton Place,2020,July,30,Friday,24 Jul 2020,21:00,34,44,78,34,44,78,No Group
Manchester City Council - Chorlton,Chorlton Place,2020,July,30,Friday,24 Jul 2020,22:00,32,43,75,32,43,75,No Group
Manchester City Council - Chorlton,Chorlton Place,2020,July,30,Friday,24 Jul 2020,23:00,5,10,15,5,10,15,No Group
Manchester City Council - Chorlton,Chorlton Place,2020,July,30,Saturday,25 Jul 2020,00:00,1,0,1,1,0,1,No Group
Manchester City Council - Chorlton,Chorlton Place,2020,July,30,Saturday,25 Jul 2020,01:00,2,1,3,2,1,3,No Group
Manchester City Council - Chorlton,Chorlton Place,2020,July,30,Saturday,25 Jul 2020,02:00,3,1,4,3,1,4,No Group
Manchester City Council - Chorlton,Chorlton Place,2020,July,30,Saturday,25 Jul 2020,03:00,0,3,3,0,3,3,No Group
Manchester City Council - Chorlton,Chorlton Place,2020,July,30,Saturday,25 Jul 2020,04:00,3,7,10,3,7,10,No Group
Manchester City Council - Chorlton,Chorlton Place,2020,July,30,Saturday,25 Jul 2020,05:00,8,13,21,8,13,21,No Group
Manchester City Council - Chorlton,Chorlton Place,2020,July,30,Saturday,25 Jul 2020,06:00,7,5,12,7,5,12,No Group
Manchester City Council - Chorlton,Chorlton Place,2020,July,30,Saturday,25 Jul 2020,07:00,12,27,39,12,27,39,No Group
Manchester City Council - Chorlton,Chorlton Place,2020,July,30,Saturday,25 Jul 2020,08:00,39,46,85,39,46,85,No Group
Manchester City Council - Chorlton,Chorlton Place,2020,July,30,Saturday,25 Jul 2020,09:00,60,89,149,60,89,149,No Group
Manchester City Council - Chorlton,Chorlton Place,2020,July,30,Saturday,25 Jul 2020,10:00,124,142,266,124,142,266,No Group
Manchester City Council - Chorlton,Chorlton Place,2020,July,30,Saturday,25 Jul 2020,11:00,186,185,371,186,185,371,No Group
Manchester City Council - Chorlton,Chorlton Place,2020,July,30,Saturday,25 Jul 2020,12:00,198,148,346,198,148,346,No Group
Manchester City Council - Chorlton,Chorlton Place,2020,July,30,Saturday,25 Jul 2020,13:00,163,170,333,163,170,333,No Group
Manchester City Council - Chorlton,Chorlton Place,2020,July,30,Saturday,25 Jul 2020,14:00,207,178,385,207,178,385,No Group
Manchester City Council - Chorlton,Chorlton Place,2020,July,30,Saturday,25 Jul 2020,15:00,214,196,410,214,196,410,No Group
Manchester City Council - Chorlton,Chorlton Place,2020,July,30,Saturday,25 Jul 2020,16:00,188,192,380,188,192,380,No Group
Manchester City Council - Chorlton,Chorlton Place,2020,July,30,Saturday,25 Jul 2020,17:00,113,112,225,113,112,225,No Group
Manchester City Council - Chorlton,Chorlton Place,2020,July,30,Saturday,25 Jul 2020,18:00,57,75,132,57,75,132,No Group
Manchester City Council - Chorlton,Chorlton Place,2020,July,30,Saturday,25 Jul 2020,19:00,64,58,122,64,58,122,No Group
Manchester City Council - Chorlton,Chorlton Place,2020,July,30,Saturday,25 Jul 2020,20:00,56,63,119,56,63,119,No Group
Manchester City Council - Chorlton,Chorlton Place,2020,July,30,Saturday,25 Jul 2020,21:00,48,37,85,48,37,85,No Group
Manchester City Council - Chorlton,Chorlton Place,2020,July,30,Saturday,25 Jul 2020,22:00,21,44,65,21,44,65,No Group
Manchester City Council - Chorlton,Chorlton Place,2020,July,30,Saturday,25 Jul 2020,23:00,19,25,44,19,25,44,No Group
Manchester City Council - Chorlton,Chorlton Place,2020,July,30,Sunday,26 Jul 2020,00:00,8,7,15,8,7,15,No Group
Manchester City Council - Chorlton,Chorlton Place,2020,July,30,Sunday,26 Jul 2020,01:00,10,4,14,10,4,14,No Group
Manchester City Council - Chorlton,Chorlton Place,2020,July,30,Sunday,26 Jul 2020,02:00,1,4,5,1,4,5,No Group
Manchester City Council - Chorlton,Chorlton Place,2020,July,30,Sunday,26 Jul 2020,03:00,1,4,5,1,4,5,No Group
Manchester City Council - Chorlton,Chorlton Place,2020,July,30,Sunday,26 Jul 2020,04:00,0,1,1,0,1,1,No Group
Manchester City Council - Chorlton,Chorlton Place,2020,July,30,Sunday,26 Jul 2020,05:00,0,3,3,0,3,3,No Group
Manchester City Council - Chorlton,Chorlton Place,2020,July,30,Sunday,26 Jul 2020,06:00,4,10,14,4,10,14,No Group
Manchester City Council - Chorlton,Chorlton Place,2020,July,30,Sunday,26 Jul 2020,07:00,8,17,25,8,17,25,No Group
Manchester City Council - Chorlton,Chorlton Place,2020,July,30,Sunday,26 Jul 2020,08:00,7,16,23,7,16,23,No Group
Manchester City Council - Chorlton,Chorlton Place,2020,July,30,Sunday,26 Jul 2020,09:00,16,26,42,16,26,42,No Group
Manchester City Council - Chorlton,Chorlton Place,2020,July,30,Sunday,26 Jul 2020,10:00,45,45,90,45,45,90,No Group
Manchester City Council - Chorlton,Chorlton Place,2020,July,30,Sunday,26 Jul 2020,11:00,74,64,138,74,64,138,No Group
Manchester City Council - Chorlton,Chorlton Place,2020,July,30,Sunday,26 Jul 2020,12:00,69,102,171,69,102,171,No Group
Manchester City Council - Chorlton,Chorlton Place,2020,July,30,Sunday,26 Jul 2020,13:00,111,129,240,111,129,240,No Group
Manchester City Council - Chorlton,Chorlton Place,2020,July,30,Sunday,26 Jul 2020,14:00,100,118,218,100,118,218,No Group
Manchester City Council - Chorlton,Chorlton Place,2020,July,30,Sunday,26 Jul 2020,15:00,91,85,176,91,85,176,No Group
Manchester City Council - Chorlton,Chorlton Place,2020,July,30,Sunday,26 Jul 2020,16:00,73,66,139,73,66,139,No Group
Manchester City Council - Chorlton,Chorlton Place,2020,July,30,Sunday,26 Jul 2020,17:00,35,58,93,35,58,93,No Group
Manchester City Council - Chorlton,Chorlton Place,2020,July,30,Sunday,26 Jul 2020,18:00,66,59,125,66,59,125,No Group
Manchester City Council - Chorlton,Chorlton Place,2020,July,30,Sunday,26 Jul 2020,19:00,43,36,79,43,36,79,No Group
Manchester City Council - Chorlton,Chorlton Place,2020,July,30,Sunday,26 Jul 2020,20:00,30,43,73,30,43,73,No Group
Manchester City Council - Chorlton,Chorlton Place,2020,July,30,Sunday,26 Jul 2020,21:00,22,34,56,22,34,56,No Group
Manchester City Council - Chorlton,Chorlton Place,2020,July,30,Sunday,26 Jul 2020,22:00,13,33,46,13,33,46,No Group
Manchester City Council - Chorlton,Chorlton Place,2020,July,30,Sunday,26 Jul 2020,23:00,13,5,18,13,5,18,No Group
Manchester City Council - Chorlton,Chorlton Place,2020,July,31,Monday,27 Jul 2020,00:00,7,1,8,7,1,8,No Group
Manchester City Council - Chorlton,Chorlton Place,2020,July,31,Monday,27 Jul 2020,01:00,2,1,3,2,1,3,No Group
Manchester City Council - Chorlton,Chorlton Place,2020,July,31,Monday,27 Jul 2020,02:00,7,12,19,7,12,19,No Group
Manchester City Council - Chorlton,Chorlton Place,2020,July,31,Monday,27 Jul 2020,03:00,1,3,4,1,3,4,No Group
Manchester City Council - Chorlton,Chorlton Place,2020,July,31,Monday,27 Jul 2020,04:00,0,1,1,0,1,1,No Group
Manchester City Council - Chorlton,Chorlton Place,2020,July,31,Monday,27 Jul 2020,05:00,2,3,5,2,3,5,No Group
Manchester City Council - Chorlton,Chorlton Place,2020,July,31,Monday,27 Jul 2020,06:00,12,13,25,12,13,25,No Group
Manchester City Council - Chorlton,Chorlton Place,2020,July,31,Monday,27 Jul 2020,07:00,14,40,54,14,40,54,No Group
Manchester City Council - Chorlton,Chorlton Place,2020,July,31,Monday,27 Jul 2020,08:00,28,60,88,28,60,88,No Group
Manchester City Council - Chorlton,Chorlton Place,2020,July,31,Monday,27 Jul 2020,09:00,56,53,109,56,53,109,No Group
Manchester City Council - Chorlton,Chorlton Place,2020,July,31,Monday,27 Jul 2020,10:00,119,133,252,119,133,252,No Group
Manchester City Council - Chorlton,Chorlton Place,2020,July,31,Monday,27 Jul 2020,11:00,145,125,270,145,125,270,No Group
Manchester City Council - Chorlton,Chorlton Place,2020,July,31,Monday,27 Jul 2020,12:00,143,146,289,143,146,289,No Group
Manchester City Council - Chorlton,Chorlton Place,2020,July,31,Monday,27 Jul 2020,13:00,123,132,255,123,132,255,No Group
Manchester City Council - Chorlton,Chorlton Place,2020,July,31,Monday,27 Jul 2020,14:00,145,172,317,145,172,317,No Group
Manchester City Council - Chorlton,Chorlton Place,2020,July,31,Monday,27 Jul 2020,15:00,160,153,313,160,153,313,No Group
Manchester City Council - Chorlton,Chorlton Place,2020,July,31,Monday,27 Jul 2020,16:00,114,120,234,114,120,234,No Group
Manchester City Council - Chorlton,Chorlton Place,2020,July,31,Monday,27 Jul 2020,17:00,55,50,105,55,50,105,No Group
Manchester City Council - Chorlton,Chorlton Place,2020,July,31,Monday,27 Jul 2020,18:00,67,62,129,67,62,129,No Group
Manchester City Council - Chorlton,Chorlton Place,2020,July,31,Monday,27 Jul 2020,19:00,60,42,102,60,42,102,No Group
Manchester City Council - Chorlton,Chorlton Place,2020,July,31,Monday,27 Jul 2020,20:00,36,30,66,36,30,66,No Group
Manchester City Council - Chorlton,Chorlton Place,2020,July,31,Monday,27 Jul 2020,21:00,16,26,42,16,26,42,No Group
Manchester City Council - Chorlton,Chorlton Place,2020,July,31,Monday,27 Jul 2020,22:00,16,23,39,16,23,39,No Group
Manchester City Council - Chorlton,Chorlton Place,2020,July,31,Monday,27 Jul 2020,23:00,8,3,11,8,3,11,No Group
Manchester City Council - Chorlton,Chorlton Place,2020,July,31,Tuesday,28 Jul 2020,00:00,1,1,2,1,1,2,No Group
Manchester City Council - Chorlton,Chorlton Place,2020,July,31,Tuesday,28 Jul 2020,01:00,0,1,1,0,1,1,No Group
Manchester City Council - Chorlton,Chorlton Place,2020,July,31,Tuesday,28 Jul 2020,02:00,0,0,0,0,0,0,No Group
Manchester City Council - Chorlton,Chorlton Place,2020,July,31,Tuesday,28 Jul 2020,03:00,0,0,0,0,0,0,No Group
Manchester City Council - Chorlton,Chorlton Place,2020,July,31,Tuesday,28 Jul 2020,04:00,1,1,2,1,1,2,No Group
Manchester City Council - Chorlton,Chorlton Place,2020,July,31,Tuesday,28 Jul 2020,05:00,1,2,3,1,2,3,No Group
Manchester City Council - Chorlton,Chorlton Place,2020,July,31,Tuesday,28 Jul 2020,06:00,14,22,36,14,22,36,No Group
Manchester City Council - Chorlton,Chorlton Place,2020,July,31,Tuesday,28 Jul 2020,07:00,5,24,29,5,24,29,No Group
Manchester City Council - Chorlton,Chorlton Place,2020,July,31,Tuesday,28 Jul 2020,08:00,25,37,62,25,37,62,No Group
Manchester City Council - Chorlton,Chorlton Place,2020,July,31,Tuesday,28 Jul 2020,09:00,61,67,128,61,67,128,No Group
Manchester City Council - Chorlton,Chorlton Place,2020,July,31,Tuesday,28 Jul 2020,10:00,114,117,231,114,117,231,No Group
Manchester City Council - Chorlton,Chorlton Place,2020,July,31,Tuesday,28 Jul 2020,11:00,152,151,303,152,151,303,No Group
Manchester City Council - Chorlton,Chorlton Place,2020,July,31,Tuesday,28 Jul 2020,12:00,174,179,353,174,179,353,No Group
Manchester City Council - Chorlton,Chorlton Place,2020,July,31,Tuesday,28 Jul 2020,13:00,212,182,394,212,182,394,No Group
Manchester City Council - Chorlton,Chorlton Place,2020,July,31,Tuesday,28 Jul 2020,14:00,164,152,316,164,152,316,No Group
Manchester City Council - Chorlton,Chorlton Place,2020,July,31,Tuesday,28 Jul 2020,15:00,144,139,283,144,139,283,No Group
Manchester City Council - Chorlton,Chorlton Place,2020,July,31,Tuesday,28 Jul 2020,16:00,185,189,374,185,189,374,No Group
Manchester City Council - Chorlton,Chorlton Place,2020,July,31,Tuesday,28 Jul 2020,17:00,66,64,130,66,64,130,No Group
Manchester City Council - Chorlton,Chorlton Place,2020,July,31,Tuesday,28 Jul 2020,18:00,72,69,141,72,69,141,No Group
Manchester City Council - Chorlton,Chorlton Place,2020,July,31,Tuesday,28 Jul 2020,19:00,60,48,108,60,48,108,No Group
Manchester City Council - Chorlton,Chorlton Place,2020,July,31,Tuesday,28 Jul 2020,20:00,32,26,58,32,26,58,No Group
Manchester City Council - Chorlton,Chorlton Place,2020,July,31,Tuesday,28 Jul 2020,21:00,32,30,62,32,30,62,No Group
Manchester City Council - Chorlton,Chorlton Place,2020,July,31,Tuesday,28 Jul 2020,22:00,9,27,36,9,27,36,No Group
Manchester City Council - Chorlton,Chorlton Place,2020,July,31,Tuesday,28 Jul 2020,23:00,13,8,21,13,8,21,No Group
Manchester City Council - Chorlton,Chorlton Place,2020,July,31,Wednesday,29 Jul 2020,00:00,9,1,10,9,1,10,No Group
Manchester City Council - Chorlton,Chorlton Place,2020,July,31,Wednesday,29 Jul 2020,01:00,1,2,3,1,2,3,No Group
Manchester City Council - Chorlton,Chorlton Place,2020,July,31,Wednesday,29 Jul 2020,02:00,0,0,0,0,0,0,No Group
Manchester City Council - Chorlton,Chorlton Place,2020,July,31,Wednesday,29 Jul 2020,03:00,1,1,2,1,1,2,No Group
Manchester City Council - Chorlton,Chorlton Place,2020,July,31,Wednesday,29 Jul 2020,04:00,0,0,0,0,0,0,No Group
Manchester City Council - Chorlton,Chorlton Place,2020,July,31,Wednesday,29 Jul 2020,05:00,2,5,7,2,5,7,No Group
Manchester City Council - Chorlton,Chorlton Place,2020,July,31,Wednesday,29 Jul 2020,06:00,8,8,16,8,8,16,No Group
Manchester City Council - Chorlton,Chorlton Place,2020,July,31,Wednesday,29 Jul 2020,07:00,9,21,30,9,21,30,No Group
Manchester City Council - Chorlton,Chorlton Place,2020,July,31,Wednesday,29 Jul 2020,08:00,31,58,89,31,58,89,No Group
Manchester City Council - Chorlton,Chorlton Place,2020,July,31,Wednesday,29 Jul 2020,09:00,77,73,150,77,73,150,No Group
Manchester City Council - Chorlton,Chorlton Place,2020,July,31,Wednesday,29 Jul 2020,10:00,99,120,219,99,120,219,No Group
Manchester City Council - Chorlton,Chorlton Place,2020,July,31,Wednesday,29 Jul 2020,11:00,140,141,281,140,141,281,No Group
Manchester City Council - Chorlton,Chorlton Place,2020,July,31,Wednesday,29 Jul 2020,12:00,183,184,367,183,184,367,No Group
Manchester City Council - Chorlton,Chorlton Place,2020,July,31,Wednesday,29 Jul 2020,13:00,177,190,367,177,190,367,No Group
Manchester City Council - Chorlton,Chorlton Place,2020,July,31,Wednesday,29 Jul 2020,14:00,200,164,364,200,164,364,No Group
Manchester City Council - Chorlton,Chorlton Place,2020,July,31,Wednesday,29 Jul 2020,15:00,146,137,283,146,137,283,No Group
Manchester City Council - Chorlton,Chorlton Place,2020,July,31,Wednesday,29 Jul 2020,16:00,107,139,246,107,139,246,No Group
Manchester City Council - Chorlton,Chorlton Place,2020,July,31,Wednesday,29 Jul 2020,17:00,73,74,147,73,74,147,No Group
Manchester City Council - Chorlton,Chorlton Place,2020,July,31,Wednesday,29 Jul 2020,18:00,66,65,131,66,65,131,No Group
Manchester City Council - Chorlton,Chorlton Place,2020,July,31,Wednesday,29 Jul 2020,19:00,62,56,118,62,56,118,No Group
Manchester City Council - Chorlton,Chorlton Place,2020,July,31,Wednesday,29 Jul 2020,20:00,46,41,87,46,41,87,No Group
Manchester City Council - Chorlton,Chorlton Place,2020,July,31,Wednesday,29 Jul 2020,21:00,32,38,70,32,38,70,No Group
Manchester City Council - Chorlton,Chorlton Place,2020,July,31,Wednesday,29 Jul 2020,22:00,10,32,42,10,32,42,No Group
Manchester City Council - Chorlton,Chorlton Place,2020,July,31,Wednesday,29 Jul 2020,23:00,10,12,22,10,12,22,No Group
Manchester City Council - Chorlton,Chorlton Place,2020,July,31,Thursday,30 Jul 2020,00:00,3,3,6,3,3,6,No Group
Manchester City Council - Chorlton,Chorlton Place,2020,July,31,Thursday,30 Jul 2020,01:00,3,1,4,3,1,4,No Group
Manchester City Council - Chorlton,Chorlton Place,2020,July,31,Thursday,30 Jul 2020,02:00,2,1,3,2,1,3,No Group
Manchester City Council - Chorlton,Chorlton Place,2020,July,31,Thursday,30 Jul 2020,03:00,0,0,0,0,0,0,No Group
Manchester City Council - Chorlton,Chorlton Place,2020,July,31,Thursday,30 Jul 2020,04:00,0,0,0,0,0,0,No Group
Manchester City Council - Chorlton,Chorlton Place,2020,July,31,Thursday,30 Jul 2020,05:00,3,5,8,3,5,8,No Group
Manchester City Council - Chorlton,Chorlton Place,2020,July,31,Thursday,30 Jul 2020,06:00,8,17,25,8,17,25,No Group
Manchester City Council - Chorlton,Chorlton Place,2020,July,31,Thursday,30 Jul 2020,07:00,17,30,47,17,30,47,No Group
Manchester City Council - Chorlton,Chorlton Place,2020,July,31,Thursday,30 Jul 2020,08:00,33,42,75,33,42,75,No Group
Manchester City Council - Chorlton,Chorlton Place,2020,July,31,Thursday,30 Jul 2020,09:00,64,79,143,64,79,143,No Group
Manchester City Council - Chorlton,Chorlton Place,2020,July,31,Thursday,30 Jul 2020,10:00,122,153,275,122,153,275,No Group
Manchester City Council - Chorlton,Chorlton Place,2020,July,31,Thursday,30 Jul 2020,11:00,157,130,287,157,130,287,No Group
Manchester City Council - Chorlton,Chorlton Place,2020,July,31,Thursday,30 Jul 2020,12:00,181,203,384,181,203,384,No Group
Manchester City Council - Chorlton,Chorlton Place,2020,July,31,Thursday,30 Jul 2020,13:00,215,218,433,215,218,433,No Group
Manchester City Council - Chorlton,Chorlton Place,2020,July,31,Thursday,30 Jul 2020,14:00,190,186,376,190,186,376,No Group
Manchester City Council - Chorlton,Chorlton Place,2020,July,31,Thursday,30 Jul 2020,15:00,137,139,276,137,139,276,No Group
Manchester City Council - Chorlton,Chorlton Place,2020,July,31,Thursday,30 Jul 2020,16:00,101,114,215,101,114,215,No Group
Manchester City Council - Chorlton,Chorlton Place,2020,July,31,Thursday,30 Jul 2020,17:00,92,68,160,92,68,160,No Group
Manchester City Council - Chorlton,Chorlton Place,2020,July,31,Thursday,30 Jul 2020,18:00,60,81,141,60,81,141,No Group
Manchester City Council - Chorlton,Chorlton Place,2020,July,31,Thursday,30 Jul 2020,19:00,48,47,95,48,47,95,No Group
Manchester City Council - Chorlton,Chorlton Place,2020,July,31,Thursday,30 Jul 2020,20:00,40,50,90,40,50,90,No Group
Manchester City Council - Chorlton,Chorlton Place,2020,July,31,Thursday,30 Jul 2020,21:00,24,29,53,24,29,53,No Group
Manchester City Council - Chorlton,Chorlton Place,2020,July,31,Thursday,30 Jul 2020,22:00,27,34,61,27,34,61,No Group
Manchester City Council - Chorlton,Chorlton Place,2020,July,31,Thursday,30 Jul 2020,23:00,19,20,39,19,20,39,No Group
Manchester City Council - Chorlton,Chorlton Place,2020,July,31,Friday,31 Jul 2020,00:00,9,1,10,9,1,10,No Group
Manchester City Council - Chorlton,Chorlton Place,2020,July,31,Friday,31 Jul 2020,01:00,3,1,4,3,1,4,No Group
Manchester City Council - Chorlton,Chorlton Place,2020,July,31,Friday,31 Jul 2020,02:00,0,1,1,0,1,1,No Group
Manchester City Council - Chorlton,Chorlton Place,2020,July,31,Friday,31 Jul 2020,03:00,1,0,1,1,0,1,No Group
Manchester City Council - Chorlton,Chorlton Place,2020,July,31,Friday,31 Jul 2020,04:00,2,1,3,2,1,3,No Group
Manchester City Council - Chorlton,Chorlton Place,2020,July,31,Friday,31 Jul 2020,05:00,3,5,8,3,5,8,No Group
Manchester City Council - Chorlton,Chorlton Place,2020,July,31,Friday,31 Jul 2020,06:00,12,20,32,12,20,32,No Group
Manchester City Council - Chorlton,Chorlton Place,2020,July,31,Friday,31 Jul 2020,07:00,14,31,45,14,31,45,No Group
Manchester City Council - Chorlton,Chorlton Place,2020,July,31,Friday,31 Jul 2020,08:00,51,63,114,51,63,114,No Group
Manchester City Council - Chorlton,Chorlton Place,2020,July,31,Friday,31 Jul 2020,09:00,64,77,141,64,77,141,No Group
Manchester City Council - Chorlton,Chorlton Place,2020,July,31,Friday,31 Jul 2020,10:00,110,143,253,110,143,253,No Group
Manchester City Council - Chorlton,Chorlton Place,2020,July,31,Friday,31 Jul 2020,11:00,162,190,352,162,190,352,No Group
Manchester City Council - Chorlton,Chorlton Place,2020,July,31,Friday,31 Jul 2020,12:00,202,218,420,202,218,420,No Group
Manchester City Council - Chorlton,Chorlton Place,2020,July,31,Friday,31 Jul 2020,13:00,218,287,505,218,287,505,No Group
Manchester City Council - Chorlton,Chorlton Place,2020,July,31,Friday,31 Jul 2020,14:00,246,207,453,246,207,453,No Group
Manchester City Council - Chorlton,Chorlton Place,2020,July,31,Friday,31 Jul 2020,15:00,106,142,248,106,142,248,No Group
Manchester City Council - Chorlton,Chorlton Place,2020,July,31,Friday,31 Jul 2020,16:00,99,100,199,99,100,199,No Group
Manchester City Council - Chorlton,Chorlton Place,2020,July,31,Friday,31 Jul 2020,17:00,63,67,130,63,67,130,No Group
Manchester City Council - Chorlton,Chorlton Place,2020,July,31,Friday,31 Jul 2020,18:00,58,61,119,58,61,119,No Group
Manchester City Council - Chorlton,Chorlton Place,2020,July,31,Friday,31 Jul 2020,19:00,58,54,112,58,54,112,No Group
Manchester City Council - Chorlton,Chorlton Place,2020,July,31,Friday,31 Jul 2020,20:00,60,53,113,60,53,113,No Group
Manchester City Council - Chorlton,Chorlton Place,2020,July,31,Friday,31 Jul 2020,21:00,30,45,75,30,45,75,No Group
Manchester City Council - Chorlton,Chorlton Place,2020,July,31,Friday,31 Jul 2020,22:00,42,68,110,42,68,110,No Group
Manchester City Council - Chorlton,Chorlton Place,2020,July,31,Friday,31 Jul 2020,23:00,20,43,63,20,43,63,No Group
Manchester City Council - Chorlton,Chorlton Place,2020,July,31,Saturday,01 Aug 2020,00:00,11,8,19,11,8,19,No Group
Manchester City Council - Chorlton,Chorlton Place,2020,July,31,Saturday,01 Aug 2020,01:00,7,2,9,7,2,9,No Group
Manchester City Council - Chorlton,Chorlton Place,2020,July,31,Saturday,01 Aug 2020,02:00,5,2,7,5,2,7,No Group
Manchester City Council - Chorlton,Chorlton Place,2020,July,31,Saturday,01 Aug 2020,03:00,3,0,3,3,0,3,No Group
Manchester City Council - Chorlton,Chorlton Place,2020,July,31,Saturday,01 Aug 2020,04:00,0,2,2,0,2,2,No Group
Manchester City Council - Chorlton,Chorlton Place,2020,July,31,Saturday,01 Aug 2020,05:00,8,7,15,8,7,15,No Group
Manchester City Council - Chorlton,Chorlton Place,2020,July,31,Saturday,01 Aug 2020,06:00,5,8,13,5,8,13,No Group
Manchester City Council - Chorlton,Chorlton Place,2020,July,31,Saturday,01 Aug 2020,07:00,13,14,27,13,14,27,No Group
Manchester City Council - Chorlton,Chorlton Place,2020,July,31,Saturday,01 Aug 2020,08:00,36,49,85,36,49,85,No Group
Manchester City Council - Chorlton,Chorlton Place,2020,July,31,Saturday,01 Aug 2020,09:00,83,89,172,83,89,172,No Group
Manchester City Council - Chorlton,Chorlton Place,2020,July,31,Saturday,01 Aug 2020,10:00,108,99,207,108,99,207,No Group
Manchester City Council - Chorlton,Chorlton Place,2020,July,31,Saturday,01 Aug 2020,11:00,159,173,332,159,173,332,No Group
Manchester City Council - Chorlton,Chorlton Place,2020,July,31,Saturday,01 Aug 2020,12:00,176,177,353,176,177,353,No Group
Manchester City Council - Chorlton,Chorlton Place,2020,July,31,Saturday,01 Aug 2020,13:00,199,198,397,199,198,397,No Group
Manchester City Council - Chorlton,Chorlton Place,2020,July,31,Saturday,01 Aug 2020,14:00,182,175,357,182,175,357,No Group
Manchester City Council - Chorlton,Chorlton Place,2020,July,31,Saturday,01 Aug 2020,15:00,218,191,409,218,191,409,No Group
Manchester City Council - Chorlton,Chorlton Place,2020,July,31,Saturday,01 Aug 2020,16:00,145,128,273,145,128,273,No Group
Manchester City Council - Chorlton,Chorlton Place,2020,July,31,Saturday,01 Aug 2020,17:00,90,91,181,90,91,181,No Group
Manchester City Council - Chorlton,Chorlton Place,2020,July,31,Saturday,01 Aug 2020,18:00,64,53,117,64,53,117,No Group
Manchester City Council - Chorlton,Chorlton Place,2020,July,31,Saturday,01 Aug 2020,19:00,51,71,122,51,71,122,No Group
Manchester City Council - Chorlton,Chorlton Place,2020,July,31,Saturday,01 Aug 2020,20:00,37,47,84,37,47,84,No Group
Manchester City Council - Chorlton,Chorlton Place,2020,July,31,Saturday,01 Aug 2020,21:00,31,41,72,31,41,72,No Group
Manchester City Council - Chorlton,Chorlton Place,2020,July,31,Saturday,01 Aug 2020,22:00,44,40,84,44,40,84,No Group
Manchester City Council - Chorlton,Chorlton Place,2020,July,31,Saturday,01 Aug 2020,23:00,13,9,22,13,9,22,No Group
Manchester City Council - Chorlton,Chorlton Place,2020,July,31,Sunday,02 Aug 2020,00:00,5,5,10,5,5,10,No Group
Manchester City Council - Chorlton,Chorlton Place,2020,July,31,Sunday,02 Aug 2020,01:00,9,0,9,9,0,9,No Group
Manchester City Council - Chorlton,Chorlton Place,2020,July,31,Sunday,02 Aug 2020,02:00,2,2,4,2,2,4,No Group
Manchester City Council - Chorlton,Chorlton Place,2020,July,31,Sunday,02 Aug 2020,03:00,9,1,10,9,1,10,No Group
Manchester City Council - Chorlton,Chorlton Place,2020,July,31,Sunday,02 Aug 2020,04:00,2,0,2,2,0,2,No Group
Manchester City Council - Chorlton,Chorlton Place,2020,July,31,Sunday,02 Aug 2020,05:00,2,2,4,2,2,4,No Group
Manchester City Council - Chorlton,Chorlton Place,2020,July,31,Sunday,02 Aug 2020,06:00,3,4,7,3,4,7,No Group
Manchester City Council - Chorlton,Chorlton Place,2020,July,31,Sunday,02 Aug 2020,07:00,9,5,14,9,5,14,No Group
Manchester City Council - Chorlton,Chorlton Place,2020,July,31,Sunday,02 Aug 2020,08:00,14,21,35,14,21,35,No Group
Manchester City Council - Chorlton,Chorlton Place,2020,July,31,Sunday,02 Aug 2020,09:00,23,42,65,23,42,65,No Group
Manchester City Council - Chorlton,Chorlton Place,2020,July,31,Sunday,02 Aug 2020,10:00,64,64,128,64,64,128,No Group
Manchester City Council - Chorlton,Chorlton Place,2020,July,31,Sunday,02 Aug 2020,11:00,72,67,139,72,67,139,No Group
Manchester City Council - Chorlton,Chorlton Place,2020,July,31,Sunday,02 Aug 2020,12:00,95,115,210,95,115,210,No Group
Manchester City Council - Chorlton,Chorlton Place,2020,July,31,Sunday,02 Aug 2020,13:00,148,134,282,148,134,282,No Group
Manchester City Council - Chorlton,Chorlton Place,2020,July,31,Sunday,02 Aug 2020,14:00,104,124,228,104,124,228,No Group
Manchester City Council - Chorlton,Chorlton Place,2020,July,31,Sunday,02 Aug 2020,15:00,105,114,219,105,114,219,No Group
Manchester City Council - Chorlton,Chorlton Place,2020,July,31,Sunday,02 Aug 2020,16:00,79,77,156,79,77,156,No Group
Manchester City Council - Chorlton,Chorlton Place,2020,July,31,Sunday,02 Aug 2020,17:00,65,62,127,65,62,127,No Group
Manchester City Council - Chorlton,Chorlton Place,2020,July,31,Sunday,02 Aug 2020,18:00,50,49,99,50,49,99,No Group
Manchester City Council - Chorlton,Chorlton Place,2020,July,31,Sunday,02 Aug 2020,19:00,47,58,105,47,58,105,No Group
Manchester City Council - Chorlton,Chorlton Place,2020,July,31,Sunday,02 Aug 2020,20:00,40,33,73,40,33,73,No Group
Manchester City Council - Chorlton,Chorlton Place,2020,July,31,Sunday,02 Aug 2020,21:00,23,18,41,23,18,41,No Group
Manchester City Council - Chorlton,Chorlton Place,2020,July,31,Sunday,02 Aug 2020,22:00,13,11,24,13,11,24,No Group
Manchester City Council - Chorlton,Chorlton Place,2020,July,31,Sunday,02 Aug 2020,23:00,7,10,17,7,10,17,No Group
Manchester City Council - Chorlton,Chorlton Place,2020,August,32,Monday,03 Aug 2020,00:00,9,5,14,9,5,14,No Group
Manchester City Council - Chorlton,Chorlton Place,2020,August,32,Monday,03 Aug 2020,01:00,5,8,13,5,8,13,No Group
Manchester City Council - Chorlton,Chorlton Place,2020,August,32,Monday,03 Aug 2020,02:00,3,5,8,3,5,8,No Group
Manchester City Council - Chorlton,Chorlton Place,2020,August,32,Monday,03 Aug 2020,03:00,0,1,1,0,1,1,No Group
Manchester City Council - Chorlton,Chorlton Place,2020,August,32,Monday,03 Aug 2020,04:00,0,0,0,0,0,0,No Group
Manchester City Council - Chorlton,Chorlton Place,2020,August,32,Monday,03 Aug 2020,05:00,3,3,6,3,3,6,No Group
Manchester City Council - Chorlton,Chorlton Place,2020,August,32,Monday,03 Aug 2020,06:00,8,12,20,8,12,20,No Group
Manchester City Council - Chorlton,Chorlton Place,2020,August,32,Monday,03 Aug 2020,07:00,12,14,26,12,14,26,No Group
Manchester City Council - Chorlton,Chorlton Place,2020,August,32,Monday,03 Aug 2020,08:00,30,57,87,30,57,87,No Group
Manchester City Council - Chorlton,Chorlton Place,2020,August,32,Monday,03 Aug 2020,09:00,58,61,119,58,61,119,No Group
Manchester City Council - Chorlton,Chorlton Place,2020,August,32,Monday,03 Aug 2020,10:00,98,113,211,98,113,211,No Group
Manchester City Council - Chorlton,Chorlton Place,2020,August,32,Monday,03 Aug 2020,11:00,117,117,234,117,117,234,No Group
Manchester City Council - Chorlton,Chorlton Place,2020,August,32,Monday,03 Aug 2020,12:00,150,178,328,150,178,328,No Group
Manchester City Council - Chorlton,Chorlton Place,2020,August,32,Monday,03 Aug 2020,13:00,245,242,487,245,242,487,No Group
Manchester City Council - Chorlton,Chorlton Place,2020,August,32,Monday,03 Aug 2020,14:00,194,186,380,194,186,380,No Group
Manchester City Council - Chorlton,Chorlton Place,2020,August,32,Monday,03 Aug 2020,15:00,127,125,252,127,125,252,No Group
Manchester City Council - Chorlton,Chorlton Place,2020,August,32,Monday,03 Aug 2020,16:00,103,127,230,103,127,230,No Group
Manchester City Council - Chorlton,Chorlton Place,2020,August,32,Monday,03 Aug 2020,17:00,113,104,217,113,104,217,No Group
Manchester City Council - Chorlton,Chorlton Place,2020,August,32,Monday,03 Aug 2020,18:00,72,93,165,72,93,165,No Group
Manchester City Council - Chorlton,Chorlton Place,2020,August,32,Monday,03 Aug 2020,19:00,65,53,118,65,53,118,No Group
Manchester City Council - Chorlton,Chorlton Place,2020,August,32,Monday,03 Aug 2020,20:00,46,55,101,46,55,101,No Group
Manchester City Council - Chorlton,Chorlton Place,2020,August,32,Monday,03 Aug 2020,21:00,33,32,65,33,32,65,No Group
Manchester City Council - Chorlton,Chorlton Place,2020,August,32,Monday,03 Aug 2020,22:00,13,25,38,13,25,38,No Group
Manchester City Council - Chorlton,Chorlton Place,2020,August,32,Monday,03 Aug 2020,23:00,3,10,13,3,10,13,No Group
Manchester City Council - Chorlton,Chorlton Place,2020,August,32,Tuesday,04 Aug 2020,00:00,1,0,1,1,0,1,No Group
Manchester City Council - Chorlton,Chorlton Place,2020,August,32,Tuesday,04 Aug 2020,01:00,2,2,4,2,2,4,No Group
Manchester City Council - Chorlton,Chorlton Place,2020,August,32,Tuesday,04 Aug 2020,02:00,1,1,2,1,1,2,No Group
Manchester City Council - Chorlton,Chorlton Place,2020,August,32,Tuesday,04 Aug 2020,03:00,0,0,0,0,0,0,No Group
Manchester City Council - Chorlton,Chorlton Place,2020,August,32,Tuesday,04 Aug 2020,04:00,0,1,1,0,1,1,No Group
Manchester City Council - Chorlton,Chorlton Place,2020,August,32,Tuesday,04 Aug 2020,05:00,1,6,7,1,6,7,No Group
Manchester City Council - Chorlton,Chorlton Place,2020,August,32,Tuesday,04 Aug 2020,06:00,7,13,20,7,13,20,No Group
Manchester City Council - Chorlton,Chorlton Place,2020,August,32,Tuesday,04 Aug 2020,07:00,17,23,40,17,23,40,No Group
Manchester City Council - Chorlton,Chorlton Place,2020,August,32,Tuesday,04 Aug 2020,08:00,33,50,83,33,50,83,No Group
Manchester City Council - Chorlton,Chorlton Place,2020,August,32,Tuesday,04 Aug 2020,09:00,58,74,132,58,74,132,No Group
Manchester City Council - Chorlton,Chorlton Place,2020,August,32,Tuesday,04 Aug 2020,10:00,110,123,233,110,123,233,No Group
Manchester City Council - Chorlton,Chorlton Place,2020,August,32,Tuesday,04 Aug 2020,11:00,137,140,277,137,140,277,No Group
Manchester City Council - Chorlton,Chorlton Place,2020,August,32,Tuesday,04 Aug 2020,12:00,164,160,324,164,160,324,No Group
Manchester City Council - Chorlton,Chorlton Place,2020,August,32,Tuesday,04 Aug 2020,13:00,144,154,298,144,154,298,No Group
Manchester City Council - Chorlton,Chorlton Place,2020,August,32,Tuesday,04 Aug 2020,14:00,149,156,305,149,156,305,No Group
Manchester City Council - Chorlton,Chorlton Place,2020,August,32,Tuesday,04 Aug 2020,15:00,130,125,255,130,125,255,No Group
Manchester City Council - Chorlton,Chorlton Place,2020,August,32,Tuesday,04 Aug 2020,16:00,132,143,275,132,143,275,No Group
Manchester City Council - Chorlton,Chorlton Place,2020,August,32,Tuesday,04 Aug 2020,17:00,73,75,148,73,75,148,No Group
Manchester City Council - Chorlton,Chorlton Place,2020,August,32,Tuesday,04 Aug 2020,18:00,58,52,110,58,52,110,No Group
Manchester City Council - Chorlton,Chorlton Place,2020,August,32,Tuesday,04 Aug 2020,19:00,37,65,102,37,65,102,No Group
Manchester City Council - Chorlton,Chorlton Place,2020,August,32,Tuesday,04 Aug 2020,20:00,31,27,58,31,27,58,No Group
Manchester City Council - Chorlton,Chorlton Place,2020,August,32,Tuesday,04 Aug 2020,21:00,23,38,61,23,38,61,No Group
Manchester City Council - Chorlton,Chorlton Place,2020,August,32,Tuesday,04 Aug 2020,22:00,19,14,33,19,14,33,No Group
Manchester City Council - Chorlton,Chorlton Place,2020,August,32,Tuesday,04 Aug 2020,23:00,4,3,7,4,3,7,No Group
Manchester City Council - Chorlton,Chorlton Place,2020,August,32,Wednesday,05 Aug 2020,00:00,3,3,6,3,3,6,No Group
Manchester City Council - Chorlton,Chorlton Place,2020,August,32,Wednesday,05 Aug 2020,01:00,1,3,4,1,3,4,No Group
Manchester City Council - Chorlton,Chorlton Place,2020,August,32,Wednesday,05 Aug 2020,02:00,1,1,2,1,1,2,No Group
Manchester City Council - Chorlton,Chorlton Place,2020,August,32,Wednesday,05 Aug 2020,03:00,0,1,1,0,1,1,No Group
Manchester City Council - Chorlton,Chorlton Place,2020,August,32,Wednesday,05 Aug 2020,04:00,0,0,0,0,0,0,No Group
Manchester City Council - Chorlton,Chorlton Place,2020,August,32,Wednesday,05 Aug 2020,05:00,4,5,9,4,5,9,No Group
Manchester City Council - Chorlton,Chorlton Place,2020,August,32,Wednesday,05 Aug 2020,06:00,9,18,27,9,18,27,No Group
Manchester City Council - Chorlton,Chorlton Place,2020,August,32,Wednesday,05 Aug 2020,07:00,12,21,33,12,21,33,No Group
Manchester City Council - Chorlton,Chorlton Place,2020,August,32,Wednesday,05 Aug 2020,08:00,33,66,99,33,66,99,No Group
Manchester City Council - Chorlton,Chorlton Place,2020,August,32,Wednesday,05 Aug 2020,09:00,63,81,144,63,81,144,No Group
Manchester City Council - Chorlton,Chorlton Place,2020,August,32,Wednesday,05 Aug 2020,10:00,100,116,216,100,116,216,No Group
Manchester City Council - Chorlton,Chorlton Place,2020,August,32,Wednesday,05 Aug 2020,11:00,138,136,274,138,136,274,No Group
Manchester City Council - Chorlton,Chorlton Place,2020,August,32,Wednesday,05 Aug 2020,12:00,151,170,321,151,170,321,No Group
Manchester City Council - Chorlton,Chorlton Place,2020,August,32,Wednesday,05 Aug 2020,13:00,162,200,362,162,200,362,No Group
Manchester City Council - Chorlton,Chorlton Place,2020,August,32,Wednesday,05 Aug 2020,14:00,164,153,317,164,153,317,No Group
Manchester City Council - Chorlton,Chorlton Place,2020,August,32,Wednesday,05 Aug 2020,15:00,164,151,315,164,151,315,No Group
Manchester City Council - Chorlton,Chorlton Place,2020,August,32,Wednesday,05 Aug 2020,16:00,155,139,294,155,139,294,No Group
Manchester City Council - Chorlton,Chorlton Place,2020,August,32,Wednesday,05 Aug 2020,17:00,92,93,185,92,93,185,No Group
Manchester City Council - Chorlton,Chorlton Place,2020,August,32,Wednesday,05 Aug 2020,18:00,55,62,117,55,62,117,No Group
Manchester City Council - Chorlton,Chorlton Place,2020,August,32,Wednesday,05 Aug 2020,19:00,74,55,129,74,55,129,No Group
Manchester City Council - Chorlton,Chorlton Place,2020,August,32,Wednesday,05 Aug 2020,20:00,61,58,119,61,58,119,No Group
Manchester City Council - Chorlton,Chorlton Place,2020,August,32,Wednesday,05 Aug 2020,21:00,27,32,59,27,32,59,No Group
Manchester City Council - Chorlton,Chorlton Place,2020,August,32,Wednesday,05 Aug 2020,22:00,17,24,41,17,24,41,No Group
Manchester City Council - Chorlton,Chorlton Place,2020,August,32,Wednesday,05 Aug 2020,23:00,9,15,24,9,15,24,No Group
Manchester City Council - Chorlton,Chorlton Place,2020,August,32,Thursday,06 Aug 2020,00:00,4,4,8,4,4,8,No Group
Manchester City Council - Chorlton,Chorlton Place,2020,August,32,Thursday,06 Aug 2020,01:00,6,3,9,6,3,9,No Group
Manchester City Council - Chorlton,Chorlton Place,2020,August,32,Thursday,06 Aug 2020,02:00,0,1,1,0,1,1,No Group
Manchester City Council - Chorlton,Chorlton Place,2020,August,32,Thursday,06 Aug 2020,03:00,0,1,1,0,1,1,No Group
Manchester City Council - Chorlton,Chorlton Place,2020,August,32,Thursday,06 Aug 2020,04:00,0,0,0,0,0,0,No Group
Manchester City Council - Chorlton,Chorlton Place,2020,August,32,Thursday,06 Aug 2020,05:00,1,4,5,1,4,5,No Group
Manchester City Council - Chorlton,Chorlton Place,2020,August,32,Thursday,06 Aug 2020,06:00,14,25,39,14,25,39,No Group
Manchester City Council - Chorlton,Chorlton Place,2020,August,32,Thursday,06 Aug 2020,07:00,10,32,42,10,32,42,No Group
Manchester City Council - Chorlton,Chorlton Place,2020,August,32,Thursday,06 Aug 2020,08:00,30,45,75,30,45,75,No Group
Manchester City Council - Chorlton,Chorlton Place,2020,August,32,Thursday,06 Aug 2020,09:00,73,82,155,73,82,155,No Group
Manchester City Council - Chorlton,Chorlton Place,2020,August,32,Thursday,06 Aug 2020,10:00,104,100,204,104,100,204,No Group
Manchester City Council - Chorlton,Chorlton Place,2020,August,32,Thursday,06 Aug 2020,11:00,140,166,306,140,166,306,No Group
Manchester City Council - Chorlton,Chorlton Place,2020,August,32,Thursday,06 Aug 2020,12:00,188,164,352,188,164,352,No Group
Manchester City Council - Chorlton,Chorlton Place,2020,August,32,Thursday,06 Aug 2020,13:00,157,167,324,157,167,324,No Group
Manchester City Council - Chorlton,Chorlton Place,2020,August,32,Thursday,06 Aug 2020,14:00,142,152,294,142,152,294,No Group
Manchester City Council - Chorlton,Chorlton Place,2020,August,32,Thursday,06 Aug 2020,15:00,126,149,275,126,149,275,No Group
Manchester City Council - Chorlton,Chorlton Place,2020,August,32,Thursday,06 Aug 2020,16:00,116,127,243,116,127,243,No Group
Manchester City Council - Chorlton,Chorlton Place,2020,August,32,Thursday,06 Aug 2020,17:00,78,69,147,78,69,147,No Group
Manchester City Council - Chorlton,Chorlton Place,2020,August,32,Thursday,06 Aug 2020,18:00,67,57,124,67,57,124,No Group
Manchester City Council - Chorlton,Chorlton Place,2020,August,32,Thursday,06 Aug 2020,19:00,69,43,112,69,43,112,No Group
Manchester City Council - Chorlton,Chorlton Place,2020,August,32,Thursday,06 Aug 2020,20:00,46,57,103,46,57,103,No Group
Manchester City Council - Chorlton,Chorlton Place,2020,August,32,Thursday,06 Aug 2020,21:00,18,31,49,18,31,49,No Group
Manchester City Council - Chorlton,Chorlton Place,2020,August,32,Thursday,06 Aug 2020,22:00,13,22,35,13,22,35,No Group
Manchester City Council - Chorlton,Chorlton Place,2020,August,32,Thursday,06 Aug 2020,23:00,6,16,22,6,16,22,No Group
Manchester City Council - Chorlton,Chorlton Place,2020,August,32,Friday,07 Aug 2020,00:00,3,2,5,3,2,5,No Group
Manchester City Council - Chorlton,Chorlton Place,2020,August,32,Friday,07 Aug 2020,01:00,2,3,5,2,3,5,No Group
Manchester City Council - Chorlton,Chorlton Place,2020,August,32,Friday,07 Aug 2020,02:00,1,1,2,1,1,2,No Group
Manchester City Council - Chorlton,Chorlton Place,2020,August,32,Friday,07 Aug 2020,03:00,0,1,1,0,1,1,No Group
Manchester City Council - Chorlton,Chorlton Place,2020,August,32,Friday,07 Aug 2020,04:00,4,2,6,4,2,6,No Group
Manchester City Council - Chorlton,Chorlton Place,2020,August,32,Friday,07 Aug 2020,05:00,2,5,7,2,5,7,No Group
Manchester City Council - Chorlton,Chorlton Place,2020,August,32,Friday,07 Aug 2020,06:00,5,9,14,5,9,14,No Group
Manchester City Council - Chorlton,Chorlton Place,2020,August,32,Friday,07 Aug 2020,07:00,7,30,37,7,30,37,No Group
Manchester City Council - Chorlton,Chorlton Place,2020,August,32,Friday,07 Aug 2020,08:00,36,50,86,36,50,86,No Group
Manchester City Council - Chorlton,Chorlton Place,2020,August,32,Friday,07 Aug 2020,09:00,82,93,175,82,93,175,No Group
Manchester City Council - Chorlton,Chorlton Place,2020,August,32,Friday,07 Aug 2020,10:00,129,133,262,129,133,262,No Group
Manchester City Council - Chorlton,Chorlton Place,2020,August,32,Friday,07 Aug 2020,11:00,133,132,265,133,132,265,No Group
Manchester City Council - Chorlton,Chorlton Place,2020,August,32,Friday,07 Aug 2020,12:00,140,142,282,140,142,282,No Group
Manchester City Council - Chorlton,Chorlton Place,2020,August,32,Friday,07 Aug 2020,13:00,166,187,353,166,187,353,No Group
Manchester City Council - Chorlton,Chorlton Place,2020,August,32,Friday,07 Aug 2020,14:00,194,168,362,194,168,362,No Group
Manchester City Council - Chorlton,Chorlton Place,2020,August,32,Friday,07 Aug 2020,15:00,128,130,258,128,130,258,No Group
Manchester City Council - Chorlton,Chorlton Place,2020,August,32,Friday,07 Aug 2020,16:00,156,147,303,156,147,303,No Group
Manchester City Council - Chorlton,Chorlton Place,2020,August,32,Friday,07 Aug 2020,17:00,74,90,164,74,90,164,No Group
Manchester City Council - Chorlton,Chorlton Place,2020,August,32,Friday,07 Aug 2020,18:00,77,58,135,77,58,135,No Group
Manchester City Council - Chorlton,Chorlton Place,2020,August,32,Friday,07 Aug 2020,19:00,57,57,114,57,57,114,No Group
Manchester City Council - Chorlton,Chorlton Place,2020,August,32,Friday,07 Aug 2020,20:00,46,51,97,46,51,97,No Group
Manchester City Council - Chorlton,Chorlton Place,2020,August,32,Friday,07 Aug 2020,21:00,36,49,85,36,49,85,No Group
Manchester City Council - Chorlton,Chorlton Place,2020,August,32,Friday,07 Aug 2020,22:00,28,76,104,28,76,104,No Group
Manchester City Council - Chorlton,Chorlton Place,2020,August,32,Friday,07 Aug 2020,23:00,15,31,46,15,31,46,No Group
Manchester City Council - Chorlton,Chorlton Place,2020,August,32,Saturday,08 Aug 2020,00:00,17,15,32,17,15,32,No Group
Manchester City Council - Chorlton,Chorlton Place,2020,August,32,Saturday,08 Aug 2020,01:00,10,3,13,10,3,13,No Group
Manchester City Council - Chorlton,Chorlton Place,2020,August,32,Saturday,08 Aug 2020,02:00,5,0,5,5,0,5,No Group
Manchester City Council - Chorlton,Chorlton Place,2020,August,32,Saturday,08 Aug 2020,03:00,5,3,8,5,3,8,No Group
Manchester City Council - Chorlton,Chorlton Place,2020,August,32,Saturday,08 Aug 2020,04:00,1,2,3,1,2,3,No Group
Manchester City Council - Chorlton,Chorlton Place,2020,August,32,Saturday,08 Aug 2020,05:00,2,2,4,2,2,4,No Group
Manchester City Council - Chorlton,Chorlton Place,2020,August,32,Saturday,08 Aug 2020,06:00,4,7,11,4,7,11,No Group
Manchester City Council - Chorlton,Chorlton Place,2020,August,32,Saturday,08 Aug 2020,07:00,6,13,19,6,13,19,No Group
Manchester City Council - Chorlton,Chorlton Place,2020,August,32,Saturday,08 Aug 2020,08:00,43,53,96,43,53,96,No Group
Manchester City Council - Chorlton,Chorlton Place,2020,August,32,Saturday,08 Aug 2020,09:00,83,98,181,83,98,181,No Group
Manchester City Council - Chorlton,Chorlton Place,2020,August,32,Saturday,08 Aug 2020,10:00,131,149,280,131,149,280,No Group
Manchester City Council - Chorlton,Chorlton Place,2020,August,32,Saturday,08 Aug 2020,11:00,163,154,317,163,154,317,No Group
Manchester City Council - Chorlton,Chorlton Place,2020,August,32,Saturday,08 Aug 2020,12:00,166,192,358,166,192,358,No Group
Manchester City Council - Chorlton,Chorlton Place,2020,August,32,Saturday,08 Aug 2020,13:00,211,207,418,211,207,418,No Group
Manchester City Council - Chorlton,Chorlton Place,2020,August,32,Saturday,08 Aug 2020,14:00,174,172,346,174,172,346,No Group
Manchester City Council - Chorlton,Chorlton Place,2020,August,32,Saturday,08 Aug 2020,15:00,148,158,306,148,158,306,No Group
Manchester City Council - Chorlton,Chorlton Place,2020,August,32,Saturday,08 Aug 2020,16:00,125,119,244,125,119,244,No Group
Manchester City Council - Chorlton,Chorlton Place,2020,August,32,Saturday,08 Aug 2020,17:00,83,78,161,83,78,161,No Group
Manchester City Council - Chorlton,Chorlton Place,2020,August,32,Saturday,08 Aug 2020,18:00,61,89,150,61,89,150,No Group
Manchester City Council - Chorlton,Chorlton Place,2020,August,32,Saturday,08 Aug 2020,19:00,66,67,133,66,67,133,No Group
Manchester City Council - Chorlton,Chorlton Place,2020,August,32,Saturday,08 Aug 2020,20:00,34,55,89,34,55,89,No Group
Manchester City Council - Chorlton,Chorlton Place,2020,August,32,Saturday,08 Aug 2020,21:00,35,43,78,35,43,78,No Group
Manchester City Council - Chorlton,Chorlton Place,2020,August,32,Saturday,08 Aug 2020,22:00,29,55,84,29,55,84,No Group
Manchester City Council - Chorlton,Chorlton Place,2020,August,32,Saturday,08 Aug 2020,23:00,17,30,47,17,30,47,No Group
Manchester City Council - Chorlton,Chorlton Place,2020,August,32,Sunday,09 Aug 2020,00:00,12,4,16,12,4,16,No Group
Manchester City Council - Chorlton,Chorlton Place,2020,August,32,Sunday,09 Aug 2020,01:00,2,0,2,2,0,2,No Group
Manchester City Council - Chorlton,Chorlton Place,2020,August,32,Sunday,09 Aug 2020,02:00,3,0,3,3,0,3,No Group
Manchester City Council - Chorlton,Chorlton Place,2020,August,32,Sunday,09 Aug 2020,03:00,0,1,1,0,1,1,No Group
Manchester City Council - Chorlton,Chorlton Place,2020,August,32,Sunday,09 Aug 2020,04:00,0,0,0,0,0,0,No Group
Manchester City Council - Chorlton,Chorlton Place,2020,August,32,Sunday,09 Aug 2020,05:00,0,2,2,0,2,2,No Group
Manchester City Council - Chorlton,Chorlton Place,2020,August,32,Sunday,09 Aug 2020,06:00,5,8,13,5,8,13,No Group
Manchester City Council - Chorlton,Chorlton Place,2020,August,32,Sunday,09 Aug 2020,07:00,7,11,18,7,11,18,No Group
Manchester City Council - Chorlton,Chorlton Place,2020,August,32,Sunday,09 Aug 2020,08:00,13,11,24,13,11,24,No Group
Manchester City Council - Chorlton,Chorlton Place,2020,August,32,Sunday,09 Aug 2020,09:00,25,48,73,25,48,73,No Group
Manchester City Council - Chorlton,Chorlton Place,2020,August,32,Sunday,09 Aug 2020,10:00,34,56,90,34,56,90,No Group
Manchester City Council - Chorlton,Chorlton Place,2020,August,32,Sunday,09 Aug 2020,11:00,96,119,215,96,119,215,No Group
Manchester City Council - Chorlton,Chorlton Place,2020,August,32,Sunday,09 Aug 2020,12:00,133,136,269,133,136,269,No Group
Manchester City Council - Chorlton,Chorlton Place,2020,August,32,Sunday,09 Aug 2020,13:00,152,132,284,152,132,284,No Group
Manchester City Council - Chorlton,Chorlton Place,2020,August,32,Sunday,09 Aug 2020,14:00,108,105,213,108,105,213,No Group
Manchester City Council - Chorlton,Chorlton Place,2020,August,32,Sunday,09 Aug 2020,15:00,78,102,180,78,102,180,No Group
Manchester City Council - Chorlton,Chorlton Place,2020,August,32,Sunday,09 Aug 2020,16:00,77,93,170,77,93,170,No Group
Manchester City Council - Chorlton,Chorlton Place,2020,August,32,Sunday,09 Aug 2020,17:00,47,41,88,47,41,88,No Group
Manchester City Council - Chorlton,Chorlton Place,2020,August,32,Sunday,09 Aug 2020,18:00,32,50,82,32,50,82,No Group
Manchester City Council - Chorlton,Chorlton Place,2020,August,32,Sunday,09 Aug 2020,19:00,38,49,87,38,49,87,No Group
Manchester City Council - Chorlton,Chorlton Place,2020,August,32,Sunday,09 Aug 2020,20:00,29,35,64,29,35,64,No Group
Manchester City Council - Chorlton,Chorlton Place,2020,August,32,Sunday,09 Aug 2020,21:00,15,24,39,15,24,39,No Group
Manchester City Council - Chorlton,Chorlton Place,2020,August,32,Sunday,09 Aug 2020,22:00,11,24,35,11,24,35,No Group
Manchester City Council - Chorlton,Chorlton Place,2020,August,32,Sunday,09 Aug 2020,23:00,6,3,9,6,3,9,No Group
Manchester City Council - Chorlton,Chorlton Place,2020,August,33,Monday,10 Aug 2020,00:00,1,4,5,1,4,5,No Group
Manchester City Council - Chorlton,Chorlton Place,2020,August,33,Monday,10 Aug 2020,01:00,4,2,6,4,2,6,No Group
Manchester City Council - Chorlton,Chorlton Place,2020,August,33,Monday,10 Aug 2020,02:00,0,0,0,0,0,0,No Group
Manchester City Council - Chorlton,Chorlton Place,2020,August,33,Monday,10 Aug 2020,03:00,0,0,0,0,0,0,No Group
Manchester City Council - Chorlton,Chorlton Place,2020,August,33,Monday,10 Aug 2020,04:00,2,1,3,2,1,3,No Group
Manchester City Council - Chorlton,Chorlton Place,2020,August,33,Monday,10 Aug 2020,05:00,0,1,1,0,1,1,No Group
Manchester City Council - Chorlton,Chorlton Place,2020,August,33,Monday,10 Aug 2020,06:00,15,24,39,15,24,39,No Group
Manchester City Council - Chorlton,Chorlton Place,2020,August,33,Monday,10 Aug 2020,07:00,13,19,32,13,19,32,No Group
Manchester City Council - Chorlton,Chorlton Place,2020,August,33,Monday,10 Aug 2020,08:00,33,49,82,33,49,82,No Group
Manchester City Council - Chorlton,Chorlton Place,2020,August,33,Monday,10 Aug 2020,09:00,60,85,145,60,85,145,No Group
Manchester City Council - Chorlton,Chorlton Place,2020,August,33,Monday,10 Aug 2020,10:00,98,96,194,98,96,194,No Group
Manchester City Council - Chorlton,Chorlton Place,2020,August,33,Monday,10 Aug 2020,11:00,151,161,312,151,161,312,No Group
Manchester City Council - Chorlton,Chorlton Place,2020,August,33,Monday,10 Aug 2020,12:00,143,170,313,143,170,313,No Group
Manchester City Council - Chorlton,Chorlton Place,2020,August,33,Monday,10 Aug 2020,13:00,125,147,272,125,147,272,No Group
Manchester City Council - Chorlton,Chorlton Place,2020,August,33,Monday,10 Aug 2020,14:00,160,161,321,160,161,321,No Group
Manchester City Council - Chorlton,Chorlton Place,2020,August,33,Monday,10 Aug 2020,15:00,133,149,282,133,149,282,No Group
Manchester City Council - Chorlton,Chorlton Place,2020,August,33,Monday,10 Aug 2020,16:00,123,120,243,123,120,243,No Group
Manchester City Council - Chorlton,Chorlton Place,2020,August,33,Monday,10 Aug 2020,17:00,73,76,149,73,76,149,No Group
Manchester City Council - Chorlton,Chorlton Place,2020,August,33,Monday,10 Aug 2020,18:00,97,83,180,97,83,180,No Group
Manchester City Council - Chorlton,Chorlton Place,2020,August,33,Monday,10 Aug 2020,19:00,76,63,139,76,63,139,No Group
Manchester City Council - Chorlton,Chorlton Place,2020,August,33,Monday,10 Aug 2020,20:00,32,39,71,32,39,71,No Group
Manchester City Council - Chorlton,Chorlton Place,2020,August,33,Monday,10 Aug 2020,21:00,28,32,60,28,32,60,No Group
Manchester City Council - Chorlton,Chorlton Place,2020,August,33,Monday,10 Aug 2020,22:00,28,34,62,28,34,62,No Group
Manchester City Council - Chorlton,Chorlton Place,2020,August,33,Monday,10 Aug 2020,23:00,12,17,29,12,17,29,No Group
Manchester City Council - Chorlton,Chorlton Place,2020,August,33,Tuesday,11 Aug 2020,00:00,5,3,8,5,3,8,No Group
Manchester City Council - Chorlton,Chorlton Place,2020,August,33,Tuesday,11 Aug 2020,01:00,2,0,2,2,0,2,No Group
Manchester City Council - Chorlton,Chorlton Place,2020,August,33,Tuesday,11 Aug 2020,02:00,0,0,0,0,0,0,No Group
Manchester City Council - Chorlton,Chorlton Place,2020,August,33,Tuesday,11 Aug 2020,03:00,0,0,0,0,0,0,No Group
Manchester City Council - Chorlton,Chorlton Place,2020,August,33,Tuesday,11 Aug 2020,04:00,0,0,0,0,0,0,No Group
Manchester City Council - Chorlton,Chorlton Place,2020,August,33,Tuesday,11 Aug 2020,05:00,1,7,8,1,7,8,No Group
Manchester City Council - Chorlton,Chorlton Place,2020,August,33,Tuesday,11 Aug 2020,06:00,23,35,58,23,35,58,No Group
Manchester City Council - Chorlton,Chorlton Place,2020,August,33,Tuesday,11 Aug 2020,07:00,14,27,41,14,27,41,No Group
Manchester City Council - Chorlton,Chorlton Place,2020,August,33,Tuesday,11 Aug 2020,08:00,44,57,101,44,57,101,No Group
Manchester City Council - Chorlton,Chorlton Place,2020,August,33,Tuesday,11 Aug 2020,09:00,63,57,120,63,57,120,No Group
Manchester City Council - Chorlton,Chorlton Place,2020,August,33,Tuesday,11 Aug 2020,10:00,105,117,222,105,117,222,No Group
Manchester City Council - Chorlton,Chorlton Place,2020,August,33,Tuesday,11 Aug 2020,11:00,141,199,340,141,199,340,No Group
Manchester City Council - Chorlton,Chorlton Place,2020,August,33,Tuesday,11 Aug 2020,12:00,238,262,500,238,262,500,No Group
Manchester City Council - Chorlton,Chorlton Place,2020,August,33,Tuesday,11 Aug 2020,13:00,258,294,552,258,294,552,No Group
Manchester City Council - Chorlton,Chorlton Place,2020,August,33,Tuesday,11 Aug 2020,14:00,181,176,357,181,176,357,No Group
Manchester City Council - Chorlton,Chorlton Place,2020,August,33,Tuesday,11 Aug 2020,15:00,131,148,279,131,148,279,No Group
Manchester City Council - Chorlton,Chorlton Place,2020,August,33,Tuesday,11 Aug 2020,16:00,83,92,175,83,92,175,No Group
Manchester City Council - Chorlton,Chorlton Place,2020,August,33,Tuesday,11 Aug 2020,17:00,93,75,168,93,75,168,No Group
Manchester City Council - Chorlton,Chorlton Place,2020,August,33,Tuesday,11 Aug 2020,18:00,57,70,127,57,70,127,No Group
Manchester City Council - Chorlton,Chorlton Place,2020,August,33,Tuesday,11 Aug 2020,19:00,66,65,131,66,65,131,No Group
Manchester City Council - Chorlton,Chorlton Place,2020,August,33,Tuesday,11 Aug 2020,20:00,48,64,112,48,64,112,No Group
Manchester City Council - Chorlton,Chorlton Place,2020,August,33,Tuesday,11 Aug 2020,21:00,39,37,76,39,37,76,No Group
Manchester City Council - Chorlton,Chorlton Place,2020,August,33,Tuesday,11 Aug 2020,22:00,37,20,57,37,20,57,No Group
Manchester City Council - Chorlton,Chorlton Place,2020,August,33,Tuesday,11 Aug 2020,23:00,8,11,19,8,11,19,No Group
Manchester City Council - Chorlton,Chorlton Place,2020,August,33,Wednesday,12 Aug 2020,00:00,7,15,22,7,15,22,No Group
Manchester City Council - Chorlton,Chorlton Place,2020,August,33,Wednesday,12 Aug 2020,01:00,3,2,5,3,2,5,No Group
Manchester City Council - Chorlton,Chorlton Place,2020,August,33,Wednesday,12 Aug 2020,02:00,1,2,3,1,2,3,No Group
Manchester City Council - Chorlton,Chorlton Place,2020,August,33,Wednesday,12 Aug 2020,03:00,1,3,4,1,3,4,No Group
Manchester City Council - Chorlton,Chorlton Place,2020,August,33,Wednesday,12 Aug 2020,04:00,0,0,0,0,0,0,No Group
Manchester City Council - Chorlton,Chorlton Place,2020,August,33,Wednesday,12 Aug 2020,05:00,5,6,11,5,6,11,No Group
Manchester City Council - Chorlton,Chorlton Place,2020,August,33,Wednesday,12 Aug 2020,06:00,3,12,15,3,12,15,No Group
Manchester City Council - Chorlton,Chorlton Place,2020,August,33,Wednesday,12 Aug 2020,07:00,7,20,27,7,20,27,No Group
Manchester City Council - Chorlton,Chorlton Place,2020,August,33,Wednesday,12 Aug 2020,08:00,37,46,83,37,46,83,No Group
Manchester City Council - Chorlton,Chorlton Place,2020,August,33,Wednesday,12 Aug 2020,09:00,65,82,147,65,82,147,No Group
Manchester City Council - Chorlton,Chorlton Place,2020,August,33,Wednesday,12 Aug 2020,10:00,111,134,245,111,134,245,No Group
Manchester City Council - Chorlton,Chorlton Place,2020,August,33,Wednesday,12 Aug 2020,11:00,141,164,305,141,164,305,No Group
Manchester City Council - Chorlton,Chorlton Place,2020,August,33,Wednesday,12 Aug 2020,12:00,254,248,502,254,248,502,No Group
Manchester City Council - Chorlton,Chorlton Place,2020,August,33,Wednesday,12 Aug 2020,13:00,225,287,512,225,287,512,No Group
Manchester City Council - Chorlton,Chorlton Place,2020,August,33,Wednesday,12 Aug 2020,14:00,150,167,317,150,167,317,No Group
Manchester City Council - Chorlton,Chorlton Place,2020,August,33,Wednesday,12 Aug 2020,15:00,109,134,243,109,134,243,No Group
Manchester City Council - Chorlton,Chorlton Place,2020,August,33,Wednesday,12 Aug 2020,16:00,129,110,239,129,110,239,No Group
Manchester City Council - Chorlton,Chorlton Place,2020,August,33,Wednesday,12 Aug 2020,17:00,78,89,167,78,89,167,No Group
Manchester City Council - Chorlton,Chorlton Place,2020,August,33,Wednesday,12 Aug 2020,18:00,68,59,127,68,59,127,No Group
Manchester City Council - Chorlton,Chorlton Place,2020,August,33,Wednesday,12 Aug 2020,19:00,56,67,123,56,67,123,No Group
Manchester City Council - Chorlton,Chorlton Place,2020,August,33,Wednesday,12 Aug 2020,20:00,60,59,119,60,59,119,No Group
Manchester City Council - Chorlton,Chorlton Place,2020,August,33,Wednesday,12 Aug 2020,21:00,36,42,78,36,42,78,No Group
Manchester City Council - Chorlton,Chorlton Place,2020,August,33,Wednesday,12 Aug 2020,22:00,22,38,60,22,38,60,No Group
Manchester City Council - Chorlton,Chorlton Place,2020,August,33,Wednesday,12 Aug 2020,23:00,7,8,15,7,8,15,No Group
Manchester City Council - Chorlton,Chorlton Place,2020,August,33,Thursday,13 Aug 2020,00:00,4,5,9,4,5,9,No Group
Manchester City Council - Chorlton,Chorlton Place,2020,August,33,Thursday,13 Aug 2020,01:00,1,0,1,1,0,1,No Group
Manchester City Council - Chorlton,Chorlton Place,2020,August,33,Thursday,13 Aug 2020,02:00,1,1,2,1,1,2,No Group
Manchester City Council - Chorlton,Chorlton Place,2020,August,33,Thursday,13 Aug 2020,03:00,0,1,1,0,1,1,No Group
Manchester City Council - Chorlton,Chorlton Place,2020,August,33,Thursday,13 Aug 2020,04:00,0,1,1,0,1,1,No Group
Manchester City Council - Chorlton,Chorlton Place,2020,August,33,Thursday,13 Aug 2020,05:00,5,4,9,5,4,9,No Group
Manchester City Council - Chorlton,Chorlton Place,2020,August,33,Thursday,13 Aug 2020,06:00,14,18,32,14,18,32,No Group
Manchester City Council - Chorlton,Chorlton Place,2020,August,33,Thursday,13 Aug 2020,07:00,8,32,40,8,32,40,No Group
Manchester City Council - Chorlton,Chorlton Place,2020,August,33,Thursday,13 Aug 2020,08:00,36,49,85,36,49,85,No Group
Manchester City Council - Chorlton,Chorlton Place,2020,August,33,Thursday,13 Aug 2020,09:00,49,76,125,49,76,125,No Group
Manchester City Council - Chorlton,Chorlton Place,2020,August,33,Thursday,13 Aug 2020,10:00,100,98,198,100,98,198,No Group
Manchester City Council - Chorlton,Chorlton Place,2020,August,33,Thursday,13 Aug 2020,11:00,139,175,314,139,175,314,No Group
Manchester City Council - Chorlton,Chorlton Place,2020,August,33,Thursday,13 Aug 2020,12:00,242,261,503,242,261,503,No Group
Manchester City Council - Chorlton,Chorlton Place,2020,August,33,Thursday,13 Aug 2020,13:00,253,228,481,253,228,481,No Group
Manchester City Council - Chorlton,Chorlton Place,2020,August,33,Thursday,13 Aug 2020,14:00,255,222,477,255,222,477,No Group
Manchester City Council - Chorlton,Chorlton Place,2020,August,33,Thursday,13 Aug 2020,15:00,188,205,393,188,205,393,No Group
Manchester City Council - Chorlton,Chorlton Place,2020,August,33,Thursday,13 Aug 2020,16:00,132,114,246,132,114,246,No Group
Manchester City Council - Chorlton,Chorlton Place,2020,August,33,Thursday,13 Aug 2020,17:00,65,73,138,65,73,138,No Group
Manchester City Council - Chorlton,Chorlton Place,2020,August,33,Thursday,13 Aug 2020,18:00,56,42,98,56,42,98,No Group
Manchester City Council - Chorlton,Chorlton Place,2020,August,33,Thursday,13 Aug 2020,19:00,65,49,114,65,49,114,No Group
Manchester City Council - Chorlton,Chorlton Place,2020,August,33,Thursday,13 Aug 2020,20:00,42,44,86,42,44,86,No Group
Manchester City Council - Chorlton,Chorlton Place,2020,August,33,Thursday,13 Aug 2020,21:00,30,30,60,30,30,60,No Group
Manchester City Council - Chorlton,Chorlton Place,2020,August,33,Thursday,13 Aug 2020,22:00,22,29,51,22,29,51,No Group
Manchester City Council - Chorlton,Chorlton Place,2020,August,33,Thursday,13 Aug 2020,23:00,18,23,41,18,23,41,No Group
Manchester City Council - Chorlton,Chorlton Place,2020,August,33,Friday,14 Aug 2020,00:00,3,1,4,3,1,4,No Group
Manchester City Council - Chorlton,Chorlton Place,2020,August,33,Friday,14 Aug 2020,01:00,9,3,12,9,3,12,No Group
Manchester City Council - Chorlton,Chorlton Place,2020,August,33,Friday,14 Aug 2020,02:00,0,1,1,0,1,1,No Group
Manchester City Council - Chorlton,Chorlton Place,2020,August,33,Friday,14 Aug 2020,03:00,1,0,1,1,0,1,No Group
Manchester City Council - Chorlton,Chorlton Place,2020,August,33,Friday,14 Aug 2020,04:00,0,2,2,0,2,2,No Group
Manchester City Council - Chorlton,Chorlton Place,2020,August,33,Friday,14 Aug 2020,05:00,0,1,1,0,1,1,No Group
Manchester City Council - Chorlton,Chorlton Place,2020,August,33,Friday,14 Aug 2020,06:00,14,26,40,14,26,40,No Group
Manchester City Council - Chorlton,Chorlton Place,2020,August,33,Friday,14 Aug 2020,07:00,19,44,63,19,44,63,No Group
Manchester City Council - Chorlton,Chorlton Place,2020,August,33,Friday,14 Aug 2020,08:00,35,55,90,35,55,90,No Group
Manchester City Council - Chorlton,Chorlton Place,2020,August,33,Friday,14 Aug 2020,09:00,107,120,227,107,120,227,No Group
Manchester City Council - Chorlton,Chorlton Place,2020,August,33,Friday,14 Aug 2020,10:00,167,157,324,167,157,324,No Group
Manchester City Council - Chorlton,Chorlton Place,2020,August,33,Friday,14 Aug 2020,11:00,140,158,298,140,158,298,No Group
Manchester City Council - Chorlton,Chorlton Place,2020,August,33,Friday,14 Aug 2020,12:00,225,269,494,225,269,494,No Group
Manchester City Council - Chorlton,Chorlton Place,2020,August,33,Friday,14 Aug 2020,13:00,211,260,471,211,260,471,No Group
Manchester City Council - Chorlton,Chorlton Place,2020,August,33,Friday,14 Aug 2020,14:00,161,160,321,161,160,321,No Group
Manchester City Council - Chorlton,Chorlton Place,2020,August,33,Friday,14 Aug 2020,15:00,113,136,249,113,136,249,No Group
Manchester City Council - Chorlton,Chorlton Place,2020,August,33,Friday,14 Aug 2020,16:00,144,110,254,144,110,254,No Group
Manchester City Council - Chorlton,Chorlton Place,2020,August,33,Friday,14 Aug 2020,17:00,86,74,160,86,74,160,No Group
Manchester City Council - Chorlton,Chorlton Place,2020,August,33,Friday,14 Aug 2020,18:00,73,65,138,73,65,138,No Group
Manchester City Council - Chorlton,Chorlton Place,2020,August,33,Friday,14 Aug 2020,19:00,78,75,153,78,75,153,No Group
Manchester City Council - Chorlton,Chorlton Place,2020,August,33,Friday,14 Aug 2020,20:00,60,55,115,60,55,115,No Group
Manchester City Council - Chorlton,Chorlton Place,2020,August,33,Friday,14 Aug 2020,21:00,28,51,79,28,51,79,No Group
Manchester City Council - Chorlton,Chorlton Place,2020,August,33,Friday,14 Aug 2020,22:00,36,50,86,36,50,86,No Group
Manchester City Council - Chorlton,Chorlton Place,2020,August,33,Friday,14 Aug 2020,23:00,24,37,61,24,37,61,No Group
Manchester City Council - Chorlton,Chorlton Place,2020,August,33,Saturday,15 Aug 2020,00:00,10,12,22,10,12,22,No Group
Manchester City Council - Chorlton,Chorlton Place,2020,August,33,Saturday,15 Aug 2020,01:00,4,1,5,4,1,5,No Group
Manchester City Council - Chorlton,Chorlton Place,2020,August,33,Saturday,15 Aug 2020,02:00,2,3,5,2,3,5,No Group
Manchester City Council - Chorlton,Chorlton Place,2020,August,33,Saturday,15 Aug 2020,03:00,0,0,0,0,0,0,No Group
Manchester City Council - Chorlton,Chorlton Place,2020,August,33,Saturday,15 Aug 2020,04:00,1,3,4,1,3,4,No Group
Manchester City Council - Chorlton,Chorlton Place,2020,August,33,Saturday,15 Aug 2020,05:00,3,6,9,3,6,9,No Group
Manchester City Council - Chorlton,Chorlton Place,2020,August,33,Saturday,15 Aug 2020,06:00,5,7,12,5,7,12,No Group
Manchester City Council - Chorlton,Chorlton Place,2020,August,33,Saturday,15 Aug 2020,07:00,16,14,30,16,14,30,No Group
Manchester City Council - Chorlton,Chorlton Place,2020,August,33,Saturday,15 Aug 2020,08:00,38,53,91,38,53,91,No Group
Manchester City Council - Chorlton,Chorlton Place,2020,August,33,Saturday,15 Aug 2020,09:00,98,122,220,98,122,220,No Group
Manchester City Council - Chorlton,Chorlton Place,2020,August,33,Saturday,15 Aug 2020,10:00,155,178,333,155,178,333,No Group
Manchester City Council - Chorlton,Chorlton Place,2020,August,33,Saturday,15 Aug 2020,11:00,185,240,425,185,240,425,No Group
Manchester City Council - Chorlton,Chorlton Place,2020,August,33,Saturday,15 Aug 2020,12:00,297,297,594,297,297,594,No Group
Manchester City Council - Chorlton,Chorlton Place,2020,August,33,Saturday,15 Aug 2020,13:00,293,309,602,293,309,602,No Group
Manchester City Council - Chorlton,Chorlton Place,2020,August,33,Saturday,15 Aug 2020,14:00,256,237,493,256,237,493,No Group
Manchester City Council - Chorlton,Chorlton Place,2020,August,33,Saturday,15 Aug 2020,15:00,220,199,419,220,199,419,No Group
Manchester City Council - Chorlton,Chorlton Place,2020,August,33,Saturday,15 Aug 2020,16:00,144,144,288,144,144,288,No Group
Manchester City Council - Chorlton,Chorlton Place,2020,August,33,Saturday,15 Aug 2020,17:00,114,90,204,114,90,204,No Group
Manchester City Council - Chorlton,Chorlton Place,2020,August,33,Saturday,15 Aug 2020,18:00,62,66,128,62,66,128,No Group
Manchester City Council - Chorlton,Chorlton Place,2020,August,33,Saturday,15 Aug 2020,19:00,77,65,142,77,65,142,No Group
Manchester City Council - Chorlton,Chorlton Place,2020,August,33,Saturday,15 Aug 2020,20:00,45,37,82,45,37,82,No Group
Manchester City Council - Chorlton,Chorlton Place,2020,August,33,Saturday,15 Aug 2020,21:00,36,52,88,36,52,88,No Group
Manchester City Council - Chorlton,Chorlton Place,2020,August,33,Saturday,15 Aug 2020,22:00,22,44,66,22,44,66,No Group
Manchester City Council - Chorlton,Chorlton Place,2020,August,33,Saturday,15 Aug 2020,23:00,19,44,63,19,44,63,No Group
Manchester City Council - Chorlton,Chorlton Place,2020,August,33,Sunday,16 Aug 2020,00:00,7,9,16,7,9,16,No Group
Manchester City Council - Chorlton,Chorlton Place,2020,August,33,Sunday,16 Aug 2020,01:00,9,3,12,9,3,12,No Group
Manchester City Council - Chorlton,Chorlton Place,2020,August,33,Sunday,16 Aug 2020,02:00,5,4,9,5,4,9,No Group
Manchester City Council - Chorlton,Chorlton Place,2020,August,33,Sunday,16 Aug 2020,03:00,7,4,11,7,4,11,No Group
Manchester City Council - Chorlton,Chorlton Place,2020,August,33,Sunday,16 Aug 2020,04:00,2,3,5,2,3,5,No Group
Manchester City Council - Chorlton,Chorlton Place,2020,August,33,Sunday,16 Aug 2020,05:00,2,1,3,2,1,3,No Group
Manchester City Council - Chorlton,Chorlton Place,2020,August,33,Sunday,16 Aug 2020,06:00,1,2,3,1,2,3,No Group
Manchester City Council - Chorlton,Chorlton Place,2020,August,33,Sunday,16 Aug 2020,07:00,17,11,28,17,11,28,No Group
Manchester City Council - Chorlton,Chorlton Place,2020,August,33,Sunday,16 Aug 2020,08:00,8,15,23,8,15,23,No Group
Manchester City Council - Chorlton,Chorlton Place,2020,August,33,Sunday,16 Aug 2020,09:00,21,30,51,21,30,51,No Group
Manchester City Council - Chorlton,Chorlton Place,2020,August,33,Sunday,16 Aug 2020,10:00,62,48,110,62,48,110,No Group
Manchester City Council - Chorlton,Chorlton Place,2020,August,33,Sunday,16 Aug 2020,11:00,68,60,128,68,60,128,No Group
Manchester City Council - Chorlton,Chorlton Place,2020,August,33,Sunday,16 Aug 2020,12:00,90,103,193,90,103,193,No Group
Manchester City Council - Chorlton,Chorlton Place,2020,August,33,Sunday,16 Aug 2020,13:00,76,91,167,76,91,167,No Group
Manchester City Council - Chorlton,Chorlton Place,2020,August,33,Sunday,16 Aug 2020,14:00,85,95,180,85,95,180,No Group
Manchester City Council - Chorlton,Chorlton Place,2020,August,33,Sunday,16 Aug 2020,15:00,93,92,185,93,92,185,No Group
Manchester City Council - Chorlton,Chorlton Place,2020,August,33,Sunday,16 Aug 2020,16:00,70,67,137,70,67,137,No Group
Manchester City Council - Chorlton,Chorlton Place,2020,August,33,Sunday,16 Aug 2020,17:00,54,54,108,54,54,108,No Group
Manchester City Council - Chorlton,Chorlton Place,2020,August,33,Sunday,16 Aug 2020,18:00,49,57,106,49,57,106,No Group
Manchester City Council - Chorlton,Chorlton Place,2020,August,33,Sunday,16 Aug 2020,19:00,56,51,107,56,51,107,No Group
Manchester City Council - Chorlton,Chorlton Place,2020,August,33,Sunday,16 Aug 2020,20:00,26,25,51,26,25,51,No Group
Manchester City Council - Chorlton,Chorlton Place,2020,August,33,Sunday,16 Aug 2020,21:00,7,19,26,7,19,26,No Group
Manchester City Council - Chorlton,Chorlton Place,2020,August,33,Sunday,16 Aug 2020,22:00,8,19,27,8,19,27,No Group
Manchester City Council - Chorlton,Chorlton Place,2020,August,33,Sunday,16 Aug 2020,23:00,4,6,10,4,6,10,No Group
Manchester City Council - Chorlton,Chorlton Place,2020,August,34,Monday,17 Aug 2020,00:00,4,4,8,4,4,8,No Group
Manchester City Council - Chorlton,Chorlton Place,2020,August,34,Monday,17 Aug 2020,01:00,3,0,3,3,0,3,No Group
Manchester City Council - Chorlton,Chorlton Place,2020,August,34,Monday,17 Aug 2020,02:00,0,1,1,0,1,1,No Group
Manchester City Council - Chorlton,Chorlton Place,2020,August,34,Monday,17 Aug 2020,03:00,1,1,2,1,1,2,No Group
Manchester City Council - Chorlton,Chorlton Place,2020,August,34,Monday,17 Aug 2020,04:00,0,1,1,0,1,1,No Group
Manchester City Council - Chorlton,Chorlton Place,2020,August,34,Monday,17 Aug 2020,05:00,2,3,5,2,3,5,No Group
Manchester City Council - Chorlton,Chorlton Place,2020,August,34,Monday,17 Aug 2020,06:00,11,15,26,11,15,26,No Group
Manchester City Council - Chorlton,Chorlton Place,2020,August,34,Monday,17 Aug 2020,07:00,12,31,43,12,31,43,No Group
Manchester City Council - Chorlton,Chorlton Place,2020,August,34,Monday,17 Aug 2020,08:00,27,51,78,27,51,78,No Group
Manchester City Council - Chorlton,Chorlton Place,2020,August,34,Monday,17 Aug 2020,09:00,48,57,105,48,57,105,No Group
Manchester City Council - Chorlton,Chorlton Place,2020,August,34,Monday,17 Aug 2020,10:00,89,97,186,89,97,186,No Group
Manchester City Council - Chorlton,Chorlton Place,2020,August,34,Monday,17 Aug 2020,11:00,119,112,231,119,112,231,No Group
Manchester City Council - Chorlton,Chorlton Place,2020,August,34,Monday,17 Aug 2020,12:00,136,156,292,136,156,292,No Group
Manchester City Council - Chorlton,Chorlton Place,2020,August,34,Monday,17 Aug 2020,13:00,145,154,299,145,154,299,No Group
Manchester City Council - Chorlton,Chorlton Place,2020,August,34,Monday,17 Aug 2020,14:00,131,150,281,131,150,281,No Group
Manchester City Council - Chorlton,Chorlton Place,2020,August,34,Monday,17 Aug 2020,15:00,147,135,282,147,135,282,No Group
Manchester City Council - Chorlton,Chorlton Place,2020,August,34,Monday,17 Aug 2020,16:00,105,96,201,105,96,201,No Group
Manchester City Council - Chorlton,Chorlton Place,2020,August,34,Monday,17 Aug 2020,17:00,75,86,161,75,86,161,No Group
Manchester City Council - Chorlton,Chorlton Place,2020,August,34,Monday,17 Aug 2020,18:00,62,46,108,62,46,108,No Group
Manchester City Council - Chorlton,Chorlton Place,2020,August,34,Monday,17 Aug 2020,19:00,50,47,97,50,47,97,No Group
Manchester City Council - Chorlton,Chorlton Place,2020,August,34,Monday,17 Aug 2020,20:00,43,49,92,43,49,92,No Group
Manchester City Council - Chorlton,Chorlton Place,2020,August,34,Monday,17 Aug 2020,21:00,22,38,60,22,38,60,No Group
Manchester City Council - Chorlton,Chorlton Place,2020,August,34,Monday,17 Aug 2020,22:00,17,19,36,17,19,36,No Group
Manchester City Council - Chorlton,Chorlton Place,2020,August,34,Monday,17 Aug 2020,23:00,21,0,21,21,0,21,No Group
Manchester City Council - Chorlton,Chorlton Place,2020,August,34,Tuesday,18 Aug 2020,00:00,15,1,16,15,1,16,No Group
Manchester City Council - Chorlton,Chorlton Place,2020,August,34,Tuesday,18 Aug 2020,01:00,11,0,11,11,0,11,No Group
Manchester City Council - Chorlton,Chorlton Place,2020,August,34,Tuesday,18 Aug 2020,02:00,4,0,4,4,0,4,No Group
Manchester City Council - Chorlton,Chorlton Place,2020,August,34,Tuesday,18 Aug 2020,03:00,1,0,1,1,0,1,No Group
Manchester City Council - Chorlton,Chorlton Place,2020,August,34,Tuesday,18 Aug 2020,04:00,0,0,0,0,0,0,No Group
Manchester City Council - Chorlton,Chorlton Place,2020,August,34,Tuesday,18 Aug 2020,05:00,1,8,9,1,8,9,No Group
Manchester City Council - Chorlton,Chorlton Place,2020,August,34,Tuesday,18 Aug 2020,06:00,34,35,69,34,35,69,No Group
Manchester City Council - Chorlton,Chorlton Place,2020,August,34,Tuesday,18 Aug 2020,07:00,16,38,54,16,38,54,No Group
Manchester City Council - Chorlton,Chorlton Place,2020,August,34,Tuesday,18 Aug 2020,08:00,31,49,80,31,49,80,No Group
Manchester City Council - Chorlton,Chorlton Place,2020,August,34,Tuesday,18 Aug 2020,09:00,72,98,170,72,98,170,No Group
Manchester City Council - Chorlton,Chorlton Place,2020,August,34,Tuesday,18 Aug 2020,10:00,168,106,274,168,106,274,No Group
Manchester City Council - Chorlton,Chorlton Place,2020,August,34,Tuesday,18 Aug 2020,11:00,154,141,295,154,141,295,No Group
Manchester City Council - Chorlton,Chorlton Place,2020,August,34,Tuesday,18 Aug 2020,12:00,207,203,410,207,203,410,No Group
Manchester City Council - Chorlton,Chorlton Place,2020,August,34,Tuesday,18 Aug 2020,13:00,212,212,424,212,212,424,No Group
Manchester City Council - Chorlton,Chorlton Place,2020,August,34,Tuesday,18 Aug 2020,14:00,169,201,370,169,201,370,No Group
Manchester City Council - Chorlton,Chorlton Place,2020,August,34,Tuesday,18 Aug 2020,15:00,150,134,284,150,134,284,No Group
Manchester City Council - Chorlton,Chorlton Place,2020,August,34,Tuesday,18 Aug 2020,16:00,138,126,264,138,126,264,No Group
Manchester City Council - Chorlton,Chorlton Place,2020,August,34,Tuesday,18 Aug 2020,17:00,92,98,190,92,98,190,No Group
Manchester City Council - Chorlton,Chorlton Place,2020,August,34,Tuesday,18 Aug 2020,18:00,71,81,152,71,81,152,No Group
Manchester City Council - Chorlton,Chorlton Place,2020,August,34,Tuesday,18 Aug 2020,19:00,52,66,118,52,66,118,No Group
Manchester City Council - Chorlton,Chorlton Place,2020,August,34,Tuesday,18 Aug 2020,20:00,50,51,101,50,51,101,No Group
Manchester City Council - Chorlton,Chorlton Place,2020,August,34,Tuesday,18 Aug 2020,21:00,41,43,84,41,43,84,No Group
Manchester City Council - Chorlton,Chorlton Place,2020,August,34,Tuesday,18 Aug 2020,22:00,22,31,53,22,31,53,No Group
Manchester City Council - Chorlton,Chorlton Place,2020,August,34,Tuesday,18 Aug 2020,23:00,7,21,28,7,21,28,No Group
Manchester City Council - Chorlton,Chorlton Place,2020,August,34,Wednesday,19 Aug 2020,00:00,7,0,7,7,0,7,No Group
Manchester City Council - Chorlton,Chorlton Place,2020,August,34,Wednesday,19 Aug 2020,01:00,0,0,0,0,0,0,No Group
Manchester City Council - Chorlton,Chorlton Place,2020,August,34,Wednesday,19 Aug 2020,02:00,0,0,0,0,0,0,No Group
Manchester City Council - Chorlton,Chorlton Place,2020,August,34,Wednesday,19 Aug 2020,03:00,0,1,1,0,1,1,No Group
Manchester City Council - Chorlton,Chorlton Place,2020,August,34,Wednesday,19 Aug 2020,04:00,0,1,1,0,1,1,No Group
Manchester City Council - Chorlton,Chorlton Place,2020,August,34,Wednesday,19 Aug 2020,05:00,1,1,2,1,1,2,No Group
Manchester City Council - Chorlton,Chorlton Place,2020,August,34,Wednesday,19 Aug 2020,06:00,9,12,21,9,12,21,No Group
Manchester City Council - Chorlton,Chorlton Place,2020,August,34,Wednesday,19 Aug 2020,07:00,14,30,44,14,30,44,No Group
Manchester City Council - Chorlton,Chorlton Place,2020,August,34,Wednesday,19 Aug 2020,08:00,54,66,120,54,66,120,No Group
Manchester City Council - Chorlton,Chorlton Place,2020,August,34,Wednesday,19 Aug 2020,09:00,59,72,131,59,72,131,No Group
Manchester City Council - Chorlton,Chorlton Place,2020,August,34,Wednesday,19 Aug 2020,10:00,119,125,244,119,125,244,No Group
Manchester City Council - Chorlton,Chorlton Place,2020,August,34,Wednesday,19 Aug 2020,11:00,164,152,316,164,152,316,No Group
Manchester City Council - Chorlton,Chorlton Place,2020,August,34,Wednesday,19 Aug 2020,12:00,164,190,354,164,190,354,No Group
Manchester City Council - Chorlton,Chorlton Place,2020,August,34,Wednesday,19 Aug 2020,13:00,153,175,328,153,175,328,No Group
Manchester City Council - Chorlton,Chorlton Place,2020,August,34,Wednesday,19 Aug 2020,14:00,172,176,348,172,176,348,No Group
Manchester City Council - Chorlton,Chorlton Place,2020,August,34,Wednesday,19 Aug 2020,15:00,121,116,237,121,116,237,No Group
Manchester City Council - Chorlton,Chorlton Place,2020,August,34,Wednesday,19 Aug 2020,16:00,111,103,214,111,103,214,No Group
Manchester City Council - Chorlton,Chorlton Place,2020,August,34,Wednesday,19 Aug 2020,17:00,91,93,184,91,93,184,No Group
Manchester City Council - Chorlton,Chorlton Place,2020,August,34,Wednesday,19 Aug 2020,18:00,90,96,186,90,96,186,No Group
Manchester City Council - Chorlton,Chorlton Place,2020,August,34,Wednesday,19 Aug 2020,19:00,67,77,144,67,77,144,No Group
Manchester City Council - Chorlton,Chorlton Place,2020,August,34,Wednesday,19 Aug 2020,20:00,61,65,126,61,65,126,No Group
Manchester City Council - Chorlton,Chorlton Place,2020,August,34,Wednesday,19 Aug 2020,21:00,23,29,52,23,29,52,No Group
Manchester City Council - Chorlton,Chorlton Place,2020,August,34,Wednesday,19 Aug 2020,22:00,10,22,32,10,22,32,No Group
Manchester City Council - Chorlton,Chorlton Place,2020,August,34,Wednesday,19 Aug 2020,23:00,8,24,32,8,24,32,No Group
Manchester City Council - Chorlton,Chorlton Place,2020,August,34,Thursday,20 Aug 2020,00:00,9,17,26,9,17,26,No Group
Manchester City Council - Chorlton,Chorlton Place,2020,August,34,Thursday,20 Aug 2020,01:00,5,2,7,5,2,7,No Group
Manchester City Council - Chorlton,Chorlton Place,2020,August,34,Thursday,20 Aug 2020,02:00,1,3,4,1,3,4,No Group
Manchester City Council - Chorlton,Chorlton Place,2020,August,34,Thursday,20 Aug 2020,03:00,1,2,3,1,2,3,No Group
Manchester City Council - Chorlton,Chorlton Place,2020,August,34,Thursday,20 Aug 2020,04:00,1,3,4,1,3,4,No Group
Manchester City Council - Chorlton,Chorlton Place,2020,August,34,Thursday,20 Aug 2020,05:00,1,2,3,1,2,3,No Group
Manchester City Council - Chorlton,Chorlton Place,2020,August,34,Thursday,20 Aug 2020,06:00,4,14,18,4,14,18,No Group
Manchester City Council - Chorlton,Chorlton Place,2020,August,34,Thursday,20 Aug 2020,07:00,29,32,61,29,32,61,No Group
Manchester City Council - Chorlton,Chorlton Place,2020,August,34,Thursday,20 Aug 2020,08:00,46,54,100,46,54,100,No Group
Manchester City Council - Chorlton,Chorlton Place,2020,August,34,Thursday,20 Aug 2020,09:00,82,98,180,82,98,180,No Group
Manchester City Council - Chorlton,Chorlton Place,2020,August,34,Thursday,20 Aug 2020,10:00,109,135,244,109,135,244,No Group
Manchester City Council - Chorlton,Chorlton Place,2020,August,34,Thursday,20 Aug 2020,11:00,141,157,298,141,157,298,No Group
Manchester City Council - Chorlton,Chorlton Place,2020,August,34,Thursday,20 Aug 2020,12:00,265,268,533,265,268,533,No Group
Manchester City Council - Chorlton,Chorlton Place,2020,August,34,Thursday,20 Aug 2020,13:00,203,198,401,203,198,401,No Group
Manchester City Council - Chorlton,Chorlton Place,2020,August,34,Thursday,20 Aug 2020,14:00,151,143,294,151,143,294,No Group
Manchester City Council - Chorlton,Chorlton Place,2020,August,34,Thursday,20 Aug 2020,15:00,167,179,346,167,179,346,No Group
Manchester City Council - Chorlton,Chorlton Place,2020,August,34,Thursday,20 Aug 2020,16:00,134,158,292,134,158,292,No Group
Manchester City Council - Chorlton,Chorlton Place,2020,August,34,Thursday,20 Aug 2020,17:00,91,108,199,91,108,199,No Group
Manchester City Council - Chorlton,Chorlton Place,2020,August,34,Thursday,20 Aug 2020,18:00,71,69,140,71,69,140,No Group
Manchester City Council - Chorlton,Chorlton Place,2020,August,34,Thursday,20 Aug 2020,19:00,69,51,120,69,51,120,No Group
Manchester City Council - Chorlton,Chorlton Place,2020,August,34,Thursday,20 Aug 2020,20:00,65,50,115,65,50,115,No Group
Manchester City Council - Chorlton,Chorlton Place,2020,August,34,Thursday,20 Aug 2020,21:00,50,48,98,50,48,98,No Group
Manchester City Council - Chorlton,Chorlton Place,2020,August,34,Thursday,20 Aug 2020,22:00,16,26,42,16,26,42,No Group
Manchester City Council - Chorlton,Chorlton Place,2020,August,34,Thursday,20 Aug 2020,23:00,10,22,32,10,22,32,No Group
Manchester City Council - Chorlton,Chorlton Place,2020,August,34,Friday,21 Aug 2020,00:00,7,10,17,7,10,17,No Group
Manchester City Council - Chorlton,Chorlton Place,2020,August,34,Friday,21 Aug 2020,01:00,4,7,11,4,7,11,No Group
Manchester City Council - Chorlton,Chorlton Place,2020,August,34,Friday,21 Aug 2020,02:00,5,7,12,5,7,12,No Group
Manchester City Council - Chorlton,Chorlton Place,2020,August,34,Friday,21 Aug 2020,03:00,1,2,3,1,2,3,No Group
Manchester City Council - Chorlton,Chorlton Place,2020,August,34,Friday,21 Aug 2020,04:00,0,0,0,0,0,0,No Group
Manchester City Council - Chorlton,Chorlton Place,2020,August,34,Friday,21 Aug 2020,05:00,3,3,6,3,3,6,No Group
Manchester City Council - Chorlton,Chorlton Place,2020,August,34,Friday,21 Aug 2020,06:00,9,14,23,9,14,23,No Group
Manchester City Council - Chorlton,Chorlton Place,2020,August,34,Friday,21 Aug 2020,07:00,34,37,71,34,37,71,No Group
Manchester City Council - Chorlton,Chorlton Place,2020,August,34,Friday,21 Aug 2020,08:00,40,56,96,40,56,96,No Group
Manchester City Council - Chorlton,Chorlton Place,2020,August,34,Friday,21 Aug 2020,09:00,75,117,192,75,117,192,No Group
Manchester City Council - Chorlton,Chorlton Place,2020,August,34,Friday,21 Aug 2020,10:00,123,132,255,123,132,255,No Group
Manchester City Council - Chorlton,Chorlton Place,2020,August,34,Friday,21 Aug 2020,11:00,156,142,298,156,142,298,No Group
Manchester City Council - Chorlton,Chorlton Place,2020,August,34,Friday,21 Aug 2020,12:00,195,168,363,195,168,363,No Group
Manchester City Council - Chorlton,Chorlton Place,2020,August,34,Friday,21 Aug 2020,13:00,161,152,313,161,152,313,No Group
Manchester City Council - Chorlton,Chorlton Place,2020,August,34,Friday,21 Aug 2020,14:00,143,121,264,143,121,264,No Group
Manchester City Council - Chorlton,Chorlton Place,2020,August,34,Friday,21 Aug 2020,15:00,169,167,336,169,167,336,No Group
Manchester City Council - Chorlton,Chorlton Place,2020,August,34,Friday,21 Aug 2020,16:00,126,134,260,126,134,260,No Group
Manchester City Council - Chorlton,Chorlton Place,2020,August,34,Friday,21 Aug 2020,17:00,86,94,180,86,94,180,No Group
Manchester City Council - Chorlton,Chorlton Place,2020,August,34,Friday,21 Aug 2020,18:00,75,49,124,75,49,124,No Group
Manchester City Council - Chorlton,Chorlton Place,2020,August,34,Friday,21 Aug 2020,19:00,68,66,134,68,66,134,No Group
Manchester City Council - Chorlton,Chorlton Place,2020,August,34,Friday,21 Aug 2020,20:00,58,59,117,58,59,117,No Group
Manchester City Council - Chorlton,Chorlton Place,2020,August,34,Friday,21 Aug 2020,21:00,29,37,66,29,37,66,No Group
Manchester City Council - Chorlton,Chorlton Place,2020,August,34,Friday,21 Aug 2020,22:00,16,26,42,16,26,42,No Group
Manchester City Council - Chorlton,Chorlton Place,2020,August,34,Friday,21 Aug 2020,23:00,11,36,47,11,36,47,No Group
Manchester City Council - Chorlton,Chorlton Place,2020,August,34,Saturday,22 Aug 2020,00:00,17,8,25,17,8,25,No Group
Manchester City Council - Chorlton,Chorlton Place,2020,August,34,Saturday,22 Aug 2020,01:00,7,0,7,7,0,7,No Group
Manchester City Council - Chorlton,Chorlton Place,2020,August,34,Saturday,22 Aug 2020,02:00,0,1,1,0,1,1,No Group
Manchester City Council - Chorlton,Chorlton Place,2020,August,34,Saturday,22 Aug 2020,03:00,1,1,2,1,1,2,No Group
Manchester City Council - Chorlton,Chorlton Place,2020,August,34,Saturday,22 Aug 2020,04:00,2,5,7,2,5,7,No Group
Manchester City Council - Chorlton,Chorlton Place,2020,August,34,Saturday,22 Aug 2020,05:00,9,7,16,9,7,16,No Group
Manchester City Council - Chorlton,Chorlton Place,2020,August,34,Saturday,22 Aug 2020,06:00,7,7,14,7,7,14,No Group
Manchester City Council - Chorlton,Chorlton Place,2020,August,34,Saturday,22 Aug 2020,07:00,8,19,27,8,19,27,No Group
Manchester City Council - Chorlton,Chorlton Place,2020,August,34,Saturday,22 Aug 2020,08:00,46,58,104,46,58,104,No Group
Manchester City Council - Chorlton,Chorlton Place,2020,August,34,Saturday,22 Aug 2020,09:00,71,109,180,71,109,180,No Group
Manchester City Council - Chorlton,Chorlton Place,2020,August,34,Saturday,22 Aug 2020,10:00,111,128,239,111,128,239,No Group
Manchester City Council - Chorlton,Chorlton Place,2020,August,34,Saturday,22 Aug 2020,11:00,143,161,304,143,161,304,No Group
Manchester City Council - Chorlton,Chorlton Place,2020,August,34,Saturday,22 Aug 2020,12:00,209,272,481,209,272,481,No Group
Manchester City Council - Chorlton,Chorlton Place,2020,August,34,Saturday,22 Aug 2020,13:00,240,249,489,240,249,489,No Group
Manchester City Council - Chorlton,Chorlton Place,2020,August,34,Saturday,22 Aug 2020,14:00,189,194,383,189,194,383,No Group
Manchester City Council - Chorlton,Chorlton Place,2020,August,34,Saturday,22 Aug 2020,15:00,211,222,433,211,222,433,No Group
Manchester City Council - Chorlton,Chorlton Place,2020,August,34,Saturday,22 Aug 2020,16:00,156,186,342,156,186,342,No Group
Manchester City Council - Chorlton,Chorlton Place,2020,August,34,Saturday,22 Aug 2020,17:00,66,85,151,66,85,151,No Group
Manchester City Council - Chorlton,Chorlton Place,2020,August,34,Saturday,22 Aug 2020,18:00,67,61,128,67,61,128,No Group
Manchester City Council - Chorlton,Chorlton Place,2020,August,34,Saturday,22 Aug 2020,19:00,65,59,124,65,59,124,No Group
Manchester City Council - Chorlton,Chorlton Place,2020,August,34,Saturday,22 Aug 2020,20:00,35,44,79,35,44,79,No Group
Manchester City Council - Chorlton,Chorlton Place,2020,August,34,Saturday,22 Aug 2020,21:00,26,39,65,26,39,65,No Group
Manchester City Council - Chorlton,Chorlton Place,2020,August,34,Saturday,22 Aug 2020,22:00,13,26,39,13,26,39,No Group
Manchester City Council - Chorlton,Chorlton Place,2020,August,34,Saturday,22 Aug 2020,23:00,6,18,24,6,18,24,No Group
Manchester City Council - Chorlton,Chorlton Place,2020,August,34,Sunday,23 Aug 2020,00:00,16,6,22,16,6,22,No Group
Manchester City Council - Chorlton,Chorlton Place,2020,August,34,Sunday,23 Aug 2020,01:00,10,8,18,10,8,18,No Group
Manchester City Council - Chorlton,Chorlton Place,2020,August,34,Sunday,23 Aug 2020,02:00,3,4,7,3,4,7,No Group
Manchester City Council - Chorlton,Chorlton Place,2020,August,34,Sunday,23 Aug 2020,03:00,2,2,4,2,2,4,No Group
Manchester City Council - Chorlton,Chorlton Place,2020,August,34,Sunday,23 Aug 2020,04:00,0,0,0,0,0,0,No Group
Manchester City Council - Chorlton,Chorlton Place,2020,August,34,Sunday,23 Aug 2020,05:00,1,3,4,1,3,4,No Group
Manchester City Council - Chorlton,Chorlton Place,2020,August,34,Sunday,23 Aug 2020,06:00,2,5,7,2,5,7,No Group
Manchester City Council - Chorlton,Chorlton Place,2020,August,34,Sunday,23 Aug 2020,07:00,10,10,20,10,10,20,No Group
Manchester City Council - Chorlton,Chorlton Place,2020,August,34,Sunday,23 Aug 2020,08:00,10,18,28,10,18,28,No Group
Manchester City Council - Chorlton,Chorlton Place,2020,August,34,Sunday,23 Aug 2020,09:00,26,37,63,26,37,63,No Group
Manchester City Council - Chorlton,Chorlton Place,2020,August,34,Sunday,23 Aug 2020,10:00,47,63,110,47,63,110,No Group
Manchester City Council - Chorlton,Chorlton Place,2020,August,34,Sunday,23 Aug 2020,11:00,72,101,173,72,101,173,No Group
Manchester City Council - Chorlton,Chorlton Place,2020,August,34,Sunday,23 Aug 2020,12:00,92,80,172,92,80,172,No Group
Manchester City Council - Chorlton,Chorlton Place,2020,August,34,Sunday,23 Aug 2020,13:00,102,178,280,102,178,280,No Group
Manchester City Council - Chorlton,Chorlton Place,2020,August,34,Sunday,23 Aug 2020,14:00,108,118,226,108,118,226,No Group
Manchester City Council - Chorlton,Chorlton Place,2020,August,34,Sunday,23 Aug 2020,15:00,88,89,177,88,89,177,No Group
Manchester City Council - Chorlton,Chorlton Place,2020,August,34,Sunday,23 Aug 2020,16:00,53,55,108,53,55,108,No Group
Manchester City Council - Chorlton,Chorlton Place,2020,August,34,Sunday,23 Aug 2020,17:00,58,64,122,58,64,122,No Group
Manchester City Council - Chorlton,Chorlton Place,2020,August,34,Sunday,23 Aug 2020,18:00,42,37,79,42,37,79,No Group
Manchester City Council - Chorlton,Chorlton Place,2020,August,34,Sunday,23 Aug 2020,19:00,54,35,89,54,35,89,No Group
Manchester City Council - Chorlton,Chorlton Place,2020,August,34,Sunday,23 Aug 2020,20:00,30,24,54,30,24,54,No Group
Manchester City Council - Chorlton,Chorlton Place,2020,August,34,Sunday,23 Aug 2020,21:00,13,26,39,13,26,39,No Group
Manchester City Council - Chorlton,Chorlton Place,2020,August,34,Sunday,23 Aug 2020,22:00,24,35,59,24,35,59,No Group
Manchester City Council - Chorlton,Chorlton Place,2020,August,34,Sunday,23 Aug 2020,23:00,5,5,10,5,5,10,No Group
Manchester City Council - Chorlton,Chorlton Place,2020,August,35,Monday,24 Aug 2020,00:00,2,1,3,2,1,3,No Group
Manchester City Council - Chorlton,Chorlton Place,2020,August,35,Monday,24 Aug 2020,01:00,2,0,2,2,0,2,No Group
Manchester City Council - Chorlton,Chorlton Place,2020,August,35,Monday,24 Aug 2020,02:00,0,0,0,0,0,0,No Group
Manchester City Council - Chorlton,Chorlton Place,2020,August,35,Monday,24 Aug 2020,03:00,3,1,4,3,1,4,No Group
Manchester City Council - Chorlton,Chorlton Place,2020,August,35,Monday,24 Aug 2020,04:00,7,5,12,7,5,12,No Group
Manchester City Council - Chorlton,Chorlton Place,2020,August,35,Monday,24 Aug 2020,05:00,4,4,8,4,4,8,No Group
Manchester City Council - Chorlton,Chorlton Place,2020,August,35,Monday,24 Aug 2020,06:00,5,5,10,5,5,10,No Group
Manchester City Council - Chorlton,Chorlton Place,2020,August,35,Monday,24 Aug 2020,07:00,18,23,41,18,23,41,No Group
Manchester City Council - Chorlton,Chorlton Place,2020,August,35,Monday,24 Aug 2020,08:00,44,58,102,44,58,102,No Group
Manchester City Council - Chorlton,Chorlton Place,2020,August,35,Monday,24 Aug 2020,09:00,68,76,144,68,76,144,No Group
Manchester City Council - Chorlton,Chorlton Place,2020,August,35,Monday,24 Aug 2020,10:00,118,128,246,118,128,246,No Group
Manchester City Council - Chorlton,Chorlton Place,2020,August,35,Monday,24 Aug 2020,11:00,147,150,297,147,150,297,No Group
Manchester City Council - Chorlton,Chorlton Place,2020,August,35,Monday,24 Aug 2020,12:00,277,317,594,277,317,594,No Group
Manchester City Council - Chorlton,Chorlton Place,2020,August,35,Monday,24 Aug 2020,13:00,220,206,426,220,206,426,No Group
Manchester City Council - Chorlton,Chorlton Place,2020,August,35,Monday,24 Aug 2020,14:00,148,147,295,148,147,295,No Group
Manchester City Council - Chorlton,Chorlton Place,2020,August,35,Monday,24 Aug 2020,15:00,172,147,319,172,147,319,No Group
Manchester City Council - Chorlton,Chorlton Place,2020,August,35,Monday,24 Aug 2020,16:00,154,155,309,154,155,309,No Group
Manchester City Council - Chorlton,Chorlton Place,2020,August,35,Monday,24 Aug 2020,17:00,110,98,208,110,98,208,No Group
Manchester City Council - Chorlton,Chorlton Place,2020,August,35,Monday,24 Aug 2020,18:00,96,104,200,96,104,200,No Group
Manchester City Council - Chorlton,Chorlton Place,2020,August,35,Monday,24 Aug 2020,19:00,70,82,152,70,82,152,No Group
Manchester City Council - Chorlton,Chorlton Place,2020,August,35,Monday,24 Aug 2020,20:00,43,66,109,43,66,109,No Group
Manchester City Council - Chorlton,Chorlton Place,2020,August,35,Monday,24 Aug 2020,21:00,37,47,84,37,47,84,No Group
Manchester City Council - Chorlton,Chorlton Place,2020,August,35,Monday,24 Aug 2020,22:00,24,32,56,24,32,56,No Group
Manchester City Council - Chorlton,Chorlton Place,2020,August,35,Monday,24 Aug 2020,23:00,8,9,17,8,9,17,No Group
Manchester City Council - Chorlton,Chorlton Place,2020,August,35,Tuesday,25 Aug 2020,00:00,5,3,8,5,3,8,No Group
Manchester City Council - Chorlton,Chorlton Place,2020,August,35,Tuesday,25 Aug 2020,01:00,5,1,6,5,1,6,No Group
Manchester City Council - Chorlton,Chorlton Place,2020,August,35,Tuesday,25 Aug 2020,02:00,3,5,8,3,5,8,No Group
Manchester City Council - Chorlton,Chorlton Place,2020,August,35,Tuesday,25 Aug 2020,03:00,0,1,1,0,1,1,No Group
Manchester City Council - Chorlton,Chorlton Place,2020,August,35,Tuesday,25 Aug 2020,04:00,0,1,1,0,1,1,No Group
Manchester City Council - Chorlton,Chorlton Place,2020,August,35,Tuesday,25 Aug 2020,05:00,11,16,27,11,16,27,No Group
Manchester City Council - Chorlton,Chorlton Place,2020,August,35,Tuesday,25 Aug 2020,06:00,9,16,25,9,16,25,No Group
Manchester City Council - Chorlton,Chorlton Place,2020,August,35,Tuesday,25 Aug 2020,07:00,19,39,58,19,39,58,No Group
Manchester City Council - Chorlton,Chorlton Place,2020,August,35,Tuesday,25 Aug 2020,08:00,48,69,117,48,69,117,No Group
Manchester City Council - Chorlton,Chorlton Place,2020,August,35,Tuesday,25 Aug 2020,09:00,87,97,184,87,97,184,No Group
Manchester City Council - Chorlton,Chorlton Place,2020,August,35,Tuesday,25 Aug 2020,10:00,93,102,195,93,102,195,No Group
Manchester City Council - Chorlton,Chorlton Place,2020,August,35,Tuesday,25 Aug 2020,11:00,127,122,249,127,122,249,No Group
Manchester City Council - Chorlton,Chorlton Place,2020,August,35,Tuesday,25 Aug 2020,12:00,155,178,333,155,178,333,No Group
Manchester City Council - Chorlton,Chorlton Place,2020,August,35,Tuesday,25 Aug 2020,13:00,182,212,394,182,212,394,No Group
Manchester City Council - Chorlton,Chorlton Place,2020,August,35,Tuesday,25 Aug 2020,14:00,148,195,343,148,195,343,No Group
Manchester City Council - Chorlton,Chorlton Place,2020,August,35,Tuesday,25 Aug 2020,15:00,141,141,282,141,141,282,No Group
Manchester City Council - Chorlton,Chorlton Place,2020,August,35,Tuesday,25 Aug 2020,16:00,85,88,173,85,88,173,No Group
Manchester City Council - Chorlton,Chorlton Place,2020,August,35,Tuesday,25 Aug 2020,17:00,52,52,104,52,52,104,No Group
Manchester City Council - Chorlton,Chorlton Place,2020,August,35,Tuesday,25 Aug 2020,18:00,70,78,148,70,78,148,No Group
Manchester City Council - Chorlton,Chorlton Place,2020,August,35,Tuesday,25 Aug 2020,19:00,70,57,127,70,57,127,No Group
Manchester City Council - Chorlton,Chorlton Place,2020,August,35,Tuesday,25 Aug 2020,20:00,36,22,58,36,22,58,No Group
Manchester City Council - Chorlton,Chorlton Place,2020,August,35,Tuesday,25 Aug 2020,21:00,34,39,73,34,39,73,No Group
Manchester City Council - Chorlton,Chorlton Place,2020,August,35,Tuesday,25 Aug 2020,22:00,23,15,38,23,15,38,No Group
Manchester City Council - Chorlton,Chorlton Place,2020,August,35,Tuesday,25 Aug 2020,23:00,9,6,15,9,6,15,No Group
Manchester City Council - Chorlton,Chorlton Place,2020,August,35,Wednesday,26 Aug 2020,00:00,1,3,4,1,3,4,No Group
Manchester City Council - Chorlton,Chorlton Place,2020,August,35,Wednesday,26 Aug 2020,01:00,1,3,4,1,3,4,No Group
Manchester City Council - Chorlton,Chorlton Place,2020,August,35,Wednesday,26 Aug 2020,02:00,2,3,5,2,3,5,No Group
Manchester City Council - Chorlton,Chorlton Place,2020,August,35,Wednesday,26 Aug 2020,03:00,2,11,13,2,11,13,No Group
Manchester City Council - Chorlton,Chorlton Place,2020,August,35,Wednesday,26 Aug 2020,04:00,3,1,4,3,1,4,No Group
Manchester City Council - Chorlton,Chorlton Place,2020,August,35,Wednesday,26 Aug 2020,05:00,4,2,6,4,2,6,No Group
Manchester City Council - Chorlton,Chorlton Place,2020,August,35,Wednesday,26 Aug 2020,06:00,4,18,22,4,18,22,No Group
Manchester City Council - Chorlton,Chorlton Place,2020,August,35,Wednesday,26 Aug 2020,07:00,28,43,71,28,43,71,No Group
Manchester City Council - Chorlton,Chorlton Place,2020,August,35,Wednesday,26 Aug 2020,08:00,63,73,136,63,73,136,No Group
Manchester City Council - Chorlton,Chorlton Place,2020,August,35,Wednesday,26 Aug 2020,09:00,47,74,121,47,74,121,No Group
Manchester City Council - Chorlton,Chorlton Place,2020,August,35,Wednesday,26 Aug 2020,10:00,107,91,198,107,91,198,No Group
Manchester City Council - Chorlton,Chorlton Place,2020,August,35,Wednesday,26 Aug 2020,11:00,147,147,294,147,147,294,No Group
Manchester City Council - Chorlton,Chorlton Place,2020,August,35,Wednesday,26 Aug 2020,12:00,143,179,322,143,179,322,No Group
Manchester City Council - Chorlton,Chorlton Place,2020,August,35,Wednesday,26 Aug 2020,13:00,141,153,294,141,153,294,No Group
Manchester City Council - Chorlton,Chorlton Place,2020,August,35,Wednesday,26 Aug 2020,14:00,147,152,299,147,152,299,No Group
Manchester City Council - Chorlton,Chorlton Place,2020,August,35,Wednesday,26 Aug 2020,15:00,147,152,299,147,152,299,No Group
Manchester City Council - Chorlton,Chorlton Place,2020,August,35,Wednesday,26 Aug 2020,16:00,138,130,268,138,130,268,No Group
Manchester City Council - Chorlton,Chorlton Place,2020,August,35,Wednesday,26 Aug 2020,17:00,84,104,188,84,104,188,No Group
Manchester City Council - Chorlton,Chorlton Place,2020,August,35,Wednesday,26 Aug 2020,18:00,97,118,215,97,118,215,No Group
Manchester City Council - Chorlton,Chorlton Place,2020,August,35,Wednesday,26 Aug 2020,19:00,96,66,162,96,66,162,No Group
Manchester City Council - Chorlton,Chorlton Place,2020,August,35,Wednesday,26 Aug 2020,20:00,56,61,117,56,61,117,No Group
Manchester City Council - Chorlton,Chorlton Place,2020,August,35,Wednesday,26 Aug 2020,21:00,26,43,69,26,43,69,No Group
Manchester City Council - Chorlton,Chorlton Place,2020,August,35,Wednesday,26 Aug 2020,22:00,26,31,57,26,31,57,No Group
Manchester City Council - Chorlton,Chorlton Place,2020,August,35,Wednesday,26 Aug 2020,23:00,20,28,48,20,28,48,No Group
Manchester City Council - Chorlton,Chorlton Place,2020,August,35,Thursday,27 Aug 2020,00:00,7,2,9,7,2,9,No Group
Manchester City Council - Chorlton,Chorlton Place,2020,August,35,Thursday,27 Aug 2020,01:00,6,0,6,6,0,6,No Group
Manchester City Council - Chorlton,Chorlton Place,2020,August,35,Thursday,27 Aug 2020,02:00,0,0,0,0,0,0,No Group
Manchester City Council - Chorlton,Chorlton Place,2020,August,35,Thursday,27 Aug 2020,03:00,0,0,0,0,0,0,No Group
Manchester City Council - Chorlton,Chorlton Place,2020,August,35,Thursday,27 Aug 2020,04:00,2,2,4,2,2,4,No Group
Manchester City Council - Chorlton,Chorlton Place,2020,August,35,Thursday,27 Aug 2020,05:00,0,3,3,0,3,3,No Group
Manchester City Council - Chorlton,Chorlton Place,2020,August,35,Thursday,27 Aug 2020,06:00,4,7,11,4,7,11,No Group
Manchester City Council - Chorlton,Chorlton Place,2020,August,35,Thursday,27 Aug 2020,07:00,8,29,37,8,29,37,No Group
Manchester City Council - Chorlton,Chorlton Place,2020,August,35,Thursday,27 Aug 2020,08:00,36,60,96,36,60,96,No Group
Manchester City Council - Chorlton,Chorlton Place,2020,August,35,Thursday,27 Aug 2020,09:00,62,70,132,62,70,132,No Group
Manchester City Council - Chorlton,Chorlton Place,2020,August,35,Thursday,27 Aug 2020,10:00,99,117,216,99,117,216,No Group
Manchester City Council - Chorlton,Chorlton Place,2020,August,35,Thursday,27 Aug 2020,11:00,110,115,225,110,115,225,No Group
Manchester City Council - Chorlton,Chorlton Place,2020,August,35,Thursday,27 Aug 2020,12:00,143,136,279,143,136,279,No Group
Manchester City Council - Chorlton,Chorlton Place,2020,August,35,Thursday,27 Aug 2020,13:00,162,165,327,162,165,327,No Group
Manchester City Council - Chorlton,Chorlton Place,2020,August,35,Thursday,27 Aug 2020,14:00,168,190,358,168,190,358,No Group
Manchester City Council - Chorlton,Chorlton Place,2020,August,35,Thursday,27 Aug 2020,15:00,154,181,335,154,181,335,No Group
Manchester City Council - Chorlton,Chorlton Place,2020,August,35,Thursday,27 Aug 2020,16:00,92,98,190,92,98,190,No Group
Manchester City Council - Chorlton,Chorlton Place,2020,August,35,Thursday,27 Aug 2020,17:00,118,100,218,118,100,218,No Group
Manchester City Council - Chorlton,Chorlton Place,2020,August,35,Thursday,27 Aug 2020,18:00,58,58,116,58,58,116,No Group
Manchester City Council - Chorlton,Chorlton Place,2020,August,35,Thursday,27 Aug 2020,19:00,59,52,111,59,52,111,No Group
Manchester City Council - Chorlton,Chorlton Place,2020,August,35,Thursday,27 Aug 2020,20:00,25,28,53,25,28,53,No Group
Manchester City Council - Chorlton,Chorlton Place,2020,August,35,Thursday,27 Aug 2020,21:00,22,34,56,22,34,56,No Group
Manchester City Council - Chorlton,Chorlton Place,2020,August,35,Thursday,27 Aug 2020,22:00,12,13,25,12,13,25,No Group
Manchester City Council - Chorlton,Chorlton Place,2020,August,35,Thursday,27 Aug 2020,23:00,8,8,16,8,8,16,No Group
Manchester City Council - Chorlton,Chorlton Place,2020,August,35,Friday,28 Aug 2020,00:00,6,0,6,6,0,6,No Group
Manchester City Council - Chorlton,Chorlton Place,2020,August,35,Friday,28 Aug 2020,01:00,0,1,1,0,1,1,No Group
Manchester City Council - Chorlton,Chorlton Place,2020,August,35,Friday,28 Aug 2020,02:00,0,1,1,0,1,1,No Group
Manchester City Council - Chorlton,Chorlton Place,2020,August,35,Friday,28 Aug 2020,03:00,4,1,5,4,1,5,No Group
Manchester City Council - Chorlton,Chorlton Place,2020,August,35,Friday,28 Aug 2020,04:00,1,0,1,1,0,1,No Group
Manchester City Council - Chorlton,Chorlton Place,2020,August,35,Friday,28 Aug 2020,05:00,0,2,2,0,2,2,No Group
Manchester City Council - Chorlton,Chorlton Place,2020,August,35,Friday,28 Aug 2020,06:00,10,20,30,10,20,30,No Group
Manchester City Council - Chorlton,Chorlton Place,2020,August,35,Friday,28 Aug 2020,07:00,19,29,48,19,29,48,No Group
Manchester City Council - Chorlton,Chorlton Place,2020,August,35,Friday,28 Aug 2020,08:00,33,54,87,33,54,87,No Group
Manchester City Council - Chorlton,Chorlton Place,2020,August,35,Friday,28 Aug 2020,09:00,79,120,199,79,120,199,No Group
Manchester City Council - Chorlton,Chorlton Place,2020,August,35,Friday,28 Aug 2020,10:00,162,159,321,162,159,321,No Group
Manchester City Council - Chorlton,Chorlton Place,2020,August,35,Friday,28 Aug 2020,11:00,125,145,270,125,145,270,No Group
Manchester City Council - Chorlton,Chorlton Place,2020,August,35,Friday,28 Aug 2020,12:00,210,198,408,210,198,408,No Group
Manchester City Council - Chorlton,Chorlton Place,2020,August,35,Friday,28 Aug 2020,13:00,197,185,382,197,185,382,No Group
Manchester City Council - Chorlton,Chorlton Place,2020,August,35,Friday,28 Aug 2020,14:00,188,198,386,188,198,386,No Group
Manchester City Council - Chorlton,Chorlton Place,2020,August,35,Friday,28 Aug 2020,15:00,169,178,347,169,178,347,No Group
Manchester City Council - Chorlton,Chorlton Place,2020,August,35,Friday,28 Aug 2020,16:00,158,150,308,158,150,308,No Group
Manchester City Council - Chorlton,Chorlton Place,2020,August,35,Friday,28 Aug 2020,17:00,90,82,172,90,82,172,No Group
Manchester City Council - Chorlton,Chorlton Place,2020,August,35,Friday,28 Aug 2020,18:00,76,67,143,76,67,143,No Group
Manchester City Council - Chorlton,Chorlton Place,2020,August,35,Friday,28 Aug 2020,19:00,81,82,163,81,82,163,No Group
Manchester City Council - Chorlton,Chorlton Place,2020,August,35,Friday,28 Aug 2020,20:00,53,43,96,53,43,96,No Group
Manchester City Council - Chorlton,Chorlton Place,2020,August,35,Friday,28 Aug 2020,21:00,22,38,60,22,38,60,No Group
Manchester City Council - Chorlton,Chorlton Place,2020,August,35,Friday,28 Aug 2020,22:00,10,23,33,10,23,33,No Group
Manchester City Council - Chorlton,Chorlton Place,2020,August,35,Friday,28 Aug 2020,23:00,19,25,44,19,25,44,No Group
Manchester City Council - Chorlton,Chorlton Place,2020,August,35,Saturday,29 Aug 2020,00:00,11,5,16,11,5,16,No Group
Manchester City Council - Chorlton,Chorlton Place,2020,August,35,Saturday,29 Aug 2020,01:00,5,4,9,5,4,9,No Group
Manchester City Council - Chorlton,Chorlton Place,2020,August,35,Saturday,29 Aug 2020,02:00,1,3,4,1,3,4,No Group
Manchester City Council - Chorlton,Chorlton Place,2020,August,35,Saturday,29 Aug 2020,03:00,2,4,6,2,4,6,No Group
Manchester City Council - Chorlton,Chorlton Place,2020,August,35,Saturday,29 Aug 2020,04:00,2,1,3,2,1,3,No Group
Manchester City Council - Chorlton,Chorlton Place,2020,August,35,Saturday,29 Aug 2020,05:00,5,8,13,5,8,13,No Group
Manchester City Council - Chorlton,Chorlton Place,2020,August,35,Saturday,29 Aug 2020,06:00,7,5,12,7,5,12,No Group
Manchester City Council - Chorlton,Chorlton Place,2020,August,35,Saturday,29 Aug 2020,07:00,21,25,46,21,25,46,No Group
Manchester City Council - Chorlton,Chorlton Place,2020,August,35,Saturday,29 Aug 2020,08:00,35,32,67,35,32,67,No Group
Manchester City Council - Chorlton,Chorlton Place,2020,August,35,Saturday,29 Aug 2020,09:00,80,107,187,80,107,187,No Group
Manchester City Council - Chorlton,Chorlton Place,2020,August,35,Saturday,29 Aug 2020,10:00,132,121,253,132,121,253,No Group
Manchester City Council - Chorlton,Chorlton Place,2020,August,35,Saturday,29 Aug 2020,11:00,164,205,369,164,205,369,No Group
Manchester City Council - Chorlton,Chorlton Place,2020,August,35,Saturday,29 Aug 2020,12:00,189,205,394,189,205,394,No Group
Manchester City Council - Chorlton,Chorlton Place,2020,August,35,Saturday,29 Aug 2020,13:00,161,190,351,161,190,351,No Group
Manchester City Council - Chorlton,Chorlton Place,2020,August,35,Saturday,29 Aug 2020,14:00,211,190,401,211,190,401,No Group
Manchester City Council - Chorlton,Chorlton Place,2020,August,35,Saturday,29 Aug 2020,15:00,193,212,405,193,212,405,No Group
Manchester City Council - Chorlton,Chorlton Place,2020,August,35,Saturday,29 Aug 2020,16:00,136,126,262,136,126,262,No Group
Manchester City Council - Chorlton,Chorlton Place,2020,August,35,Saturday,29 Aug 2020,17:00,94,81,175,94,81,175,No Group
Manchester City Council - Chorlton,Chorlton Place,2020,August,35,Saturday,29 Aug 2020,18:00,78,76,154,78,76,154,No Group
Manchester City Council - Chorlton,Chorlton Place,2020,August,35,Saturday,29 Aug 2020,19:00,53,54,107,53,54,107,No Group
Manchester City Council - Chorlton,Chorlton Place,2020,August,35,Saturday,29 Aug 2020,20:00,33,51,84,33,51,84,No Group
Manchester City Council - Chorlton,Chorlton Place,2020,August,35,Saturday,29 Aug 2020,21:00,35,48,83,35,48,83,No Group
Manchester City Council - Chorlton,Chorlton Place,2020,August,35,Saturday,29 Aug 2020,22:00,28,32,60,28,32,60,No Group
Manchester City Council - Chorlton,Chorlton Place,2020,August,35,Saturday,29 Aug 2020,23:00,22,10,32,22,10,32,No Group
Manchester City Council - Chorlton,Chorlton Place,2020,August,35,Sunday,30 Aug 2020,00:00,7,1,8,7,1,8,No Group
Manchester City Council - Chorlton,Chorlton Place,2020,August,35,Sunday,30 Aug 2020,01:00,3,2,5,3,2,5,No Group
Manchester City Council - Chorlton,Chorlton Place,2020,August,35,Sunday,30 Aug 2020,02:00,2,0,2,2,0,2,No Group
Manchester City Council - Chorlton,Chorlton Place,2020,August,35,Sunday,30 Aug 2020,03:00,0,0,0,0,0,0,No Group
Manchester City Council - Chorlton,Chorlton Place,2020,August,35,Sunday,30 Aug 2020,04:00,0,1,1,0,1,1,No Group
Manchester City Council - Chorlton,Chorlton Place,2020,August,35,Sunday,30 Aug 2020,05:00,0,2,2,0,2,2,No Group
Manchester City Council - Chorlton,Chorlton Place,2020,August,35,Sunday,30 Aug 2020,06:00,3,5,8,3,5,8,No Group
Manchester City Council - Chorlton,Chorlton Place,2020,August,35,Sunday,30 Aug 2020,07:00,10,13,23,10,13,23,No Group
Manchester City Council - Chorlton,Chorlton Place,2020,August,35,Sunday,30 Aug 2020,08:00,19,15,34,19,15,34,No Group
Manchester City Council - Chorlton,Chorlton Place,2020,August,35,Sunday,30 Aug 2020,09:00,49,55,104,49,55,104,No Group
Manchester City Council - Chorlton,Chorlton Place,2020,August,35,Sunday,30 Aug 2020,10:00,58,73,131,58,73,131,No Group
Manchester City Council - Chorlton,Chorlton Place,2020,August,35,Sunday,30 Aug 2020,11:00,110,126,236,110,126,236,No Group
Manchester City Council - Chorlton,Chorlton Place,2020,August,35,Sunday,30 Aug 2020,12:00,92,99,191,92,99,191,No Group
Manchester City Council - Chorlton,Chorlton Place,2020,August,35,Sunday,30 Aug 2020,13:00,104,104,208,104,104,208,No Group
Manchester City Council - Chorlton,Chorlton Place,2020,August,35,Sunday,30 Aug 2020,14:00,94,90,184,94,90,184,No Group
Manchester City Council - Chorlton,Chorlton Place,2020,August,35,Sunday,30 Aug 2020,15:00,83,98,181,83,98,181,No Group
Manchester City Council - Chorlton,Chorlton Place,2020,August,35,Sunday,30 Aug 2020,16:00,56,53,109,56,53,109,No Group
Manchester City Council - Chorlton,Chorlton Place,2020,August,35,Sunday,30 Aug 2020,17:00,50,61,111,50,61,111,No Group
Manchester City Council - Chorlton,Chorlton Place,2020,August,35,Sunday,30 Aug 2020,18:00,67,63,130,67,63,130,No Group
Manchester City Council - Chorlton,Chorlton Place,2020,August,35,Sunday,30 Aug 2020,19:00,34,49,83,34,49,83,No Group
Manchester City Council - Chorlton,Chorlton Place,2020,August,35,Sunday,30 Aug 2020,20:00,39,46,85,39,46,85,No Group
Manchester City Council - Chorlton,Chorlton Place,2020,August,35,Sunday,30 Aug 2020,21:00,22,27,49,22,27,49,No Group
Manchester City Council - Chorlton,Chorlton Place,2020,August,35,Sunday,30 Aug 2020,22:00,29,35,64,29,35,64,No Group
Manchester City Council - Chorlton,Chorlton Place,2020,August,35,Sunday,30 Aug 2020,23:00,27,14,41,27,14,41,No Group
Manchester City Council - Chorlton,Chorlton Place,2020,September,36,Monday,31 Aug 2020,00:00,7,3,10,7,3,10,No Group
Manchester City Council - Chorlton,Chorlton Place,2020,September,36,Monday,31 Aug 2020,01:00,9,1,10,9,1,10,No Group
Manchester City Council - Chorlton,Chorlton Place,2020,September,36,Monday,31 Aug 2020,02:00,0,1,1,0,1,1,No Group
Manchester City Council - Chorlton,Chorlton Place,2020,September,36,Monday,31 Aug 2020,03:00,0,0,0,0,0,0,No Group
Manchester City Council - Chorlton,Chorlton Place,2020,September,36,Monday,31 Aug 2020,04:00,2,2,4,2,2,4,No Group
Manchester City Council - Chorlton,Chorlton Place,2020,September,36,Monday,31 Aug 2020,05:00,0,3,3,0,3,3,No Group
Manchester City Council - Chorlton,Chorlton Place,2020,September,36,Monday,31 Aug 2020,06:00,2,5,7,2,5,7,No Group
Manchester City Council - Chorlton,Chorlton Place,2020,September,36,Monday,31 Aug 2020,07:00,2,9,11,2,9,11,No Group
Manchester City Council - Chorlton,Chorlton Place,2020,September,36,Monday,31 Aug 2020,08:00,16,30,46,16,30,46,No Group
Manchester City Council - Chorlton,Chorlton Place,2020,September,36,Monday,31 Aug 2020,09:00,36,52,88,36,52,88,No Group
Manchester City Council - Chorlton,Chorlton Place,2020,September,36,Monday,31 Aug 2020,10:00,90,97,187,90,97,187,No Group
Manchester City Council - Chorlton,Chorlton Place,2020,September,36,Monday,31 Aug 2020,11:00,111,132,243,111,132,243,No Group
Manchester City Council - Chorlton,Chorlton Place,2020,September,36,Monday,31 Aug 2020,12:00,138,137,275,138,137,275,No Group
Manchester City Council - Chorlton,Chorlton Place,2020,September,36,Monday,31 Aug 2020,13:00,133,163,296,133,163,296,No Group
Manchester City Council - Chorlton,Chorlton Place,2020,September,36,Monday,31 Aug 2020,14:00,135,149,284,135,149,284,No Group
Manchester City Council - Chorlton,Chorlton Place,2020,September,36,Monday,31 Aug 2020,15:00,104,129,233,104,129,233,No Group
Manchester City Council - Chorlton,Chorlton Place,2020,September,36,Monday,31 Aug 2020,16:00,89,100,189,89,100,189,No Group
Manchester City Council - Chorlton,Chorlton Place,2020,September,36,Monday,31 Aug 2020,17:00,69,81,150,69,81,150,No Group
Manchester City Council - Chorlton,Chorlton Place,2020,September,36,Monday,31 Aug 2020,18:00,69,68,137,69,68,137,No Group
Manchester City Council - Chorlton,Chorlton Place,2020,September,36,Monday,31 Aug 2020,19:00,66,50,116,66,50,116,No Group
Manchester City Council - Chorlton,Chorlton Place,2020,September,36,Monday,31 Aug 2020,20:00,47,55,102,47,55,102,No Group
Manchester City Council - Chorlton,Chorlton Place,2020,September,36,Monday,31 Aug 2020,21:00,20,40,60,20,40,60,No Group
Manchester City Council - Chorlton,Chorlton Place,2020,September,36,Monday,31 Aug 2020,22:00,31,14,45,31,14,45,No Group
Manchester City Council - Chorlton,Chorlton Place,2020,September,36,Monday,31 Aug 2020,23:00,8,4,12,8,4,12,No Group
Manchester City Council - Chorlton,Chorlton Place,2020,September,36,Tuesday,01 Sep 2020,00:00,5,11,16,5,11,16,No Group
Manchester City Council - Chorlton,Chorlton Place,2020,September,36,Tuesday,01 Sep 2020,01:00,2,0,2,2,0,2,No Group
Manchester City Council - Chorlton,Chorlton Place,2020,September,36,Tuesday,01 Sep 2020,02:00,1,0,1,1,0,1,No Group
Manchester City Council - Chorlton,Chorlton Place,2020,September,36,Tuesday,01 Sep 2020,03:00,0,0,0,0,0,0,No Group
Manchester City Council - Chorlton,Chorlton Place,2020,September,36,Tuesday,01 Sep 2020,04:00,0,1,1,0,1,1,No Group
Manchester City Council - Chorlton,Chorlton Place,2020,September,36,Tuesday,01 Sep 2020,05:00,21,26,47,21,26,47,No Group
Manchester City Council - Chorlton,Chorlton Place,2020,September,36,Tuesday,01 Sep 2020,06:00,5,18,23,5,18,23,No Group
Manchester City Council - Chorlton,Chorlton Place,2020,September,36,Tuesday,01 Sep 2020,07:00,10,29,39,10,29,39,No Group
Manchester City Council - Chorlton,Chorlton Place,2020,September,36,Tuesday,01 Sep 2020,08:00,54,75,129,54,75,129,No Group
Manchester City Council - Chorlton,Chorlton Place,2020,September,36,Tuesday,01 Sep 2020,09:00,55,96,151,55,96,151,No Group
Manchester City Council - Chorlton,Chorlton Place,2020,September,36,Tuesday,01 Sep 2020,10:00,159,157,316,159,157,316,No Group
Manchester City Council - Chorlton,Chorlton Place,2020,September,36,Tuesday,01 Sep 2020,11:00,162,203,365,162,203,365,No Group
Manchester City Council - Chorlton,Chorlton Place,2020,September,36,Tuesday,01 Sep 2020,12:00,265,289,554,265,289,554,No Group
Manchester City Council - Chorlton,Chorlton Place,2020,September,36,Tuesday,01 Sep 2020,13:00,263,288,551,263,288,551,No Group
Manchester City Council - Chorlton,Chorlton Place,2020,September,36,Tuesday,01 Sep 2020,14:00,228,222,450,228,222,450,No Group
Manchester City Council - Chorlton,Chorlton Place,2020,September,36,Tuesday,01 Sep 2020,15:00,185,177,362,185,177,362,No Group
Manchester City Council - Chorlton,Chorlton Place,2020,September,36,Tuesday,01 Sep 2020,16:00,150,142,292,150,142,292,No Group
Manchester City Council - Chorlton,Chorlton Place,2020,September,36,Tuesday,01 Sep 2020,17:00,100,113,213,100,113,213,No Group
Manchester City Council - Chorlton,Chorlton Place,2020,September,36,Tuesday,01 Sep 2020,18:00,69,75,144,69,75,144,No Group
Manchester City Council - Chorlton,Chorlton Place,2020,September,36,Tuesday,01 Sep 2020,19:00,73,50,123,73,50,123,No Group
Manchester City Council - Chorlton,Chorlton Place,2020,September,36,Tuesday,01 Sep 2020,20:00,46,53,99,46,53,99,No Group
Manchester City Council - Chorlton,Chorlton Place,2020,September,36,Tuesday,01 Sep 2020,21:00,25,38,63,25,38,63,No Group
Manchester City Council - Chorlton,Chorlton Place,2020,September,36,Tuesday,01 Sep 2020,22:00,14,13,27,14,13,27,No Group
Manchester City Council - Chorlton,Chorlton Place,2020,September,36,Tuesday,01 Sep 2020,23:00,7,2,9,7,2,9,No Group
Manchester City Council - Chorlton,Chorlton Place,2020,September,36,Wednesday,02 Sep 2020,00:00,8,2,10,8,2,10,No Group
Manchester City Council - Chorlton,Chorlton Place,2020,September,36,Wednesday,02 Sep 2020,01:00,1,0,1,1,0,1,No Group
Manchester City Council - Chorlton,Chorlton Place,2020,September,36,Wednesday,02 Sep 2020,02:00,0,0,0,0,0,0,No Group
Manchester City Council - Chorlton,Chorlton Place,2020,September,36,Wednesday,02 Sep 2020,03:00,0,1,1,0,1,1,No Group
Manchester City Council - Chorlton,Chorlton Place,2020,September,36,Wednesday,02 Sep 2020,04:00,2,1,3,2,1,3,No Group
Manchester City Council - Chorlton,Chorlton Place,2020,September,36,Wednesday,02 Sep 2020,05:00,3,5,8,3,5,8,No Group
Manchester City Council - Chorlton,Chorlton Place,2020,September,36,Wednesday,02 Sep 2020,06:00,5,14,19,5,14,19,No Group
Manchester City Council - Chorlton,Chorlton Place,2020,September,36,Wednesday,02 Sep 2020,07:00,11,35,46,11,35,46,No Group
Manchester City Council - Chorlton,Chorlton Place,2020,September,36,Wednesday,02 Sep 2020,08:00,31,58,89,31,58,89,No Group
Manchester City Council - Chorlton,Chorlton Place,2020,September,36,Wednesday,02 Sep 2020,09:00,65,96,161,65,96,161,No Group
Manchester City Council - Chorlton,Chorlton Place,2020,September,36,Wednesday,02 Sep 2020,10:00,111,111,222,111,111,222,No Group
Manchester City Council - Chorlton,Chorlton Place,2020,September,36,Wednesday,02 Sep 2020,11:00,126,129,255,126,129,255,No Group
Manchester City Council - Chorlton,Chorlton Place,2020,September,36,Wednesday,02 Sep 2020,12:00,178,180,358,178,180,358,No Group
Manchester City Council - Chorlton,Chorlton Place,2020,September,36,Wednesday,02 Sep 2020,13:00,181,210,391,181,210,391,No Group
Manchester City Council - Chorlton,Chorlton Place,2020,September,36,Wednesday,02 Sep 2020,14:00,216,161,377,216,161,377,No Group
Manchester City Council - Chorlton,Chorlton Place,2020,September,36,Wednesday,02 Sep 2020,15:00,153,178,331,153,178,331,No Group
Manchester City Council - Chorlton,Chorlton Place,2020,September,36,Wednesday,02 Sep 2020,16:00,97,88,185,97,88,185,No Group
Manchester City Council - Chorlton,Chorlton Place,2020,September,36,Wednesday,02 Sep 2020,17:00,84,95,179,84,95,179,No Group
Manchester City Council - Chorlton,Chorlton Place,2020,September,36,Wednesday,02 Sep 2020,18:00,85,91,176,85,91,176,No Group
Manchester City Council - Chorlton,Chorlton Place,2020,September,36,Wednesday,02 Sep 2020,19:00,73,70,143,73,70,143,No Group
Manchester City Council - Chorlton,Chorlton Place,2020,September,36,Wednesday,02 Sep 2020,20:00,59,61,120,59,61,120,No Group
Manchester City Council - Chorlton,Chorlton Place,2020,September,36,Wednesday,02 Sep 2020,21:00,28,38,66,28,38,66,No Group
Manchester City Council - Chorlton,Chorlton Place,2020,September,36,Wednesday,02 Sep 2020,22:00,19,30,49,19,30,49,No Group
Manchester City Council - Chorlton,Chorlton Place,2020,September,36,Wednesday,02 Sep 2020,23:00,11,20,31,11,20,31,No Group
Manchester City Council - Chorlton,Chorlton Place,2020,September,36,Thursday,03 Sep 2020,00:00,7,2,9,7,2,9,No Group
Manchester City Council - Chorlton,Chorlton Place,2020,September,36,Thursday,03 Sep 2020,01:00,2,2,4,2,2,4,No Group
Manchester City Council - Chorlton,Chorlton Place,2020,September,36,Thursday,03 Sep 2020,02:00,8,6,14,8,6,14,No Group
Manchester City Council - Chorlton,Chorlton Place,2020,September,36,Thursday,03 Sep 2020,03:00,1,3,4,1,3,4,No Group
Manchester City Council - Chorlton,Chorlton Place,2020,September,36,Thursday,03 Sep 2020,04:00,1,2,3,1,2,3,No Group
Manchester City Council - Chorlton,Chorlton Place,2020,September,36,Thursday,03 Sep 2020,05:00,3,1,4,3,1,4,No Group
Manchester City Council - Chorlton,Chorlton Place,2020,September,36,Thursday,03 Sep 2020,06:00,15,20,35,15,20,35,No Group
Manchester City Council - Chorlton,Chorlton Place,2020,September,36,Thursday,03 Sep 2020,07:00,24,45,69,24,45,69,No Group
Manchester City Council - Chorlton,Chorlton Place,2020,September,36,Thursday,03 Sep 2020,08:00,43,74,117,43,74,117,No Group
Manchester City Council - Chorlton,Chorlton Place,2020,September,36,Thursday,03 Sep 2020,09:00,97,122,219,97,122,219,No Group
Manchester City Council - Chorlton,Chorlton Place,2020,September,36,Thursday,03 Sep 2020,10:00,129,109,238,129,109,238,No Group
Manchester City Council - Chorlton,Chorlton Place,2020,September,36,Thursday,03 Sep 2020,11:00,145,160,305,145,160,305,No Group
Manchester City Council - Chorlton,Chorlton Place,2020,September,36,Thursday,03 Sep 2020,12:00,185,174,359,185,174,359,No Group
Manchester City Council - Chorlton,Chorlton Place,2020,September,36,Thursday,03 Sep 2020,13:00,147,168,315,147,168,315,No Group
Manchester City Council - Chorlton,Chorlton Place,2020,September,36,Thursday,03 Sep 2020,14:00,176,148,324,176,148,324,No Group
Manchester City Council - Chorlton,Chorlton Place,2020,September,36,Thursday,03 Sep 2020,15:00,158,149,307,158,149,307,No Group
Manchester City Council - Chorlton,Chorlton Place,2020,September,36,Thursday,03 Sep 2020,16:00,111,113,224,111,113,224,No Group
Manchester City Council - Chorlton,Chorlton Place,2020,September,36,Thursday,03 Sep 2020,17:00,112,91,203,112,91,203,No Group
Manchester City Council - Chorlton,Chorlton Place,2020,September,36,Thursday,03 Sep 2020,18:00,80,75,155,80,75,155,No Group
Manchester City Council - Chorlton,Chorlton Place,2020,September,36,Thursday,03 Sep 2020,19:00,55,50,105,55,50,105,No Group
Manchester City Council - Chorlton,Chorlton Place,2020,September,36,Thursday,03 Sep 2020,20:00,40,40,80,40,40,80,No Group
Manchester City Council - Chorlton,Chorlton Place,2020,September,36,Thursday,03 Sep 2020,21:00,22,31,53,22,31,53,No Group
Manchester City Council - Chorlton,Chorlton Place,2020,September,36,Thursday,03 Sep 2020,22:00,26,28,54,26,28,54,No Group
Manchester City Council - Chorlton,Chorlton Place,2020,September,36,Thursday,03 Sep 2020,23:00,13,13,26,13,13,26,No Group
Manchester City Council - Chorlton,Chorlton Place,2020,September,36,Friday,04 Sep 2020,00:00,4,4,8,4,4,8,No Group
Manchester City Council - Chorlton,Chorlton Place,2020,September,36,Friday,04 Sep 2020,01:00,3,2,5,3,2,5,No Group
Manchester City Council - Chorlton,Chorlton Place,2020,September,36,Friday,04 Sep 2020,02:00,2,1,3,2,1,3,No Group
Manchester City Council - Chorlton,Chorlton Place,2020,September,36,Friday,04 Sep 2020,03:00,1,2,3,1,2,3,No Group
Manchester City Council - Chorlton,Chorlton Place,2020,September,36,Friday,04 Sep 2020,04:00,0,2,2,0,2,2,No Group
Manchester City Council - Chorlton,Chorlton Place,2020,September,36,Friday,04 Sep 2020,05:00,0,6,6,0,6,6,No Group
Manchester City Council - Chorlton,Chorlton Place,2020,September,36,Friday,04 Sep 2020,06:00,5,6,11,5,6,11,No Group
Manchester City Council - Chorlton,Chorlton Place,2020,September,36,Friday,04 Sep 2020,07:00,15,32,47,15,32,47,No Group
Manchester City Council - Chorlton,Chorlton Place,2020,September,36,Friday,04 Sep 2020,08:00,57,82,139,57,82,139,No Group
Manchester City Council - Chorlton,Chorlton Place,2020,September,36,Friday,04 Sep 2020,09:00,251,244,495,251,244,495,No Group
Manchester City Council - Chorlton,Chorlton Place,2020,September,36,Friday,04 Sep 2020,10:00,163,191,354,163,191,354,No Group
Manchester City Council - Chorlton,Chorlton Place,2020,September,36,Friday,04 Sep 2020,11:00,160,174,334,160,174,334,No Group
Manchester City Council - Chorlton,Chorlton Place,2020,September,36,Friday,04 Sep 2020,12:00,163,199,362,163,199,362,No Group
Manchester City Council - Chorlton,Chorlton Place,2020,September,36,Friday,04 Sep 2020,13:00,187,188,375,187,188,375,No Group
Manchester City Council - Chorlton,Chorlton Place,2020,September,36,Friday,04 Sep 2020,14:00,176,168,344,176,168,344,No Group
Manchester City Council - Chorlton,Chorlton Place,2020,September,36,Friday,04 Sep 2020,15:00,168,172,340,168,172,340,No Group
Manchester City Council - Chorlton,Chorlton Place,2020,September,36,Friday,04 Sep 2020,16:00,138,152,290,138,152,290,No Group
Manchester City Council - Chorlton,Chorlton Place,2020,September,36,Friday,04 Sep 2020,17:00,110,97,207,110,97,207,No Group
Manchester City Council - Chorlton,Chorlton Place,2020,September,36,Friday,04 Sep 2020,18:00,85,72,157,85,72,157,No Group
Manchester City Council - Chorlton,Chorlton Place,2020,September,36,Friday,04 Sep 2020,19:00,54,78,132,54,78,132,No Group
Manchester City Council - Chorlton,Chorlton Place,2020,September,36,Friday,04 Sep 2020,20:00,71,55,126,71,55,126,No Group
Manchester City Council - Chorlton,Chorlton Place,2020,September,36,Friday,04 Sep 2020,21:00,27,18,45,27,18,45,No Group
Manchester City Council - Chorlton,Chorlton Place,2020,September,36,Friday,04 Sep 2020,22:00,21,7,28,21,7,28,No Group
Manchester City Council - Chorlton,Chorlton Place,2020,September,36,Friday,04 Sep 2020,23:00,3,2,5,3,2,5,No Group
Manchester City Council - Chorlton,Chorlton Place,2020,September,36,Saturday,05 Sep 2020,00:00,3,1,4,3,1,4,No Group
Manchester City Council - Chorlton,Chorlton Place,2020,September,36,Saturday,05 Sep 2020,01:00,1,2,3,1,2,3,No Group
Manchester City Council - Chorlton,Chorlton Place,2020,September,36,Saturday,05 Sep 2020,02:00,1,3,4,1,3,4,No Group
Manchester City Council - Chorlton,Chorlton Place,2020,September,36,Saturday,05 Sep 2020,03:00,0,2,2,0,2,2,No Group
Manchester City Council - Chorlton,Chorlton Place,2020,September,36,Saturday,05 Sep 2020,04:00,2,1,3,2,1,3,No Group
Manchester City Council - Chorlton,Chorlton Place,2020,September,36,Saturday,05 Sep 2020,05:00,1,3,4,1,3,4,No Group
Manchester City Council - Chorlton,Chorlton Place,2020,September,36,Saturday,05 Sep 2020,06:00,2,6,8,2,6,8,No Group
Manchester City Council - Chorlton,Chorlton Place,2020,September,36,Saturday,05 Sep 2020,07:00,11,21,32,11,21,32,No Group
Manchester City Council - Chorlton,Chorlton Place,2020,September,36,Saturday,05 Sep 2020,08:00,41,53,94,41,53,94,No Group
Manchester City Council - Chorlton,Chorlton Place,2020,September,36,Saturday,05 Sep 2020,09:00,90,88,178,90,88,178,No Group
Manchester City Council - Chorlton,Chorlton Place,2020,September,36,Saturday,05 Sep 2020,10:00,128,144,272,128,144,272,No Group
Manchester City Council - Chorlton,Chorlton Place,2020,September,36,Saturday,05 Sep 2020,11:00,177,220,397,177,220,397,No Group
Manchester City Council - Chorlton,Chorlton Place,2020,September,36,Saturday,05 Sep 2020,12:00,350,344,694,350,344,694,No Group
Manchester City Council - Chorlton,Chorlton Place,2020,September,36,Saturday,05 Sep 2020,13:00,251,248,499,251,248,499,No Group
Manchester City Council - Chorlton,Chorlton Place,2020,September,36,Saturday,05 Sep 2020,14:00,222,232,454,222,232,454,No Group
Manchester City Council - Chorlton,Chorlton Place,2020,September,36,Saturday,05 Sep 2020,15:00,228,234,462,228,234,462,No Group
Manchester City Council - Chorlton,Chorlton Place,2020,September,36,Saturday,05 Sep 2020,16:00,200,184,384,200,184,384,No Group
Manchester City Council - Chorlton,Chorlton Place,2020,September,36,Saturday,05 Sep 2020,17:00,108,123,231,108,123,231,No Group
Manchester City Council - Chorlton,Chorlton Place,2020,September,36,Saturday,05 Sep 2020,18:00,87,75,162,87,75,162,No Group
Manchester City Council - Chorlton,Chorlton Place,2020,September,36,Saturday,05 Sep 2020,19:00,70,74,144,70,74,144,No Group
Manchester City Council - Chorlton,Chorlton Place,2020,September,36,Saturday,05 Sep 2020,20:00,43,48,91,43,48,91,No Group
Manchester City Council - Chorlton,Chorlton Place,2020,September,36,Saturday,05 Sep 2020,21:00,31,42,73,31,42,73,No Group
Manchester City Council - Chorlton,Chorlton Place,2020,September,36,Saturday,05 Sep 2020,22:00,27,33,60,27,33,60,No Group
Manchester City Council - Chorlton,Chorlton Place,2020,September,36,Saturday,05 Sep 2020,23:00,9,22,31,9,22,31,No Group
Manchester City Council - Chorlton,Chorlton Place,2020,September,36,Sunday,06 Sep 2020,00:00,9,10,19,9,10,19,No Group
Manchester City Council - Chorlton,Chorlton Place,2020,September,36,Sunday,06 Sep 2020,01:00,2,2,4,2,2,4,No Group
Manchester City Council - Chorlton,Chorlton Place,2020,September,36,Sunday,06 Sep 2020,02:00,4,0,4,4,0,4,No Group
Manchester City Council - Chorlton,Chorlton Place,2020,September,36,Sunday,06 Sep 2020,03:00,3,0,3,3,0,3,No Group
Manchester City Council - Chorlton,Chorlton Place,2020,September,36,Sunday,06 Sep 2020,04:00,2,1,3,2,1,3,No Group
Manchester City Council - Chorlton,Chorlton Place,2020,September,36,Sunday,06 Sep 2020,05:00,0,1,1,0,1,1,No Group
Manchester City Council - Chorlton,Chorlton Place,2020,September,36,Sunday,06 Sep 2020,06:00,2,5,7,2,5,7,No Group
Manchester City Council - Chorlton,Chorlton Place,2020,September,36,Sunday,06 Sep 2020,07:00,4,7,11,4,7,11,No Group
Manchester City Council - Chorlton,Chorlton Place,2020,September,36,Sunday,06 Sep 2020,08:00,21,27,48,21,27,48,No Group
Manchester City Council - Chorlton,Chorlton Place,2020,September,36,Sunday,06 Sep 2020,09:00,26,33,59,26,33,59,No Group
Manchester City Council - Chorlton,Chorlton Place,2020,September,36,Sunday,06 Sep 2020,10:00,53,90,143,53,90,143,No Group
Manchester City Council - Chorlton,Chorlton Place,2020,September,36,Sunday,06 Sep 2020,11:00,102,95,197,102,95,197,No Group
Manchester City Council - Chorlton,Chorlton Place,2020,September,36,Sunday,06 Sep 2020,12:00,105,116,221,105,116,221,No Group
Manchester City Council - Chorlton,Chorlton Place,2020,September,36,Sunday,06 Sep 2020,13:00,119,121,240,119,121,240,No Group
Manchester City Council - Chorlton,Chorlton Place,2020,September,36,Sunday,06 Sep 2020,14:00,122,117,239,122,117,239,No Group
Manchester City Council - Chorlton,Chorlton Place,2020,September,36,Sunday,06 Sep 2020,15:00,89,112,201,89,112,201,No Group
Manchester City Council - Chorlton,Chorlton Place,2020,September,36,Sunday,06 Sep 2020,16:00,87,73,160,87,73,160,No Group
Manchester City Council - Chorlton,Chorlton Place,2020,September,36,Sunday,06 Sep 2020,17:00,65,56,121,65,56,121,No Group
Manchester City Council - Chorlton,Chorlton Place,2020,September,36,Sunday,06 Sep 2020,18:00,53,56,109,53,56,109,No Group
Manchester City Council - Chorlton,Chorlton Place,2020,September,36,Sunday,06 Sep 2020,19:00,49,49,98,49,49,98,No Group
Manchester City Council - Chorlton,Chorlton Place,2020,September,36,Sunday,06 Sep 2020,20:00,29,21,50,29,21,50,No Group
Manchester City Council - Chorlton,Chorlton Place,2020,September,36,Sunday,06 Sep 2020,21:00,18,22,40,18,22,40,No Group
Manchester City Council - Chorlton,Chorlton Place,2020,September,36,Sunday,06 Sep 2020,22:00,12,5,17,12,5,17,No Group
Manchester City Council - Chorlton,Chorlton Place,2020,September,36,Sunday,06 Sep 2020,23:00,5,6,11,5,6,11,No Group
Manchester City Council - Chorlton,Chorlton Place,2020,September,37,Monday,07 Sep 2020,00:00,7,5,12,7,5,12,No Group
Manchester City Council - Chorlton,Chorlton Place,2020,September,37,Monday,07 Sep 2020,01:00,3,1,4,3,1,4,No Group
Manchester City Council - Chorlton,Chorlton Place,2020,September,37,Monday,07 Sep 2020,02:00,5,6,11,5,6,11,No Group
Manchester City Council - Chorlton,Chorlton Place,2020,September,37,Monday,07 Sep 2020,03:00,0,0,0,0,0,0,No Group
Manchester City Council - Chorlton,Chorlton Place,2020,September,37,Monday,07 Sep 2020,04:00,8,13,21,8,13,21,No Group
Manchester City Council - Chorlton,Chorlton Place,2020,September,37,Monday,07 Sep 2020,05:00,0,5,5,0,5,5,No Group
Manchester City Council - Chorlton,Chorlton Place,2020,September,37,Monday,07 Sep 2020,06:00,4,10,14,4,10,14,No Group
Manchester City Council - Chorlton,Chorlton Place,2020,September,37,Monday,07 Sep 2020,07:00,14,31,45,14,31,45,No Group
Manchester City Council - Chorlton,Chorlton Place,2020,September,37,Monday,07 Sep 2020,08:00,52,88,140,52,88,140,No Group
Manchester City Council - Chorlton,Chorlton Place,2020,September,37,Monday,07 Sep 2020,09:00,86,100,186,86,100,186,No Group
Manchester City Council - Chorlton,Chorlton Place,2020,September,37,Monday,07 Sep 2020,10:00,95,98,193,95,98,193,No Group
Manchester City Council - Chorlton,Chorlton Place,2020,September,37,Monday,07 Sep 2020,11:00,119,133,252,119,133,252,No Group
Manchester City Council - Chorlton,Chorlton Place,2020,September,37,Monday,07 Sep 2020,12:00,128,154,282,128,154,282,No Group
Manchester City Council - Chorlton,Chorlton Place,2020,September,37,Monday,07 Sep 2020,13:00,148,146,294,148,146,294,No Group
Manchester City Council - Chorlton,Chorlton Place,2020,September,37,Monday,07 Sep 2020,14:00,171,128,299,171,128,299,No Group
Manchester City Council - Chorlton,Chorlton Place,2020,September,37,Monday,07 Sep 2020,15:00,183,171,354,183,171,354,No Group
Manchester City Council - Chorlton,Chorlton Place,2020,September,37,Monday,07 Sep 2020,16:00,116,139,255,116,139,255,No Group
Manchester City Council - Chorlton,Chorlton Place,2020,September,37,Monday,07 Sep 2020,17:00,112,126,238,112,126,238,No Group
Manchester City Council - Chorlton,Chorlton Place,2020,September,37,Monday,07 Sep 2020,18:00,77,61,138,77,61,138,No Group
Manchester City Council - Chorlton,Chorlton Place,2020,September,37,Monday,07 Sep 2020,19:00,55,48,103,55,48,103,No Group
Manchester City Council - Chorlton,Chorlton Place,2020,September,37,Monday,07 Sep 2020,20:00,28,24,52,28,24,52,No Group
Manchester City Council - Chorlton,Chorlton Place,2020,September,37,Monday,07 Sep 2020,21:00,10,17,27,10,17,27,No Group
Manchester City Council - Chorlton,Chorlton Place,2020,September,37,Monday,07 Sep 2020,22:00,7,10,17,7,10,17,No Group
Manchester City Council - Chorlton,Chorlton Place,2020,September,37,Monday,07 Sep 2020,23:00,7,2,9,7,2,9,No Group
Manchester City Council - Chorlton,Chorlton Place,2020,September,37,Tuesday,08 Sep 2020,00:00,2,3,5,2,3,5,No Group
Manchester City Council - Chorlton,Chorlton Place,2020,September,37,Tuesday,08 Sep 2020,01:00,1,1,2,1,1,2,No Group
Manchester City Council - Chorlton,Chorlton Place,2020,September,37,Tuesday,08 Sep 2020,02:00,1,0,1,1,0,1,No Group
Manchester City Council - Chorlton,Chorlton Place,2020,September,37,Tuesday,08 Sep 2020,03:00,0,2,2,0,2,2,No Group
Manchester City Council - Chorlton,Chorlton Place,2020,September,37,Tuesday,08 Sep 2020,04:00,0,1,1,0,1,1,No Group
Manchester City Council - Chorlton,Chorlton Place,2020,September,37,Tuesday,08 Sep 2020,05:00,13,12,25,13,12,25,No Group
Manchester City Council - Chorlton,Chorlton Place,2020,September,37,Tuesday,08 Sep 2020,06:00,9,15,24,9,15,24,No Group
Manchester City Council - Chorlton,Chorlton Place,2020,September,37,Tuesday,08 Sep 2020,07:00,7,38,45,7,38,45,No Group
Manchester City Council - Chorlton,Chorlton Place,2020,September,37,Tuesday,08 Sep 2020,08:00,48,86,134,48,86,134,No Group
Manchester City Council - Chorlton,Chorlton Place,2020,September,37,Tuesday,08 Sep 2020,09:00,87,89,176,87,89,176,No Group
Manchester City Council - Chorlton,Chorlton Place,2020,September,37,Tuesday,08 Sep 2020,10:00,110,92,202,110,92,202,No Group
Manchester City Council - Chorlton,Chorlton Place,2020,September,37,Tuesday,08 Sep 2020,11:00,147,155,302,147,155,302,No Group
Manchester City Council - Chorlton,Chorlton Place,2020,September,37,Tuesday,08 Sep 2020,12:00,209,223,432,209,223,432,No Group
Manchester City Council - Chorlton,Chorlton Place,2020,September,37,Tuesday,08 Sep 2020,13:00,219,237,456,219,237,456,No Group
Manchester City Council - Chorlton,Chorlton Place,2020,September,37,Tuesday,08 Sep 2020,14:00,144,138,282,144,138,282,No Group
Manchester City Council - Chorlton,Chorlton Place,2020,September,37,Tuesday,08 Sep 2020,15:00,125,150,275,125,150,275,No Group
Manchester City Council - Chorlton,Chorlton Place,2020,September,37,Tuesday,08 Sep 2020,16:00,109,118,227,109,118,227,No Group
Manchester City Council - Chorlton,Chorlton Place,2020,September,37,Tuesday,08 Sep 2020,17:00,78,70,148,78,70,148,No Group
Manchester City Council - Chorlton,Chorlton Place,2020,September,37,Tuesday,08 Sep 2020,18:00,67,49,116,67,49,116,No Group
Manchester City Council - Chorlton,Chorlton Place,2020,September,37,Tuesday,08 Sep 2020,19:00,50,43,93,50,43,93,No Group
Manchester City Council - Chorlton,Chorlton Place,2020,September,37,Tuesday,08 Sep 2020,20:00,36,43,79,36,43,79,No Group
Manchester City Council - Chorlton,Chorlton Place,2020,September,37,Tuesday,08 Sep 2020,21:00,25,30,55,25,30,55,No Group
Manchester City Council - Chorlton,Chorlton Place,2020,September,37,Tuesday,08 Sep 2020,22:00,14,16,30,14,16,30,No Group
Manchester City Council - Chorlton,Chorlton Place,2020,September,37,Tuesday,08 Sep 2020,23:00,7,6,13,7,6,13,No Group
Manchester City Council - Chorlton,Chorlton Place,2020,September,37,Wednesday,09 Sep 2020,00:00,4,0,4,4,0,4,No Group
Manchester City Council - Chorlton,Chorlton Place,2020,September,37,Wednesday,09 Sep 2020,01:00,0,0,0,0,0,0,No Group
Manchester City Council - Chorlton,Chorlton Place,2020,September,37,Wednesday,09 Sep 2020,02:00,1,2,3,1,2,3,No Group
Manchester City Council - Chorlton,Chorlton Place,2020,September,37,Wednesday,09 Sep 2020,03:00,2,0,2,2,0,2,No Group
Manchester City Council - Chorlton,Chorlton Place,2020,September,37,Wednesday,09 Sep 2020,04:00,1,1,2,1,1,2,No Group
Manchester City Council - Chorlton,Chorlton Place,2020,September,37,Wednesday,09 Sep 2020,05:00,0,3,3,0,3,3,No Group
Manchester City Council - Chorlton,Chorlton Place,2020,September,37,Wednesday,09 Sep 2020,06:00,30,37,67,30,37,67,No Group
Manchester City Council - Chorlton,Chorlton Place,2020,September,37,Wednesday,09 Sep 2020,07:00,9,30,39,9,30,39,No Group
Manchester City Council - Chorlton,Chorlton Place,2020,September,37,Wednesday,09 Sep 2020,08:00,37,71,108,37,71,108,No Group
Manchester City Council - Chorlton,Chorlton Place,2020,September,37,Wednesday,09 Sep 2020,09:00,85,122,207,85,122,207,No Group
Manchester City Council - Chorlton,Chorlton Place,2020,September,37,Wednesday,09 Sep 2020,10:00,126,148,274,126,148,274,No Group
Manchester City Council - Chorlton,Chorlton Place,2020,September,37,Wednesday,09 Sep 2020,11:00,172,182,354,172,182,354,No Group
Manchester City Council - Chorlton,Chorlton Place,2020,September,37,Wednesday,09 Sep 2020,12:00,210,257,467,210,257,467,No Group
Manchester City Council - Chorlton,Chorlton Place,2020,September,37,Wednesday,09 Sep 2020,13:00,187,171,358,187,171,358,No Group
Manchester City Council - Chorlton,Chorlton Place,2020,September,37,Wednesday,09 Sep 2020,14:00,129,167,296,129,167,296,No Group
Manchester City Council - Chorlton,Chorlton Place,2020,September,37,Wednesday,09 Sep 2020,15:00,138,136,274,138,136,274,No Group
Manchester City Council - Chorlton,Chorlton Place,2020,September,37,Wednesday,09 Sep 2020,16:00,128,115,243,128,115,243,No Group
Manchester City Council - Chorlton,Chorlton Place,2020,September,37,Wednesday,09 Sep 2020,17:00,89,88,177,89,88,177,No Group
Manchester City Council - Chorlton,Chorlton Place,2020,September,37,Wednesday,09 Sep 2020,18:00,79,66,145,79,66,145,No Group
Manchester City Council - Chorlton,Chorlton Place,2020,September,37,Wednesday,09 Sep 2020,19:00,59,53,112,59,53,112,No Group
Manchester City Council - Chorlton,Chorlton Place,2020,September,37,Wednesday,09 Sep 2020,20:00,28,50,78,28,50,78,No Group
Manchester City Council - Chorlton,Chorlton Place,2020,September,37,Wednesday,09 Sep 2020,21:00,27,30,57,27,30,57,No Group
Manchester City Council - Chorlton,Chorlton Place,2020,September,37,Wednesday,09 Sep 2020,22:00,10,19,29,10,19,29,No Group
Manchester City Council - Chorlton,Chorlton Place,2020,September,37,Wednesday,09 Sep 2020,23:00,8,11,19,8,11,19,No Group
Manchester City Council - Chorlton,Chorlton Place,2020,September,37,Thursday,10 Sep 2020,00:00,7,2,9,7,2,9,No Group
Manchester City Council - Chorlton,Chorlton Place,2020,September,37,Thursday,10 Sep 2020,01:00,1,1,2,1,1,2,No Group
Manchester City Council - Chorlton,Chorlton Place,2020,September,37,Thursday,10 Sep 2020,02:00,0,1,1,0,1,1,No Group
Manchester City Council - Chorlton,Chorlton Place,2020,September,37,Thursday,10 Sep 2020,03:00,0,0,0,0,0,0,No Group
Manchester City Council - Chorlton,Chorlton Place,2020,September,37,Thursday,10 Sep 2020,04:00,2,3,5,2,3,5,No Group
Manchester City Council - Chorlton,Chorlton Place,2020,September,37,Thursday,10 Sep 2020,05:00,0,1,1,0,1,1,No Group
Manchester City Council - Chorlton,Chorlton Place,2020,September,37,Thursday,10 Sep 2020,06:00,4,13,17,4,13,17,No Group
Manchester City Council - Chorlton,Chorlton Place,2020,September,37,Thursday,10 Sep 2020,07:00,18,32,50,18,32,50,No Group
Manchester City Council - Chorlton,Chorlton Place,2020,September,37,Thursday,10 Sep 2020,08:00,35,70,105,35,70,105,No Group
Manchester City Council - Chorlton,Chorlton Place,2020,September,37,Thursday,10 Sep 2020,09:00,71,107,178,71,107,178,No Group
Manchester City Council - Chorlton,Chorlton Place,2020,September,37,Thursday,10 Sep 2020,10:00,110,129,239,110,129,239,No Group
Manchester City Council - Chorlton,Chorlton Place,2020,September,37,Thursday,10 Sep 2020,11:00,123,122,245,123,122,245,No Group
Manchester City Council - Chorlton,Chorlton Place,2020,September,37,Thursday,10 Sep 2020,12:00,169,184,353,169,184,353,No Group
Manchester City Council - Chorlton,Chorlton Place,2020,September,37,Thursday,10 Sep 2020,13:00,157,157,314,157,157,314,No Group
Manchester City Council - Chorlton,Chorlton Place,2020,September,37,Thursday,10 Sep 2020,14:00,128,134,262,128,134,262,No Group
Manchester City Council - Chorlton,Chorlton Place,2020,September,37,Thursday,10 Sep 2020,15:00,139,139,278,139,139,278,No Group
Manchester City Council - Chorlton,Chorlton Place,2020,September,37,Thursday,10 Sep 2020,16:00,90,104,194,90,104,194,No Group
Manchester City Council - Chorlton,Chorlton Place,2020,September,37,Thursday,10 Sep 2020,17:00,87,65,152,87,65,152,No Group
Manchester City Council - Chorlton,Chorlton Place,2020,September,37,Thursday,10 Sep 2020,18:00,61,73,134,61,73,134,No Group
Manchester City Council - Chorlton,Chorlton Place,2020,September,37,Thursday,10 Sep 2020,19:00,47,45,92,47,45,92,No Group
Manchester City Council - Chorlton,Chorlton Place,2020,September,37,Thursday,10 Sep 2020,20:00,49,42,91,49,42,91,No Group
Manchester City Council - Chorlton,Chorlton Place,2020,September,37,Thursday,10 Sep 2020,21:00,11,26,37,11,26,37,No Group
Manchester City Council - Chorlton,Chorlton Place,2020,September,37,Thursday,10 Sep 2020,22:00,19,18,37,19,18,37,No Group
Manchester City Council - Chorlton,Chorlton Place,2020,September,37,Thursday,10 Sep 2020,23:00,10,7,17,10,7,17,No Group
Manchester City Council - Chorlton,Chorlton Place,2020,September,37,Friday,11 Sep 2020,00:00,6,1,7,6,1,7,No Group
Manchester City Council - Chorlton,Chorlton Place,2020,September,37,Friday,11 Sep 2020,01:00,4,0,4,4,0,4,No Group
Manchester City Council - Chorlton,Chorlton Place,2020,September,37,Friday,11 Sep 2020,02:00,0,2,2,0,2,2,No Group
Manchester City Council - Chorlton,Chorlton Place,2020,September,37,Friday,11 Sep 2020,03:00,0,1,1,0,1,1,No Group
Manchester City Council - Chorlton,Chorlton Place,2020,September,37,Friday,11 Sep 2020,04:00,1,1,2,1,1,2,No Group
Manchester City Council - Chorlton,Chorlton Place,2020,September,37,Friday,11 Sep 2020,05:00,2,5,7,2,5,7,No Group
Manchester City Council - Chorlton,Chorlton Place,2020,September,37,Friday,11 Sep 2020,06:00,4,14,18,4,14,18,No Group
Manchester City Council - Chorlton,Chorlton Place,2020,September,37,Friday,11 Sep 2020,07:00,17,32,49,17,32,49,No Group
Manchester City Council - Chorlton,Chorlton Place,2020,September,37,Friday,11 Sep 2020,08:00,63,80,143,63,80,143,No Group
Manchester City Council - Chorlton,Chorlton Place,2020,September,37,Friday,11 Sep 2020,09:00,87,108,195,87,108,195,No Group
Manchester City Council - Chorlton,Chorlton Place,2020,September,37,Friday,11 Sep 2020,10:00,108,116,224,108,116,224,No Group
Manchester City Council - Chorlton,Chorlton Place,2020,September,37,Friday,11 Sep 2020,11:00,126,127,253,126,127,253,No Group
Manchester City Council - Chorlton,Chorlton Place,2020,September,37,Friday,11 Sep 2020,12:00,163,187,350,163,187,350,No Group
Manchester City Council - Chorlton,Chorlton Place,2020,September,37,Friday,11 Sep 2020,13:00,170,155,325,170,155,325,No Group
Manchester City Council - Chorlton,Chorlton Place,2020,September,37,Friday,11 Sep 2020,14:00,143,152,295,143,152,295,No Group
Manchester City Council - Chorlton,Chorlton Place,2020,September,37,Friday,11 Sep 2020,15:00,126,140,266,126,140,266,No Group
Manchester City Council - Chorlton,Chorlton Place,2020,September,37,Friday,11 Sep 2020,16:00,110,109,219,110,109,219,No Group
Manchester City Council - Chorlton,Chorlton Place,2020,September,37,Friday,11 Sep 2020,17:00,93,104,197,93,104,197,No Group
Manchester City Council - Chorlton,Chorlton Place,2020,September,37,Friday,11 Sep 2020,18:00,98,76,174,98,76,174,No Group
Manchester City Council - Chorlton,Chorlton Place,2020,September,37,Friday,11 Sep 2020,19:00,62,67,129,62,67,129,No Group
Manchester City Council - Chorlton,Chorlton Place,2020,September,37,Friday,11 Sep 2020,20:00,70,44,114,70,44,114,No Group
Manchester City Council - Chorlton,Chorlton Place,2020,September,37,Friday,11 Sep 2020,21:00,35,31,66,35,31,66,No Group
Manchester City Council - Chorlton,Chorlton Place,2020,September,37,Friday,11 Sep 2020,22:00,14,44,58,14,44,58,No Group
Manchester City Council - Chorlton,Chorlton Place,2020,September,37,Friday,11 Sep 2020,23:00,13,21,34,13,21,34,No Group
Manchester City Council - Chorlton,Chorlton Place,2020,September,37,Saturday,12 Sep 2020,00:00,11,15,26,11,15,26,No Group
Manchester City Council - Chorlton,Chorlton Place,2020,September,37,Saturday,12 Sep 2020,01:00,10,6,16,10,6,16,No Group
Manchester City Council - Chorlton,Chorlton Place,2020,September,37,Saturday,12 Sep 2020,02:00,2,1,3,2,1,3,No Group
Manchester City Council - Chorlton,Chorlton Place,2020,September,37,Saturday,12 Sep 2020,03:00,0,1,1,0,1,1,No Group
Manchester City Council - Chorlton,Chorlton Place,2020,September,37,Saturday,12 Sep 2020,04:00,0,1,1,0,1,1,No Group
Manchester City Council - Chorlton,Chorlton Place,2020,September,37,Saturday,12 Sep 2020,05:00,3,2,5,3,2,5,No Group
Manchester City Council - Chorlton,Chorlton Place,2020,September,37,Saturday,12 Sep 2020,06:00,3,4,7,3,4,7,No Group
Manchester City Council - Chorlton,Chorlton Place,2020,September,37,Saturday,12 Sep 2020,07:00,11,15,26,11,15,26,No Group
Manchester City Council - Chorlton,Chorlton Place,2020,September,37,Saturday,12 Sep 2020,08:00,35,63,98,35,63,98,No Group
Manchester City Council - Chorlton,Chorlton Place,2020,September,37,Saturday,12 Sep 2020,09:00,75,88,163,75,88,163,No Group
Manchester City Council - Chorlton,Chorlton Place,2020,September,37,Saturday,12 Sep 2020,10:00,128,207,335,128,207,335,No Group
Manchester City Council - Chorlton,Chorlton Place,2020,September,37,Saturday,12 Sep 2020,11:00,263,263,526,263,263,526,No Group
Manchester City Council - Chorlton,Chorlton Place,2020,September,37,Saturday,12 Sep 2020,12:00,339,408,747,339,408,747,No Group
Manchester City Council - Chorlton,Chorlton Place,2020,September,37,Saturday,12 Sep 2020,13:00,251,248,499,251,248,499,No Group
Manchester City Council - Chorlton,Chorlton Place,2020,September,37,Saturday,12 Sep 2020,14:00,232,213,445,232,213,445,No Group
Manchester City Council - Chorlton,Chorlton Place,2020,September,37,Saturday,12 Sep 2020,15:00,246,228,474,246,228,474,No Group
Manchester City Council - Chorlton,Chorlton Place,2020,September,37,Saturday,12 Sep 2020,16:00,184,197,381,184,197,381,No Group
Manchester City Council - Chorlton,Chorlton Place,2020,September,37,Saturday,12 Sep 2020,17:00,99,88,187,99,88,187,No Group
Manchester City Council - Chorlton,Chorlton Place,2020,September,37,Saturday,12 Sep 2020,18:00,76,69,145,76,69,145,No Group
Manchester City Council - Chorlton,Chorlton Place,2020,September,37,Saturday,12 Sep 2020,19:00,49,62,111,49,62,111,No Group
Manchester City Council - Chorlton,Chorlton Place,2020,September,37,Saturday,12 Sep 2020,20:00,67,52,119,67,52,119,No Group
Manchester City Council - Chorlton,Chorlton Place,2020,September,37,Saturday,12 Sep 2020,21:00,40,49,89,40,49,89,No Group
Manchester City Council - Chorlton,Chorlton Place,2020,September,37,Saturday,12 Sep 2020,22:00,32,51,83,32,51,83,No Group
Manchester City Council - Chorlton,Chorlton Place,2020,September,37,Saturday,12 Sep 2020,23:00,19,43,62,19,43,62,No Group
Manchester City Council - Chorlton,Chorlton Place,2020,September,37,Sunday,13 Sep 2020,00:00,5,5,10,5,5,10,No Group
Manchester City Council - Chorlton,Chorlton Place,2020,September,37,Sunday,13 Sep 2020,01:00,7,1,8,7,1,8,No Group
Manchester City Council - Chorlton,Chorlton Place,2020,September,37,Sunday,13 Sep 2020,02:00,4,3,7,4,3,7,No Group
Manchester City Council - Chorlton,Chorlton Place,2020,September,37,Sunday,13 Sep 2020,03:00,2,1,3,2,1,3,No Group
Manchester City Council - Chorlton,Chorlton Place,2020,September,37,Sunday,13 Sep 2020,04:00,1,1,2,1,1,2,No Group
Manchester City Council - Chorlton,Chorlton Place,2020,September,37,Sunday,13 Sep 2020,05:00,2,2,4,2,2,4,No Group
Manchester City Council - Chorlton,Chorlton Place,2020,September,37,Sunday,13 Sep 2020,06:00,1,2,3,1,2,3,No Group
Manchester City Council - Chorlton,Chorlton Place,2020,September,37,Sunday,13 Sep 2020,07:00,3,9,12,3,9,12,No Group
Manchester City Council - Chorlton,Chorlton Place,2020,September,37,Sunday,13 Sep 2020,08:00,18,21,39,18,21,39,No Group
Manchester City Council - Chorlton,Chorlton Place,2020,September,37,Sunday,13 Sep 2020,09:00,34,49,83,34,49,83,No Group
Manchester City Council - Chorlton,Chorlton Place,2020,September,37,Sunday,13 Sep 2020,10:00,55,65,120,55,65,120,No Group
Manchester City Council - Chorlton,Chorlton Place,2020,September,37,Sunday,13 Sep 2020,11:00,100,140,240,100,140,240,No Group
Manchester City Council - Chorlton,Chorlton Place,2020,September,37,Sunday,13 Sep 2020,12:00,153,220,373,153,220,373,No Group
Manchester City Council - Chorlton,Chorlton Place,2020,September,37,Sunday,13 Sep 2020,13:00,140,110,250,140,110,250,No Group
Manchester City Council - Chorlton,Chorlton Place,2020,September,37,Sunday,13 Sep 2020,14:00,107,116,223,107,116,223,No Group
Manchester City Council - Chorlton,Chorlton Place,2020,September,37,Sunday,13 Sep 2020,15:00,101,87,188,101,87,188,No Group
Manchester City Council - Chorlton,Chorlton Place,2020,September,37,Sunday,13 Sep 2020,16:00,77,63,140,77,63,140,No Group
Manchester City Council - Chorlton,Chorlton Place,2020,September,37,Sunday,13 Sep 2020,17:00,52,59,111,52,59,111,No Group
Manchester City Council - Chorlton,Chorlton Place,2020,September,37,Sunday,13 Sep 2020,18:00,52,55,107,52,55,107,No Group
Manchester City Council - Chorlton,Chorlton Place,2020,September,37,Sunday,13 Sep 2020,19:00,44,50,94,44,50,94,No Group
Manchester City Council - Chorlton,Chorlton Place,2020,September,37,Sunday,13 Sep 2020,20:00,32,38,70,32,38,70,No Group
Manchester City Council - Chorlton,Chorlton Place,2020,September,37,Sunday,13 Sep 2020,21:00,16,21,37,16,21,37,No Group
Manchester City Council - Chorlton,Chorlton Place,2020,September,37,Sunday,13 Sep 2020,22:00,14,16,30,14,16,30,No Group
Manchester City Council - Chorlton,Chorlton Place,2020,September,37,Sunday,13 Sep 2020,23:00,8,4,12,8,4,12,No Group
Manchester City Council - Chorlton,Chorlton Place,2020,September,38,Monday,14 Sep 2020,00:00,3,0,3,3,0,3,No Group
Manchester City Council - Chorlton,Chorlton Place,2020,September,38,Monday,14 Sep 2020,01:00,2,1,3,2,1,3,No Group
Manchester City Council - Chorlton,Chorlton Place,2020,September,38,Monday,14 Sep 2020,02:00,4,1,5,4,1,5,No Group
Manchester City Council - Chorlton,Chorlton Place,2020,September,38,Monday,14 Sep 2020,03:00,3,0,3,3,0,3,No Group
Manchester City Council - Chorlton,Chorlton Place,2020,September,38,Monday,14 Sep 2020,04:00,4,5,9,4,5,9,No Group
Manchester City Council - Chorlton,Chorlton Place,2020,September,38,Monday,14 Sep 2020,05:00,0,5,5,0,5,5,No Group
Manchester City Council - Chorlton,Chorlton Place,2020,September,38,Monday,14 Sep 2020,06:00,4,17,21,4,17,21,No Group
Manchester City Council - Chorlton,Chorlton Place,2020,September,38,Monday,14 Sep 2020,07:00,16,26,42,16,26,42,No Group
Manchester City Council - Chorlton,Chorlton Place,2020,September,38,Monday,14 Sep 2020,08:00,26,79,105,26,79,105,No Group
Manchester City Council - Chorlton,Chorlton Place,2020,September,38,Monday,14 Sep 2020,09:00,96,139,235,96,139,235,No Group
Manchester City Council - Chorlton,Chorlton Place,2020,September,38,Monday,14 Sep 2020,10:00,137,182,319,137,182,319,No Group
Manchester City Council - Chorlton,Chorlton Place,2020,September,38,Monday,14 Sep 2020,11:00,154,256,410,154,256,410,No Group
Manchester City Council - Chorlton,Chorlton Place,2020,September,38,Monday,14 Sep 2020,12:00,265,302,567,265,302,567,No Group
Manchester City Council - Chorlton,Chorlton Place,2020,September,38,Monday,14 Sep 2020,13:00,182,182,364,182,182,364,No Group
Manchester City Council - Chorlton,Chorlton Place,2020,September,38,Monday,14 Sep 2020,14:00,147,137,284,147,137,284,No Group
Manchester City Council - Chorlton,Chorlton Place,2020,September,38,Monday,14 Sep 2020,15:00,146,146,292,146,146,292,No Group
Manchester City Council - Chorlton,Chorlton Place,2020,September,38,Monday,14 Sep 2020,16:00,107,102,209,107,102,209,No Group
Manchester City Council - Chorlton,Chorlton Place,2020,September,38,Monday,14 Sep 2020,17:00,90,82,172,90,82,172,No Group
Manchester City Council - Chorlton,Chorlton Place,2020,September,38,Monday,14 Sep 2020,18:00,60,45,105,60,45,105,No Group
Manchester City Council - Chorlton,Chorlton Place,2020,September,38,Monday,14 Sep 2020,19:00,64,53,117,64,53,117,No Group
Manchester City Council - Chorlton,Chorlton Place,2020,September,38,Monday,14 Sep 2020,20:00,35,45,80,35,45,80,No Group
Manchester City Council - Chorlton,Chorlton Place,2020,September,38,Monday,14 Sep 2020,21:00,17,20,37,17,20,37,No Group
Manchester City Council - Chorlton,Chorlton Place,2020,September,38,Monday,14 Sep 2020,22:00,10,25,35,10,25,35,No Group
Manchester City Council - Chorlton,Chorlton Place,2020,September,38,Monday,14 Sep 2020,23:00,13,15,28,13,15,28,No Group
Manchester City Council - Chorlton,Chorlton Place,2020,September,38,Tuesday,15 Sep 2020,00:00,5,0,5,5,0,5,No Group
Manchester City Council - Chorlton,Chorlton Place,2020,September,38,Tuesday,15 Sep 2020,01:00,3,2,5,3,2,5,No Group
Manchester City Council - Chorlton,Chorlton Place,2020,September,38,Tuesday,15 Sep 2020,02:00,0,1,1,0,1,1,No Group
Manchester City Council - Chorlton,Chorlton Place,2020,September,38,Tuesday,15 Sep 2020,03:00,0,0,0,0,0,0,No Group
Manchester City Council - Chorlton,Chorlton Place,2020,September,38,Tuesday,15 Sep 2020,04:00,1,1,2,1,1,2,No Group
Manchester City Council - Chorlton,Chorlton Place,2020,September,38,Tuesday,15 Sep 2020,05:00,8,8,16,8,8,16,No Group
Manchester City Council - Chorlton,Chorlton Place,2020,September,38,Tuesday,15 Sep 2020,06:00,6,17,23,6,17,23,No Group
Manchester City Council - Chorlton,Chorlton Place,2020,September,38,Tuesday,15 Sep 2020,07:00,9,40,49,9,40,49,No Group
Manchester City Council - Chorlton,Chorlton Place,2020,September,38,Tuesday,15 Sep 2020,08:00,64,98,162,64,98,162,No Group
Manchester City Council - Chorlton,Chorlton Place,2020,September,38,Tuesday,15 Sep 2020,09:00,75,93,168,75,93,168,No Group
Manchester City Council - Chorlton,Chorlton Place,2020,September,38,Tuesday,15 Sep 2020,10:00,133,141,274,133,141,274,No Group
Manchester City Council - Chorlton,Chorlton Place,2020,September,38,Tuesday,15 Sep 2020,11:00,183,229,412,183,229,412,No Group
Manchester City Council - Chorlton,Chorlton Place,2020,September,38,Tuesday,15 Sep 2020,12:00,294,328,622,294,328,622,No Group
Manchester City Council - Chorlton,Chorlton Place,2020,September,38,Tuesday,15 Sep 2020,13:00,167,185,352,167,185,352,No Group
Manchester City Council - Chorlton,Chorlton Place,2020,September,38,Tuesday,15 Sep 2020,14:00,151,154,305,151,154,305,No Group
Manchester City Council - Chorlton,Chorlton Place,2020,September,38,Tuesday,15 Sep 2020,15:00,129,153,282,129,153,282,No Group
Manchester City Council - Chorlton,Chorlton Place,2020,September,38,Tuesday,15 Sep 2020,16:00,103,112,215,103,112,215,No Group
Manchester City Council - Chorlton,Chorlton Place,2020,September,38,Tuesday,15 Sep 2020,17:00,101,87,188,101,87,188,No Group
Manchester City Council - Chorlton,Chorlton Place,2020,September,38,Tuesday,15 Sep 2020,18:00,90,70,160,90,70,160,No Group
Manchester City Council - Chorlton,Chorlton Place,2020,September,38,Tuesday,15 Sep 2020,19:00,58,63,121,58,63,121,No Group
Manchester City Council - Chorlton,Chorlton Place,2020,September,38,Tuesday,15 Sep 2020,20:00,41,42,83,41,42,83,No Group
Manchester City Council - Chorlton,Chorlton Place,2020,September,38,Tuesday,15 Sep 2020,21:00,21,24,45,21,24,45,No Group
Manchester City Council - Chorlton,Chorlton Place,2020,September,38,Tuesday,15 Sep 2020,22:00,11,15,26,11,15,26,No Group
Manchester City Council - Chorlton,Chorlton Place,2020,September,38,Tuesday,15 Sep 2020,23:00,13,3,16,13,3,16,No Group
Manchester City Council - Chorlton,Chorlton Place,2020,September,38,Wednesday,16 Sep 2020,00:00,0,1,1,0,1,1,No Group
Manchester City Council - Chorlton,Chorlton Place,2020,September,38,Wednesday,16 Sep 2020,01:00,4,2,6,4,2,6,No Group
Manchester City Council - Chorlton,Chorlton Place,2020,September,38,Wednesday,16 Sep 2020,02:00,0,1,1,0,1,1,No Group
Manchester City Council - Chorlton,Chorlton Place,2020,September,38,Wednesday,16 Sep 2020,03:00,2,2,4,2,2,4,No Group
Manchester City Council - Chorlton,Chorlton Place,2020,September,38,Wednesday,16 Sep 2020,04:00,0,2,2,0,2,2,No Group
Manchester City Council - Chorlton,Chorlton Place,2020,September,38,Wednesday,16 Sep 2020,05:00,2,4,6,2,4,6,No Group
Manchester City Council - Chorlton,Chorlton Place,2020,September,38,Wednesday,16 Sep 2020,06:00,8,23,31,8,23,31,No Group
Manchester City Council - Chorlton,Chorlton Place,2020,September,38,Wednesday,16 Sep 2020,07:00,15,36,51,15,36,51,No Group
Manchester City Council - Chorlton,Chorlton Place,2020,September,38,Wednesday,16 Sep 2020,08:00,38,92,130,38,92,130,No Group
Manchester City Council - Chorlton,Chorlton Place,2020,September,38,Wednesday,16 Sep 2020,09:00,84,101,185,84,101,185,No Group
Manchester City Council - Chorlton,Chorlton Place,2020,September,38,Wednesday,16 Sep 2020,10:00,111,126,237,111,126,237,No Group
Manchester City Council - Chorlton,Chorlton Place,2020,September,38,Wednesday,16 Sep 2020,11:00,175,222,397,175,222,397,No Group
Manchester City Council - Chorlton,Chorlton Place,2020,September,38,Wednesday,16 Sep 2020,12:00,304,408,712,304,408,712,No Group
Manchester City Council - Chorlton,Chorlton Place,2020,September,38,Wednesday,16 Sep 2020,13:00,221,224,445,221,224,445,No Group
Manchester City Council - Chorlton,Chorlton Place,2020,September,38,Wednesday,16 Sep 2020,14:00,141,143,284,141,143,284,No Group
Manchester City Council - Chorlton,Chorlton Place,2020,September,38,Wednesday,16 Sep 2020,15:00,133,125,258,133,125,258,No Group
Manchester City Council - Chorlton,Chorlton Place,2020,September,38,Wednesday,16 Sep 2020,16:00,106,125,231,106,125,231,No Group
Manchester City Council - Chorlton,Chorlton Place,2020,September,38,Wednesday,16 Sep 2020,17:00,72,94,166,72,94,166,No Group
Manchester City Council - Chorlton,Chorlton Place,2020,September,38,Wednesday,16 Sep 2020,18:00,63,64,127,63,64,127,No Group
Manchester City Council - Chorlton,Chorlton Place,2020,September,38,Wednesday,16 Sep 2020,19:00,59,51,110,59,51,110,No Group
Manchester City Council - Chorlton,Chorlton Place,2020,September,38,Wednesday,16 Sep 2020,20:00,30,44,74,30,44,74,No Group
Manchester City Council - Chorlton,Chorlton Place,2020,September,38,Wednesday,16 Sep 2020,21:00,16,15,31,16,15,31,No Group
Manchester City Council - Chorlton,Chorlton Place,2020,September,38,Wednesday,16 Sep 2020,22:00,16,29,45,16,29,45,No Group
Manchester City Council - Chorlton,Chorlton Place,2020,September,38,Wednesday,16 Sep 2020,23:00,8,3,11,8,3,11,No Group
Manchester City Council - Chorlton,Chorlton Place,2020,September,38,Thursday,17 Sep 2020,00:00,4,4,8,4,4,8,No Group
Manchester City Council - Chorlton,Chorlton Place,2020,September,38,Thursday,17 Sep 2020,01:00,5,0,5,5,0,5,No Group
Manchester City Council - Chorlton,Chorlton Place,2020,September,38,Thursday,17 Sep 2020,02:00,0,0,0,0,0,0,No Group
Manchester City Council - Chorlton,Chorlton Place,2020,September,38,Thursday,17 Sep 2020,03:00,0,0,0,0,0,0,No Group
Manchester City Council - Chorlton,Chorlton Place,2020,September,38,Thursday,17 Sep 2020,04:00,1,0,1,1,0,1,No Group
Manchester City Council - Chorlton,Chorlton Place,2020,September,38,Thursday,17 Sep 2020,05:00,0,2,2,0,2,2,No Group
Manchester City Council - Chorlton,Chorlton Place,2020,September,38,Thursday,17 Sep 2020,06:00,4,16,20,4,16,20,No Group
Manchester City Council - Chorlton,Chorlton Place,2020,September,38,Thursday,17 Sep 2020,07:00,13,28,41,13,28,41,No Group
Manchester City Council - Chorlton,Chorlton Place,2020,September,38,Thursday,17 Sep 2020,08:00,38,64,102,38,64,102,No Group
Manchester City Council - Chorlton,Chorlton Place,2020,September,38,Thursday,17 Sep 2020,09:00,85,88,173,85,88,173,No Group
Manchester City Council - Chorlton,Chorlton Place,2020,September,38,Thursday,17 Sep 2020,10:00,110,160,270,110,160,270,No Group
Manchester City Council - Chorlton,Chorlton Place,2020,September,38,Thursday,17 Sep 2020,11:00,179,231,410,179,231,410,No Group
Manchester City Council - Chorlton,Chorlton Place,2020,September,38,Thursday,17 Sep 2020,12:00,252,375,627,252,375,627,No Group
Manchester City Council - Chorlton,Chorlton Place,2020,September,38,Thursday,17 Sep 2020,13:00,196,203,399,196,203,399,No Group
Manchester City Council - Chorlton,Chorlton Place,2020,September,38,Thursday,17 Sep 2020,14:00,160,149,309,160,149,309,No Group
Manchester City Council - Chorlton,Chorlton Place,2020,September,38,Thursday,17 Sep 2020,15:00,177,161,338,177,161,338,No Group
Manchester City Council - Chorlton,Chorlton Place,2020,September,38,Thursday,17 Sep 2020,16:00,162,149,311,162,149,311,No Group
Manchester City Council - Chorlton,Chorlton Place,2020,September,38,Thursday,17 Sep 2020,17:00,88,88,176,88,88,176,No Group
Manchester City Council - Chorlton,Chorlton Place,2020,September,38,Thursday,17 Sep 2020,18:00,51,83,134,51,83,134,No Group
Manchester City Council - Chorlton,Chorlton Place,2020,September,38,Thursday,17 Sep 2020,19:00,74,43,117,74,43,117,No Group
Manchester City Council - Chorlton,Chorlton Place,2020,September,38,Thursday,17 Sep 2020,20:00,41,40,81,41,40,81,No Group
Manchester City Council - Chorlton,Chorlton Place,2020,September,38,Thursday,17 Sep 2020,21:00,19,18,37,19,18,37,No Group
Manchester City Council - Chorlton,Chorlton Place,2020,September,38,Thursday,17 Sep 2020,22:00,16,29,45,16,29,45,No Group
Manchester City Council - Chorlton,Chorlton Place,2020,September,38,Thursday,17 Sep 2020,23:00,15,3,18,15,3,18,No Group
Manchester City Council - Chorlton,Chorlton Place,2020,September,38,Friday,18 Sep 2020,00:00,6,1,7,6,1,7,No Group
Manchester City Council - Chorlton,Chorlton Place,2020,September,38,Friday,18 Sep 2020,01:00,6,6,12,6,6,12,No Group
Manchester City Council - Chorlton,Chorlton Place,2020,September,38,Friday,18 Sep 2020,02:00,4,2,6,4,2,6,No Group
Manchester City Council - Chorlton,Chorlton Place,2020,September,38,Friday,18 Sep 2020,03:00,0,0,0,0,0,0,No Group
Manchester City Council - Chorlton,Chorlton Place,2020,September,38,Friday,18 Sep 2020,04:00,0,3,3,0,3,3,No Group
Manchester City Council - Chorlton,Chorlton Place,2020,September,38,Friday,18 Sep 2020,05:00,1,2,3,1,2,3,No Group
Manchester City Council - Chorlton,Chorlton Place,2020,September,38,Friday,18 Sep 2020,06:00,4,16,20,4,16,20,No Group
Manchester City Council - Chorlton,Chorlton Place,2020,September,38,Friday,18 Sep 2020,07:00,24,22,46,24,22,46,No Group
Manchester City Council - Chorlton,Chorlton Place,2020,September,38,Friday,18 Sep 2020,08:00,34,80,114,34,80,114,No Group
Manchester City Council - Chorlton,Chorlton Place,2020,September,38,Friday,18 Sep 2020,09:00,116,139,255,116,139,255,No Group
Manchester City Council - Chorlton,Chorlton Place,2020,September,38,Friday,18 Sep 2020,10:00,126,151,277,126,151,277,No Group
Manchester City Council - Chorlton,Chorlton Place,2020,September,38,Friday,18 Sep 2020,11:00,207,213,420,207,213,420,No Group
Manchester City Council - Chorlton,Chorlton Place,2020,September,38,Friday,18 Sep 2020,12:00,278,324,602,278,324,602,No Group
Manchester City Council - Chorlton,Chorlton Place,2020,September,38,Friday,18 Sep 2020,13:00,206,211,417,206,211,417,No Group
Manchester City Council - Chorlton,Chorlton Place,2020,September,38,Friday,18 Sep 2020,14:00,141,182,323,141,182,323,No Group
Manchester City Council - Chorlton,Chorlton Place,2020,September,38,Friday,18 Sep 2020,15:00,154,140,294,154,140,294,No Group
Manchester City Council - Chorlton,Chorlton Place,2020,September,38,Friday,18 Sep 2020,16:00,151,134,285,151,134,285,No Group
Manchester City Council - Chorlton,Chorlton Place,2020,September,38,Friday,18 Sep 2020,17:00,103,83,186,103,83,186,No Group
Manchester City Council - Chorlton,Chorlton Place,2020,September,38,Friday,18 Sep 2020,18:00,90,85,175,90,85,175,No Group
Manchester City Council - Chorlton,Chorlton Place,2020,September,38,Friday,18 Sep 2020,19:00,43,45,88,43,45,88,No Group
Manchester City Council - Chorlton,Chorlton Place,2020,September,38,Friday,18 Sep 2020,20:00,68,80,148,68,80,148,No Group
Manchester City Council - Chorlton,Chorlton Place,2020,September,38,Friday,18 Sep 2020,21:00,43,40,83,43,40,83,No Group
Manchester City Council - Chorlton,Chorlton Place,2020,September,38,Friday,18 Sep 2020,22:00,25,42,67,25,42,67,No Group
Manchester City Council - Chorlton,Chorlton Place,2020,September,38,Friday,18 Sep 2020,23:00,26,40,66,26,40,66,No Group
Manchester City Council - Chorlton,Chorlton Place,2020,September,38,Saturday,19 Sep 2020,00:00,6,2,8,6,2,8,No Group
Manchester City Council - Chorlton,Chorlton Place,2020,September,38,Saturday,19 Sep 2020,01:00,5,1,6,5,1,6,No Group
Manchester City Council - Chorlton,Chorlton Place,2020,September,38,Saturday,19 Sep 2020,02:00,4,0,4,4,0,4,No Group
Manchester City Council - Chorlton,Chorlton Place,2020,September,38,Saturday,19 Sep 2020,03:00,1,2,3,1,2,3,No Group
Manchester City Council - Chorlton,Chorlton Place,2020,September,38,Saturday,19 Sep 2020,04:00,1,8,9,1,8,9,No Group
Manchester City Council - Chorlton,Chorlton Place,2020,September,38,Saturday,19 Sep 2020,05:00,4,6,10,4,6,10,No Group
Manchester City Council - Chorlton,Chorlton Place,2020,September,38,Saturday,19 Sep 2020,06:00,7,3,10,7,3,10,No Group
Manchester City Council - Chorlton,Chorlton Place,2020,September,38,Saturday,19 Sep 2020,07:00,8,17,25,8,17,25,No Group
Manchester City Council - Chorlton,Chorlton Place,2020,September,38,Saturday,19 Sep 2020,08:00,44,52,96,44,52,96,No Group
Manchester City Council - Chorlton,Chorlton Place,2020,September,38,Saturday,19 Sep 2020,09:00,94,98,192,94,98,192,No Group
Manchester City Council - Chorlton,Chorlton Place,2020,September,38,Saturday,19 Sep 2020,10:00,177,193,370,177,193,370,No Group
Manchester City Council - Chorlton,Chorlton Place,2020,September,38,Saturday,19 Sep 2020,11:00,285,312,597,285,312,597,No Group
Manchester City Council - Chorlton,Chorlton Place,2020,September,38,Saturday,19 Sep 2020,12:00,348,396,744,348,396,744,No Group
Manchester City Council - Chorlton,Chorlton Place,2020,September,38,Saturday,19 Sep 2020,13:00,263,278,541,263,278,541,No Group
Manchester City Council - Chorlton,Chorlton Place,2020,September,38,Saturday,19 Sep 2020,14:00,260,267,527,260,267,527,No Group
Manchester City Council - Chorlton,Chorlton Place,2020,September,38,Saturday,19 Sep 2020,15:00,264,256,520,264,256,520,No Group
Manchester City Council - Chorlton,Chorlton Place,2020,September,38,Saturday,19 Sep 2020,16:00,156,177,333,156,177,333,No Group
Manchester City Council - Chorlton,Chorlton Place,2020,September,38,Saturday,19 Sep 2020,17:00,130,115,245,130,115,245,No Group
Manchester City Council - Chorlton,Chorlton Place,2020,September,38,Saturday,19 Sep 2020,18:00,73,74,147,73,74,147,No Group
Manchester City Council - Chorlton,Chorlton Place,2020,September,38,Saturday,19 Sep 2020,19:00,50,76,126,50,76,126,No Group
Manchester City Council - Chorlton,Chorlton Place,2020,September,38,Saturday,19 Sep 2020,20:00,47,41,88,47,41,88,No Group
Manchester City Council - Chorlton,Chorlton Place,2020,September,38,Saturday,19 Sep 2020,21:00,26,47,73,26,47,73,No Group
Manchester City Council - Chorlton,Chorlton Place,2020,September,38,Saturday,19 Sep 2020,22:00,17,51,68,17,51,68,No Group
Manchester City Council - Chorlton,Chorlton Place,2020,September,38,Saturday,19 Sep 2020,23:00,18,27,45,18,27,45,No Group
Manchester City Council - Chorlton,Chorlton Place,2020,September,38,Sunday,20 Sep 2020,00:00,13,9,22,13,9,22,No Group
Manchester City Council - Chorlton,Chorlton Place,2020,September,38,Sunday,20 Sep 2020,01:00,0,0,0,0,0,0,No Group
Manchester City Council - Chorlton,Chorlton Place,2020,September,38,Sunday,20 Sep 2020,02:00,6,1,7,6,1,7,No Group
Manchester City Council - Chorlton,Chorlton Place,2020,September,38,Sunday,20 Sep 2020,03:00,2,0,2,2,0,2,No Group
Manchester City Council - Chorlton,Chorlton Place,2020,September,38,Sunday,20 Sep 2020,04:00,2,1,3,2,1,3,No Group
Manchester City Council - Chorlton,Chorlton Place,2020,September,38,Sunday,20 Sep 2020,05:00,0,2,2,0,2,2,No Group
Manchester City Council - Chorlton,Chorlton Place,2020,September,38,Sunday,20 Sep 2020,06:00,1,4,5,1,4,5,No Group
Manchester City Council - Chorlton,Chorlton Place,2020,September,38,Sunday,20 Sep 2020,07:00,2,6,8,2,6,8,No Group
Manchester City Council - Chorlton,Chorlton Place,2020,September,38,Sunday,20 Sep 2020,08:00,16,32,48,16,32,48,No Group
Manchester City Council - Chorlton,Chorlton Place,2020,September,38,Sunday,20 Sep 2020,09:00,43,60,103,43,60,103,No Group
Manchester City Council - Chorlton,Chorlton Place,2020,September,38,Sunday,20 Sep 2020,10:00,77,107,184,77,107,184,No Group
Manchester City Council - Chorlton,Chorlton Place,2020,September,38,Sunday,20 Sep 2020,11:00,137,144,281,137,144,281,No Group
Manchester City Council - Chorlton,Chorlton Place,2020,September,38,Sunday,20 Sep 2020,12:00,192,227,419,192,227,419,No Group
Manchester City Council - Chorlton,Chorlton Place,2020,September,38,Sunday,20 Sep 2020,13:00,128,145,273,128,145,273,No Group
Manchester City Council - Chorlton,Chorlton Place,2020,September,38,Sunday,20 Sep 2020,14:00,94,98,192,94,98,192,No Group
Manchester City Council - Chorlton,Chorlton Place,2020,September,38,Sunday,20 Sep 2020,15:00,112,116,228,112,116,228,No Group
Manchester City Council - Chorlton,Chorlton Place,2020,September,38,Sunday,20 Sep 2020,16:00,93,79,172,93,79,172,No Group
Manchester City Council - Chorlton,Chorlton Place,2020,September,38,Sunday,20 Sep 2020,17:00,58,69,127,58,69,127,No Group
Manchester City Council - Chorlton,Chorlton Place,2020,September,38,Sunday,20 Sep 2020,18:00,47,62,109,47,62,109,No Group
Manchester City Council - Chorlton,Chorlton Place,2020,September,38,Sunday,20 Sep 2020,19:00,31,56,87,31,56,87,No Group
Manchester City Council - Chorlton,Chorlton Place,2020,September,38,Sunday,20 Sep 2020,20:00,20,20,40,20,20,40,No Group
Manchester City Council - Chorlton,Chorlton Place,2020,September,38,Sunday,20 Sep 2020,21:00,12,15,27,12,15,27,No Group
Manchester City Council - Chorlton,Chorlton Place,2020,September,38,Sunday,20 Sep 2020,22:00,11,11,22,11,11,22,No Group
Manchester City Council - Chorlton,Chorlton Place,2020,September,38,Sunday,20 Sep 2020,23:00,10,2,12,10,2,12,No Group
Manchester City Council - Chorlton,Chorlton Place,2020,September,39,Monday,21 Sep 2020,00:00,0,0,0,0,0,0,No Group
Manchester City Council - Chorlton,Chorlton Place,2020,September,39,Monday,21 Sep 2020,01:00,3,3,6,3,3,6,No Group
Manchester City Council - Chorlton,Chorlton Place,2020,September,39,Monday,21 Sep 2020,02:00,1,4,5,1,4,5,No Group
Manchester City Council - Chorlton,Chorlton Place,2020,September,39,Monday,21 Sep 2020,03:00,0,0,0,0,0,0,No Group
Manchester City Council - Chorlton,Chorlton Place,2020,September,39,Monday,21 Sep 2020,04:00,0,2,2,0,2,2,No Group
Manchester City Council - Chorlton,Chorlton Place,2020,September,39,Monday,21 Sep 2020,05:00,1,4,5,1,4,5,No Group
Manchester City Council - Chorlton,Chorlton Place,2020,September,39,Monday,21 Sep 2020,06:00,5,19,24,5,19,24,No Group
Manchester City Council - Chorlton,Chorlton Place,2020,September,39,Monday,21 Sep 2020,07:00,14,25,39,14,25,39,No Group
Manchester City Council - Chorlton,Chorlton Place,2020,September,39,Monday,21 Sep 2020,08:00,36,82,118,36,82,118,No Group
Manchester City Council - Chorlton,Chorlton Place,2020,September,39,Monday,21 Sep 2020,09:00,92,142,234,92,142,234,No Group
Manchester City Council - Chorlton,Chorlton Place,2020,September,39,Monday,21 Sep 2020,10:00,140,223,363,140,223,363,No Group
Manchester City Council - Chorlton,Chorlton Place,2020,September,39,Monday,21 Sep 2020,11:00,164,268,432,164,268,432,No Group
Manchester City Council - Chorlton,Chorlton Place,2020,September,39,Monday,21 Sep 2020,12:00,271,316,587,271,316,587,No Group
Manchester City Council - Chorlton,Chorlton Place,2020,September,39,Monday,21 Sep 2020,13:00,156,203,359,156,203,359,No Group
Manchester City Council - Chorlton,Chorlton Place,2020,September,39,Monday,21 Sep 2020,14:00,139,135,274,139,135,274,No Group
Manchester City Council - Chorlton,Chorlton Place,2020,September,39,Monday,21 Sep 2020,15:00,126,115,241,126,115,241,No Group
Manchester City Council - Chorlton,Chorlton Place,2020,September,39,Monday,21 Sep 2020,16:00,101,89,190,101,89,190,No Group
Manchester City Council - Chorlton,Chorlton Place,2020,September,39,Monday,21 Sep 2020,17:00,82,61,143,82,61,143,No Group
Manchester City Council - Chorlton,Chorlton Place,2020,September,39,Monday,21 Sep 2020,18:00,68,60,128,68,60,128,No Group
Manchester City Council - Chorlton,Chorlton Place,2020,September,39,Monday,21 Sep 2020,19:00,50,68,118,50,68,118,No Group
Manchester City Council - Chorlton,Chorlton Place,2020,September,39,Monday,21 Sep 2020,20:00,38,23,61,38,23,61,No Group
Manchester City Council - Chorlton,Chorlton Place,2020,September,39,Monday,21 Sep 2020,21:00,16,11,27,16,11,27,No Group
Manchester City Council - Chorlton,Chorlton Place,2020,September,39,Monday,21 Sep 2020,22:00,24,16,40,24,16,40,No Group
Manchester City Council - Chorlton,Chorlton Place,2020,September,39,Monday,21 Sep 2020,23:00,10,9,19,10,9,19,No Group
Manchester City Council - Chorlton,Chorlton Place,2020,September,39,Tuesday,22 Sep 2020,00:00,4,3,7,4,3,7,No Group
Manchester City Council - Chorlton,Chorlton Place,2020,September,39,Tuesday,22 Sep 2020,01:00,4,0,4,4,0,4,No Group
Manchester City Council - Chorlton,Chorlton Place,2020,September,39,Tuesday,22 Sep 2020,02:00,0,0,0,0,0,0,No Group
Manchester City Council - Chorlton,Chorlton Place,2020,September,39,Tuesday,22 Sep 2020,03:00,0,1,1,0,1,1,No Group
Manchester City Council - Chorlton,Chorlton Place,2020,September,39,Tuesday,22 Sep 2020,04:00,0,1,1,0,1,1,No Group
Manchester City Council - Chorlton,Chorlton Place,2020,September,39,Tuesday,22 Sep 2020,05:00,0,3,3,0,3,3,No Group
Manchester City Council - Chorlton,Chorlton Place,2020,September,39,Tuesday,22 Sep 2020,06:00,15,25,40,15,25,40,No Group
Manchester City Council - Chorlton,Chorlton Place,2020,September,39,Tuesday,22 Sep 2020,07:00,13,37,50,13,37,50,No Group
Manchester City Council - Chorlton,Chorlton Place,2020,September,39,Tuesday,22 Sep 2020,08:00,55,86,141,55,86,141,No Group
Manchester City Council - Chorlton,Chorlton Place,2020,September,39,Tuesday,22 Sep 2020,09:00,72,92,164,72,92,164,No Group
Manchester City Council - Chorlton,Chorlton Place,2020,September,39,Tuesday,22 Sep 2020,10:00,134,130,264,134,130,264,No Group
Manchester City Council - Chorlton,Chorlton Place,2020,September,39,Tuesday,22 Sep 2020,11:00,164,195,359,164,195,359,No Group
Manchester City Council - Chorlton,Chorlton Place,2020,September,39,Tuesday,22 Sep 2020,12:00,256,280,536,256,280,536,No Group
Manchester City Council - Chorlton,Chorlton Place,2020,September,39,Tuesday,22 Sep 2020,13:00,216,236,452,216,236,452,No Group
Manchester City Council - Chorlton,Chorlton Place,2020,September,39,Tuesday,22 Sep 2020,14:00,174,171,345,174,171,345,No Group
Manchester City Council - Chorlton,Chorlton Place,2020,September,39,Tuesday,22 Sep 2020,15:00,146,160,306,146,160,306,No Group
Manchester City Council - Chorlton,Chorlton Place,2020,September,39,Tuesday,22 Sep 2020,16:00,120,124,244,120,124,244,No Group
Manchester City Council - Chorlton,Chorlton Place,2020,September,39,Tuesday,22 Sep 2020,17:00,67,71,138,67,71,138,No Group
Manchester City Council - Chorlton,Chorlton Place,2020,September,39,Tuesday,22 Sep 2020,18:00,69,68,137,69,68,137,No Group
Manchester City Council - Chorlton,Chorlton Place,2020,September,39,Tuesday,22 Sep 2020,19:00,45,45,90,45,45,90,No Group
Manchester City Council - Chorlton,Chorlton Place,2020,September,39,Tuesday,22 Sep 2020,20:00,38,33,71,38,33,71,No Group
Manchester City Council - Chorlton,Chorlton Place,2020,September,39,Tuesday,22 Sep 2020,21:00,19,14,33,19,14,33,No Group
Manchester City Council - Chorlton,Chorlton Place,2020,September,39,Tuesday,22 Sep 2020,22:00,12,8,20,12,8,20,No Group
Manchester City Council - Chorlton,Chorlton Place,2020,September,39,Tuesday,22 Sep 2020,23:00,8,10,18,8,10,18,No Group
Manchester City Council - Chorlton,Chorlton Place,2020,September,39,Wednesday,23 Sep 2020,00:00,7,0,7,7,0,7,No Group
Manchester City Council - Chorlton,Chorlton Place,2020,September,39,Wednesday,23 Sep 2020,01:00,0,1,1,0,1,1,No Group
Manchester City Council - Chorlton,Chorlton Place,2020,September,39,Wednesday,23 Sep 2020,02:00,1,0,1,1,0,1,No Group
Manchester City Council - Chorlton,Chorlton Place,2020,September,39,Wednesday,23 Sep 2020,03:00,0,0,0,0,0,0,No Group
Manchester City Council - Chorlton,Chorlton Place,2020,September,39,Wednesday,23 Sep 2020,04:00,0,1,1,0,1,1,No Group
Manchester City Council - Chorlton,Chorlton Place,2020,September,39,Wednesday,23 Sep 2020,05:00,0,1,1,0,1,1,No Group
Manchester City Council - Chorlton,Chorlton Place,2020,September,39,Wednesday,23 Sep 2020,06:00,8,17,25,8,17,25,No Group
Manchester City Council - Chorlton,Chorlton Place,2020,September,39,Wednesday,23 Sep 2020,07:00,19,43,62,19,43,62,No Group
Manchester City Council - Chorlton,Chorlton Place,2020,September,39,Wednesday,23 Sep 2020,08:00,67,101,168,67,101,168,No Group
Manchester City Council - Chorlton,Chorlton Place,2020,September,39,Wednesday,23 Sep 2020,09:00,67,94,161,67,94,161,No Group
Manchester City Council - Chorlton,Chorlton Place,2020,September,39,Wednesday,23 Sep 2020,10:00,104,96,200,104,96,200,No Group
Manchester City Council - Chorlton,Chorlton Place,2020,September,39,Wednesday,23 Sep 2020,11:00,139,144,283,139,144,283,No Group
Manchester City Council - Chorlton,Chorlton Place,2020,September,39,Wednesday,23 Sep 2020,12:00,141,154,295,141,154,295,No Group
Manchester City Council - Chorlton,Chorlton Place,2020,September,39,Wednesday,23 Sep 2020,13:00,177,174,351,177,174,351,No Group
Manchester City Council - Chorlton,Chorlton Place,2020,September,39,Wednesday,23 Sep 2020,14:00,136,138,274,136,138,274,No Group
Manchester City Council - Chorlton,Chorlton Place,2020,September,39,Wednesday,23 Sep 2020,15:00,145,146,291,145,146,291,No Group
Manchester City Council - Chorlton,Chorlton Place,2020,September,39,Wednesday,23 Sep 2020,16:00,112,113,225,112,113,225,No Group
Manchester City Council - Chorlton,Chorlton Place,2020,September,39,Wednesday,23 Sep 2020,17:00,94,91,185,94,91,185,No Group
Manchester City Council - Chorlton,Chorlton Place,2020,September,39,Wednesday,23 Sep 2020,18:00,90,63,153,90,63,153,No Group
Manchester City Council - Chorlton,Chorlton Place,2020,September,39,Wednesday,23 Sep 2020,19:00,61,41,102,61,41,102,No Group
Manchester City Council - Chorlton,Chorlton Place,2020,September,39,Wednesday,23 Sep 2020,20:00,34,36,70,34,36,70,No Group
Manchester City Council - Chorlton,Chorlton Place,2020,September,39,Wednesday,23 Sep 2020,21:00,15,26,41,15,26,41,No Group
Manchester City Council - Chorlton,Chorlton Place,2020,September,39,Wednesday,23 Sep 2020,22:00,13,11,24,13,11,24,No Group
Manchester City Council - Chorlton,Chorlton Place,2020,September,39,Wednesday,23 Sep 2020,23:00,10,12,22,10,12,22,No Group
Manchester City Council - Chorlton,Chorlton Place,2020,September,39,Thursday,24 Sep 2020,00:00,4,2,6,4,2,6,No Group
Manchester City Council - Chorlton,Chorlton Place,2020,September,39,Thursday,24 Sep 2020,01:00,2,0,2,2,0,2,No Group
Manchester City Council - Chorlton,Chorlton Place,2020,September,39,Thursday,24 Sep 2020,02:00,2,0,2,2,0,2,No Group
Manchester City Council - Chorlton,Chorlton Place,2020,September,39,Thursday,24 Sep 2020,03:00,0,1,1,0,1,1,No Group
Manchester City Council - Chorlton,Chorlton Place,2020,September,39,Thursday,24 Sep 2020,04:00,1,0,1,1,0,1,No Group
Manchester City Council - Chorlton,Chorlton Place,2020,September,39,Thursday,24 Sep 2020,05:00,0,3,3,0,3,3,No Group
Manchester City Council - Chorlton,Chorlton Place,2020,September,39,Thursday,24 Sep 2020,06:00,6,10,16,6,10,16,No Group
Manchester City Council - Chorlton,Chorlton Place,2020,September,39,Thursday,24 Sep 2020,07:00,17,49,66,17,49,66,No Group
Manchester City Council - Chorlton,Chorlton Place,2020,September,39,Thursday,24 Sep 2020,08:00,46,76,122,46,76,122,No Group
Manchester City Council - Chorlton,Chorlton Place,2020,September,39,Thursday,24 Sep 2020,09:00,79,104,183,79,104,183,No Group
Manchester City Council - Chorlton,Chorlton Place,2020,September,39,Thursday,24 Sep 2020,10:00,121,153,274,121,153,274,No Group
Manchester City Council - Chorlton,Chorlton Place,2020,September,39,Thursday,24 Sep 2020,11:00,175,239,414,175,239,414,No Group
Manchester City Council - Chorlton,Chorlton Place,2020,September,39,Thursday,24 Sep 2020,12:00,276,379,655,276,379,655,No Group
Manchester City Council - Chorlton,Chorlton Place,2020,September,39,Thursday,24 Sep 2020,13:00,199,166,365,199,166,365,No Group
Manchester City Council - Chorlton,Chorlton Place,2020,September,39,Thursday,24 Sep 2020,14:00,154,160,314,154,160,314,No Group
Manchester City Council - Chorlton,Chorlton Place,2020,September,39,Thursday,24 Sep 2020,15:00,156,148,304,156,148,304,No Group
Manchester City Council - Chorlton,Chorlton Place,2020,September,39,Thursday,24 Sep 2020,16:00,123,109,232,123,109,232,No Group
Manchester City Council - Chorlton,Chorlton Place,2020,September,39,Thursday,24 Sep 2020,17:00,85,89,174,85,89,174,No Group
Manchester City Council - Chorlton,Chorlton Place,2020,September,39,Thursday,24 Sep 2020,18:00,84,77,161,84,77,161,No Group
Manchester City Council - Chorlton,Chorlton Place,2020,September,39,Thursday,24 Sep 2020,19:00,54,73,127,54,73,127,No Group
Manchester City Council - Chorlton,Chorlton Place,2020,September,39,Thursday,24 Sep 2020,20:00,43,52,95,43,52,95,No Group
Manchester City Council - Chorlton,Chorlton Place,2020,September,39,Thursday,24 Sep 2020,21:00,43,40,83,43,40,83,No Group
Manchester City Council - Chorlton,Chorlton Place,2020,September,39,Thursday,24 Sep 2020,22:00,23,10,33,23,10,33,No Group
Manchester City Council - Chorlton,Chorlton Place,2020,September,39,Thursday,24 Sep 2020,23:00,6,2,8,6,2,8,No Group
Manchester City Council - Chorlton,Chorlton Place,2020,September,39,Friday,25 Sep 2020,00:00,3,0,3,3,0,3,No Group
Manchester City Council - Chorlton,Chorlton Place,2020,September,39,Friday,25 Sep 2020,01:00,0,0,0,0,0,0,No Group
Manchester City Council - Chorlton,Chorlton Place,2020,September,39,Friday,25 Sep 2020,02:00,0,0,0,0,0,0,No Group
Manchester City Council - Chorlton,Chorlton Place,2020,September,39,Friday,25 Sep 2020,03:00,5,3,8,5,3,8,No Group
Manchester City Council - Chorlton,Chorlton Place,2020,September,39,Friday,25 Sep 2020,04:00,0,1,1,0,1,1,No Group
Manchester City Council - Chorlton,Chorlton Place,2020,September,39,Friday,25 Sep 2020,05:00,0,4,4,0,4,4,No Group
Manchester City Council - Chorlton,Chorlton Place,2020,September,39,Friday,25 Sep 2020,06:00,4,12,16,4,12,16,No Group
Manchester City Council - Chorlton,Chorlton Place,2020,September,39,Friday,25 Sep 2020,07:00,17,35,52,17,35,52,No Group
Manchester City Council - Chorlton,Chorlton Place,2020,September,39,Friday,25 Sep 2020,08:00,64,147,211,64,147,211,No Group
Manchester City Council - Chorlton,Chorlton Place,2020,September,39,Friday,25 Sep 2020,09:00,123,214,337,123,214,337,No Group
Manchester City Council - Chorlton,Chorlton Place,2020,September,39,Friday,25 Sep 2020,10:00,201,233,434,201,233,434,No Group
Manchester City Council - Chorlton,Chorlton Place,2020,September,39,Friday,25 Sep 2020,11:00,192,319,511,192,319,511,No Group
Manchester City Council - Chorlton,Chorlton Place,2020,September,39,Friday,25 Sep 2020,12:00,269,386,655,269,386,655,No Group
Manchester City Council - Chorlton,Chorlton Place,2020,September,39,Friday,25 Sep 2020,13:00,204,228,432,204,228,432,No Group
Manchester City Council - Chorlton,Chorlton Place,2020,September,39,Friday,25 Sep 2020,14:00,156,177,333,156,177,333,No Group
Manchester City Council - Chorlton,Chorlton Place,2020,September,39,Friday,25 Sep 2020,15:00,163,151,314,163,151,314,No Group
Manchester City Council - Chorlton,Chorlton Place,2020,September,39,Friday,25 Sep 2020,16:00,129,101,230,129,101,230,No Group
Manchester City Council - Chorlton,Chorlton Place,2020,September,39,Friday,25 Sep 2020,17:00,83,84,167,83,84,167,No Group
Manchester City Council - Chorlton,Chorlton Place,2020,September,39,Friday,25 Sep 2020,18:00,88,83,171,88,83,171,No Group
Manchester City Council - Chorlton,Chorlton Place,2020,September,39,Friday,25 Sep 2020,19:00,65,64,129,65,64,129,No Group
Manchester City Council - Chorlton,Chorlton Place,2020,September,39,Friday,25 Sep 2020,20:00,48,30,78,48,30,78,No Group
Manchester City Council - Chorlton,Chorlton Place,2020,September,39,Friday,25 Sep 2020,21:00,38,50,88,38,50,88,No Group
Manchester City Council - Chorlton,Chorlton Place,2020,September,39,Friday,25 Sep 2020,22:00,31,14,45,31,14,45,No Group
Manchester City Council - Chorlton,Chorlton Place,2020,September,39,Friday,25 Sep 2020,23:00,19,11,30,19,11,30,No Group
Manchester City Council - Chorlton,Chorlton Place,2020,September,39,Saturday,26 Sep 2020,00:00,12,4,16,12,4,16,No Group
Manchester City Council - Chorlton,Chorlton Place,2020,September,39,Saturday,26 Sep 2020,01:00,2,1,3,2,1,3,No Group
Manchester City Council - Chorlton,Chorlton Place,2020,September,39,Saturday,26 Sep 2020,02:00,0,0,0,0,0,0,No Group
Manchester City Council - Chorlton,Chorlton Place,2020,September,39,Saturday,26 Sep 2020,03:00,6,0,6,6,0,6,No Group
Manchester City Council - Chorlton,Chorlton Place,2020,September,39,Saturday,26 Sep 2020,04:00,2,0,2,2,0,2,No Group
Manchester City Council - Chorlton,Chorlton Place,2020,September,39,Saturday,26 Sep 2020,05:00,4,4,8,4,4,8,No Group
Manchester City Council - Chorlton,Chorlton Place,2020,September,39,Saturday,26 Sep 2020,06:00,3,4,7,3,4,7,No Group
Manchester City Council - Chorlton,Chorlton Place,2020,September,39,Saturday,26 Sep 2020,07:00,13,19,32,13,19,32,No Group
Manchester City Council - Chorlton,Chorlton Place,2020,September,39,Saturday,26 Sep 2020,08:00,59,78,137,59,78,137,No Group
Manchester City Council - Chorlton,Chorlton Place,2020,September,39,Saturday,26 Sep 2020,09:00,108,167,275,108,167,275,No Group
Manchester City Council - Chorlton,Chorlton Place,2020,September,39,Saturday,26 Sep 2020,10:00,245,303,548,245,303,548,No Group
Manchester City Council - Chorlton,Chorlton Place,2020,September,39,Saturday,26 Sep 2020,11:00,273,309,582,273,309,582,No Group
Manchester City Council - Chorlton,Chorlton Place,2020,September,39,Saturday,26 Sep 2020,12:00,302,320,622,302,320,622,No Group
Manchester City Council - Chorlton,Chorlton Place,2020,September,39,Saturday,26 Sep 2020,13:00,205,237,442,205,237,442,No Group
Manchester City Council - Chorlton,Chorlton Place,2020,September,39,Saturday,26 Sep 2020,14:00,228,240,468,228,240,468,No Group
Manchester City Council - Chorlton,Chorlton Place,2020,September,39,Saturday,26 Sep 2020,15:00,182,211,393,182,211,393,No Group
Manchester City Council - Chorlton,Chorlton Place,2020,September,39,Saturday,26 Sep 2020,16:00,157,154,311,157,154,311,No Group
Manchester City Council - Chorlton,Chorlton Place,2020,September,39,Saturday,26 Sep 2020,17:00,103,86,189,103,86,189,No Group
Manchester City Council - Chorlton,Chorlton Place,2020,September,39,Saturday,26 Sep 2020,18:00,56,62,118,56,62,118,No Group
Manchester City Council - Chorlton,Chorlton Place,2020,September,39,Saturday,26 Sep 2020,19:00,61,51,112,61,51,112,No Group
Manchester City Council - Chorlton,Chorlton Place,2020,September,39,Saturday,26 Sep 2020,20:00,52,42,94,52,42,94,No Group
Manchester City Council - Chorlton,Chorlton Place,2020,September,39,Saturday,26 Sep 2020,21:00,35,47,82,35,47,82,No Group
Manchester City Council - Chorlton,Chorlton Place,2020,September,39,Saturday,26 Sep 2020,22:00,40,41,81,40,41,81,No Group
Manchester City Council - Chorlton,Chorlton Place,2020,September,39,Saturday,26 Sep 2020,23:00,11,14,25,11,14,25,No Group
Manchester City Council - Chorlton,Chorlton Place,2020,September,39,Sunday,27 Sep 2020,00:00,4,4,8,4,4,8,No Group
Manchester City Council - Chorlton,Chorlton Place,2020,September,39,Sunday,27 Sep 2020,01:00,2,0,2,2,0,2,No Group
Manchester City Council - Chorlton,Chorlton Place,2020,September,39,Sunday,27 Sep 2020,02:00,1,0,1,1,0,1,No Group
Manchester City Council - Chorlton,Chorlton Place,2020,September,39,Sunday,27 Sep 2020,03:00,0,1,1,0,1,1,No Group
Manchester City Council - Chorlton,Chorlton Place,2020,September,39,Sunday,27 Sep 2020,04:00,1,1,2,1,1,2,No Group
Manchester City Council - Chorlton,Chorlton Place,2020,September,39,Sunday,27 Sep 2020,05:00,0,1,1,0,1,1,No Group
Manchester City Council - Chorlton,Chorlton Place,2020,September,39,Sunday,27 Sep 2020,06:00,1,3,4,1,3,4,No Group
Manchester City Council - Chorlton,Chorlton Place,2020,September,39,Sunday,27 Sep 2020,07:00,3,10,13,3,10,13,No Group
Manchester City Council - Chorlton,Chorlton Place,2020,September,39,Sunday,27 Sep 2020,08:00,41,53,94,41,53,94,No Group
Manchester City Council - Chorlton,Chorlton Place,2020,September,39,Sunday,27 Sep 2020,09:00,59,57,116,59,57,116,No Group
Manchester City Council - Chorlton,Chorlton Place,2020,September,39,Sunday,27 Sep 2020,10:00,78,177,255,78,177,255,No Group
Manchester City Council - Chorlton,Chorlton Place,2020,September,39,Sunday,27 Sep 2020,11:00,121,193,314,121,193,314,No Group
Manchester City Council - Chorlton,Chorlton Place,2020,September,39,Sunday,27 Sep 2020,12:00,214,275,489,214,275,489,No Group
Manchester City Council - Chorlton,Chorlton Place,2020,September,39,Sunday,27 Sep 2020,13:00,104,112,216,104,112,216,No Group
Manchester City Council - Chorlton,Chorlton Place,2020,September,39,Sunday,27 Sep 2020,14:00,136,122,258,136,122,258,No Group
Manchester City Council - Chorlton,Chorlton Place,2020,September,39,Sunday,27 Sep 2020,15:00,144,127,271,144,127,271,No Group
Manchester City Council - Chorlton,Chorlton Place,2020,September,39,Sunday,27 Sep 2020,16:00,78,75,153,78,75,153,No Group
Manchester City Council - Chorlton,Chorlton Place,2020,September,39,Sunday,27 Sep 2020,17:00,74,65,139,74,65,139,No Group
Manchester City Council - Chorlton,Chorlton Place,2020,September,39,Sunday,27 Sep 2020,18:00,47,60,107,47,60,107,No Group
Manchester City Council - Chorlton,Chorlton Place,2020,September,39,Sunday,27 Sep 2020,19:00,31,43,74,31,43,74,No Group
Manchester City Council - Chorlton,Chorlton Place,2020,September,39,Sunday,27 Sep 2020,20:00,28,31,59,28,31,59,No Group
Manchester City Council - Chorlton,Chorlton Place,2020,September,39,Sunday,27 Sep 2020,21:00,13,30,43,13,30,43,No Group
Manchester City Council - Chorlton,Chorlton Place,2020,September,39,Sunday,27 Sep 2020,22:00,11,3,14,11,3,14,No Group
Manchester City Council - Chorlton,Chorlton Place,2020,September,39,Sunday,27 Sep 2020,23:00,7,6,13,7,6,13,No Group
Manchester City Council - Chorlton,Chorlton Place,2020,September,40,Monday,28 Sep 2020,00:00,1,1,2,1,1,2,No Group
Manchester City Council - Chorlton,Chorlton Place,2020,September,40,Monday,28 Sep 2020,01:00,0,0,0,0,0,0,No Group
Manchester City Council - Chorlton,Chorlton Place,2020,September,40,Monday,28 Sep 2020,02:00,0,1,1,0,1,1,No Group
Manchester City Council - Chorlton,Chorlton Place,2020,September,40,Monday,28 Sep 2020,03:00,0,0,0,0,0,0,No Group
Manchester City Council - Chorlton,Chorlton Place,2020,September,40,Monday,28 Sep 2020,04:00,1,1,2,1,1,2,No Group
Manchester City Council - Chorlton,Chorlton Place,2020,September,40,Monday,28 Sep 2020,05:00,2,6,8,2,6,8,No Group
Manchester City Council - Chorlton,Chorlton Place,2020,September,40,Monday,28 Sep 2020,06:00,12,17,29,12,17,29,No Group
Manchester City Council - Chorlton,Chorlton Place,2020,September,40,Monday,28 Sep 2020,07:00,12,32,44,12,32,44,No Group
Manchester City Council - Chorlton,Chorlton Place,2020,September,40,Monday,28 Sep 2020,08:00,41,70,111,41,70,111,No Group
Manchester City Council - Chorlton,Chorlton Place,2020,September,40,Monday,28 Sep 2020,09:00,88,89,177,88,89,177,No Group
Manchester City Council - Chorlton,Chorlton Place,2020,September,40,Monday,28 Sep 2020,10:00,87,96,183,87,96,183,No Group
Manchester City Council - Chorlton,Chorlton Place,2020,September,40,Monday,28 Sep 2020,11:00,90,119,209,90,119,209,No Group
Manchester City Council - Chorlton,Chorlton Place,2020,September,40,Monday,28 Sep 2020,12:00,110,131,241,110,131,241,No Group
Manchester City Council - Chorlton,Chorlton Place,2020,September,40,Monday,28 Sep 2020,13:00,143,161,304,143,161,304,No Group
Manchester City Council - Chorlton,Chorlton Place,2020,September,40,Monday,28 Sep 2020,14:00,116,124,240,116,124,240,No Group
Manchester City Council - Chorlton,Chorlton Place,2020,September,40,Monday,28 Sep 2020,15:00,126,127,253,126,127,253,No Group
Manchester City Council - Chorlton,Chorlton Place,2020,September,40,Monday,28 Sep 2020,16:00,106,110,216,106,110,216,No Group
Manchester City Council - Chorlton,Chorlton Place,2020,September,40,Monday,28 Sep 2020,17:00,73,65,138,73,65,138,No Group
Manchester City Council - Chorlton,Chorlton Place,2020,September,40,Monday,28 Sep 2020,18:00,50,63,113,50,63,113,No Group
Manchester City Council - Chorlton,Chorlton Place,2020,September,40,Monday,28 Sep 2020,19:00,45,44,89,45,44,89,No Group
Manchester City Council - Chorlton,Chorlton Place,2020,September,40,Monday,28 Sep 2020,20:00,23,26,49,23,26,49,No Group
Manchester City Council - Chorlton,Chorlton Place,2020,September,40,Monday,28 Sep 2020,21:00,12,30,42,12,30,42,No Group
Manchester City Council - Chorlton,Chorlton Place,2020,September,40,Monday,28 Sep 2020,22:00,11,7,18,11,7,18,No Group
Manchester City Council - Chorlton,Chorlton Place,2020,September,40,Monday,28 Sep 2020,23:00,5,6,11,5,6,11,No Group
Manchester City Council - Chorlton,Chorlton Place,2020,September,40,Tuesday,29 Sep 2020,00:00,1,3,4,1,3,4,No Group
Manchester City Council - Chorlton,Chorlton Place,2020,September,40,Tuesday,29 Sep 2020,01:00,0,0,0,0,0,0,No Group
Manchester City Council - Chorlton,Chorlton Place,2020,September,40,Tuesday,29 Sep 2020,02:00,0,2,2,0,2,2,No Group
Manchester City Council - Chorlton,Chorlton Place,2020,September,40,Tuesday,29 Sep 2020,03:00,1,0,1,1,0,1,No Group
Manchester City Council - Chorlton,Chorlton Place,2020,September,40,Tuesday,29 Sep 2020,04:00,3,2,5,3,2,5,No Group
Manchester City Council - Chorlton,Chorlton Place,2020,September,40,Tuesday,29 Sep 2020,05:00,0,3,3,0,3,3,No Group
Manchester City Council - Chorlton,Chorlton Place,2020,September,40,Tuesday,29 Sep 2020,06:00,5,13,18,5,13,18,No Group
Manchester City Council - Chorlton,Chorlton Place,2020,September,40,Tuesday,29 Sep 2020,07:00,10,39,49,10,39,49,No Group
Manchester City Council - Chorlton,Chorlton Place,2020,September,40,Tuesday,29 Sep 2020,08:00,40,61,101,40,61,101,No Group
Manchester City Council - Chorlton,Chorlton Place,2020,September,40,Tuesday,29 Sep 2020,09:00,66,97,163,66,97,163,No Group
Manchester City Council - Chorlton,Chorlton Place,2020,September,40,Tuesday,29 Sep 2020,10:00,121,149,270,121,149,270,No Group
Manchester City Council - Chorlton,Chorlton Place,2020,September,40,Tuesday,29 Sep 2020,11:00,212,235,447,212,235,447,No Group
Manchester City Council - Chorlton,Chorlton Place,2020,September,40,Tuesday,29 Sep 2020,12:00,382,535,917,382,535,917,No Group
Manchester City Council - Chorlton,Chorlton Place,2020,September,40,Tuesday,29 Sep 2020,13:00,228,211,439,228,211,439,No Group
Manchester City Council - Chorlton,Chorlton Place,2020,September,40,Tuesday,29 Sep 2020,14:00,160,156,316,160,156,316,No Group
Manchester City Council - Chorlton,Chorlton Place,2020,September,40,Tuesday,29 Sep 2020,15:00,153,158,311,153,158,311,No Group
Manchester City Council - Chorlton,Chorlton Place,2020,September,40,Tuesday,29 Sep 2020,16:00,103,112,215,103,112,215,No Group
Manchester City Council - Chorlton,Chorlton Place,2020,September,40,Tuesday,29 Sep 2020,17:00,87,79,166,87,79,166,No Group
Manchester City Council - Chorlton,Chorlton Place,2020,September,40,Tuesday,29 Sep 2020,18:00,63,51,114,63,51,114,No Group
Manchester City Council - Chorlton,Chorlton Place,2020,September,40,Tuesday,29 Sep 2020,19:00,59,38,97,59,38,97,No Group
Manchester City Council - Chorlton,Chorlton Place,2020,September,40,Tuesday,29 Sep 2020,20:00,27,26,53,27,26,53,No Group
Manchester City Council - Chorlton,Chorlton Place,2020,September,40,Tuesday,29 Sep 2020,21:00,23,23,46,23,23,46,No Group
Manchester City Council - Chorlton,Chorlton Place,2020,September,40,Tuesday,29 Sep 2020,22:00,12,5,17,12,5,17,No Group
Manchester City Council - Chorlton,Chorlton Place,2020,September,40,Tuesday,29 Sep 2020,23:00,8,1,9,8,1,9,No Group
Manchester City Council - Chorlton,Chorlton Place,2020,September,40,Wednesday,30 Sep 2020,00:00,6,1,7,6,1,7,No Group
Manchester City Council - Chorlton,Chorlton Place,2020,September,40,Wednesday,30 Sep 2020,01:00,2,0,2,2,0,2,No Group
Manchester City Council - Chorlton,Chorlton Place,2020,September,40,Wednesday,30 Sep 2020,02:00,0,0,0,0,0,0,No Group
Manchester City Council - Chorlton,Chorlton Place,2020,September,40,Wednesday,30 Sep 2020,03:00,0,2,2,0,2,2,No Group
Manchester City Council - Chorlton,Chorlton Place,2020,September,40,Wednesday,30 Sep 2020,04:00,2,2,4,2,2,4,No Group
Manchester City Council - Chorlton,Chorlton Place,2020,September,40,Wednesday,30 Sep 2020,05:00,0,2,2,0,2,2,No Group
Manchester City Council - Chorlton,Chorlton Place,2020,September,40,Wednesday,30 Sep 2020,06:00,14,22,36,14,22,36,No Group
Manchester City Council - Chorlton,Chorlton Place,2020,September,40,Wednesday,30 Sep 2020,07:00,19,34,53,19,34,53,No Group
Manchester City Council - Chorlton,Chorlton Place,2020,September,40,Wednesday,30 Sep 2020,08:00,36,85,121,36,85,121,No Group
Manchester City Council - Chorlton,Chorlton Place,2020,September,40,Wednesday,30 Sep 2020,09:00,61,94,155,61,94,155,No Group
Manchester City Council - Chorlton,Chorlton Place,2020,September,40,Wednesday,30 Sep 2020,10:00,122,123,245,122,123,245,No Group
Manchester City Council - Chorlton,Chorlton Place,2020,September,40,Wednesday,30 Sep 2020,11:00,150,170,320,150,170,320,No Group
Manchester City Council - Chorlton,Chorlton Place,2020,September,40,Wednesday,30 Sep 2020,12:00,153,159,312,153,159,312,No Group
Manchester City Council - Chorlton,Chorlton Place,2020,September,40,Wednesday,30 Sep 2020,13:00,143,145,288,143,145,288,No Group
Manchester City Council - Chorlton,Chorlton Place,2020,September,40,Wednesday,30 Sep 2020,14:00,119,119,238,119,119,238,No Group
Manchester City Council - Chorlton,Chorlton Place,2020,September,40,Wednesday,30 Sep 2020,15:00,146,164,310,146,164,310,No Group
Manchester City Council - Chorlton,Chorlton Place,2020,September,40,Wednesday,30 Sep 2020,16:00,112,141,253,112,141,253,No Group
Manchester City Council - Chorlton,Chorlton Place,2020,September,40,Wednesday,30 Sep 2020,17:00,78,88,166,78,88,166,No Group
Manchester City Council - Chorlton,Chorlton Place,2020,September,40,Wednesday,30 Sep 2020,18:00,69,40,109,69,40,109,No Group
Manchester City Council - Chorlton,Chorlton Place,2020,September,40,Wednesday,30 Sep 2020,19:00,43,38,81,43,38,81,No Group
Manchester City Council - Chorlton,Chorlton Place,2020,September,40,Wednesday,30 Sep 2020,20:00,21,18,39,21,18,39,No Group
Manchester City Council - Chorlton,Chorlton Place,2020,September,40,Wednesday,30 Sep 2020,21:00,12,22,34,12,22,34,No Group
Manchester City Council - Chorlton,Chorlton Place,2020,September,40,Wednesday,30 Sep 2020,22:00,14,13,27,14,13,27,No Group
Manchester City Council - Chorlton,Chorlton Place,2020,September,40,Wednesday,30 Sep 2020,23:00,6,1,7,6,1,7,No Group
Manchester City Council - Chorlton,Chorlton Place,2020,September,40,Thursday,01 Oct 2020,00:00,3,4,7,3,4,7,No Group
Manchester City Council - Chorlton,Chorlton Place,2020,September,40,Thursday,01 Oct 2020,01:00,1,6,7,1,6,7,No Group
Manchester City Council - Chorlton,Chorlton Place,2020,September,40,Thursday,01 Oct 2020,02:00,0,0,0,0,0,0,No Group
Manchester City Council - Chorlton,Chorlton Place,2020,September,40,Thursday,01 Oct 2020,03:00,0,0,0,0,0,0,No Group
Manchester City Council - Chorlton,Chorlton Place,2020,September,40,Thursday,01 Oct 2020,04:00,1,4,5,1,4,5,No Group
Manchester City Council - Chorlton,Chorlton Place,2020,September,40,Thursday,01 Oct 2020,05:00,1,2,3,1,2,3,No Group
Manchester City Council - Chorlton,Chorlton Place,2020,September,40,Thursday,01 Oct 2020,06:00,4,13,17,4,13,17,No Group
Manchester City Council - Chorlton,Chorlton Place,2020,September,40,Thursday,01 Oct 2020,07:00,13,46,59,13,46,59,No Group
Manchester City Council - Chorlton,Chorlton Place,2020,September,40,Thursday,01 Oct 2020,08:00,36,70,106,36,70,106,No Group
Manchester City Council - Chorlton,Chorlton Place,2020,September,40,Thursday,01 Oct 2020,09:00,79,96,175,79,96,175,No Group
Manchester City Council - Chorlton,Chorlton Place,2020,September,40,Thursday,01 Oct 2020,10:00,110,121,231,110,121,231,No Group
Manchester City Council - Chorlton,Chorlton Place,2020,September,40,Thursday,01 Oct 2020,11:00,171,208,379,171,208,379,No Group
Manchester City Council - Chorlton,Chorlton Place,2020,September,40,Thursday,01 Oct 2020,12:00,204,245,449,204,245,449,No Group
Manchester City Council - Chorlton,Chorlton Place,2020,September,40,Thursday,01 Oct 2020,13:00,147,148,295,147,148,295,No Group
Manchester City Council - Chorlton,Chorlton Place,2020,September,40,Thursday,01 Oct 2020,14:00,165,176,341,165,176,341,No Group
Manchester City Council - Chorlton,Chorlton Place,2020,September,40,Thursday,01 Oct 2020,15:00,143,134,277,143,134,277,No Group
Manchester City Council - Chorlton,Chorlton Place,2020,September,40,Thursday,01 Oct 2020,16:00,127,134,261,127,134,261,No Group
Manchester City Council - Chorlton,Chorlton Place,2020,September,40,Thursday,01 Oct 2020,17:00,92,85,177,92,85,177,No Group
Manchester City Council - Chorlton,Chorlton Place,2020,September,40,Thursday,01 Oct 2020,18:00,84,71,155,84,71,155,No Group
Manchester City Council - Chorlton,Chorlton Place,2020,September,40,Thursday,01 Oct 2020,19:00,51,57,108,51,57,108,No Group
Manchester City Council - Chorlton,Chorlton Place,2020,September,40,Thursday,01 Oct 2020,20:00,36,31,67,36,31,67,No Group
Manchester City Council - Chorlton,Chorlton Place,2020,September,40,Thursday,01 Oct 2020,21:00,24,21,45,24,21,45,No Group
Manchester City Council - Chorlton,Chorlton Place,2020,September,40,Thursday,01 Oct 2020,22:00,25,7,32,25,7,32,No Group
Manchester City Council - Chorlton,Chorlton Place,2020,September,40,Thursday,01 Oct 2020,23:00,3,1,4,3,1,4,No Group
Manchester City Council - Chorlton,Chorlton Place,2020,September,40,Friday,02 Oct 2020,00:00,3,0,3,3,0,3,No Group
Manchester City Council - Chorlton,Chorlton Place,2020,September,40,Friday,02 Oct 2020,01:00,4,0,4,4,0,4,No Group
Manchester City Council - Chorlton,Chorlton Place,2020,September,40,Friday,02 Oct 2020,02:00,0,0,0,0,0,0,No Group
Manchester City Council - Chorlton,Chorlton Place,2020,September,40,Friday,02 Oct 2020,03:00,0,0,0,0,0,0,No Group
Manchester City Council - Chorlton,Chorlton Place,2020,September,40,Friday,02 Oct 2020,04:00,1,3,4,1,3,4,No Group
Manchester City Council - Chorlton,Chorlton Place,2020,September,40,Friday,02 Oct 2020,05:00,1,5,6,1,5,6,No Group
Manchester City Council - Chorlton,Chorlton Place,2020,September,40,Friday,02 Oct 2020,06:00,8,14,22,8,14,22,No Group
Manchester City Council - Chorlton,Chorlton Place,2020,September,40,Friday,02 Oct 2020,07:00,16,38,54,16,38,54,No Group
Manchester City Council - Chorlton,Chorlton Place,2020,September,40,Friday,02 Oct 2020,08:00,40,70,110,40,70,110,No Group
Manchester City Council - Chorlton,Chorlton Place,2020,September,40,Friday,02 Oct 2020,09:00,114,120,234,114,120,234,No Group
Manchester City Council - Chorlton,Chorlton Place,2020,September,40,Friday,02 Oct 2020,10:00,144,138,282,144,138,282,No Group
Manchester City Council - Chorlton,Chorlton Place,2020,September,40,Friday,02 Oct 2020,11:00,155,154,309,155,154,309,No Group
Manchester City Council - Chorlton,Chorlton Place,2020,September,40,Friday,02 Oct 2020,12:00,183,164,347,183,164,347,No Group
Manchester City Council - Chorlton,Chorlton Place,2020,September,40,Friday,02 Oct 2020,13:00,152,174,326,152,174,326,No Group
Manchester City Council - Chorlton,Chorlton Place,2020,September,40,Friday,02 Oct 2020,14:00,148,145,293,148,145,293,No Group
Manchester City Council - Chorlton,Chorlton Place,2020,September,40,Friday,02 Oct 2020,15:00,145,143,288,145,143,288,No Group
Manchester City Council - Chorlton,Chorlton Place,2020,September,40,Friday,02 Oct 2020,16:00,124,120,244,124,120,244,No Group
Manchester City Council - Chorlton,Chorlton Place,2020,September,40,Friday,02 Oct 2020,17:00,83,84,167,83,84,167,No Group
Manchester City Council - Chorlton,Chorlton Place,2020,September,40,Friday,02 Oct 2020,18:00,83,79,162,83,79,162,No Group
Manchester City Council - Chorlton,Chorlton Place,2020,September,40,Friday,02 Oct 2020,19:00,44,51,95,44,51,95,No Group
Manchester City Council - Chorlton,Chorlton Place,2020,September,40,Friday,02 Oct 2020,20:00,60,54,114,60,54,114,No Group
Manchester City Council - Chorlton,Chorlton Place,2020,September,40,Friday,02 Oct 2020,21:00,34,43,77,34,43,77,No Group
Manchester City Council - Chorlton,Chorlton Place,2020,September,40,Friday,02 Oct 2020,22:00,23,8,31,23,8,31,No Group
Manchester City Council - Chorlton,Chorlton Place,2020,September,40,Friday,02 Oct 2020,23:00,10,11,21,10,11,21,No Group
Manchester City Council - Chorlton,Chorlton Place,2020,September,40,Saturday,03 Oct 2020,00:00,3,4,7,3,4,7,No Group
Manchester City Council - Chorlton,Chorlton Place,2020,September,40,Saturday,03 Oct 2020,01:00,0,0,0,0,0,0,No Group
Manchester City Council - Chorlton,Chorlton Place,2020,September,40,Saturday,03 Oct 2020,02:00,0,0,0,0,0,0,No Group
Manchester City Council - Chorlton,Chorlton Place,2020,September,40,Saturday,03 Oct 2020,03:00,0,0,0,0,0,0,No Group
Manchester City Council - Chorlton,Chorlton Place,2020,September,40,Saturday,03 Oct 2020,04:00,1,3,4,1,3,4,No Group
Manchester City Council - Chorlton,Chorlton Place,2020,September,40,Saturday,03 Oct 2020,05:00,1,3,4,1,3,4,No Group
Manchester City Council - Chorlton,Chorlton Place,2020,September,40,Saturday,03 Oct 2020,06:00,2,3,5,2,3,5,No Group
Manchester City Council - Chorlton,Chorlton Place,2020,September,40,Saturday,03 Oct 2020,07:00,8,25,33,8,25,33,No Group
Manchester City Council - Chorlton,Chorlton Place,2020,September,40,Saturday,03 Oct 2020,08:00,61,61,122,61,61,122,No Group
Manchester City Council - Chorlton,Chorlton Place,2020,September,40,Saturday,03 Oct 2020,09:00,86,89,175,86,89,175,No Group
Manchester City Council - Chorlton,Chorlton Place,2020,September,40,Saturday,03 Oct 2020,10:00,145,146,291,145,146,291,No Group
Manchester City Council - Chorlton,Chorlton Place,2020,September,40,Saturday,03 Oct 2020,11:00,234,254,488,234,254,488,No Group
Manchester City Council - Chorlton,Chorlton Place,2020,September,40,Saturday,03 Oct 2020,12:00,240,255,495,240,255,495,No Group
Manchester City Council - Chorlton,Chorlton Place,2020,September,40,Saturday,03 Oct 2020,13:00,197,208,405,197,208,405,No Group
Manchester City Council - Chorlton,Chorlton Place,2020,September,40,Saturday,03 Oct 2020,14:00,222,223,445,222,223,445,No Group
Manchester City Council - Chorlton,Chorlton Place,2020,September,40,Saturday,03 Oct 2020,15:00,158,192,350,158,192,350,No Group
Manchester City Council - Chorlton,Chorlton Place,2020,September,40,Saturday,03 Oct 2020,16:00,169,147,316,169,147,316,No Group
Manchester City Council - Chorlton,Chorlton Place,2020,September,40,Saturday,03 Oct 2020,17:00,91,97,188,91,97,188,No Group
Manchester City Council - Chorlton,Chorlton Place,2020,September,40,Saturday,03 Oct 2020,18:00,75,51,126,75,51,126,No Group
Manchester City Council - Chorlton,Chorlton Place,2020,September,40,Saturday,03 Oct 2020,19:00,6,18,24,6,18,24,No Group
Manchester City Council - Chorlton,Chorlton Place,2020,September,40,Saturday,03 Oct 2020,20:00,18,28,46,18,28,46,No Group
Manchester City Council - Chorlton,Chorlton Place,2020,September,40,Saturday,03 Oct 2020,21:00,21,27,48,21,27,48,No Group
Manchester City Council - Chorlton,Chorlton Place,2020,September,40,Saturday,03 Oct 2020,22:00,25,15,40,25,15,40,No Group
Manchester City Council - Chorlton,Chorlton Place,2020,September,40,Saturday,03 Oct 2020,23:00,7,5,12,7,5,12,No Group
Manchester City Council - Chorlton,Chorlton Place,2020,September,40,Sunday,04 Oct 2020,00:00,0,10,10,0,10,10,No Group
Manchester City Council - Chorlton,Chorlton Place,2020,September,40,Sunday,04 Oct 2020,01:00,2,3,5,2,3,5,No Group
Manchester City Council - Chorlton,Chorlton Place,2020,September,40,Sunday,04 Oct 2020,02:00,0,6,6,0,6,6,No Group
Manchester City Council - Chorlton,Chorlton Place,2020,September,40,Sunday,04 Oct 2020,03:00,2,1,3,2,1,3,No Group
Manchester City Council - Chorlton,Chorlton Place,2020,September,40,Sunday,04 Oct 2020,04:00,0,4,4,0,4,4,No Group
Manchester City Council - Chorlton,Chorlton Place,2020,September,40,Sunday,04 Oct 2020,05:00,0,1,1,0,1,1,No Group
Manchester City Council - Chorlton,Chorlton Place,2020,September,40,Sunday,04 Oct 2020,06:00,3,3,6,3,3,6,No Group
Manchester City Council - Chorlton,Chorlton Place,2020,September,40,Sunday,04 Oct 2020,07:00,21,17,38,21,17,38,No Group
Manchester City Council - Chorlton,Chorlton Place,2020,September,40,Sunday,04 Oct 2020,08:00,22,31,53,22,31,53,No Group
Manchester City Council - Chorlton,Chorlton Place,2020,September,40,Sunday,04 Oct 2020,09:00,32,33,65,32,33,65,No Group
Manchester City Council - Chorlton,Chorlton Place,2020,September,40,Sunday,04 Oct 2020,10:00,76,87,163,76,87,163,No Group
Manchester City Council - Chorlton,Chorlton Place,2020,September,40,Sunday,04 Oct 2020,11:00,108,162,270,108,162,270,No Group
Manchester City Council - Chorlton,Chorlton Place,2020,September,40,Sunday,04 Oct 2020,12:00,114,158,272,114,158,272,No Group
Manchester City Council - Chorlton,Chorlton Place,2020,September,40,Sunday,04 Oct 2020,13:00,119,109,228,119,109,228,No Group
Manchester City Council - Chorlton,Chorlton Place,2020,September,40,Sunday,04 Oct 2020,14:00,100,100,200,100,100,200,No Group
Manchester City Council - Chorlton,Chorlton Place,2020,September,40,Sunday,04 Oct 2020,15:00,120,107,227,120,107,227,No Group
Manchester City Council - Chorlton,Chorlton Place,2020,September,40,Sunday,04 Oct 2020,16:00,68,82,150,68,82,150,No Group
Manchester City Council - Chorlton,Chorlton Place,2020,September,40,Sunday,04 Oct 2020,17:00,59,66,125,59,66,125,No Group
Manchester City Council - Chorlton,Chorlton Place,2020,September,40,Sunday,04 Oct 2020,18:00,38,59,97,38,59,97,No Group
Manchester City Council - Chorlton,Chorlton Place,2020,September,40,Sunday,04 Oct 2020,19:00,38,39,77,38,39,77,No Group
Manchester City Council - Chorlton,Chorlton Place,2020,September,40,Sunday,04 Oct 2020,20:00,26,25,51,26,25,51,No Group
Manchester City Council - Chorlton,Chorlton Place,2020,September,40,Sunday,04 Oct 2020,21:00,12,36,48,12,36,48,No Group
Manchester City Council - Chorlton,Chorlton Place,2020,September,40,Sunday,04 Oct 2020,22:00,12,6,18,12,6,18,No Group
Manchester City Council - Chorlton,Chorlton Place,2020,September,40,Sunday,04 Oct 2020,23:00,2,1,3,2,1,3,No Group
Manchester City Council - Chorlton,Chorlton Place,2020,October,41,Monday,05 Oct 2020,00:00,0,3,3,0,3,3,No Group
Manchester City Council - Chorlton,Chorlton Place,2020,October,41,Monday,05 Oct 2020,01:00,0,1,1,0,1,1,No Group
Manchester City Council - Chorlton,Chorlton Place,2020,October,41,Monday,05 Oct 2020,02:00,4,3,7,4,3,7,No Group
Manchester City Council - Chorlton,Chorlton Place,2020,October,41,Monday,05 Oct 2020,03:00,5,6,11,5,6,11,No Group
Manchester City Council - Chorlton,Chorlton Place,2020,October,41,Monday,05 Oct 2020,04:00,0,2,2,0,2,2,No Group
Manchester City Council - Chorlton,Chorlton Place,2020,October,41,Monday,05 Oct 2020,05:00,0,4,4,0,4,4,No Group
Manchester City Council - Chorlton,Chorlton Place,2020,October,41,Monday,05 Oct 2020,06:00,6,13,19,6,13,19,No Group
Manchester City Council - Chorlton,Chorlton Place,2020,October,41,Monday,05 Oct 2020,07:00,10,28,38,10,28,38,No Group
Manchester City Council - Chorlton,Chorlton Place,2020,October,41,Monday,05 Oct 2020,08:00,36,68,104,36,68,104,No Group
Manchester City Council - Chorlton,Chorlton Place,2020,October,41,Monday,05 Oct 2020,09:00,98,112,210,98,112,210,No Group
Manchester City Council - Chorlton,Chorlton Place,2020,October,41,Monday,05 Oct 2020,10:00,123,160,283,123,160,283,No Group
Manchester City Council - Chorlton,Chorlton Place,2020,October,41,Monday,05 Oct 2020,11:00,154,240,394,154,240,394,No Group
Manchester City Council - Chorlton,Chorlton Place,2020,October,41,Monday,05 Oct 2020,12:00,172,209,381,172,209,381,No Group
Manchester City Council - Chorlton,Chorlton Place,2020,October,41,Monday,05 Oct 2020,13:00,140,152,292,140,152,292,No Group
Manchester City Council - Chorlton,Chorlton Place,2020,October,41,Monday,05 Oct 2020,14:00,164,184,348,164,184,348,No Group
Manchester City Council - Chorlton,Chorlton Place,2020,October,41,Monday,05 Oct 2020,15:00,152,170,322,152,170,322,No Group
Manchester City Council - Chorlton,Chorlton Place,2020,October,41,Monday,05 Oct 2020,16:00,115,105,220,115,105,220,No Group
Manchester City Council - Chorlton,Chorlton Place,2020,October,41,Monday,05 Oct 2020,17:00,105,84,189,105,84,189,No Group
Manchester City Council - Chorlton,Chorlton Place,2020,October,41,Monday,05 Oct 2020,18:00,63,56,119,63,56,119,No Group
Manchester City Council - Chorlton,Chorlton Place,2020,October,41,Monday,05 Oct 2020,19:00,27,32,59,27,32,59,No Group
Manchester City Council - Chorlton,Chorlton Place,2020,October,41,Monday,05 Oct 2020,20:00,8,18,26,8,18,26,No Group
Manchester City Council - Chorlton,Chorlton Place,2020,October,41,Monday,05 Oct 2020,21:00,7,13,20,7,13,20,No Group
Manchester City Council - Chorlton,Chorlton Place,2020,October,41,Monday,05 Oct 2020,22:00,6,5,11,6,5,11,No Group
Manchester City Council - Chorlton,Chorlton Place,2020,October,41,Monday,05 Oct 2020,23:00,2,1,3,2,1,3,No Group
Manchester City Council - Chorlton,Chorlton Place,2020,October,41,Tuesday,06 Oct 2020,00:00,2,1,3,2,1,3,No Group
Manchester City Council - Chorlton,Chorlton Place,2020,October,41,Tuesday,06 Oct 2020,01:00,0,0,0,0,0,0,No Group
Manchester City Council - Chorlton,Chorlton Place,2020,October,41,Tuesday,06 Oct 2020,02:00,0,0,0,0,0,0,No Group
Manchester City Council - Chorlton,Chorlton Place,2020,October,41,Tuesday,06 Oct 2020,03:00,1,0,1,1,0,1,No Group
Manchester City Council - Chorlton,Chorlton Place,2020,October,41,Tuesday,06 Oct 2020,04:00,0,0,0,0,0,0,No Group
Manchester City Council - Chorlton,Chorlton Place,2020,October,41,Tuesday,06 Oct 2020,05:00,1,2,3,1,2,3,No Group
Manchester City Council - Chorlton,Chorlton Place,2020,October,41,Tuesday,06 Oct 2020,06:00,8,23,31,8,23,31,No Group
Manchester City Council - Chorlton,Chorlton Place,2020,October,41,Tuesday,06 Oct 2020,07:00,17,31,48,17,31,48,No Group
Manchester City Council - Chorlton,Chorlton Place,2020,October,41,Tuesday,06 Oct 2020,08:00,47,71,118,47,71,118,No Group
Manchester City Council - Chorlton,Chorlton Place,2020,October,41,Tuesday,06 Oct 2020,09:00,83,107,190,83,107,190,No Group
Manchester City Council - Chorlton,Chorlton Place,2020,October,41,Tuesday,06 Oct 2020,10:00,125,125,250,125,125,250,No Group
Manchester City Council - Chorlton,Chorlton Place,2020,October,41,Tuesday,06 Oct 2020,11:00,131,148,279,131,148,279,No Group
Manchester City Council - Chorlton,Chorlton Place,2020,October,41,Tuesday,06 Oct 2020,12:00,201,219,420,201,219,420,No Group
Manchester City Council - Chorlton,Chorlton Place,2020,October,41,Tuesday,06 Oct 2020,13:00,163,201,364,163,201,364,No Group
Manchester City Council - Chorlton,Chorlton Place,2020,October,41,Tuesday,06 Oct 2020,14:00,167,159,326,167,159,326,No Group
Manchester City Council - Chorlton,Chorlton Place,2020,October,41,Tuesday,06 Oct 2020,15:00,156,170,326,156,170,326,No Group
Manchester City Council - Chorlton,Chorlton Place,2020,October,41,Tuesday,06 Oct 2020,16:00,134,132,266,134,132,266,No Group
Manchester City Council - Chorlton,Chorlton Place,2020,October,41,Tuesday,06 Oct 2020,17:00,80,80,160,80,80,160,No Group
Manchester City Council - Chorlton,Chorlton Place,2020,October,41,Tuesday,06 Oct 2020,18:00,74,49,123,74,49,123,No Group
Manchester City Council - Chorlton,Chorlton Place,2020,October,41,Tuesday,06 Oct 2020,19:00,54,48,102,54,48,102,No Group
Manchester City Council - Chorlton,Chorlton Place,2020,October,41,Tuesday,06 Oct 2020,20:00,35,33,68,35,33,68,No Group
Manchester City Council - Chorlton,Chorlton Place,2020,October,41,Tuesday,06 Oct 2020,21:00,12,20,32,12,20,32,No Group
Manchester City Council - Chorlton,Chorlton Place,2020,October,41,Tuesday,06 Oct 2020,22:00,10,13,23,10,13,23,No Group
Manchester City Council - Chorlton,Chorlton Place,2020,October,41,Tuesday,06 Oct 2020,23:00,4,2,6,4,2,6,No Group
Manchester City Council - Chorlton,Chorlton Place,2020,October,41,Wednesday,07 Oct 2020,00:00,1,0,1,1,0,1,No Group
Manchester City Council - Chorlton,Chorlton Place,2020,October,41,Wednesday,07 Oct 2020,01:00,0,0,0,0,0,0,No Group
Manchester City Council - Chorlton,Chorlton Place,2020,October,41,Wednesday,07 Oct 2020,02:00,5,1,6,5,1,6,No Group
Manchester City Council - Chorlton,Chorlton Place,2020,October,41,Wednesday,07 Oct 2020,03:00,1,0,1,1,0,1,No Group
Manchester City Council - Chorlton,Chorlton Place,2020,October,41,Wednesday,07 Oct 2020,04:00,3,3,6,3,3,6,No Group
Manchester City Council - Chorlton,Chorlton Place,2020,October,41,Wednesday,07 Oct 2020,05:00,0,1,1,0,1,1,No Group
Manchester City Council - Chorlton,Chorlton Place,2020,October,41,Wednesday,07 Oct 2020,06:00,7,15,22,7,15,22,No Group
Manchester City Council - Chorlton,Chorlton Place,2020,October,41,Wednesday,07 Oct 2020,07:00,16,40,56,16,40,56,No Group
Manchester City Council - Chorlton,Chorlton Place,2020,October,41,Wednesday,07 Oct 2020,08:00,30,54,84,30,54,84,No Group
Manchester City Council - Chorlton,Chorlton Place,2020,October,41,Wednesday,07 Oct 2020,09:00,75,100,175,75,100,175,No Group
Manchester City Council - Chorlton,Chorlton Place,2020,October,41,Wednesday,07 Oct 2020,10:00,98,114,212,98,114,212,No Group
Manchester City Council - Chorlton,Chorlton Place,2020,October,41,Wednesday,07 Oct 2020,11:00,153,169,322,153,169,322,No Group
Manchester City Council - Chorlton,Chorlton Place,2020,October,41,Wednesday,07 Oct 2020,12:00,197,246,443,197,246,443,No Group
Manchester City Council - Chorlton,Chorlton Place,2020,October,41,Wednesday,07 Oct 2020,13:00,147,153,300,147,153,300,No Group
Manchester City Council - Chorlton,Chorlton Place,2020,October,41,Wednesday,07 Oct 2020,14:00,158,133,291,158,133,291,No Group
Manchester City Council - Chorlton,Chorlton Place,2020,October,41,Wednesday,07 Oct 2020,15:00,138,153,291,138,153,291,No Group
Manchester City Council - Chorlton,Chorlton Place,2020,October,41,Wednesday,07 Oct 2020,16:00,116,124,240,116,124,240,No Group
Manchester City Council - Chorlton,Chorlton Place,2020,October,41,Wednesday,07 Oct 2020,17:00,80,92,172,80,92,172,No Group
Manchester City Council - Chorlton,Chorlton Place,2020,October,41,Wednesday,07 Oct 2020,18:00,79,69,148,79,69,148,No Group
Manchester City Council - Chorlton,Chorlton Place,2020,October,41,Wednesday,07 Oct 2020,19:00,55,78,133,55,78,133,No Group
Manchester City Council - Chorlton,Chorlton Place,2020,October,41,Wednesday,07 Oct 2020,20:00,29,18,47,29,18,47,No Group
Manchester City Council - Chorlton,Chorlton Place,2020,October,41,Wednesday,07 Oct 2020,21:00,15,19,34,15,19,34,No Group
Manchester City Council - Chorlton,Chorlton Place,2020,October,41,Wednesday,07 Oct 2020,22:00,8,5,13,8,5,13,No Group
Manchester City Council - Chorlton,Chorlton Place,2020,October,41,Wednesday,07 Oct 2020,23:00,3,3,6,3,3,6,No Group
Manchester City Council - Chorlton,Chorlton Place,2020,October,41,Thursday,08 Oct 2020,00:00,1,3,4,1,3,4,No Group
Manchester City Council - Chorlton,Chorlton Place,2020,October,41,Thursday,08 Oct 2020,01:00,1,0,1,1,0,1,No Group
Manchester City Council - Chorlton,Chorlton Place,2020,October,41,Thursday,08 Oct 2020,02:00,0,0,0,0,0,0,No Group
Manchester City Council - Chorlton,Chorlton Place,2020,October,41,Thursday,08 Oct 2020,03:00,1,0,1,1,0,1,No Group
Manchester City Council - Chorlton,Chorlton Place,2020,October,41,Thursday,08 Oct 2020,04:00,0,2,2,0,2,2,No Group
Manchester City Council - Chorlton,Chorlton Place,2020,October,41,Thursday,08 Oct 2020,05:00,1,6,7,1,6,7,No Group
Manchester City Council - Chorlton,Chorlton Place,2020,October,41,Thursday,08 Oct 2020,06:00,11,16,27,11,16,27,No Group
Manchester City Council - Chorlton,Chorlton Place,2020,October,41,Thursday,08 Oct 2020,07:00,19,36,55,19,36,55,No Group
Manchester City Council - Chorlton,Chorlton Place,2020,October,41,Thursday,08 Oct 2020,08:00,44,90,134,44,90,134,No Group
Manchester City Council - Chorlton,Chorlton Place,2020,October,41,Thursday,08 Oct 2020,09:00,72,85,157,72,85,157,No Group
Manchester City Council - Chorlton,Chorlton Place,2020,October,41,Thursday,08 Oct 2020,10:00,120,169,289,120,169,289,No Group
Manchester City Council - Chorlton,Chorlton Place,2020,October,41,Thursday,08 Oct 2020,11:00,134,166,300,134,166,300,No Group
Manchester City Council - Chorlton,Chorlton Place,2020,October,41,Thursday,08 Oct 2020,12:00,144,140,284,144,140,284,No Group
Manchester City Council - Chorlton,Chorlton Place,2020,October,41,Thursday,08 Oct 2020,13:00,144,142,286,144,142,286,No Group
Manchester City Council - Chorlton,Chorlton Place,2020,October,41,Thursday,08 Oct 2020,14:00,153,155,308,153,155,308,No Group
Manchester City Council - Chorlton,Chorlton Place,2020,October,41,Thursday,08 Oct 2020,15:00,130,134,264,130,134,264,No Group
Manchester City Council - Chorlton,Chorlton Place,2020,October,41,Thursday,08 Oct 2020,16:00,114,121,235,114,121,235,No Group
Manchester City Council - Chorlton,Chorlton Place,2020,October,41,Thursday,08 Oct 2020,17:00,32,57,89,32,57,89,No Group
Manchester City Council - Chorlton,Chorlton Place,2020,October,41,Thursday,08 Oct 2020,18:00,58,43,101,58,43,101,No Group
Manchester City Council - Chorlton,Chorlton Place,2020,October,41,Thursday,08 Oct 2020,19:00,57,52,109,57,52,109,No Group
Manchester City Council - Chorlton,Chorlton Place,2020,October,41,Thursday,08 Oct 2020,20:00,22,49,71,22,49,71,No Group
Manchester City Council - Chorlton,Chorlton Place,2020,October,41,Thursday,08 Oct 2020,21:00,21,32,53,21,32,53,No Group
Manchester City Council - Chorlton,Chorlton Place,2020,October,41,Thursday,08 Oct 2020,22:00,26,7,33,26,7,33,No Group
Manchester City Council - Chorlton,Chorlton Place,2020,October,41,Thursday,08 Oct 2020,23:00,6,1,7,6,1,7,No Group
Manchester City Council - Chorlton,Chorlton Place,2020,October,41,Friday,09 Oct 2020,00:00,2,2,4,2,2,4,No Group
Manchester City Council - Chorlton,Chorlton Place,2020,October,41,Friday,09 Oct 2020,01:00,1,0,1,1,0,1,No Group
Manchester City Council - Chorlton,Chorlton Place,2020,October,41,Friday,09 Oct 2020,02:00,1,0,1,1,0,1,No Group
Manchester City Council - Chorlton,Chorlton Place,2020,October,41,Friday,09 Oct 2020,03:00,0,0,0,0,0,0,No Group
Manchester City Council - Chorlton,Chorlton Place,2020,October,41,Friday,09 Oct 2020,04:00,1,1,2,1,1,2,No Group
Manchester City Council - Chorlton,Chorlton Place,2020,October,41,Friday,09 Oct 2020,05:00,1,4,5,1,4,5,No Group
Manchester City Council - Chorlton,Chorlton Place,2020,October,41,Friday,09 Oct 2020,06:00,5,21,26,5,21,26,No Group
Manchester City Council - Chorlton,Chorlton Place,2020,October,41,Friday,09 Oct 2020,07:00,17,31,48,17,31,48,No Group
Manchester City Council - Chorlton,Chorlton Place,2020,October,41,Friday,09 Oct 2020,08:00,43,84,127,43,84,127,No Group
Manchester City Council - Chorlton,Chorlton Place,2020,October,41,Friday,09 Oct 2020,09:00,109,114,223,109,114,223,No Group
Manchester City Council - Chorlton,Chorlton Place,2020,October,41,Friday,09 Oct 2020,10:00,98,82,180,98,82,180,No Group
Manchester City Council - Chorlton,Chorlton Place,2020,October,41,Friday,09 Oct 2020,11:00,80,113,193,80,113,193,No Group
Manchester City Council - Chorlton,Chorlton Place,2020,October,41,Friday,09 Oct 2020,12:00,104,125,229,104,125,229,No Group
Manchester City Council - Chorlton,Chorlton Place,2020,October,41,Friday,09 Oct 2020,13:00,160,186,346,160,186,346,No Group
Manchester City Council - Chorlton,Chorlton Place,2020,October,41,Friday,09 Oct 2020,14:00,141,167,308,141,167,308,No Group
Manchester City Council - Chorlton,Chorlton Place,2020,October,41,Friday,09 Oct 2020,15:00,159,128,287,159,128,287,No Group
Manchester City Council - Chorlton,Chorlton Place,2020,October,41,Friday,09 Oct 2020,16:00,171,151,322,171,151,322,No Group
Manchester City Council - Chorlton,Chorlton Place,2020,October,41,Friday,09 Oct 2020,17:00,91,85,176,91,85,176,No Group
Manchester City Council - Chorlton,Chorlton Place,2020,October,41,Friday,09 Oct 2020,18:00,74,70,144,74,70,144,No Group
Manchester City Council - Chorlton,Chorlton Place,2020,October,41,Friday,09 Oct 2020,19:00,57,38,95,57,38,95,No Group
Manchester City Council - Chorlton,Chorlton Place,2020,October,41,Friday,09 Oct 2020,20:00,24,42,66,24,42,66,No Group
Manchester City Council - Chorlton,Chorlton Place,2020,October,41,Friday,09 Oct 2020,21:00,29,33,62,29,33,62,No Group
Manchester City Council - Chorlton,Chorlton Place,2020,October,41,Friday,09 Oct 2020,22:00,32,29,61,32,29,61,No Group
Manchester City Council - Chorlton,Chorlton Place,2020,October,41,Friday,09 Oct 2020,23:00,11,4,15,11,4,15,No Group
Manchester City Council - Chorlton,Chorlton Place,2020,October,41,Saturday,10 Oct 2020,00:00,3,1,4,3,1,4,No Group
Manchester City Council - Chorlton,Chorlton Place,2020,October,41,Saturday,10 Oct 2020,01:00,1,0,1,1,0,1,No Group
Manchester City Council - Chorlton,Chorlton Place,2020,October,41,Saturday,10 Oct 2020,02:00,1,1,2,1,1,2,No Group
Manchester City Council - Chorlton,Chorlton Place,2020,October,41,Saturday,10 Oct 2020,03:00,0,0,0,0,0,0,No Group
Manchester City Council - Chorlton,Chorlton Place,2020,October,41,Saturday,10 Oct 2020,04:00,2,3,5,2,3,5,No Group
Manchester City Council - Chorlton,Chorlton Place,2020,October,41,Saturday,10 Oct 2020,05:00,1,3,4,1,3,4,No Group
Manchester City Council - Chorlton,Chorlton Place,2020,October,41,Saturday,10 Oct 2020,06:00,5,5,10,5,5,10,No Group
Manchester City Council - Chorlton,Chorlton Place,2020,October,41,Saturday,10 Oct 2020,07:00,7,17,24,7,17,24,No Group
Manchester City Council - Chorlton,Chorlton Place,2020,October,41,Saturday,10 Oct 2020,08:00,48,51,99,48,51,99,No Group
Manchester City Council - Chorlton,Chorlton Place,2020,October,41,Saturday,10 Oct 2020,09:00,96,114,210,96,114,210,No Group
Manchester City Council - Chorlton,Chorlton Place,2020,October,41,Saturday,10 Oct 2020,10:00,171,167,338,171,167,338,No Group
Manchester City Council - Chorlton,Chorlton Place,2020,October,41,Saturday,10 Oct 2020,11:00,196,225,421,196,225,421,No Group
Manchester City Council - Chorlton,Chorlton Place,2020,October,41,Saturday,10 Oct 2020,12:00,275,301,576,275,301,576,No Group
Manchester City Council - Chorlton,Chorlton Place,2020,October,41,Saturday,10 Oct 2020,13:00,237,237,474,237,237,474,No Group
Manchester City Council - Chorlton,Chorlton Place,2020,October,41,Saturday,10 Oct 2020,14:00,272,273,545,272,273,545,No Group
Manchester City Council - Chorlton,Chorlton Place,2020,October,41,Saturday,10 Oct 2020,15:00,246,222,468,246,222,468,No Group
Manchester City Council - Chorlton,Chorlton Place,2020,October,41,Saturday,10 Oct 2020,16:00,172,179,351,172,179,351,No Group
Manchester City Council - Chorlton,Chorlton Place,2020,October,41,Saturday,10 Oct 2020,17:00,89,108,197,89,108,197,No Group
Manchester City Council - Chorlton,Chorlton Place,2020,October,41,Saturday,10 Oct 2020,18:00,89,96,185,89,96,185,No Group
Manchester City Council - Chorlton,Chorlton Place,2020,October,41,Saturday,10 Oct 2020,19:00,60,66,126,60,66,126,No Group
Manchester City Council - Chorlton,Chorlton Place,2020,October,41,Saturday,10 Oct 2020,20:00,27,34,61,27,34,61,No Group
Manchester City Council - Chorlton,Chorlton Place,2020,October,41,Saturday,10 Oct 2020,21:00,22,39,61,22,39,61,No Group
Manchester City Council - Chorlton,Chorlton Place,2020,October,41,Saturday,10 Oct 2020,22:00,31,25,56,31,25,56,No Group
Manchester City Council - Chorlton,Chorlton Place,2020,October,41,Saturday,10 Oct 2020,23:00,13,6,19,13,6,19,No Group
Manchester City Council - Chorlton,Chorlton Place,2020,October,41,Sunday,11 Oct 2020,00:00,2,0,2,2,0,2,No Group
Manchester City Council - Chorlton,Chorlton Place,2020,October,41,Sunday,11 Oct 2020,01:00,2,0,2,2,0,2,No Group
Manchester City Council - Chorlton,Chorlton Place,2020,October,41,Sunday,11 Oct 2020,02:00,0,0,0,0,0,0,No Group
Manchester City Council - Chorlton,Chorlton Place,2020,October,41,Sunday,11 Oct 2020,03:00,0,1,1,0,1,1,No Group
Manchester City Council - Chorlton,Chorlton Place,2020,October,41,Sunday,11 Oct 2020,04:00,1,0,1,1,0,1,No Group
Manchester City Council - Chorlton,Chorlton Place,2020,October,41,Sunday,11 Oct 2020,05:00,0,1,1,0,1,1,No Group
Manchester City Council - Chorlton,Chorlton Place,2020,October,41,Sunday,11 Oct 2020,06:00,4,4,8,4,4,8,No Group
Manchester City Council - Chorlton,Chorlton Place,2020,October,41,Sunday,11 Oct 2020,07:00,4,12,16,4,12,16,No Group
Manchester City Council - Chorlton,Chorlton Place,2020,October,41,Sunday,11 Oct 2020,08:00,13,16,29,13,16,29,No Group
Manchester City Council - Chorlton,Chorlton Place,2020,October,41,Sunday,11 Oct 2020,09:00,28,28,56,28,28,56,No Group
Manchester City Council - Chorlton,Chorlton Place,2020,October,41,Sunday,11 Oct 2020,10:00,73,160,233,73,160,233,No Group
Manchester City Council - Chorlton,Chorlton Place,2020,October,41,Sunday,11 Oct 2020,11:00,163,357,520,163,357,520,No Group
Manchester City Council - Chorlton,Chorlton Place,2020,October,41,Sunday,11 Oct 2020,12:00,168,219,387,168,219,387,No Group
Manchester City Council - Chorlton,Chorlton Place,2020,October,41,Sunday,11 Oct 2020,13:00,125,134,259,125,134,259,No Group
Manchester City Council - Chorlton,Chorlton Place,2020,October,41,Sunday,11 Oct 2020,14:00,109,120,229,109,120,229,No Group
Manchester City Council - Chorlton,Chorlton Place,2020,October,41,Sunday,11 Oct 2020,15:00,95,112,207,95,112,207,No Group
Manchester City Council - Chorlton,Chorlton Place,2020,October,41,Sunday,11 Oct 2020,16:00,69,69,138,69,69,138,No Group
Manchester City Council - Chorlton,Chorlton Place,2020,October,41,Sunday,11 Oct 2020,17:00,63,72,135,63,72,135,No Group
Manchester City Council - Chorlton,Chorlton Place,2020,October,41,Sunday,11 Oct 2020,18:00,35,41,76,35,41,76,No Group
Manchester City Council - Chorlton,Chorlton Place,2020,October,41,Sunday,11 Oct 2020,19:00,34,40,74,34,40,74,No Group
Manchester City Council - Chorlton,Chorlton Place,2020,October,41,Sunday,11 Oct 2020,20:00,22,26,48,22,26,48,No Group
Manchester City Council - Chorlton,Chorlton Place,2020,October,41,Sunday,11 Oct 2020,21:00,12,28,40,12,28,40,No Group
Manchester City Council - Chorlton,Chorlton Place,2020,October,41,Sunday,11 Oct 2020,22:00,24,15,39,24,15,39,No Group
Manchester City Council - Chorlton,Chorlton Place,2020,October,41,Sunday,11 Oct 2020,23:00,5,2,7,5,2,7,No Group
Manchester City Council - Chorlton,Chorlton Place,2020,October,42,Monday,12 Oct 2020,00:00,2,0,2,2,0,2,No Group
Manchester City Council - Chorlton,Chorlton Place,2020,October,42,Monday,12 Oct 2020,01:00,1,0,1,1,0,1,No Group
Manchester City Council - Chorlton,Chorlton Place,2020,October,42,Monday,12 Oct 2020,02:00,0,0,0,0,0,0,No Group
Manchester City Council - Chorlton,Chorlton Place,2020,October,42,Monday,12 Oct 2020,03:00,5,3,8,5,3,8,No Group
Manchester City Council - Chorlton,Chorlton Place,2020,October,42,Monday,12 Oct 2020,04:00,3,1,4,3,1,4,No Group
Manchester City Council - Chorlton,Chorlton Place,2020,October,42,Monday,12 Oct 2020,05:00,1,5,6,1,5,6,No Group
Manchester City Council - Chorlton,Chorlton Place,2020,October,42,Monday,12 Oct 2020,06:00,8,20,28,8,20,28,No Group
Manchester City Council - Chorlton,Chorlton Place,2020,October,42,Monday,12 Oct 2020,07:00,16,20,36,16,20,36,No Group
Manchester City Council - Chorlton,Chorlton Place,2020,October,42,Monday,12 Oct 2020,08:00,34,64,98,34,64,98,No Group
Manchester City Council - Chorlton,Chorlton Place,2020,October,42,Monday,12 Oct 2020,09:00,75,101,176,75,101,176,No Group
Manchester City Council - Chorlton,Chorlton Place,2020,October,42,Monday,12 Oct 2020,10:00,84,111,195,84,111,195,No Group
Manchester City Council - Chorlton,Chorlton Place,2020,October,42,Monday,12 Oct 2020,11:00,99,106,205,99,106,205,No Group
Manchester City Council - Chorlton,Chorlton Place,2020,October,42,Monday,12 Oct 2020,12:00,166,151,317,166,151,317,No Group
Manchester City Council - Chorlton,Chorlton Place,2020,October,42,Monday,12 Oct 2020,13:00,124,209,333,124,209,333,No Group
Manchester City Council - Chorlton,Chorlton Place,2020,October,42,Monday,12 Oct 2020,14:00,110,118,228,110,118,228,No Group
Manchester City Council - Chorlton,Chorlton Place,2020,October,42,Monday,12 Oct 2020,15:00,126,109,235,126,109,235,No Group
Manchester City Council - Chorlton,Chorlton Place,2020,October,42,Monday,12 Oct 2020,16:00,136,115,251,136,115,251,No Group
Manchester City Council - Chorlton,Chorlton Place,2020,October,42,Monday,12 Oct 2020,17:00,83,83,166,83,83,166,No Group
Manchester City Council - Chorlton,Chorlton Place,2020,October,42,Monday,12 Oct 2020,18:00,65,59,124,65,59,124,No Group
Manchester City Council - Chorlton,Chorlton Place,2020,October,42,Monday,12 Oct 2020,19:00,49,39,88,49,39,88,No Group
Manchester City Council - Chorlton,Chorlton Place,2020,October,42,Monday,12 Oct 2020,20:00,26,25,51,26,25,51,No Group
Manchester City Council - Chorlton,Chorlton Place,2020,October,42,Monday,12 Oct 2020,21:00,8,12,20,8,12,20,No Group
Manchester City Council - Chorlton,Chorlton Place,2020,October,42,Monday,12 Oct 2020,22:00,12,9,21,12,9,21,No Group
Manchester City Council - Chorlton,Chorlton Place,2020,October,42,Monday,12 Oct 2020,23:00,7,5,12,7,5,12,No Group
Manchester City Council - Chorlton,Chorlton Place,2020,October,42,Tuesday,13 Oct 2020,00:00,2,0,2,2,0,2,No Group
Manchester City Council - Chorlton,Chorlton Place,2020,October,42,Tuesday,13 Oct 2020,01:00,1,0,1,1,0,1,No Group
Manchester City Council - Chorlton,Chorlton Place,2020,October,42,Tuesday,13 Oct 2020,02:00,0,0,0,0,0,0,No Group
Manchester City Council - Chorlton,Chorlton Place,2020,October,42,Tuesday,13 Oct 2020,03:00,0,0,0,0,0,0,No Group
Manchester City Council - Chorlton,Chorlton Place,2020,October,42,Tuesday,13 Oct 2020,04:00,0,1,1,0,1,1,No Group
Manchester City Council - Chorlton,Chorlton Place,2020,October,42,Tuesday,13 Oct 2020,05:00,0,4,4,0,4,4,No Group
Manchester City Council - Chorlton,Chorlton Place,2020,October,42,Tuesday,13 Oct 2020,06:00,21,17,38,21,17,38,No Group
Manchester City Council - Chorlton,Chorlton Place,2020,October,42,Tuesday,13 Oct 2020,07:00,16,38,54,16,38,54,No Group
Manchester City Council - Chorlton,Chorlton Place,2020,October,42,Tuesday,13 Oct 2020,08:00,50,89,139,50,89,139,No Group
Manchester City Council - Chorlton,Chorlton Place,2020,October,42,Tuesday,13 Oct 2020,09:00,81,117,198,81,117,198,No Group
Manchester City Council - Chorlton,Chorlton Place,2020,October,42,Tuesday,13 Oct 2020,10:00,107,156,263,107,156,263,No Group
Manchester City Council - Chorlton,Chorlton Place,2020,October,42,Tuesday,13 Oct 2020,11:00,131,145,276,131,145,276,No Group
Manchester City Council - Chorlton,Chorlton Place,2020,October,42,Tuesday,13 Oct 2020,12:00,136,147,283,136,147,283,No Group
Manchester City Council - Chorlton,Chorlton Place,2020,October,42,Tuesday,13 Oct 2020,13:00,148,151,299,148,151,299,No Group
Manchester City Council - Chorlton,Chorlton Place,2020,October,42,Tuesday,13 Oct 2020,14:00,151,123,274,151,123,274,No Group
Manchester City Council - Chorlton,Chorlton Place,2020,October,42,Tuesday,13 Oct 2020,15:00,138,141,279,138,141,279,No Group
Manchester City Council - Chorlton,Chorlton Place,2020,October,42,Tuesday,13 Oct 2020,16:00,125,101,226,125,101,226,No Group
Manchester City Council - Chorlton,Chorlton Place,2020,October,42,Tuesday,13 Oct 2020,17:00,82,70,152,82,70,152,No Group
Manchester City Council - Chorlton,Chorlton Place,2020,October,42,Tuesday,13 Oct 2020,18:00,70,59,129,70,59,129,No Group
Manchester City Council - Chorlton,Chorlton Place,2020,October,42,Tuesday,13 Oct 2020,19:00,46,38,84,46,38,84,No Group
Manchester City Council - Chorlton,Chorlton Place,2020,October,42,Tuesday,13 Oct 2020,20:00,15,22,37,15,22,37,No Group
Manchester City Council - Chorlton,Chorlton Place,2020,October,42,Tuesday,13 Oct 2020,21:00,14,12,26,14,12,26,No Group
Manchester City Council - Chorlton,Chorlton Place,2020,October,42,Tuesday,13 Oct 2020,22:00,12,3,15,12,3,15,No Group
Manchester City Council - Chorlton,Chorlton Place,2020,October,42,Tuesday,13 Oct 2020,23:00,5,2,7,5,2,7,No Group
Manchester City Council - Chorlton,Chorlton Place,2020,October,42,Wednesday,14 Oct 2020,00:00,1,1,2,1,1,2,No Group
Manchester City Council - Chorlton,Chorlton Place,2020,October,42,Wednesday,14 Oct 2020,01:00,0,1,1,0,1,1,No Group
Manchester City Council - Chorlton,Chorlton Place,2020,October,42,Wednesday,14 Oct 2020,02:00,1,0,1,1,0,1,No Group
Manchester City Council - Chorlton,Chorlton Place,2020,October,42,Wednesday,14 Oct 2020,03:00,0,1,1,0,1,1,No Group
Manchester City Council - Chorlton,Chorlton Place,2020,October,42,Wednesday,14 Oct 2020,04:00,0,0,0,0,0,0,No Group
Manchester City Council - Chorlton,Chorlton Place,2020,October,42,Wednesday,14 Oct 2020,05:00,0,3,3,0,3,3,No Group
Manchester City Council - Chorlton,Chorlton Place,2020,October,42,Wednesday,14 Oct 2020,06:00,6,17,23,6,17,23,No Group
Manchester City Council - Chorlton,Chorlton Place,2020,October,42,Wednesday,14 Oct 2020,07:00,15,38,53,15,38,53,No Group
Manchester City Council - Chorlton,Chorlton Place,2020,October,42,Wednesday,14 Oct 2020,08:00,46,86,132,46,86,132,No Group
Manchester City Council - Chorlton,Chorlton Place,2020,October,42,Wednesday,14 Oct 2020,09:00,51,79,130,51,79,130,No Group
Manchester City Council - Chorlton,Chorlton Place,2020,October,42,Wednesday,14 Oct 2020,10:00,132,207,339,132,207,339,No Group
Manchester City Council - Chorlton,Chorlton Place,2020,October,42,Wednesday,14 Oct 2020,11:00,169,235,404,169,235,404,No Group
Manchester City Council - Chorlton,Chorlton Place,2020,October,42,Wednesday,14 Oct 2020,12:00,259,407,666,259,407,666,No Group
Manchester City Council - Chorlton,Chorlton Place,2020,October,42,Wednesday,14 Oct 2020,13:00,179,187,366,179,187,366,No Group
Manchester City Council - Chorlton,Chorlton Place,2020,October,42,Wednesday,14 Oct 2020,14:00,139,137,276,139,137,276,No Group
Manchester City Council - Chorlton,Chorlton Place,2020,October,42,Wednesday,14 Oct 2020,15:00,139,134,273,139,134,273,No Group
Manchester City Council - Chorlton,Chorlton Place,2020,October,42,Wednesday,14 Oct 2020,16:00,116,107,223,116,107,223,No Group
Manchester City Council - Chorlton,Chorlton Place,2020,October,42,Wednesday,14 Oct 2020,17:00,81,83,164,81,83,164,No Group
Manchester City Council - Chorlton,Chorlton Place,2020,October,42,Wednesday,14 Oct 2020,18:00,70,50,120,70,50,120,No Group
Manchester City Council - Chorlton,Chorlton Place,2020,October,42,Wednesday,14 Oct 2020,19:00,44,35,79,44,35,79,No Group
Manchester City Council - Chorlton,Chorlton Place,2020,October,42,Wednesday,14 Oct 2020,20:00,30,30,60,30,30,60,No Group
Manchester City Council - Chorlton,Chorlton Place,2020,October,42,Wednesday,14 Oct 2020,21:00,20,33,53,20,33,53,No Group
Manchester City Council - Chorlton,Chorlton Place,2020,October,42,Wednesday,14 Oct 2020,22:00,21,13,34,21,13,34,No Group
Manchester City Council - Chorlton,Chorlton Place,2020,October,42,Wednesday,14 Oct 2020,23:00,8,5,13,8,5,13,No Group
Manchester City Council - Chorlton,Chorlton Place,2020,October,42,Thursday,15 Oct 2020,00:00,2,0,2,2,0,2,No Group
Manchester City Council - Chorlton,Chorlton Place,2020,October,42,Thursday,15 Oct 2020,01:00,1,0,1,1,0,1,No Group
Manchester City Council - Chorlton,Chorlton Place,2020,October,42,Thursday,15 Oct 2020,02:00,0,0,0,0,0,0,No Group
Manchester City Council - Chorlton,Chorlton Place,2020,October,42,Thursday,15 Oct 2020,03:00,0,1,1,0,1,1,No Group
Manchester City Council - Chorlton,Chorlton Place,2020,October,42,Thursday,15 Oct 2020,04:00,0,3,3,0,3,3,No Group
Manchester City Council - Chorlton,Chorlton Place,2020,October,42,Thursday,15 Oct 2020,05:00,1,3,4,1,3,4,No Group
Manchester City Council - Chorlton,Chorlton Place,2020,October,42,Thursday,15 Oct 2020,06:00,8,13,21,8,13,21,No Group
Manchester City Council - Chorlton,Chorlton Place,2020,October,42,Thursday,15 Oct 2020,07:00,7,20,27,7,20,27,No Group
Manchester City Council - Chorlton,Chorlton Place,2020,October,42,Thursday,15 Oct 2020,08:00,55,81,136,55,81,136,No Group
Manchester City Council - Chorlton,Chorlton Place,2020,October,42,Thursday,15 Oct 2020,09:00,109,128,237,109,128,237,No Group
Manchester City Council - Chorlton,Chorlton Place,2020,October,42,Thursday,15 Oct 2020,10:00,137,235,372,137,235,372,No Group
Manchester City Council - Chorlton,Chorlton Place,2020,October,42,Thursday,15 Oct 2020,11:00,173,290,463,173,290,463,No Group
Manchester City Council - Chorlton,Chorlton Place,2020,October,42,Thursday,15 Oct 2020,12:00,236,329,565,236,329,565,No Group
Manchester City Council - Chorlton,Chorlton Place,2020,October,42,Thursday,15 Oct 2020,13:00,143,174,317,143,174,317,No Group
Manchester City Council - Chorlton,Chorlton Place,2020,October,42,Thursday,15 Oct 2020,14:00,138,151,289,138,151,289,No Group
Manchester City Council - Chorlton,Chorlton Place,2020,October,42,Thursday,15 Oct 2020,15:00,119,137,256,119,137,256,No Group
Manchester City Council - Chorlton,Chorlton Place,2020,October,42,Thursday,15 Oct 2020,16:00,103,97,200,103,97,200,No Group
Manchester City Council - Chorlton,Chorlton Place,2020,October,42,Thursday,15 Oct 2020,17:00,94,87,181,94,87,181,No Group
Manchester City Council - Chorlton,Chorlton Place,2020,October,42,Thursday,15 Oct 2020,18:00,78,72,150,78,72,150,No Group
Manchester City Council - Chorlton,Chorlton Place,2020,October,42,Thursday,15 Oct 2020,19:00,39,42,81,39,42,81,No Group
Manchester City Council - Chorlton,Chorlton Place,2020,October,42,Thursday,15 Oct 2020,20:00,23,29,52,23,29,52,No Group
Manchester City Council - Chorlton,Chorlton Place,2020,October,42,Thursday,15 Oct 2020,21:00,16,27,43,16,27,43,No Group
Manchester City Council - Chorlton,Chorlton Place,2020,October,42,Thursday,15 Oct 2020,22:00,17,15,32,17,15,32,No Group
Manchester City Council - Chorlton,Chorlton Place,2020,October,42,Thursday,15 Oct 2020,23:00,6,1,7,6,1,7,No Group
Manchester City Council - Chorlton,Chorlton Place,2020,October,42,Friday,16 Oct 2020,00:00,7,1,8,7,1,8,No Group
Manchester City Council - Chorlton,Chorlton Place,2020,October,42,Friday,16 Oct 2020,01:00,1,0,1,1,0,1,No Group
Manchester City Council - Chorlton,Chorlton Place,2020,October,42,Friday,16 Oct 2020,02:00,0,0,0,0,0,0,No Group
Manchester City Council - Chorlton,Chorlton Place,2020,October,42,Friday,16 Oct 2020,03:00,2,3,5,2,3,5,No Group
Manchester City Council - Chorlton,Chorlton Place,2020,October,42,Friday,16 Oct 2020,04:00,1,0,1,1,0,1,No Group
Manchester City Council - Chorlton,Chorlton Place,2020,October,42,Friday,16 Oct 2020,05:00,2,5,7,2,5,7,No Group
Manchester City Council - Chorlton,Chorlton Place,2020,October,42,Friday,16 Oct 2020,06:00,8,26,34,8,26,34,No Group
Manchester City Council - Chorlton,Chorlton Place,2020,October,42,Friday,16 Oct 2020,07:00,27,41,68,27,41,68,No Group
Manchester City Council - Chorlton,Chorlton Place,2020,October,42,Friday,16 Oct 2020,08:00,41,65,106,41,65,106,No Group
Manchester City Council - Chorlton,Chorlton Place,2020,October,42,Friday,16 Oct 2020,09:00,82,98,180,82,98,180,No Group
Manchester City Council - Chorlton,Chorlton Place,2020,October,42,Friday,16 Oct 2020,10:00,121,114,235,121,114,235,No Group
Manchester City Council - Chorlton,Chorlton Place,2020,October,42,Friday,16 Oct 2020,11:00,155,176,331,155,176,331,No Group
Manchester City Council - Chorlton,Chorlton Place,2020,October,42,Friday,16 Oct 2020,12:00,181,178,359,181,178,359,No Group
Manchester City Council - Chorlton,Chorlton Place,2020,October,42,Friday,16 Oct 2020,13:00,194,215,409,194,215,409,No Group
Manchester City Council - Chorlton,Chorlton Place,2020,October,42,Friday,16 Oct 2020,14:00,166,169,335,166,169,335,No Group
Manchester City Council - Chorlton,Chorlton Place,2020,October,42,Friday,16 Oct 2020,15:00,188,162,350,188,162,350,No Group
Manchester City Council - Chorlton,Chorlton Place,2020,October,42,Friday,16 Oct 2020,16:00,129,135,264,129,135,264,No Group
Manchester City Council - Chorlton,Chorlton Place,2020,October,42,Friday,16 Oct 2020,17:00,96,87,183,96,87,183,No Group
Manchester City Council - Chorlton,Chorlton Place,2020,October,42,Friday,16 Oct 2020,18:00,86,76,162,86,76,162,No Group
Manchester City Council - Chorlton,Chorlton Place,2020,October,42,Friday,16 Oct 2020,19:00,83,65,148,83,65,148,No Group
Manchester City Council - Chorlton,Chorlton Place,2020,October,42,Friday,16 Oct 2020,20:00,33,48,81,33,48,81,No Group
Manchester City Council - Chorlton,Chorlton Place,2020,October,42,Friday,16 Oct 2020,21:00,27,32,59,27,32,59,No Group
Manchester City Council - Chorlton,Chorlton Place,2020,October,42,Friday,16 Oct 2020,22:00,31,25,56,31,25,56,No Group
Manchester City Council - Chorlton,Chorlton Place,2020,October,42,Friday,16 Oct 2020,23:00,16,5,21,16,5,21,No Group
Manchester City Council - Chorlton,Chorlton Place,2020,October,42,Saturday,17 Oct 2020,00:00,2,1,3,2,1,3,No Group
Manchester City Council - Chorlton,Chorlton Place,2020,October,42,Saturday,17 Oct 2020,01:00,1,0,1,1,0,1,No Group
Manchester City Council - Chorlton,Chorlton Place,2020,October,42,Saturday,17 Oct 2020,02:00,0,2,2,0,2,2,No Group
Manchester City Council - Chorlton,Chorlton Place,2020,October,42,Saturday,17 Oct 2020,03:00,0,0,0,0,0,0,No Group
Manchester City Council - Chorlton,Chorlton Place,2020,October,42,Saturday,17 Oct 2020,04:00,2,2,4,2,2,4,No Group
Manchester City Council - Chorlton,Chorlton Place,2020,October,42,Saturday,17 Oct 2020,05:00,1,2,3,1,2,3,No Group
Manchester City Council - Chorlton,Chorlton Place,2020,October,42,Saturday,17 Oct 2020,06:00,3,1,4,3,1,4,No Group
Manchester City Council - Chorlton,Chorlton Place,2020,October,42,Saturday,17 Oct 2020,07:00,9,16,25,9,16,25,No Group
Manchester City Council - Chorlton,Chorlton Place,2020,October,42,Saturday,17 Oct 2020,08:00,42,40,82,42,40,82,No Group
Manchester City Council - Chorlton,Chorlton Place,2020,October,42,Saturday,17 Oct 2020,09:00,102,116,218,102,116,218,No Group
Manchester City Council - Chorlton,Chorlton Place,2020,October,42,Saturday,17 Oct 2020,10:00,143,178,321,143,178,321,No Group
Manchester City Council - Chorlton,Chorlton Place,2020,October,42,Saturday,17 Oct 2020,11:00,198,238,436,198,238,436,No Group
Manchester City Council - Chorlton,Chorlton Place,2020,October,42,Saturday,17 Oct 2020,12:00,221,238,459,221,238,459,No Group
Manchester City Council - Chorlton,Chorlton Place,2020,October,42,Saturday,17 Oct 2020,13:00,231,222,453,231,222,453,No Group
Manchester City Council - Chorlton,Chorlton Place,2020,October,42,Saturday,17 Oct 2020,14:00,264,250,514,264,250,514,No Group
Manchester City Council - Chorlton,Chorlton Place,2020,October,42,Saturday,17 Oct 2020,15:00,244,224,468,244,224,468,No Group
Manchester City Council - Chorlton,Chorlton Place,2020,October,42,Saturday,17 Oct 2020,16:00,192,186,378,192,186,378,No Group
Manchester City Council - Chorlton,Chorlton Place,2020,October,42,Saturday,17 Oct 2020,17:00,98,103,201,98,103,201,No Group
Manchester City Council - Chorlton,Chorlton Place,2020,October,42,Saturday,17 Oct 2020,18:00,74,74,148,74,74,148,No Group
Manchester City Council - Chorlton,Chorlton Place,2020,October,42,Saturday,17 Oct 2020,19:00,63,62,125,63,62,125,No Group
Manchester City Council - Chorlton,Chorlton Place,2020,October,42,Saturday,17 Oct 2020,20:00,38,44,82,38,44,82,No Group
Manchester City Council - Chorlton,Chorlton Place,2020,October,42,Saturday,17 Oct 2020,21:00,25,40,65,25,40,65,No Group
Manchester City Council - Chorlton,Chorlton Place,2020,October,42,Saturday,17 Oct 2020,22:00,28,17,45,28,17,45,No Group
Manchester City Council - Chorlton,Chorlton Place,2020,October,42,Saturday,17 Oct 2020,23:00,10,6,16,10,6,16,No Group
Manchester City Council - Chorlton,Chorlton Place,2020,October,42,Sunday,18 Oct 2020,00:00,6,6,12,6,6,12,No Group
Manchester City Council - Chorlton,Chorlton Place,2020,October,42,Sunday,18 Oct 2020,01:00,5,1,6,5,1,6,No Group
Manchester City Council - Chorlton,Chorlton Place,2020,October,42,Sunday,18 Oct 2020,02:00,1,1,2,1,1,2,No Group
Manchester City Council - Chorlton,Chorlton Place,2020,October,42,Sunday,18 Oct 2020,03:00,0,0,0,0,0,0,No Group
Manchester City Council - Chorlton,Chorlton Place,2020,October,42,Sunday,18 Oct 2020,04:00,0,0,0,0,0,0,No Group
Manchester City Council - Chorlton,Chorlton Place,2020,October,42,Sunday,18 Oct 2020,05:00,1,2,3,1,2,3,No Group
Manchester City Council - Chorlton,Chorlton Place,2020,October,42,Sunday,18 Oct 2020,06:00,2,2,4,2,2,4,No Group
Manchester City Council - Chorlton,Chorlton Place,2020,October,42,Sunday,18 Oct 2020,07:00,5,19,24,5,19,24,No Group
Manchester City Council - Chorlton,Chorlton Place,2020,October,42,Sunday,18 Oct 2020,08:00,15,14,29,15,14,29,No Group
Manchester City Council - Chorlton,Chorlton Place,2020,October,42,Sunday,18 Oct 2020,09:00,36,33,69,36,33,69,No Group
Manchester City Council - Chorlton,Chorlton Place,2020,October,42,Sunday,18 Oct 2020,10:00,52,61,113,52,61,113,No Group
Manchester City Council - Chorlton,Chorlton Place,2020,October,42,Sunday,18 Oct 2020,11:00,87,86,173,87,86,173,No Group
Manchester City Council - Chorlton,Chorlton Place,2020,October,42,Sunday,18 Oct 2020,12:00,86,120,206,86,120,206,No Group
Manchester City Council - Chorlton,Chorlton Place,2020,October,42,Sunday,18 Oct 2020,13:00,91,90,181,91,90,181,No Group
Manchester City Council - Chorlton,Chorlton Place,2020,October,42,Sunday,18 Oct 2020,14:00,113,106,219,113,106,219,No Group
Manchester City Council - Chorlton,Chorlton Place,2020,October,42,Sunday,18 Oct 2020,15:00,89,76,165,89,76,165,No Group
Manchester City Council - Chorlton,Chorlton Place,2020,October,42,Sunday,18 Oct 2020,16:00,62,73,135,62,73,135,No Group
Manchester City Council - Chorlton,Chorlton Place,2020,October,42,Sunday,18 Oct 2020,17:00,37,52,89,37,52,89,No Group
Manchester City Council - Chorlton,Chorlton Place,2020,October,42,Sunday,18 Oct 2020,18:00,36,59,95,36,59,95,No Group
Manchester City Council - Chorlton,Chorlton Place,2020,October,42,Sunday,18 Oct 2020,19:00,33,46,79,33,46,79,No Group
Manchester City Council - Chorlton,Chorlton Place,2020,October,42,Sunday,18 Oct 2020,20:00,23,24,47,23,24,47,No Group
Manchester City Council - Chorlton,Chorlton Place,2020,October,42,Sunday,18 Oct 2020,21:00,13,13,26,13,13,26,No Group
Manchester City Council - Chorlton,Chorlton Place,2020,October,42,Sunday,18 Oct 2020,22:00,9,3,12,9,3,12,No Group
Manchester City Council - Chorlton,Chorlton Place,2020,October,42,Sunday,18 Oct 2020,23:00,2,0,2,2,0,2,No Group
Manchester City Council - Chorlton,Chorlton Place,2020,October,43,Monday,19 Oct 2020,00:00,0,1,1,0,1,1,No Group
Manchester City Council - Chorlton,Chorlton Place,2020,October,43,Monday,19 Oct 2020,01:00,1,1,2,1,1,2,No Group
Manchester City Council - Chorlton,Chorlton Place,2020,October,43,Monday,19 Oct 2020,02:00,0,0,0,0,0,0,No Group
Manchester City Council - Chorlton,Chorlton Place,2020,October,43,Monday,19 Oct 2020,03:00,0,2,2,0,2,2,No Group
Manchester City Council - Chorlton,Chorlton Place,2020,October,43,Monday,19 Oct 2020,04:00,4,4,8,4,4,8,No Group
Manchester City Council - Chorlton,Chorlton Place,2020,October,43,Monday,19 Oct 2020,05:00,1,4,5,1,4,5,No Group
Manchester City Council - Chorlton,Chorlton Place,2020,October,43,Monday,19 Oct 2020,06:00,7,17,24,7,17,24,No Group
Manchester City Council - Chorlton,Chorlton Place,2020,October,43,Monday,19 Oct 2020,07:00,15,24,39,15,24,39,No Group
Manchester City Council - Chorlton,Chorlton Place,2020,October,43,Monday,19 Oct 2020,08:00,29,59,88,29,59,88,No Group
Manchester City Council - Chorlton,Chorlton Place,2020,October,43,Monday,19 Oct 2020,09:00,71,89,160,71,89,160,No Group
Manchester City Council - Chorlton,Chorlton Place,2020,October,43,Monday,19 Oct 2020,10:00,98,100,198,98,100,198,No Group
Manchester City Council - Chorlton,Chorlton Place,2020,October,43,Monday,19 Oct 2020,11:00,108,134,242,108,134,242,No Group
Manchester City Council - Chorlton,Chorlton Place,2020,October,43,Monday,19 Oct 2020,12:00,140,141,281,140,141,281,No Group
Manchester City Council - Chorlton,Chorlton Place,2020,October,43,Monday,19 Oct 2020,13:00,145,144,289,145,144,289,No Group
Manchester City Council - Chorlton,Chorlton Place,2020,October,43,Monday,19 Oct 2020,14:00,122,121,243,122,121,243,No Group
Manchester City Council - Chorlton,Chorlton Place,2020,October,43,Monday,19 Oct 2020,15:00,139,150,289,139,150,289,No Group
Manchester City Council - Chorlton,Chorlton Place,2020,October,43,Monday,19 Oct 2020,16:00,122,110,232,122,110,232,No Group
Manchester City Council - Chorlton,Chorlton Place,2020,October,43,Monday,19 Oct 2020,17:00,68,74,142,68,74,142,No Group
Manchester City Council - Chorlton,Chorlton Place,2020,October,43,Monday,19 Oct 2020,18:00,62,61,123,62,61,123,No Group
Manchester City Council - Chorlton,Chorlton Place,2020,October,43,Monday,19 Oct 2020,19:00,30,25,55,30,25,55,No Group
Manchester City Council - Chorlton,Chorlton Place,2020,October,43,Monday,19 Oct 2020,20:00,18,15,33,18,15,33,No Group
Manchester City Council - Chorlton,Chorlton Place,2020,October,43,Monday,19 Oct 2020,21:00,23,20,43,23,20,43,No Group
Manchester City Council - Chorlton,Chorlton Place,2020,October,43,Monday,19 Oct 2020,22:00,14,7,21,14,7,21,No Group
Manchester City Council - Chorlton,Chorlton Place,2020,October,43,Monday,19 Oct 2020,23:00,7,2,9,7,2,9,No Group
Manchester City Council - Chorlton,Chorlton Place,2020,October,43,Tuesday,20 Oct 2020,00:00,1,2,3,1,2,3,No Group
Manchester City Council - Chorlton,Chorlton Place,2020,October,43,Tuesday,20 Oct 2020,01:00,1,0,1,1,0,1,No Group
Manchester City Council - Chorlton,Chorlton Place,2020,October,43,Tuesday,20 Oct 2020,02:00,3,3,6,3,3,6,No Group
Manchester City Council - Chorlton,Chorlton Place,2020,October,43,Tuesday,20 Oct 2020,03:00,1,1,2,1,1,2,No Group
Manchester City Council - Chorlton,Chorlton Place,2020,October,43,Tuesday,20 Oct 2020,04:00,0,1,1,0,1,1,No Group
Manchester City Council - Chorlton,Chorlton Place,2020,October,43,Tuesday,20 Oct 2020,05:00,6,6,12,6,6,12,No Group
Manchester City Council - Chorlton,Chorlton Place,2020,October,43,Tuesday,20 Oct 2020,06:00,5,11,16,5,11,16,No Group
Manchester City Council - Chorlton,Chorlton Place,2020,October,43,Tuesday,20 Oct 2020,07:00,15,36,51,15,36,51,No Group
Manchester City Council - Chorlton,Chorlton Place,2020,October,43,Tuesday,20 Oct 2020,08:00,44,55,99,44,55,99,No Group
Manchester City Council - Chorlton,Chorlton Place,2020,October,43,Tuesday,20 Oct 2020,09:00,61,82,143,61,82,143,No Group
Manchester City Council - Chorlton,Chorlton Place,2020,October,43,Tuesday,20 Oct 2020,10:00,139,261,400,139,261,400,No Group
Manchester City Council - Chorlton,Chorlton Place,2020,October,43,Tuesday,20 Oct 2020,11:00,242,478,720,242,478,720,No Group
Manchester City Council - Chorlton,Chorlton Place,2020,October,43,Tuesday,20 Oct 2020,12:00,184,231,415,184,231,415,No Group
Manchester City Council - Chorlton,Chorlton Place,2020,October,43,Tuesday,20 Oct 2020,13:00,152,146,298,152,146,298,No Group
Manchester City Council - Chorlton,Chorlton Place,2020,October,43,Tuesday,20 Oct 2020,14:00,146,138,284,146,138,284,No Group
Manchester City Council - Chorlton,Chorlton Place,2020,October,43,Tuesday,20 Oct 2020,15:00,143,146,289,143,146,289,No Group
Manchester City Council - Chorlton,Chorlton Place,2020,October,43,Tuesday,20 Oct 2020,16:00,108,136,244,108,136,244,No Group
Manchester City Council - Chorlton,Chorlton Place,2020,October,43,Tuesday,20 Oct 2020,17:00,48,71,119,48,71,119,No Group
Manchester City Council - Chorlton,Chorlton Place,2020,October,43,Tuesday,20 Oct 2020,18:00,72,82,154,72,82,154,No Group
Manchester City Council - Chorlton,Chorlton Place,2020,October,43,Tuesday,20 Oct 2020,19:00,61,57,118,61,57,118,No Group
Manchester City Council - Chorlton,Chorlton Place,2020,October,43,Tuesday,20 Oct 2020,20:00,36,35,71,36,35,71,No Group
Manchester City Council - Chorlton,Chorlton Place,2020,October,43,Tuesday,20 Oct 2020,21:00,22,27,49,22,27,49,No Group
Manchester City Council - Chorlton,Chorlton Place,2020,October,43,Tuesday,20 Oct 2020,22:00,18,14,32,18,14,32,No Group
Manchester City Council - Chorlton,Chorlton Place,2020,October,43,Tuesday,20 Oct 2020,23:00,5,4,9,5,4,9,No Group
Manchester City Council - Chorlton,Chorlton Place,2020,October,43,Wednesday,21 Oct 2020,00:00,2,0,2,2,0,2,No Group
Manchester City Council - Chorlton,Chorlton Place,2020,October,43,Wednesday,21 Oct 2020,01:00,2,0,2,2,0,2,No Group
Manchester City Council - Chorlton,Chorlton Place,2020,October,43,Wednesday,21 Oct 2020,02:00,0,0,0,0,0,0,No Group
Manchester City Council - Chorlton,Chorlton Place,2020,October,43,Wednesday,21 Oct 2020,03:00,0,0,0,0,0,0,No Group
Manchester City Council - Chorlton,Chorlton Place,2020,October,43,Wednesday,21 Oct 2020,04:00,2,1,3,2,1,3,No Group
Manchester City Council - Chorlton,Chorlton Place,2020,October,43,Wednesday,21 Oct 2020,05:00,4,1,5,4,1,5,No Group
Manchester City Council - Chorlton,Chorlton Place,2020,October,43,Wednesday,21 Oct 2020,06:00,10,20,30,10,20,30,No Group
Manchester City Council - Chorlton,Chorlton Place,2020,October,43,Wednesday,21 Oct 2020,07:00,8,40,48,8,40,48,No Group
Manchester City Council - Chorlton,Chorlton Place,2020,October,43,Wednesday,21 Oct 2020,08:00,59,76,135,59,76,135,No Group
Manchester City Council - Chorlton,Chorlton Place,2020,October,43,Wednesday,21 Oct 2020,09:00,56,60,116,56,60,116,No Group
Manchester City Council - Chorlton,Chorlton Place,2020,October,43,Wednesday,21 Oct 2020,10:00,137,124,261,137,124,261,No Group
Manchester City Council - Chorlton,Chorlton Place,2020,October,43,Wednesday,21 Oct 2020,11:00,133,162,295,133,162,295,No Group
Manchester City Council - Chorlton,Chorlton Place,2020,October,43,Wednesday,21 Oct 2020,12:00,148,160,308,148,160,308,No Group
Manchester City Council - Chorlton,Chorlton Place,2020,October,43,Wednesday,21 Oct 2020,13:00,163,169,332,163,169,332,No Group
Manchester City Council - Chorlton,Chorlton Place,2020,October,43,Wednesday,21 Oct 2020,14:00,146,164,310,146,164,310,No Group
Manchester City Council - Chorlton,Chorlton Place,2020,October,43,Wednesday,21 Oct 2020,15:00,136,125,261,136,125,261,No Group
Manchester City Council - Chorlton,Chorlton Place,2020,October,43,Wednesday,21 Oct 2020,16:00,140,127,267,140,127,267,No Group
Manchester City Council - Chorlton,Chorlton Place,2020,October,43,Wednesday,21 Oct 2020,17:00,90,90,180,90,90,180,No Group
Manchester City Council - Chorlton,Chorlton Place,2020,October,43,Wednesday,21 Oct 2020,18:00,70,49,119,70,49,119,No Group
Manchester City Council - Chorlton,Chorlton Place,2020,October,43,Wednesday,21 Oct 2020,19:00,43,33,76,43,33,76,No Group
Manchester City Council - Chorlton,Chorlton Place,2020,October,43,Wednesday,21 Oct 2020,20:00,24,17,41,24,17,41,No Group
Manchester City Council - Chorlton,Chorlton Place,2020,October,43,Wednesday,21 Oct 2020,21:00,21,20,41,21,20,41,No Group
Manchester City Council - Chorlton,Chorlton Place,2020,October,43,Wednesday,21 Oct 2020,22:00,20,11,31,20,11,31,No Group
Manchester City Council - Chorlton,Chorlton Place,2020,October,43,Wednesday,21 Oct 2020,23:00,5,2,7,5,2,7,No Group
Manchester City Council - Chorlton,Chorlton Place,2020,October,43,Thursday,22 Oct 2020,00:00,5,0,5,5,0,5,No Group
Manchester City Council - Chorlton,Chorlton Place,2020,October,43,Thursday,22 Oct 2020,01:00,1,1,2,1,1,2,No Group
Manchester City Council - Chorlton,Chorlton Place,2020,October,43,Thursday,22 Oct 2020,02:00,0,1,1,0,1,1,No Group
Manchester City Council - Chorlton,Chorlton Place,2020,October,43,Thursday,22 Oct 2020,03:00,0,0,0,0,0,0,No Group
Manchester City Council - Chorlton,Chorlton Place,2020,October,43,Thursday,22 Oct 2020,04:00,0,0,0,0,0,0,No Group
Manchester City Council - Chorlton,Chorlton Place,2020,October,43,Thursday,22 Oct 2020,05:00,0,4,4,0,4,4,No Group
Manchester City Council - Chorlton,Chorlton Place,2020,October,43,Thursday,22 Oct 2020,06:00,4,16,20,4,16,20,No Group
Manchester City Council - Chorlton,Chorlton Place,2020,October,43,Thursday,22 Oct 2020,07:00,11,27,38,11,27,38,No Group
Manchester City Council - Chorlton,Chorlton Place,2020,October,43,Thursday,22 Oct 2020,08:00,28,57,85,28,57,85,No Group
Manchester City Council - Chorlton,Chorlton Place,2020,October,43,Thursday,22 Oct 2020,09:00,61,75,136,61,75,136,No Group
Manchester City Council - Chorlton,Chorlton Place,2020,October,43,Thursday,22 Oct 2020,10:00,89,111,200,89,111,200,No Group
Manchester City Council - Chorlton,Chorlton Place,2020,October,43,Thursday,22 Oct 2020,11:00,122,131,253,122,131,253,No Group
Manchester City Council - Chorlton,Chorlton Place,2020,October,43,Thursday,22 Oct 2020,12:00,150,258,408,150,258,408,No Group
Manchester City Council - Chorlton,Chorlton Place,2020,October,43,Thursday,22 Oct 2020,13:00,119,138,257,119,138,257,No Group
Manchester City Council - Chorlton,Chorlton Place,2020,October,43,Thursday,22 Oct 2020,14:00,154,133,287,154,133,287,No Group
Manchester City Council - Chorlton,Chorlton Place,2020,October,43,Thursday,22 Oct 2020,15:00,197,183,380,197,183,380,No Group
Manchester City Council - Chorlton,Chorlton Place,2020,October,43,Thursday,22 Oct 2020,16:00,145,128,273,145,128,273,No Group
Manchester City Council - Chorlton,Chorlton Place,2020,October,43,Thursday,22 Oct 2020,17:00,83,86,169,83,86,169,No Group
Manchester City Council - Chorlton,Chorlton Place,2020,October,43,Thursday,22 Oct 2020,18:00,87,84,171,87,84,171,No Group
Manchester City Council - Chorlton,Chorlton Place,2020,October,43,Thursday,22 Oct 2020,19:00,55,42,97,55,42,97,No Group
Manchester City Council - Chorlton,Chorlton Place,2020,October,43,Thursday,22 Oct 2020,20:00,39,49,88,39,49,88,No Group
Manchester City Council - Chorlton,Chorlton Place,2020,October,43,Thursday,22 Oct 2020,21:00,24,29,53,24,29,53,No Group
Manchester City Council - Chorlton,Chorlton Place,2020,October,43,Thursday,22 Oct 2020,22:00,26,20,46,26,20,46,No Group
Manchester City Council - Chorlton,Chorlton Place,2020,October,43,Thursday,22 Oct 2020,23:00,5,6,11,5,6,11,No Group
Manchester City Council - Chorlton,Chorlton Place,2020,October,43,Friday,23 Oct 2020,00:00,2,4,6,2,4,6,No Group
Manchester City Council - Chorlton,Chorlton Place,2020,October,43,Friday,23 Oct 2020,01:00,2,3,5,2,3,5,No Group
Manchester City Council - Chorlton,Chorlton Place,2020,October,43,Friday,23 Oct 2020,02:00,0,0,0,0,0,0,No Group
Manchester City Council - Chorlton,Chorlton Place,2020,October,43,Friday,23 Oct 2020,03:00,0,0,0,0,0,0,No Group
Manchester City Council - Chorlton,Chorlton Place,2020,October,43,Friday,23 Oct 2020,04:00,0,0,0,0,0,0,No Group
Manchester City Council - Chorlton,Chorlton Place,2020,October,43,Friday,23 Oct 2020,05:00,2,1,3,2,1,3,No Group
Manchester City Council - Chorlton,Chorlton Place,2020,October,43,Friday,23 Oct 2020,06:00,6,10,16,6,10,16,No Group
Manchester City Council - Chorlton,Chorlton Place,2020,October,43,Friday,23 Oct 2020,07:00,13,30,43,13,30,43,No Group
Manchester City Council - Chorlton,Chorlton Place,2020,October,43,Friday,23 Oct 2020,08:00,40,59,99,40,59,99,No Group
Manchester City Council - Chorlton,Chorlton Place,2020,October,43,Friday,23 Oct 2020,09:00,108,137,245,108,137,245,No Group
Manchester City Council - Chorlton,Chorlton Place,2020,October,43,Friday,23 Oct 2020,10:00,109,153,262,109,153,262,No Group
Manchester City Council - Chorlton,Chorlton Place,2020,October,43,Friday,23 Oct 2020,11:00,132,153,285,132,153,285,No Group
Manchester City Council - Chorlton,Chorlton Place,2020,October,43,Friday,23 Oct 2020,12:00,90,113,203,90,113,203,No Group
Manchester City Council - Chorlton,Chorlton Place,2020,October,43,Friday,23 Oct 2020,13:00,108,115,223,108,115,223,No Group
Manchester City Council - Chorlton,Chorlton Place,2020,October,43,Friday,23 Oct 2020,14:00,108,134,242,108,134,242,No Group
Manchester City Council - Chorlton,Chorlton Place,2020,October,43,Friday,23 Oct 2020,15:00,176,156,332,176,156,332,No Group
Manchester City Council - Chorlton,Chorlton Place,2020,October,43,Friday,23 Oct 2020,16:00,153,149,302,153,149,302,No Group
Manchester City Council - Chorlton,Chorlton Place,2020,October,43,Friday,23 Oct 2020,17:00,73,88,161,73,88,161,No Group
Manchester City Council - Chorlton,Chorlton Place,2020,October,43,Friday,23 Oct 2020,18:00,84,64,148,84,64,148,No Group
Manchester City Council - Chorlton,Chorlton Place,2020,October,43,Friday,23 Oct 2020,19:00,49,57,106,49,57,106,No Group
Manchester City Council - Chorlton,Chorlton Place,2020,October,43,Friday,23 Oct 2020,20:00,25,23,48,25,23,48,No Group
Manchester City Council - Chorlton,Chorlton Place,2020,October,43,Friday,23 Oct 2020,21:00,21,21,42,21,21,42,No Group
Manchester City Council - Chorlton,Chorlton Place,2020,October,43,Friday,23 Oct 2020,22:00,14,4,18,14,4,18,No Group
Manchester City Council - Chorlton,Chorlton Place,2020,October,43,Friday,23 Oct 2020,23:00,6,14,20,6,14,20,No Group
Manchester City Council - Chorlton,Chorlton Place,2020,October,43,Saturday,24 Oct 2020,00:00,3,2,5,3,2,5,No Group
Manchester City Council - Chorlton,Chorlton Place,2020,October,43,Saturday,24 Oct 2020,01:00,0,2,2,0,2,2,No Group
Manchester City Council - Chorlton,Chorlton Place,2020,October,43,Saturday,24 Oct 2020,02:00,2,2,4,2,2,4,No Group
Manchester City Council - Chorlton,Chorlton Place,2020,October,43,Saturday,24 Oct 2020,03:00,1,0,1,1,0,1,No Group
Manchester City Council - Chorlton,Chorlton Place,2020,October,43,Saturday,24 Oct 2020,04:00,1,1,2,1,1,2,No Group
Manchester City Council - Chorlton,Chorlton Place,2020,October,43,Saturday,24 Oct 2020,05:00,7,4,11,7,4,11,No Group
Manchester City Council - Chorlton,Chorlton Place,2020,October,43,Saturday,24 Oct 2020,06:00,4,3,7,4,3,7,No Group
Manchester City Council - Chorlton,Chorlton Place,2020,October,43,Saturday,24 Oct 2020,07:00,6,12,18,6,12,18,No Group
Manchester City Council - Chorlton,Chorlton Place,2020,October,43,Saturday,24 Oct 2020,08:00,41,51,92,41,51,92,No Group
Manchester City Council - Chorlton,Chorlton Place,2020,October,43,Saturday,24 Oct 2020,09:00,80,83,163,80,83,163,No Group
Manchester City Council - Chorlton,Chorlton Place,2020,October,43,Saturday,24 Oct 2020,10:00,182,198,380,182,198,380,No Group
Manchester City Council - Chorlton,Chorlton Place,2020,October,43,Saturday,24 Oct 2020,11:00,206,203,409,206,203,409,No Group
Manchester City Council - Chorlton,Chorlton Place,2020,October,43,Saturday,24 Oct 2020,12:00,189,180,369,189,180,369,No Group
Manchester City Council - Chorlton,Chorlton Place,2020,October,43,Saturday,24 Oct 2020,13:00,210,278,488,210,278,488,No Group
Manchester City Council - Chorlton,Chorlton Place,2020,October,43,Saturday,24 Oct 2020,14:00,284,249,533,284,249,533,No Group
Manchester City Council - Chorlton,Chorlton Place,2020,October,43,Saturday,24 Oct 2020,15:00,187,222,409,187,222,409,No Group
Manchester City Council - Chorlton,Chorlton Place,2020,October,43,Saturday,24 Oct 2020,16:00,138,129,267,138,129,267,No Group
Manchester City Council - Chorlton,Chorlton Place,2020,October,43,Saturday,24 Oct 2020,17:00,60,49,109,60,49,109,No Group
Manchester City Council - Chorlton,Chorlton Place,2020,October,43,Saturday,24 Oct 2020,18:00,26,34,60,26,34,60,No Group
Manchester City Council - Chorlton,Chorlton Place,2020,October,43,Saturday,24 Oct 2020,19:00,11,19,30,11,19,30,No Group
Manchester City Council - Chorlton,Chorlton Place,2020,October,43,Saturday,24 Oct 2020,20:00,10,8,18,10,8,18,No Group
Manchester City Council - Chorlton,Chorlton Place,2020,October,43,Saturday,24 Oct 2020,21:00,12,12,24,12,12,24,No Group
Manchester City Council - Chorlton,Chorlton Place,2020,October,43,Saturday,24 Oct 2020,22:00,11,5,16,11,5,16,No Group
Manchester City Council - Chorlton,Chorlton Place,2020,October,43,Saturday,24 Oct 2020,23:00,7,1,8,7,1,8,No Group
Manchester City Council - Chorlton,Chorlton Place,2020,October,43,Sunday,25 Oct 2020,00:00,2,2,4,2,2,4,No Group
Manchester City Council - Chorlton,Chorlton Place,2020,October,43,Sunday,25 Oct 2020,01:00,0,0,0,0,0,0,No Group
Manchester City Council - Chorlton,Chorlton Place,2020,October,43,Sunday,25 Oct 2020,02:00,2,0,2,2,0,2,No Group
Manchester City Council - Chorlton,Chorlton Place,2020,October,43,Sunday,25 Oct 2020,03:00,1,0,1,1,0,1,No Group
Manchester City Council - Chorlton,Chorlton Place,2020,October,43,Sunday,25 Oct 2020,04:00,0,0,0,0,0,0,No Group
Manchester City Council - Chorlton,Chorlton Place,2020,October,43,Sunday,25 Oct 2020,05:00,1,0,1,1,0,1,No Group
Manchester City Council - Chorlton,Chorlton Place,2020,October,43,Sunday,25 Oct 2020,06:00,1,4,5,1,4,5,No Group
Manchester City Council - Chorlton,Chorlton Place,2020,October,43,Sunday,25 Oct 2020,07:00,3,15,18,3,15,18,No Group
Manchester City Council - Chorlton,Chorlton Place,2020,October,43,Sunday,25 Oct 2020,08:00,21,29,50,21,29,50,No Group
Manchester City Council - Chorlton,Chorlton Place,2020,October,43,Sunday,25 Oct 2020,09:00,80,95,175,80,95,175,No Group
Manchester City Council - Chorlton,Chorlton Place,2020,October,43,Sunday,25 Oct 2020,10:00,76,140,216,76,140,216,No Group
Manchester City Council - Chorlton,Chorlton Place,2020,October,43,Sunday,25 Oct 2020,11:00,150,238,388,150,238,388,No Group
Manchester City Council - Chorlton,Chorlton Place,2020,October,43,Sunday,25 Oct 2020,12:00,129,155,284,129,155,284,No Group
Manchester City Council - Chorlton,Chorlton Place,2020,October,43,Sunday,25 Oct 2020,13:00,100,110,210,100,110,210,No Group
Manchester City Council - Chorlton,Chorlton Place,2020,October,43,Sunday,25 Oct 2020,14:00,117,105,222,117,105,222,No Group
Manchester City Council - Chorlton,Chorlton Place,2020,October,43,Sunday,25 Oct 2020,15:00,79,96,175,79,96,175,No Group
Manchester City Council - Chorlton,Chorlton Place,2020,October,43,Sunday,25 Oct 2020,16:00,50,43,93,50,43,93,No Group
Manchester City Council - Chorlton,Chorlton Place,2020,October,43,Sunday,25 Oct 2020,17:00,32,40,72,32,40,72,No Group
Manchester City Council - Chorlton,Chorlton Place,2020,October,43,Sunday,25 Oct 2020,18:00,18,19,37,18,19,37,No Group
Manchester City Council - Chorlton,Chorlton Place,2020,October,43,Sunday,25 Oct 2020,19:00,16,25,41,16,25,41,No Group
Manchester City Council - Chorlton,Chorlton Place,2020,October,43,Sunday,25 Oct 2020,20:00,21,13,34,21,13,34,No Group
Manchester City Council - Chorlton,Chorlton Place,2020,October,43,Sunday,25 Oct 2020,21:00,9,13,22,9,13,22,No Group
Manchester City Council - Chorlton,Chorlton Place,2020,October,43,Sunday,25 Oct 2020,22:00,6,1,7,6,1,7,No Group
Manchester City Council - Chorlton,Chorlton Place,2020,October,43,Sunday,25 Oct 2020,23:00,2,5,7,2,5,7,No Group
Manchester City Council - Chorlton,Chorlton Place,2020,October,44,Monday,26 Oct 2020,00:00,0,0,0,0,0,0,No Group
Manchester City Council - Chorlton,Chorlton Place,2020,October,44,Monday,26 Oct 2020,01:00,3,1,4,3,1,4,No Group
Manchester City Council - Chorlton,Chorlton Place,2020,October,44,Monday,26 Oct 2020,02:00,0,0,0,0,0,0,No Group
Manchester City Council - Chorlton,Chorlton Place,2020,October,44,Monday,26 Oct 2020,03:00,0,0,0,0,0,0,No Group
Manchester City Council - Chorlton,Chorlton Place,2020,October,44,Monday,26 Oct 2020,04:00,4,0,4,4,0,4,No Group
Manchester City Council - Chorlton,Chorlton Place,2020,October,44,Monday,26 Oct 2020,05:00,0,5,5,0,5,5,No Group
Manchester City Council - Chorlton,Chorlton Place,2020,October,44,Monday,26 Oct 2020,06:00,9,14,23,9,14,23,No Group
Manchester City Council - Chorlton,Chorlton Place,2020,October,44,Monday,26 Oct 2020,07:00,19,17,36,19,17,36,No Group
Manchester City Council - Chorlton,Chorlton Place,2020,October,44,Monday,26 Oct 2020,08:00,43,68,111,43,68,111,No Group
Manchester City Council - Chorlton,Chorlton Place,2020,October,44,Monday,26 Oct 2020,09:00,54,79,133,54,79,133,No Group
Manchester City Council - Chorlton,Chorlton Place,2020,October,44,Monday,26 Oct 2020,10:00,85,96,181,85,96,181,No Group
Manchester City Council - Chorlton,Chorlton Place,2020,October,44,Monday,26 Oct 2020,11:00,166,161,327,166,161,327,No Group
Manchester City Council - Chorlton,Chorlton Place,2020,October,44,Monday,26 Oct 2020,12:00,142,171,313,142,171,313,No Group
Manchester City Council - Chorlton,Chorlton Place,2020,October,44,Monday,26 Oct 2020,13:00,160,165,325,160,165,325,No Group
Manchester City Council - Chorlton,Chorlton Place,2020,October,44,Monday,26 Oct 2020,14:00,136,139,275,136,139,275,No Group
Manchester City Council - Chorlton,Chorlton Place,2020,October,44,Monday,26 Oct 2020,15:00,103,129,232,103,129,232,No Group
Manchester City Council - Chorlton,Chorlton Place,2020,October,44,Monday,26 Oct 2020,16:00,105,121,226,105,121,226,No Group
Manchester City Council - Chorlton,Chorlton Place,2020,October,44,Monday,26 Oct 2020,17:00,60,46,106,60,46,106,No Group
Manchester City Council - Chorlton,Chorlton Place,2020,October,44,Monday,26 Oct 2020,18:00,29,31,60,29,31,60,No Group
Manchester City Council - Chorlton,Chorlton Place,2020,October,44,Monday,26 Oct 2020,19:00,26,25,51,26,25,51,No Group
Manchester City Council - Chorlton,Chorlton Place,2020,October,44,Monday,26 Oct 2020,20:00,12,17,29,12,17,29,No Group
Manchester City Council - Chorlton,Chorlton Place,2020,October,44,Monday,26 Oct 2020,21:00,9,6,15,9,6,15,No Group
Manchester City Council - Chorlton,Chorlton Place,2020,October,44,Monday,26 Oct 2020,22:00,5,5,10,5,5,10,No Group
Manchester City Council - Chorlton,Chorlton Place,2020,October,44,Monday,26 Oct 2020,23:00,4,3,7,4,3,7,No Group
Manchester City Council - Chorlton,Chorlton Place,2020,October,44,Tuesday,27 Oct 2020,00:00,3,0,3,3,0,3,No Group
Manchester City Council - Chorlton,Chorlton Place,2020,October,44,Tuesday,27 Oct 2020,01:00,1,0,1,1,0,1,No Group
Manchester City Council - Chorlton,Chorlton Place,2020,October,44,Tuesday,27 Oct 2020,02:00,1,0,1,1,0,1,No Group
Manchester City Council - Chorlton,Chorlton Place,2020,October,44,Tuesday,27 Oct 2020,03:00,2,0,2,2,0,2,No Group
Manchester City Council - Chorlton,Chorlton Place,2020,October,44,Tuesday,27 Oct 2020,04:00,0,0,0,0,0,0,No Group
Manchester City Council - Chorlton,Chorlton Place,2020,October,44,Tuesday,27 Oct 2020,05:00,6,1,7,6,1,7,No Group
Manchester City Council - Chorlton,Chorlton Place,2020,October,44,Tuesday,27 Oct 2020,06:00,4,1,5,4,1,5,No Group
Manchester City Council - Chorlton,Chorlton Place,2020,October,44,Tuesday,27 Oct 2020,07:00,20,31,51,20,31,51,No Group
Manchester City Council - Chorlton,Chorlton Place,2020,October,44,Tuesday,27 Oct 2020,08:00,76,92,168,76,92,168,No Group
Manchester City Council - Chorlton,Chorlton Place,2020,October,44,Tuesday,27 Oct 2020,09:00,72,100,172,72,100,172,No Group
Manchester City Council - Chorlton,Chorlton Place,2020,October,44,Tuesday,27 Oct 2020,10:00,118,136,254,118,136,254,No Group
Manchester City Council - Chorlton,Chorlton Place,2020,October,44,Tuesday,27 Oct 2020,11:00,165,171,336,165,171,336,No Group
Manchester City Council - Chorlton,Chorlton Place,2020,October,44,Tuesday,27 Oct 2020,12:00,139,169,308,139,169,308,No Group
Manchester City Council - Chorlton,Chorlton Place,2020,October,44,Tuesday,27 Oct 2020,13:00,169,187,356,169,187,356,No Group
Manchester City Council - Chorlton,Chorlton Place,2020,October,44,Tuesday,27 Oct 2020,14:00,184,174,358,184,174,358,No Group
Manchester City Council - Chorlton,Chorlton Place,2020,October,44,Tuesday,27 Oct 2020,15:00,135,135,270,135,135,270,No Group
Manchester City Council - Chorlton,Chorlton Place,2020,October,44,Tuesday,27 Oct 2020,16:00,102,85,187,102,85,187,No Group
Manchester City Council - Chorlton,Chorlton Place,2020,October,44,Tuesday,27 Oct 2020,17:00,73,59,132,73,59,132,No Group
Manchester City Council - Chorlton,Chorlton Place,2020,October,44,Tuesday,27 Oct 2020,18:00,43,30,73,43,30,73,No Group
Manchester City Council - Chorlton,Chorlton Place,2020,October,44,Tuesday,27 Oct 2020,19:00,39,39,78,39,39,78,No Group
Manchester City Council - Chorlton,Chorlton Place,2020,October,44,Tuesday,27 Oct 2020,20:00,16,13,29,16,13,29,No Group
Manchester City Council - Chorlton,Chorlton Place,2020,October,44,Tuesday,27 Oct 2020,21:00,10,7,17,10,7,17,No Group
Manchester City Council - Chorlton,Chorlton Place,2020,October,44,Tuesday,27 Oct 2020,22:00,8,5,13,8,5,13,No Group
Manchester City Council - Chorlton,Chorlton Place,2020,October,44,Tuesday,27 Oct 2020,23:00,3,2,5,3,2,5,No Group
Manchester City Council - Chorlton,Chorlton Place,2020,October,44,Wednesday,28 Oct 2020,00:00,1,0,1,1,0,1,No Group
Manchester City Council - Chorlton,Chorlton Place,2020,October,44,Wednesday,28 Oct 2020,01:00,3,5,8,3,5,8,No Group
Manchester City Council - Chorlton,Chorlton Place,2020,October,44,Wednesday,28 Oct 2020,02:00,0,0,0,0,0,0,No Group
Manchester City Council - Chorlton,Chorlton Place,2020,October,44,Wednesday,28 Oct 2020,03:00,0,0,0,0,0,0,No Group
Manchester City Council - Chorlton,Chorlton Place,2020,October,44,Wednesday,28 Oct 2020,04:00,0,1,1,0,1,1,No Group
Manchester City Council - Chorlton,Chorlton Place,2020,October,44,Wednesday,28 Oct 2020,05:00,0,4,4,0,4,4,No Group
Manchester City Council - Chorlton,Chorlton Place,2020,October,44,Wednesday,28 Oct 2020,06:00,4,12,16,4,12,16,No Group
Manchester City Council - Chorlton,Chorlton Place,2020,October,44,Wednesday,28 Oct 2020,07:00,22,41,63,22,41,63,No Group
Manchester City Council - Chorlton,Chorlton Place,2020,October,44,Wednesday,28 Oct 2020,08:00,45,66,111,45,66,111,No Group
Manchester City Council - Chorlton,Chorlton Place,2020,October,44,Wednesday,28 Oct 2020,09:00,94,162,256,94,162,256,No Group
Manchester City Council - Chorlton,Chorlton Place,2020,October,44,Wednesday,28 Oct 2020,10:00,161,374,535,161,374,535,No Group
Manchester City Council - Chorlton,Chorlton Place,2020,October,44,Wednesday,28 Oct 2020,11:00,181,313,494,181,313,494,No Group
Manchester City Council - Chorlton,Chorlton Place,2020,October,44,Wednesday,28 Oct 2020,12:00,142,152,294,142,152,294,No Group
Manchester City Council - Chorlton,Chorlton Place,2020,October,44,Wednesday,28 Oct 2020,13:00,151,169,320,151,169,320,No Group
Manchester City Council - Chorlton,Chorlton Place,2020,October,44,Wednesday,28 Oct 2020,14:00,116,132,248,116,132,248,No Group
Manchester City Council - Chorlton,Chorlton Place,2020,October,44,Wednesday,28 Oct 2020,15:00,118,124,242,118,124,242,No Group
Manchester City Council - Chorlton,Chorlton Place,2020,October,44,Wednesday,28 Oct 2020,16:00,105,98,203,105,98,203,No Group
Manchester City Council - Chorlton,Chorlton Place,2020,October,44,Wednesday,28 Oct 2020,17:00,88,77,165,88,77,165,No Group
Manchester City Council - Chorlton,Chorlton Place,2020,October,44,Wednesday,28 Oct 2020,18:00,51,46,97,51,46,97,No Group
Manchester City Council - Chorlton,Chorlton Place,2020,October,44,Wednesday,28 Oct 2020,19:00,28,39,67,28,39,67,No Group
Manchester City Council - Chorlton,Chorlton Place,2020,October,44,Wednesday,28 Oct 2020,20:00,17,13,30,17,13,30,No Group
Manchester City Council - Chorlton,Chorlton Place,2020,October,44,Wednesday,28 Oct 2020,21:00,12,13,25,12,13,25,No Group
Manchester City Council - Chorlton,Chorlton Place,2020,October,44,Wednesday,28 Oct 2020,22:00,12,9,21,12,9,21,No Group
Manchester City Council - Chorlton,Chorlton Place,2020,October,44,Wednesday,28 Oct 2020,23:00,4,4,8,4,4,8,No Group
Manchester City Council - Chorlton,Chorlton Place,2020,October,44,Thursday,29 Oct 2020,00:00,5,1,6,5,1,6,No Group
Manchester City Council - Chorlton,Chorlton Place,2020,October,44,Thursday,29 Oct 2020,01:00,0,0,0,0,0,0,No Group
Manchester City Council - Chorlton,Chorlton Place,2020,October,44,Thursday,29 Oct 2020,02:00,0,0,0,0,0,0,No Group
Manchester City Council - Chorlton,Chorlton Place,2020,October,44,Thursday,29 Oct 2020,03:00,1,0,1,1,0,1,No Group
Manchester City Council - Chorlton,Chorlton Place,2020,October,44,Thursday,29 Oct 2020,04:00,0,1,1,0,1,1,No Group
Manchester City Council - Chorlton,Chorlton Place,2020,October,44,Thursday,29 Oct 2020,05:00,0,3,3,0,3,3,No Group
Manchester City Council - Chorlton,Chorlton Place,2020,October,44,Thursday,29 Oct 2020,06:00,1,7,8,1,7,8,No Group
Manchester City Council - Chorlton,Chorlton Place,2020,October,44,Thursday,29 Oct 2020,07:00,28,47,75,28,47,75,No Group
Manchester City Council - Chorlton,Chorlton Place,2020,October,44,Thursday,29 Oct 2020,08:00,71,80,151,71,80,151,No Group
Manchester City Council - Chorlton,Chorlton Place,2020,October,44,Thursday,29 Oct 2020,09:00,125,140,265,125,140,265,No Group
Manchester City Council - Chorlton,Chorlton Place,2020,October,44,Thursday,29 Oct 2020,10:00,99,145,244,99,145,244,No Group
Manchester City Council - Chorlton,Chorlton Place,2020,October,44,Thursday,29 Oct 2020,11:00,142,136,278,142,136,278,No Group
Manchester City Council - Chorlton,Chorlton Place,2020,October,44,Thursday,29 Oct 2020,12:00,147,158,305,147,158,305,No Group
Manchester City Council - Chorlton,Chorlton Place,2020,October,44,Thursday,29 Oct 2020,13:00,127,182,309,127,182,309,No Group
Manchester City Council - Chorlton,Chorlton Place,2020,October,44,Thursday,29 Oct 2020,14:00,156,153,309,156,153,309,No Group
Manchester City Council - Chorlton,Chorlton Place,2020,October,44,Thursday,29 Oct 2020,15:00,116,120,236,116,120,236,No Group
Manchester City Council - Chorlton,Chorlton Place,2020,October,44,Thursday,29 Oct 2020,16:00,115,110,225,115,110,225,No Group
Manchester City Council - Chorlton,Chorlton Place,2020,October,44,Thursday,29 Oct 2020,17:00,51,55,106,51,55,106,No Group
Manchester City Council - Chorlton,Chorlton Place,2020,October,44,Thursday,29 Oct 2020,18:00,55,52,107,55,52,107,No Group
Manchester City Council - Chorlton,Chorlton Place,2020,October,44,Thursday,29 Oct 2020,19:00,30,27,57,30,27,57,No Group
Manchester City Council - Chorlton,Chorlton Place,2020,October,44,Thursday,29 Oct 2020,20:00,23,16,39,23,16,39,No Group
Manchester City Council - Chorlton,Chorlton Place,2020,October,44,Thursday,29 Oct 2020,21:00,11,8,19,11,8,19,No Group
Manchester City Council - Chorlton,Chorlton Place,2020,October,44,Thursday,29 Oct 2020,22:00,15,8,23,15,8,23,No Group
Manchester City Council - Chorlton,Chorlton Place,2020,October,44,Thursday,29 Oct 2020,23:00,7,8,15,7,8,15,No Group
Manchester City Council - Chorlton,Chorlton Place,2020,October,44,Friday,30 Oct 2020,00:00,3,2,5,3,2,5,No Group
Manchester City Council - Chorlton,Chorlton Place,2020,October,44,Friday,30 Oct 2020,01:00,0,0,0,0,0,0,No Group
Manchester City Council - Chorlton,Chorlton Place,2020,October,44,Friday,30 Oct 2020,02:00,1,0,1,1,0,1,No Group
Manchester City Council - Chorlton,Chorlton Place,2020,October,44,Friday,30 Oct 2020,03:00,0,0,0,0,0,0,No Group
Manchester City Council - Chorlton,Chorlton Place,2020,October,44,Friday,30 Oct 2020,04:00,0,3,3,0,3,3,No Group
Manchester City Council - Chorlton,Chorlton Place,2020,October,44,Friday,30 Oct 2020,05:00,1,7,8,1,7,8,No Group
Manchester City Council - Chorlton,Chorlton Place,2020,October,44,Friday,30 Oct 2020,06:00,5,10,15,5,10,15,No Group
Manchester City Council - Chorlton,Chorlton Place,2020,October,44,Friday,30 Oct 2020,07:00,19,34,53,19,34,53,No Group
Manchester City Council - Chorlton,Chorlton Place,2020,October,44,Friday,30 Oct 2020,08:00,45,70,115,45,70,115,No Group
Manchester City Council - Chorlton,Chorlton Place,2020,October,44,Friday,30 Oct 2020,09:00,70,103,173,70,103,173,No Group
Manchester City Council - Chorlton,Chorlton Place,2020,October,44,Friday,30 Oct 2020,10:00,183,162,345,183,162,345,No Group
Manchester City Council - Chorlton,Chorlton Place,2020,October,44,Friday,30 Oct 2020,11:00,167,204,371,167,204,371,No Group
Manchester City Council - Chorlton,Chorlton Place,2020,October,44,Friday,30 Oct 2020,12:00,214,227,441,214,227,441,No Group
Manchester City Council - Chorlton,Chorlton Place,2020,October,44,Friday,30 Oct 2020,13:00,174,194,368,174,194,368,No Group
Manchester City Council - Chorlton,Chorlton Place,2020,October,44,Friday,30 Oct 2020,14:00,178,200,378,178,200,378,No Group
Manchester City Council - Chorlton,Chorlton Place,2020,October,44,Friday,30 Oct 2020,15:00,170,176,346,170,176,346,No Group
Manchester City Council - Chorlton,Chorlton Place,2020,October,44,Friday,30 Oct 2020,16:00,126,128,254,126,128,254,No Group
Manchester City Council - Chorlton,Chorlton Place,2020,October,44,Friday,30 Oct 2020,17:00,74,86,160,74,86,160,No Group
Manchester City Council - Chorlton,Chorlton Place,2020,October,44,Friday,30 Oct 2020,18:00,42,64,106,42,64,106,No Group
Manchester City Council - Chorlton,Chorlton Place,2020,October,44,Friday,30 Oct 2020,19:00,44,41,85,44,41,85,No Group
Manchester City Council - Chorlton,Chorlton Place,2020,October,44,Friday,30 Oct 2020,20:00,32,35,67,32,35,67,No Group
Manchester City Council - Chorlton,Chorlton Place,2020,October,44,Friday,30 Oct 2020,21:00,19,17,36,19,17,36,No Group
Manchester City Council - Chorlton,Chorlton Place,2020,October,44,Friday,30 Oct 2020,22:00,18,8,26,18,8,26,No Group
Manchester City Council - Chorlton,Chorlton Place,2020,October,44,Friday,30 Oct 2020,23:00,6,4,10,6,4,10,No Group
Manchester City Council - Chorlton,Chorlton Place,2020,October,44,Saturday,31 Oct 2020,00:00,5,4,9,5,4,9,No Group
Manchester City Council - Chorlton,Chorlton Place,2020,October,44,Saturday,31 Oct 2020,01:00,1,1,2,1,1,2,No Group
Manchester City Council - Chorlton,Chorlton Place,2020,October,44,Saturday,31 Oct 2020,02:00,0,2,2,0,2,2,No Group
Manchester City Council - Chorlton,Chorlton Place,2020,October,44,Saturday,31 Oct 2020,03:00,2,1,3,2,1,3,No Group
Manchester City Council - Chorlton,Chorlton Place,2020,October,44,Saturday,31 Oct 2020,04:00,4,8,12,4,8,12,No Group
Manchester City Council - Chorlton,Chorlton Place,2020,October,44,Saturday,31 Oct 2020,05:00,1,5,6,1,5,6,No Group
Manchester City Council - Chorlton,Chorlton Place,2020,October,44,Saturday,31 Oct 2020,06:00,4,6,10,4,6,10,No Group
Manchester City Council - Chorlton,Chorlton Place,2020,October,44,Saturday,31 Oct 2020,07:00,13,19,32,13,19,32,No Group
Manchester City Council - Chorlton,Chorlton Place,2020,October,44,Saturday,31 Oct 2020,08:00,45,37,82,45,37,82,No Group
Manchester City Council - Chorlton,Chorlton Place,2020,October,44,Saturday,31 Oct 2020,09:00,82,122,204,82,122,204,No Group
Manchester City Council - Chorlton,Chorlton Place,2020,October,44,Saturday,31 Oct 2020,10:00,179,214,393,179,214,393,No Group
Manchester City Council - Chorlton,Chorlton Place,2020,October,44,Saturday,31 Oct 2020,11:00,216,220,436,216,220,436,No Group
Manchester City Council - Chorlton,Chorlton Place,2020,October,44,Saturday,31 Oct 2020,12:00,215,222,437,215,222,437,No Group
Manchester City Council - Chorlton,Chorlton Place,2020,October,44,Saturday,31 Oct 2020,13:00,203,220,423,203,220,423,No Group
Manchester City Council - Chorlton,Chorlton Place,2020,October,44,Saturday,31 Oct 2020,14:00,237,261,498,237,261,498,No Group
Manchester City Council - Chorlton,Chorlton Place,2020,October,44,Saturday,31 Oct 2020,15:00,224,236,460,224,236,460,No Group
Manchester City Council - Chorlton,Chorlton Place,2020,October,44,Saturday,31 Oct 2020,16:00,152,158,310,152,158,310,No Group
Manchester City Council - Chorlton,Chorlton Place,2020,October,44,Saturday,31 Oct 2020,17:00,76,67,143,76,67,143,No Group
Manchester City Council - Chorlton,Chorlton Place,2020,October,44,Saturday,31 Oct 2020,18:00,43,47,90,43,47,90,No Group
Manchester City Council - Chorlton,Chorlton Place,2020,October,44,Saturday,31 Oct 2020,19:00,51,29,80,51,29,80,No Group
Manchester City Council - Chorlton,Chorlton Place,2020,October,44,Saturday,31 Oct 2020,20:00,34,21,55,34,21,55,No Group
Manchester City Council - Chorlton,Chorlton Place,2020,October,44,Saturday,31 Oct 2020,21:00,19,15,34,19,15,34,No Group
Manchester City Council - Chorlton,Chorlton Place,2020,October,44,Saturday,31 Oct 2020,22:00,22,16,38,22,16,38,No Group
Manchester City Council - Chorlton,Chorlton Place,2020,October,44,Saturday,31 Oct 2020,23:00,11,1,12,11,1,12,No Group
Manchester City Council - Chorlton,Chorlton Place,2020,October,44,Sunday,01 Nov 2020,00:00,5,11,16,5,11,16,No Group
Manchester City Council - Chorlton,Chorlton Place,2020,October,44,Sunday,01 Nov 2020,01:00,1,1,2,1,1,2,No Group
Manchester City Council - Chorlton,Chorlton Place,2020,October,44,Sunday,01 Nov 2020,02:00,1,1,2,1,1,2,No Group
Manchester City Council - Chorlton,Chorlton Place,2020,October,44,Sunday,01 Nov 2020,03:00,1,0,1,1,0,1,No Group
Manchester City Council - Chorlton,Chorlton Place,2020,October,44,Sunday,01 Nov 2020,04:00,1,0,1,1,0,1,No Group
Manchester City Council - Chorlton,Chorlton Place,2020,October,44,Sunday,01 Nov 2020,05:00,3,1,4,3,1,4,No Group
Manchester City Council - Chorlton,Chorlton Place,2020,October,44,Sunday,01 Nov 2020,06:00,2,2,4,2,2,4,No Group
Manchester City Council - Chorlton,Chorlton Place,2020,October,44,Sunday,01 Nov 2020,07:00,3,8,11,3,8,11,No Group
Manchester City Council - Chorlton,Chorlton Place,2020,October,44,Sunday,01 Nov 2020,08:00,15,8,23,15,8,23,No Group
Manchester City Council - Chorlton,Chorlton Place,2020,October,44,Sunday,01 Nov 2020,09:00,33,43,76,33,43,76,No Group
Manchester City Council - Chorlton,Chorlton Place,2020,October,44,Sunday,01 Nov 2020,10:00,57,74,131,57,74,131,No Group
Manchester City Council - Chorlton,Chorlton Place,2020,October,44,Sunday,01 Nov 2020,11:00,85,79,164,85,79,164,No Group
Manchester City Council - Chorlton,Chorlton Place,2020,October,44,Sunday,01 Nov 2020,12:00,96,108,204,96,108,204,No Group
Manchester City Council - Chorlton,Chorlton Place,2020,October,44,Sunday,01 Nov 2020,13:00,106,101,207,106,101,207,No Group
Manchester City Council - Chorlton,Chorlton Place,2020,October,44,Sunday,01 Nov 2020,14:00,105,99,204,105,99,204,No Group
Manchester City Council - Chorlton,Chorlton Place,2020,October,44,Sunday,01 Nov 2020,15:00,85,85,170,85,85,170,No Group
Manchester City Council - Chorlton,Chorlton Place,2020,October,44,Sunday,01 Nov 2020,16:00,58,68,126,58,68,126,No Group
Manchester City Council - Chorlton,Chorlton Place,2020,October,44,Sunday,01 Nov 2020,17:00,31,23,54,31,23,54,No Group
Manchester City Council - Chorlton,Chorlton Place,2020,October,44,Sunday,01 Nov 2020,18:00,33,51,84,33,51,84,No Group
Manchester City Council - Chorlton,Chorlton Place,2020,October,44,Sunday,01 Nov 2020,19:00,26,49,75,26,49,75,No Group
Manchester City Council - Chorlton,Chorlton Place,2020,October,44,Sunday,01 Nov 2020,20:00,5,39,44,5,39,44,No Group
Manchester City Council - Chorlton,Chorlton Place,2020,October,44,Sunday,01 Nov 2020,21:00,12,8,20,12,8,20,No Group
Manchester City Council - Chorlton,Chorlton Place,2020,October,44,Sunday,01 Nov 2020,22:00,9,4,13,9,4,13,No Group
Manchester City Council - Chorlton,Chorlton Place,2020,October,44,Sunday,01 Nov 2020,23:00,2,6,8,2,6,8,No Group
Manchester City Council - Chorlton,Chorlton Place,2020,November,45,Monday,02 Nov 2020,00:00,1,2,3,1,2,3,No Group
Manchester City Council - Chorlton,Chorlton Place,2020,November,45,Monday,02 Nov 2020,01:00,1,0,1,1,0,1,No Group
Manchester City Council - Chorlton,Chorlton Place,2020,November,45,Monday,02 Nov 2020,02:00,0,0,0,0,0,0,No Group
Manchester City Council - Chorlton,Chorlton Place,2020,November,45,Monday,02 Nov 2020,03:00,3,2,5,3,2,5,No Group
Manchester City Council - Chorlton,Chorlton Place,2020,November,45,Monday,02 Nov 2020,04:00,1,6,7,1,6,7,No Group
Manchester City Council - Chorlton,Chorlton Place,2020,November,45,Monday,02 Nov 2020,05:00,4,4,8,4,4,8,No Group
Manchester City Council - Chorlton,Chorlton Place,2020,November,45,Monday,02 Nov 2020,06:00,7,12,19,7,12,19,No Group
Manchester City Council - Chorlton,Chorlton Place,2020,November,45,Monday,02 Nov 2020,07:00,13,33,46,13,33,46,No Group
Manchester City Council - Chorlton,Chorlton Place,2020,November,45,Monday,02 Nov 2020,08:00,43,74,117,43,74,117,No Group
Manchester City Council - Chorlton,Chorlton Place,2020,November,45,Monday,02 Nov 2020,09:00,68,75,143,68,75,143,No Group
Manchester City Council - Chorlton,Chorlton Place,2020,November,45,Monday,02 Nov 2020,10:00,89,102,191,89,102,191,No Group
Manchester City Council - Chorlton,Chorlton Place,2020,November,45,Monday,02 Nov 2020,11:00,124,133,257,124,133,257,No Group
Manchester City Council - Chorlton,Chorlton Place,2020,November,45,Monday,02 Nov 2020,12:00,117,129,246,117,129,246,No Group
Manchester City Council - Chorlton,Chorlton Place,2020,November,45,Monday,02 Nov 2020,13:00,146,137,283,146,137,283,No Group
Manchester City Council - Chorlton,Chorlton Place,2020,November,45,Monday,02 Nov 2020,14:00,130,158,288,130,158,288,No Group
Manchester City Council - Chorlton,Chorlton Place,2020,November,45,Monday,02 Nov 2020,15:00,122,130,252,122,130,252,No Group
Manchester City Council - Chorlton,Chorlton Place,2020,November,45,Monday,02 Nov 2020,16:00,111,121,232,111,121,232,No Group
Manchester City Council - Chorlton,Chorlton Place,2020,November,45,Monday,02 Nov 2020,17:00,82,74,156,82,74,156,No Group
Manchester City Council - Chorlton,Chorlton Place,2020,November,45,Monday,02 Nov 2020,18:00,51,67,118,51,67,118,No Group
Manchester City Council - Chorlton,Chorlton Place,2020,November,45,Monday,02 Nov 2020,19:00,39,73,112,39,73,112,No Group
Manchester City Council - Chorlton,Chorlton Place,2020,November,45,Monday,02 Nov 2020,20:00,17,17,34,17,17,34,No Group
Manchester City Council - Chorlton,Chorlton Place,2020,November,45,Monday,02 Nov 2020,21:00,11,7,18,11,7,18,No Group
Manchester City Council - Chorlton,Chorlton Place,2020,November,45,Monday,02 Nov 2020,22:00,8,12,20,8,12,20,No Group
Manchester City Council - Chorlton,Chorlton Place,2020,November,45,Monday,02 Nov 2020,23:00,1,0,1,1,0,1,No Group
Manchester City Council - Chorlton,Chorlton Place,2020,November,45,Tuesday,03 Nov 2020,00:00,4,0,4,4,0,4,No Group
Manchester City Council - Chorlton,Chorlton Place,2020,November,45,Tuesday,03 Nov 2020,01:00,1,1,2,1,1,2,No Group
Manchester City Council - Chorlton,Chorlton Place,2020,November,45,Tuesday,03 Nov 2020,02:00,0,0,0,0,0,0,No Group
Manchester City Council - Chorlton,Chorlton Place,2020,November,45,Tuesday,03 Nov 2020,03:00,0,1,1,0,1,1,No Group
Manchester City Council - Chorlton,Chorlton Place,2020,November,45,Tuesday,03 Nov 2020,04:00,0,1,1,0,1,1,No Group
Manchester City Council - Chorlton,Chorlton Place,2020,November,45,Tuesday,03 Nov 2020,05:00,1,3,4,1,3,4,No Group
Manchester City Council - Chorlton,Chorlton Place,2020,November,45,Tuesday,03 Nov 2020,06:00,6,16,22,6,16,22,No Group
Manchester City Council - Chorlton,Chorlton Place,2020,November,45,Tuesday,03 Nov 2020,07:00,13,34,47,13,34,47,No Group
Manchester City Council - Chorlton,Chorlton Place,2020,November,45,Tuesday,03 Nov 2020,08:00,48,86,134,48,86,134,No Group
Manchester City Council - Chorlton,Chorlton Place,2020,November,45,Tuesday,03 Nov 2020,09:00,70,91,161,70,91,161,No Group
Manchester City Council - Chorlton,Chorlton Place,2020,November,45,Tuesday,03 Nov 2020,10:00,117,139,256,117,139,256,No Group
Manchester City Council - Chorlton,Chorlton Place,2020,November,45,Tuesday,03 Nov 2020,11:00,198,204,402,198,204,402,No Group
Manchester City Council - Chorlton,Chorlton Place,2020,November,45,Tuesday,03 Nov 2020,12:00,161,207,368,161,207,368,No Group
Manchester City Council - Chorlton,Chorlton Place,2020,November,45,Tuesday,03 Nov 2020,13:00,131,191,322,131,191,322,No Group
Manchester City Council - Chorlton,Chorlton Place,2020,November,45,Tuesday,03 Nov 2020,14:00,172,160,332,172,160,332,No Group
Manchester City Council - Chorlton,Chorlton Place,2020,November,45,Tuesday,03 Nov 2020,15:00,135,144,279,135,144,279,No Group
Manchester City Council - Chorlton,Chorlton Place,2020,November,45,Tuesday,03 Nov 2020,16:00,75,91,166,75,91,166,No Group
Manchester City Council - Chorlton,Chorlton Place,2020,November,45,Tuesday,03 Nov 2020,17:00,51,62,113,51,62,113,No Group
Manchester City Council - Chorlton,Chorlton Place,2020,November,45,Tuesday,03 Nov 2020,18:00,51,47,98,51,47,98,No Group
Manchester City Council - Chorlton,Chorlton Place,2020,November,45,Tuesday,03 Nov 2020,19:00,49,34,83,49,34,83,No Group
Manchester City Council - Chorlton,Chorlton Place,2020,November,45,Tuesday,03 Nov 2020,20:00,22,21,43,22,21,43,No Group
Manchester City Council - Chorlton,Chorlton Place,2020,November,45,Tuesday,03 Nov 2020,21:00,12,25,37,12,25,37,No Group
Manchester City Council - Chorlton,Chorlton Place,2020,November,45,Tuesday,03 Nov 2020,22:00,10,2,12,10,2,12,No Group
Manchester City Council - Chorlton,Chorlton Place,2020,November,45,Tuesday,03 Nov 2020,23:00,5,3,8,5,3,8,No Group
Manchester City Council - Chorlton,Chorlton Place,2020,November,45,Wednesday,04 Nov 2020,00:00,0,1,1,0,1,1,No Group
Manchester City Council - Chorlton,Chorlton Place,2020,November,45,Wednesday,04 Nov 2020,01:00,1,0,1,1,0,1,No Group
Manchester City Council - Chorlton,Chorlton Place,2020,November,45,Wednesday,04 Nov 2020,02:00,0,0,0,0,0,0,No Group
Manchester City Council - Chorlton,Chorlton Place,2020,November,45,Wednesday,04 Nov 2020,03:00,1,0,1,1,0,1,No Group
Manchester City Council - Chorlton,Chorlton Place,2020,November,45,Wednesday,04 Nov 2020,04:00,1,0,1,1,0,1,No Group
Manchester City Council - Chorlton,Chorlton Place,2020,November,45,Wednesday,04 Nov 2020,05:00,0,5,5,0,5,5,No Group
Manchester City Council - Chorlton,Chorlton Place,2020,November,45,Wednesday,04 Nov 2020,06:00,5,13,18,5,13,18,No Group
Manchester City Council - Chorlton,Chorlton Place,2020,November,45,Wednesday,04 Nov 2020,07:00,23,32,55,23,32,55,No Group
Manchester City Council - Chorlton,Chorlton Place,2020,November,45,Wednesday,04 Nov 2020,08:00,19,68,87,19,68,87,No Group
Manchester City Council - Chorlton,Chorlton Place,2020,November,45,Wednesday,04 Nov 2020,09:00,84,127,211,84,127,211,No Group
Manchester City Council - Chorlton,Chorlton Place,2020,November,45,Wednesday,04 Nov 2020,10:00,140,127,267,140,127,267,No Group
Manchester City Council - Chorlton,Chorlton Place,2020,November,45,Wednesday,04 Nov 2020,11:00,161,236,397,161,236,397,No Group
Manchester City Council - Chorlton,Chorlton Place,2020,November,45,Wednesday,04 Nov 2020,12:00,137,154,291,137,154,291,No Group
Manchester City Council - Chorlton,Chorlton Place,2020,November,45,Wednesday,04 Nov 2020,13:00,202,201,403,202,201,403,No Group
Manchester City Council - Chorlton,Chorlton Place,2020,November,45,Wednesday,04 Nov 2020,14:00,172,165,337,172,165,337,No Group
Manchester City Council - Chorlton,Chorlton Place,2020,November,45,Wednesday,04 Nov 2020,15:00,155,183,338,155,183,338,No Group
Manchester City Council - Chorlton,Chorlton Place,2020,November,45,Wednesday,04 Nov 2020,16:00,111,119,230,111,119,230,No Group
Manchester City Council - Chorlton,Chorlton Place,2020,November,45,Wednesday,04 Nov 2020,17:00,72,75,147,72,75,147,No Group
Manchester City Council - Chorlton,Chorlton Place,2020,November,45,Wednesday,04 Nov 2020,18:00,65,50,115,65,50,115,No Group
Manchester City Council - Chorlton,Chorlton Place,2020,November,45,Wednesday,04 Nov 2020,19:00,64,45,109,64,45,109,No Group
Manchester City Council - Chorlton,Chorlton Place,2020,November,45,Wednesday,04 Nov 2020,20:00,35,34,69,35,34,69,No Group
Manchester City Council - Chorlton,Chorlton Place,2020,November,45,Wednesday,04 Nov 2020,21:00,32,23,55,32,23,55,No Group
Manchester City Council - Chorlton,Chorlton Place,2020,November,45,Wednesday,04 Nov 2020,22:00,17,5,22,17,5,22,No Group
Manchester City Council - Chorlton,Chorlton Place,2020,November,45,Wednesday,04 Nov 2020,23:00,4,2,6,4,2,6,No Group
Manchester City Council - Chorlton,Chorlton Place,2020,November,45,Thursday,05 Nov 2020,00:00,7,6,13,7,6,13,No Group
Manchester City Council - Chorlton,Chorlton Place,2020,November,45,Thursday,05 Nov 2020,01:00,1,1,2,1,1,2,No Group
Manchester City Council - Chorlton,Chorlton Place,2020,November,45,Thursday,05 Nov 2020,02:00,1,0,1,1,0,1,No Group
Manchester City Council - Chorlton,Chorlton Place,2020,November,45,Thursday,05 Nov 2020,03:00,0,0,0,0,0,0,No Group
Manchester City Council - Chorlton,Chorlton Place,2020,November,45,Thursday,05 Nov 2020,04:00,1,0,1,1,0,1,No Group
Manchester City Council - Chorlton,Chorlton Place,2020,November,45,Thursday,05 Nov 2020,05:00,1,2,3,1,2,3,No Group
Manchester City Council - Chorlton,Chorlton Place,2020,November,45,Thursday,05 Nov 2020,06:00,9,21,30,9,21,30,No Group
Manchester City Council - Chorlton,Chorlton Place,2020,November,45,Thursday,05 Nov 2020,07:00,12,29,41,12,29,41,No Group
Manchester City Council - Chorlton,Chorlton Place,2020,November,45,Thursday,05 Nov 2020,08:00,52,77,129,52,77,129,No Group
Manchester City Council - Chorlton,Chorlton Place,2020,November,45,Thursday,05 Nov 2020,09:00,87,174,261,87,174,261,No Group
Manchester City Council - Chorlton,Chorlton Place,2020,November,45,Thursday,05 Nov 2020,10:00,82,92,174,82,92,174,No Group
Manchester City Council - Chorlton,Chorlton Place,2020,November,45,Thursday,05 Nov 2020,11:00,86,98,184,86,98,184,No Group
Manchester City Council - Chorlton,Chorlton Place,2020,November,45,Thursday,05 Nov 2020,12:00,108,108,216,108,108,216,No Group
Manchester City Council - Chorlton,Chorlton Place,2020,November,45,Thursday,05 Nov 2020,13:00,93,108,201,93,108,201,No Group
Manchester City Council - Chorlton,Chorlton Place,2020,November,45,Thursday,05 Nov 2020,14:00,106,91,197,106,91,197,No Group
Manchester City Council - Chorlton,Chorlton Place,2020,November,45,Thursday,05 Nov 2020,15:00,64,86,150,64,86,150,No Group
Manchester City Council - Chorlton,Chorlton Place,2020,November,45,Thursday,05 Nov 2020,16:00,87,82,169,87,82,169,No Group
Manchester City Council - Chorlton,Chorlton Place,2020,November,45,Thursday,05 Nov 2020,17:00,76,68,144,76,68,144,No Group
Manchester City Council - Chorlton,Chorlton Place,2020,November,45,Thursday,05 Nov 2020,18:00,37,33,70,37,33,70,No Group
Manchester City Council - Chorlton,Chorlton Place,2020,November,45,Thursday,05 Nov 2020,19:00,32,23,55,32,23,55,No Group
Manchester City Council - Chorlton,Chorlton Place,2020,November,45,Thursday,05 Nov 2020,20:00,11,19,30,11,19,30,No Group
Manchester City Council - Chorlton,Chorlton Place,2020,November,45,Thursday,05 Nov 2020,21:00,7,11,18,7,11,18,No Group
Manchester City Council - Chorlton,Chorlton Place,2020,November,45,Thursday,05 Nov 2020,22:00,8,2,10,8,2,10,No Group
Manchester City Council - Chorlton,Chorlton Place,2020,November,45,Thursday,05 Nov 2020,23:00,2,2,4,2,2,4,No Group
Manchester City Council - Chorlton,Chorlton Place,2020,November,45,Friday,06 Nov 2020,00:00,1,1,2,1,1,2,No Group
Manchester City Council - Chorlton,Chorlton Place,2020,November,45,Friday,06 Nov 2020,01:00,0,0,0,0,0,0,No Group
Manchester City Council - Chorlton,Chorlton Place,2020,November,45,Friday,06 Nov 2020,02:00,0,0,0,0,0,0,No Group
Manchester City Council - Chorlton,Chorlton Place,2020,November,45,Friday,06 Nov 2020,03:00,0,1,1,0,1,1,No Group
Manchester City Council - Chorlton,Chorlton Place,2020,November,45,Friday,06 Nov 2020,04:00,0,0,0,0,0,0,No Group
Manchester City Council - Chorlton,Chorlton Place,2020,November,45,Friday,06 Nov 2020,05:00,0,7,7,0,7,7,No Group
Manchester City Council - Chorlton,Chorlton Place,2020,November,45,Friday,06 Nov 2020,06:00,5,8,13,5,8,13,No Group
Manchester City Council - Chorlton,Chorlton Place,2020,November,45,Friday,06 Nov 2020,07:00,12,26,38,12,26,38,No Group
Manchester City Council - Chorlton,Chorlton Place,2020,November,45,Friday,06 Nov 2020,08:00,32,71,103,32,71,103,No Group
Manchester City Council - Chorlton,Chorlton Place,2020,November,45,Friday,06 Nov 2020,09:00,86,112,198,86,112,198,No Group
Manchester City Council - Chorlton,Chorlton Place,2020,November,45,Friday,06 Nov 2020,10:00,137,143,280,137,143,280,No Group
Manchester City Council - Chorlton,Chorlton Place,2020,November,45,Friday,06 Nov 2020,11:00,151,177,328,151,177,328,No Group
Manchester City Council - Chorlton,Chorlton Place,2020,November,45,Friday,06 Nov 2020,12:00,136,133,269,136,133,269,No Group
Manchester City Council - Chorlton,Chorlton Place,2020,November,45,Friday,06 Nov 2020,13:00,126,129,255,126,129,255,No Group
Manchester City Council - Chorlton,Chorlton Place,2020,November,45,Friday,06 Nov 2020,14:00,135,139,274,135,139,274,No Group
Manchester City Council - Chorlton,Chorlton Place,2020,November,45,Friday,06 Nov 2020,15:00,127,113,240,127,113,240,No Group
Manchester City Council - Chorlton,Chorlton Place,2020,November,45,Friday,06 Nov 2020,16:00,74,81,155,74,81,155,No Group
Manchester City Council - Chorlton,Chorlton Place,2020,November,45,Friday,06 Nov 2020,17:00,53,75,128,53,75,128,No Group
Manchester City Council - Chorlton,Chorlton Place,2020,November,45,Friday,06 Nov 2020,18:00,76,55,131,76,55,131,No Group
Manchester City Council - Chorlton,Chorlton Place,2020,November,45,Friday,06 Nov 2020,19:00,29,29,58,29,29,58,No Group
Manchester City Council - Chorlton,Chorlton Place,2020,November,45,Friday,06 Nov 2020,20:00,19,19,38,19,19,38,No Group
Manchester City Council - Chorlton,Chorlton Place,2020,November,45,Friday,06 Nov 2020,21:00,10,13,23,10,13,23,No Group
Manchester City Council - Chorlton,Chorlton Place,2020,November,45,Friday,06 Nov 2020,22:00,7,3,10,7,3,10,No Group
Manchester City Council - Chorlton,Chorlton Place,2020,November,45,Friday,06 Nov 2020,23:00,9,12,21,9,12,21,No Group
Manchester City Council - Chorlton,Chorlton Place,2020,November,45,Saturday,07 Nov 2020,00:00,2,6,8,2,6,8,No Group
Manchester City Council - Chorlton,Chorlton Place,2020,November,45,Saturday,07 Nov 2020,01:00,1,0,1,1,0,1,No Group
Manchester City Council - Chorlton,Chorlton Place,2020,November,45,Saturday,07 Nov 2020,02:00,0,1,1,0,1,1,No Group
Manchester City Council - Chorlton,Chorlton Place,2020,November,45,Saturday,07 Nov 2020,03:00,1,2,3,1,2,3,No Group
Manchester City Council - Chorlton,Chorlton Place,2020,November,45,Saturday,07 Nov 2020,04:00,1,1,2,1,1,2,No Group
Manchester City Council - Chorlton,Chorlton Place,2020,November,45,Saturday,07 Nov 2020,05:00,1,7,8,1,7,8,No Group
Manchester City Council - Chorlton,Chorlton Place,2020,November,45,Saturday,07 Nov 2020,06:00,3,2,5,3,2,5,No Group
Manchester City Council - Chorlton,Chorlton Place,2020,November,45,Saturday,07 Nov 2020,07:00,9,13,22,9,13,22,No Group
Manchester City Council - Chorlton,Chorlton Place,2020,November,45,Saturday,07 Nov 2020,08:00,32,35,67,32,35,67,No Group
Manchester City Council - Chorlton,Chorlton Place,2020,November,45,Saturday,07 Nov 2020,09:00,134,107,241,134,107,241,No Group
Manchester City Council - Chorlton,Chorlton Place,2020,November,45,Saturday,07 Nov 2020,10:00,168,196,364,168,196,364,No Group
Manchester City Council - Chorlton,Chorlton Place,2020,November,45,Saturday,07 Nov 2020,11:00,206,220,426,206,220,426,No Group
Manchester City Council - Chorlton,Chorlton Place,2020,November,45,Saturday,07 Nov 2020,12:00,134,139,273,134,139,273,No Group
Manchester City Council - Chorlton,Chorlton Place,2020,November,45,Saturday,07 Nov 2020,13:00,171,186,357,171,186,357,No Group
Manchester City Council - Chorlton,Chorlton Place,2020,November,45,Saturday,07 Nov 2020,14:00,124,145,269,124,145,269,No Group
Manchester City Council - Chorlton,Chorlton Place,2020,November,45,Saturday,07 Nov 2020,15:00,151,151,302,151,151,302,No Group
Manchester City Council - Chorlton,Chorlton Place,2020,November,45,Saturday,07 Nov 2020,16:00,121,134,255,121,134,255,No Group
Manchester City Council - Chorlton,Chorlton Place,2020,November,45,Saturday,07 Nov 2020,17:00,59,84,143,59,84,143,No Group
Manchester City Council - Chorlton,Chorlton Place,2020,November,45,Saturday,07 Nov 2020,18:00,43,20,63,43,20,63,No Group
Manchester City Council - Chorlton,Chorlton Place,2020,November,45,Saturday,07 Nov 2020,19:00,29,17,46,29,17,46,No Group
Manchester City Council - Chorlton,Chorlton Place,2020,November,45,Saturday,07 Nov 2020,20:00,20,15,35,20,15,35,No Group
Manchester City Council - Chorlton,Chorlton Place,2020,November,45,Saturday,07 Nov 2020,21:00,12,15,27,12,15,27,No Group
Manchester City Council - Chorlton,Chorlton Place,2020,November,45,Saturday,07 Nov 2020,22:00,8,3,11,8,3,11,No Group
Manchester City Council - Chorlton,Chorlton Place,2020,November,45,Saturday,07 Nov 2020,23:00,8,5,13,8,5,13,No Group
Manchester City Council - Chorlton,Chorlton Place,2020,November,45,Sunday,08 Nov 2020,00:00,0,2,2,0,2,2,No Group
Manchester City Council - Chorlton,Chorlton Place,2020,November,45,Sunday,08 Nov 2020,01:00,1,0,1,1,0,1,No Group
Manchester City Council - Chorlton,Chorlton Place,2020,November,45,Sunday,08 Nov 2020,02:00,0,1,1,0,1,1,No Group
Manchester City Council - Chorlton,Chorlton Place,2020,November,45,Sunday,08 Nov 2020,03:00,1,2,3,1,2,3,No Group
Manchester City Council - Chorlton,Chorlton Place,2020,November,45,Sunday,08 Nov 2020,04:00,0,0,0,0,0,0,No Group
Manchester City Council - Chorlton,Chorlton Place,2020,November,45,Sunday,08 Nov 2020,05:00,0,1,1,0,1,1,No Group
Manchester City Council - Chorlton,Chorlton Place,2020,November,45,Sunday,08 Nov 2020,06:00,2,4,6,2,4,6,No Group
Manchester City Council - Chorlton,Chorlton Place,2020,November,45,Sunday,08 Nov 2020,07:00,10,10,20,10,10,20,No Group
Manchester City Council - Chorlton,Chorlton Place,2020,November,45,Sunday,08 Nov 2020,08:00,15,21,36,15,21,36,No Group
Manchester City Council - Chorlton,Chorlton Place,2020,November,45,Sunday,08 Nov 2020,09:00,16,23,39,16,23,39,No Group
Manchester City Council - Chorlton,Chorlton Place,2020,November,45,Sunday,08 Nov 2020,10:00,25,40,65,25,40,65,No Group
Manchester City Council - Chorlton,Chorlton Place,2020,November,45,Sunday,08 Nov 2020,11:00,77,85,162,77,85,162,No Group
Manchester City Council - Chorlton,Chorlton Place,2020,November,45,Sunday,08 Nov 2020,12:00,62,78,140,62,78,140,No Group
Manchester City Council - Chorlton,Chorlton Place,2020,November,45,Sunday,08 Nov 2020,13:00,83,86,169,83,86,169,No Group
Manchester City Council - Chorlton,Chorlton Place,2020,November,45,Sunday,08 Nov 2020,14:00,87,76,163,87,76,163,No Group
Manchester City Council - Chorlton,Chorlton Place,2020,November,45,Sunday,08 Nov 2020,15:00,78,85,163,78,85,163,No Group
Manchester City Council - Chorlton,Chorlton Place,2020,November,45,Sunday,08 Nov 2020,16:00,33,48,81,33,48,81,No Group
Manchester City Council - Chorlton,Chorlton Place,2020,November,45,Sunday,08 Nov 2020,17:00,14,31,45,14,31,45,No Group
Manchester City Council - Chorlton,Chorlton Place,2020,November,45,Sunday,08 Nov 2020,18:00,12,12,24,12,12,24,No Group
Manchester City Council - Chorlton,Chorlton Place,2020,November,45,Sunday,08 Nov 2020,19:00,18,19,37,18,19,37,No Group
Manchester City Council - Chorlton,Chorlton Place,2020,November,45,Sunday,08 Nov 2020,20:00,8,5,13,8,5,13,No Group
Manchester City Council - Chorlton,Chorlton Place,2020,November,45,Sunday,08 Nov 2020,21:00,9,7,16,9,7,16,No Group
Manchester City Council - Chorlton,Chorlton Place,2020,November,45,Sunday,08 Nov 2020,22:00,3,3,6,3,3,6,No Group
Manchester City Council - Chorlton,Chorlton Place,2020,November,45,Sunday,08 Nov 2020,23:00,3,3,6,3,3,6,No Group
Manchester City Council - Chorlton,Chorlton Place,2020,November,46,Monday,09 Nov 2020,00:00,2,1,3,2,1,3,No Group
Manchester City Council - Chorlton,Chorlton Place,2020,November,46,Monday,09 Nov 2020,01:00,1,1,2,1,1,2,No Group
Manchester City Council - Chorlton,Chorlton Place,2020,November,46,Monday,09 Nov 2020,02:00,0,0,0,0,0,0,No Group
Manchester City Council - Chorlton,Chorlton Place,2020,November,46,Monday,09 Nov 2020,03:00,0,0,0,0,0,0,No Group
Manchester City Council - Chorlton,Chorlton Place,2020,November,46,Monday,09 Nov 2020,04:00,3,2,5,3,2,5,No Group
Manchester City Council - Chorlton,Chorlton Place,2020,November,46,Monday,09 Nov 2020,05:00,5,4,9,5,4,9,No Group
Manchester City Council - Chorlton,Chorlton Place,2020,November,46,Monday,09 Nov 2020,06:00,7,14,21,7,14,21,No Group
Manchester City Council - Chorlton,Chorlton Place,2020,November,46,Monday,09 Nov 2020,07:00,41,54,95,41,54,95,No Group
Manchester City Council - Chorlton,Chorlton Place,2020,November,46,Monday,09 Nov 2020,08:00,28,48,76,28,48,76,No Group
Manchester City Council - Chorlton,Chorlton Place,2020,November,46,Monday,09 Nov 2020,09:00,53,75,128,53,75,128,No Group
Manchester City Council - Chorlton,Chorlton Place,2020,November,46,Monday,09 Nov 2020,10:00,65,76,141,65,76,141,No Group
Manchester City Council - Chorlton,Chorlton Place,2020,November,46,Monday,09 Nov 2020,11:00,135,142,277,135,142,277,No Group
Manchester City Council - Chorlton,Chorlton Place,2020,November,46,Monday,09 Nov 2020,12:00,97,96,193,97,96,193,No Group
Manchester City Council - Chorlton,Chorlton Place,2020,November,46,Monday,09 Nov 2020,13:00,94,98,192,94,98,192,No Group
Manchester City Council - Chorlton,Chorlton Place,2020,November,46,Monday,09 Nov 2020,14:00,119,100,219,119,100,219,No Group
Manchester City Council - Chorlton,Chorlton Place,2020,November,46,Monday,09 Nov 2020,15:00,104,94,198,104,94,198,No Group
Manchester City Council - Chorlton,Chorlton Place,2020,November,46,Monday,09 Nov 2020,16:00,64,66,130,64,66,130,No Group
Manchester City Council - Chorlton,Chorlton Place,2020,November,46,Monday,09 Nov 2020,17:00,57,50,107,57,50,107,No Group
Manchester City Council - Chorlton,Chorlton Place,2020,November,46,Monday,09 Nov 2020,18:00,47,43,90,47,43,90,No Group
Manchester City Council - Chorlton,Chorlton Place,2020,November,46,Monday,09 Nov 2020,19:00,36,27,63,36,27,63,No Group
Manchester City Council - Chorlton,Chorlton Place,2020,November,46,Monday,09 Nov 2020,20:00,19,17,36,19,17,36,No Group
Manchester City Council - Chorlton,Chorlton Place,2020,November,46,Monday,09 Nov 2020,21:00,11,16,27,11,16,27,No Group
Manchester City Council - Chorlton,Chorlton Place,2020,November,46,Monday,09 Nov 2020,22:00,2,4,6,2,4,6,No Group
Manchester City Council - Chorlton,Chorlton Place,2020,November,46,Monday,09 Nov 2020,23:00,6,0,6,6,0,6,No Group
Manchester City Council - Chorlton,Chorlton Place,2020,November,46,Tuesday,10 Nov 2020,00:00,1,2,3,1,2,3,No Group
Manchester City Council - Chorlton,Chorlton Place,2020,November,46,Tuesday,10 Nov 2020,01:00,0,2,2,0,2,2,No Group
Manchester City Council - Chorlton,Chorlton Place,2020,November,46,Tuesday,10 Nov 2020,02:00,2,1,3,2,1,3,No Group
Manchester City Council - Chorlton,Chorlton Place,2020,November,46,Tuesday,10 Nov 2020,03:00,0,0,0,0,0,0,No Group
Manchester City Council - Chorlton,Chorlton Place,2020,November,46,Tuesday,10 Nov 2020,04:00,5,10,15,5,10,15,No Group
Manchester City Council - Chorlton,Chorlton Place,2020,November,46,Tuesday,10 Nov 2020,05:00,1,10,11,1,10,11,No Group
Manchester City Council - Chorlton,Chorlton Place,2020,November,46,Tuesday,10 Nov 2020,06:00,20,44,64,20,44,64,No Group
Manchester City Council - Chorlton,Chorlton Place,2020,November,46,Tuesday,10 Nov 2020,07:00,16,63,79,16,63,79,No Group
Manchester City Council - Chorlton,Chorlton Place,2020,November,46,Tuesday,10 Nov 2020,08:00,34,67,101,34,67,101,No Group
Manchester City Council - Chorlton,Chorlton Place,2020,November,46,Tuesday,10 Nov 2020,09:00,74,105,179,74,105,179,No Group
Manchester City Council - Chorlton,Chorlton Place,2020,November,46,Tuesday,10 Nov 2020,10:00,185,366,551,185,366,551,No Group
Manchester City Council - Chorlton,Chorlton Place,2020,November,46,Tuesday,10 Nov 2020,11:00,118,214,332,118,214,332,No Group
Manchester City Council - Chorlton,Chorlton Place,2020,November,46,Tuesday,10 Nov 2020,12:00,129,134,263,129,134,263,No Group
Manchester City Council - Chorlton,Chorlton Place,2020,November,46,Tuesday,10 Nov 2020,13:00,129,112,241,129,112,241,No Group
Manchester City Council - Chorlton,Chorlton Place,2020,November,46,Tuesday,10 Nov 2020,14:00,104,105,209,104,105,209,No Group
Manchester City Council - Chorlton,Chorlton Place,2020,November,46,Tuesday,10 Nov 2020,15:00,105,98,203,105,98,203,No Group
Manchester City Council - Chorlton,Chorlton Place,2020,November,46,Tuesday,10 Nov 2020,16:00,73,73,146,73,73,146,No Group
Manchester City Council - Chorlton,Chorlton Place,2020,November,46,Tuesday,10 Nov 2020,17:00,68,57,125,68,57,125,No Group
Manchester City Council - Chorlton,Chorlton Place,2020,November,46,Tuesday,10 Nov 2020,18:00,56,54,110,56,54,110,No Group
Manchester City Council - Chorlton,Chorlton Place,2020,November,46,Tuesday,10 Nov 2020,19:00,42,33,75,42,33,75,No Group
Manchester City Council - Chorlton,Chorlton Place,2020,November,46,Tuesday,10 Nov 2020,20:00,20,21,41,20,21,41,No Group
Manchester City Council - Chorlton,Chorlton Place,2020,November,46,Tuesday,10 Nov 2020,21:00,11,11,22,11,11,22,No Group
Manchester City Council - Chorlton,Chorlton Place,2020,November,46,Tuesday,10 Nov 2020,22:00,7,3,10,7,3,10,No Group
Manchester City Council - Chorlton,Chorlton Place,2020,November,46,Tuesday,10 Nov 2020,23:00,5,0,5,5,0,5,No Group
Manchester City Council - Chorlton,Chorlton Place,2020,November,46,Wednesday,11 Nov 2020,00:00,1,2,3,1,2,3,No Group
Manchester City Council - Chorlton,Chorlton Place,2020,November,46,Wednesday,11 Nov 2020,01:00,1,2,3,1,2,3,No Group
Manchester City Council - Chorlton,Chorlton Place,2020,November,46,Wednesday,11 Nov 2020,02:00,1,0,1,1,0,1,No Group
Manchester City Council - Chorlton,Chorlton Place,2020,November,46,Wednesday,11 Nov 2020,03:00,0,2,2,0,2,2,No Group
Manchester City Council - Chorlton,Chorlton Place,2020,November,46,Wednesday,11 Nov 2020,04:00,1,2,3,1,2,3,No Group
Manchester City Council - Chorlton,Chorlton Place,2020,November,46,Wednesday,11 Nov 2020,05:00,0,1,1,0,1,1,No Group
Manchester City Council - Chorlton,Chorlton Place,2020,November,46,Wednesday,11 Nov 2020,06:00,10,21,31,10,21,31,No Group
Manchester City Council - Chorlton,Chorlton Place,2020,November,46,Wednesday,11 Nov 2020,07:00,18,33,51,18,33,51,No Group
Manchester City Council - Chorlton,Chorlton Place,2020,November,46,Wednesday,11 Nov 2020,08:00,38,65,103,38,65,103,No Group
Manchester City Council - Chorlton,Chorlton Place,2020,November,46,Wednesday,11 Nov 2020,09:00,57,77,134,57,77,134,No Group
Manchester City Council - Chorlton,Chorlton Place,2020,November,46,Wednesday,11 Nov 2020,10:00,75,83,158,75,83,158,No Group
Manchester City Council - Chorlton,Chorlton Place,2020,November,46,Wednesday,11 Nov 2020,11:00,72,97,169,72,97,169,No Group
Manchester City Council - Chorlton,Chorlton Place,2020,November,46,Wednesday,11 Nov 2020,12:00,126,127,253,126,127,253,No Group
Manchester City Council - Chorlton,Chorlton Place,2020,November,46,Wednesday,11 Nov 2020,13:00,94,120,214,94,120,214,No Group
Manchester City Council - Chorlton,Chorlton Place,2020,November,46,Wednesday,11 Nov 2020,14:00,112,108,220,112,108,220,No Group
Manchester City Council - Chorlton,Chorlton Place,2020,November,46,Wednesday,11 Nov 2020,15:00,112,110,222,112,110,222,No Group
Manchester City Council - Chorlton,Chorlton Place,2020,November,46,Wednesday,11 Nov 2020,16:00,82,92,174,82,92,174,No Group
Manchester City Council - Chorlton,Chorlton Place,2020,November,46,Wednesday,11 Nov 2020,17:00,90,72,162,90,72,162,No Group
Manchester City Council - Chorlton,Chorlton Place,2020,November,46,Wednesday,11 Nov 2020,18:00,48,58,106,48,58,106,No Group
Manchester City Council - Chorlton,Chorlton Place,2020,November,46,Wednesday,11 Nov 2020,19:00,26,23,49,26,23,49,No Group
Manchester City Council - Chorlton,Chorlton Place,2020,November,46,Wednesday,11 Nov 2020,20:00,23,27,50,23,27,50,No Group
Manchester City Council - Chorlton,Chorlton Place,2020,November,46,Wednesday,11 Nov 2020,21:00,8,15,23,8,15,23,No Group
Manchester City Council - Chorlton,Chorlton Place,2020,November,46,Wednesday,11 Nov 2020,22:00,10,8,18,10,8,18,No Group
Manchester City Council - Chorlton,Chorlton Place,2020,November,46,Wednesday,11 Nov 2020,23:00,2,1,3,2,1,3,No Group
Manchester City Council - Chorlton,Chorlton Place,2020,November,46,Thursday,12 Nov 2020,00:00,1,1,2,1,1,2,No Group
Manchester City Council - Chorlton,Chorlton Place,2020,November,46,Thursday,12 Nov 2020,01:00,0,0,0,0,0,0,No Group
Manchester City Council - Chorlton,Chorlton Place,2020,November,46,Thursday,12 Nov 2020,02:00,0,0,0,0,0,0,No Group
Manchester City Council - Chorlton,Chorlton Place,2020,November,46,Thursday,12 Nov 2020,03:00,0,1,1,0,1,1,No Group
Manchester City Council - Chorlton,Chorlton Place,2020,November,46,Thursday,12 Nov 2020,04:00,0,1,1,0,1,1,No Group
Manchester City Council - Chorlton,Chorlton Place,2020,November,46,Thursday,12 Nov 2020,05:00,1,4,5,1,4,5,No Group
Manchester City Council - Chorlton,Chorlton Place,2020,November,46,Thursday,12 Nov 2020,06:00,9,15,24,9,15,24,No Group
Manchester City Council - Chorlton,Chorlton Place,2020,November,46,Thursday,12 Nov 2020,07:00,9,31,40,9,31,40,No Group
Manchester City Council - Chorlton,Chorlton Place,2020,November,46,Thursday,12 Nov 2020,08:00,42,62,104,42,62,104,No Group
Manchester City Council - Chorlton,Chorlton Place,2020,November,46,Thursday,12 Nov 2020,09:00,82,100,182,82,100,182,No Group
Manchester City Council - Chorlton,Chorlton Place,2020,November,46,Thursday,12 Nov 2020,10:00,101,116,217,101,116,217,No Group
Manchester City Council - Chorlton,Chorlton Place,2020,November,46,Thursday,12 Nov 2020,11:00,116,121,237,116,121,237,No Group
Manchester City Council - Chorlton,Chorlton Place,2020,November,46,Thursday,12 Nov 2020,12:00,116,121,237,116,121,237,No Group
Manchester City Council - Chorlton,Chorlton Place,2020,November,46,Thursday,12 Nov 2020,13:00,136,132,268,136,132,268,No Group
Manchester City Council - Chorlton,Chorlton Place,2020,November,46,Thursday,12 Nov 2020,14:00,93,97,190,93,97,190,No Group
Manchester City Council - Chorlton,Chorlton Place,2020,November,46,Thursday,12 Nov 2020,15:00,119,114,233,119,114,233,No Group
Manchester City Council - Chorlton,Chorlton Place,2020,November,46,Thursday,12 Nov 2020,16:00,92,97,189,92,97,189,No Group
Manchester City Council - Chorlton,Chorlton Place,2020,November,46,Thursday,12 Nov 2020,17:00,80,66,146,80,66,146,No Group
Manchester City Council - Chorlton,Chorlton Place,2020,November,46,Thursday,12 Nov 2020,18:00,49,37,86,49,37,86,No Group
Manchester City Council - Chorlton,Chorlton Place,2020,November,46,Thursday,12 Nov 2020,19:00,34,31,65,34,31,65,No Group
Manchester City Council - Chorlton,Chorlton Place,2020,November,46,Thursday,12 Nov 2020,20:00,21,13,34,21,13,34,No Group
Manchester City Council - Chorlton,Chorlton Place,2020,November,46,Thursday,12 Nov 2020,21:00,11,16,27,11,16,27,No Group
Manchester City Council - Chorlton,Chorlton Place,2020,November,46,Thursday,12 Nov 2020,22:00,9,2,11,9,2,11,No Group
Manchester City Council - Chorlton,Chorlton Place,2020,November,46,Thursday,12 Nov 2020,23:00,8,1,9,8,1,9,No Group
Manchester City Council - Chorlton,Chorlton Place,2020,November,46,Friday,13 Nov 2020,00:00,1,1,2,1,1,2,No Group
Manchester City Council - Chorlton,Chorlton Place,2020,November,46,Friday,13 Nov 2020,01:00,2,1,3,2,1,3,No Group
Manchester City Council - Chorlton,Chorlton Place,2020,November,46,Friday,13 Nov 2020,02:00,0,1,1,0,1,1,No Group
Manchester City Council - Chorlton,Chorlton Place,2020,November,46,Friday,13 Nov 2020,03:00,0,0,0,0,0,0,No Group
Manchester City Council - Chorlton,Chorlton Place,2020,November,46,Friday,13 Nov 2020,04:00,0,0,0,0,0,0,No Group
Manchester City Council - Chorlton,Chorlton Place,2020,November,46,Friday,13 Nov 2020,05:00,14,13,27,14,13,27,No Group
Manchester City Council - Chorlton,Chorlton Place,2020,November,46,Friday,13 Nov 2020,06:00,14,27,41,14,27,41,No Group
Manchester City Council - Chorlton,Chorlton Place,2020,November,46,Friday,13 Nov 2020,07:00,10,27,37,10,27,37,No Group
Manchester City Council - Chorlton,Chorlton Place,2020,November,46,Friday,13 Nov 2020,08:00,31,65,96,31,65,96,No Group
Manchester City Council - Chorlton,Chorlton Place,2020,November,46,Friday,13 Nov 2020,09:00,113,206,319,113,206,319,No Group
Manchester City Council - Chorlton,Chorlton Place,2020,November,46,Friday,13 Nov 2020,10:00,143,152,295,143,152,295,No Group
Manchester City Council - Chorlton,Chorlton Place,2020,November,46,Friday,13 Nov 2020,11:00,150,178,328,150,178,328,No Group
Manchester City Council - Chorlton,Chorlton Place,2020,November,46,Friday,13 Nov 2020,12:00,135,151,286,135,151,286,No Group
Manchester City Council - Chorlton,Chorlton Place,2020,November,46,Friday,13 Nov 2020,13:00,131,152,283,131,152,283,No Group
Manchester City Council - Chorlton,Chorlton Place,2020,November,46,Friday,13 Nov 2020,14:00,153,136,289,153,136,289,No Group
Manchester City Council - Chorlton,Chorlton Place,2020,November,46,Friday,13 Nov 2020,15:00,115,99,214,115,99,214,No Group
Manchester City Council - Chorlton,Chorlton Place,2020,November,46,Friday,13 Nov 2020,16:00,75,105,180,75,105,180,No Group
Manchester City Council - Chorlton,Chorlton Place,2020,November,46,Friday,13 Nov 2020,17:00,76,73,149,76,73,149,No Group
Manchester City Council - Chorlton,Chorlton Place,2020,November,46,Friday,13 Nov 2020,18:00,65,48,113,65,48,113,No Group
Manchester City Council - Chorlton,Chorlton Place,2020,November,46,Friday,13 Nov 2020,19:00,62,44,106,62,44,106,No Group
Manchester City Council - Chorlton,Chorlton Place,2020,November,46,Friday,13 Nov 2020,20:00,21,21,42,21,21,42,No Group
Manchester City Council - Chorlton,Chorlton Place,2020,November,46,Friday,13 Nov 2020,21:00,20,25,45,20,25,45,No Group
Manchester City Council - Chorlton,Chorlton Place,2020,November,46,Friday,13 Nov 2020,22:00,6,11,17,6,11,17,No Group
Manchester City Council - Chorlton,Chorlton Place,2020,November,46,Friday,13 Nov 2020,23:00,9,7,16,9,7,16,No Group
Manchester City Council - Chorlton,Chorlton Place,2020,November,46,Saturday,14 Nov 2020,00:00,3,2,5,3,2,5,No Group
Manchester City Council - Chorlton,Chorlton Place,2020,November,46,Saturday,14 Nov 2020,01:00,1,4,5,1,4,5,No Group
Manchester City Council - Chorlton,Chorlton Place,2020,November,46,Saturday,14 Nov 2020,02:00,3,0,3,3,0,3,No Group
Manchester City Council - Chorlton,Chorlton Place,2020,November,46,Saturday,14 Nov 2020,03:00,2,3,5,2,3,5,No Group
Manchester City Council - Chorlton,Chorlton Place,2020,November,46,Saturday,14 Nov 2020,04:00,1,1,2,1,1,2,No Group
Manchester City Council - Chorlton,Chorlton Place,2020,November,46,Saturday,14 Nov 2020,05:00,4,2,6,4,2,6,No Group
Manchester City Council - Chorlton,Chorlton Place,2020,November,46,Saturday,14 Nov 2020,06:00,6,9,15,6,9,15,No Group
Manchester City Council - Chorlton,Chorlton Place,2020,November,46,Saturday,14 Nov 2020,07:00,11,17,28,11,17,28,No Group
Manchester City Council - Chorlton,Chorlton Place,2020,November,46,Saturday,14 Nov 2020,08:00,42,44,86,42,44,86,No Group
Manchester City Council - Chorlton,Chorlton Place,2020,November,46,Saturday,14 Nov 2020,09:00,119,114,233,119,114,233,No Group
Manchester City Council - Chorlton,Chorlton Place,2020,November,46,Saturday,14 Nov 2020,10:00,130,146,276,130,146,276,No Group
Manchester City Council - Chorlton,Chorlton Place,2020,November,46,Saturday,14 Nov 2020,11:00,176,172,348,176,172,348,No Group
Manchester City Council - Chorlton,Chorlton Place,2020,November,46,Saturday,14 Nov 2020,12:00,201,211,412,201,211,412,No Group
Manchester City Council - Chorlton,Chorlton Place,2020,November,46,Saturday,14 Nov 2020,13:00,210,202,412,210,202,412,No Group
Manchester City Council - Chorlton,Chorlton Place,2020,November,46,Saturday,14 Nov 2020,14:00,196,213,409,196,213,409,No Group
Manchester City Council - Chorlton,Chorlton Place,2020,November,46,Saturday,14 Nov 2020,15:00,212,203,415,212,203,415,No Group
Manchester City Council - Chorlton,Chorlton Place,2020,November,46,Saturday,14 Nov 2020,16:00,102,116,218,102,116,218,No Group
Manchester City Council - Chorlton,Chorlton Place,2020,November,46,Saturday,14 Nov 2020,17:00,53,66,119,53,66,119,No Group
Manchester City Council - Chorlton,Chorlton Place,2020,November,46,Saturday,14 Nov 2020,18:00,22,21,43,22,21,43,No Group
Manchester City Council - Chorlton,Chorlton Place,2020,November,46,Saturday,14 Nov 2020,19:00,20,24,44,20,24,44,No Group
Manchester City Council - Chorlton,Chorlton Place,2020,November,46,Saturday,14 Nov 2020,20:00,11,14,25,11,14,25,No Group
Manchester City Council - Chorlton,Chorlton Place,2020,November,46,Saturday,14 Nov 2020,21:00,14,14,28,14,14,28,No Group
Manchester City Council - Chorlton,Chorlton Place,2020,November,46,Saturday,14 Nov 2020,22:00,12,11,23,12,11,23,No Group
Manchester City Council - Chorlton,Chorlton Place,2020,November,46,Saturday,14 Nov 2020,23:00,3,3,6,3,3,6,No Group
Manchester City Council - Chorlton,Chorlton Place,2020,November,46,Sunday,15 Nov 2020,00:00,1,0,1,1,0,1,No Group
Manchester City Council - Chorlton,Chorlton Place,2020,November,46,Sunday,15 Nov 2020,01:00,0,1,1,0,1,1,No Group
Manchester City Council - Chorlton,Chorlton Place,2020,November,46,Sunday,15 Nov 2020,02:00,2,0,2,2,0,2,No Group
Manchester City Council - Chorlton,Chorlton Place,2020,November,46,Sunday,15 Nov 2020,03:00,1,1,2,1,1,2,No Group
Manchester City Council - Chorlton,Chorlton Place,2020,November,46,Sunday,15 Nov 2020,04:00,0,1,1,0,1,1,No Group
Manchester City Council - Chorlton,Chorlton Place,2020,November,46,Sunday,15 Nov 2020,05:00,1,1,2,1,1,2,No Group
Manchester City Council - Chorlton,Chorlton Place,2020,November,46,Sunday,15 Nov 2020,06:00,1,3,4,1,3,4,No Group
Manchester City Council - Chorlton,Chorlton Place,2020,November,46,Sunday,15 Nov 2020,07:00,3,3,6,3,3,6,No Group
Manchester City Council - Chorlton,Chorlton Place,2020,November,46,Sunday,15 Nov 2020,08:00,91,125,216,91,125,216,No Group
Manchester City Council - Chorlton,Chorlton Place,2020,November,46,Sunday,15 Nov 2020,09:00,68,73,141,68,73,141,No Group
Manchester City Council - Chorlton,Chorlton Place,2020,November,46,Sunday,15 Nov 2020,10:00,100,154,254,100,154,254,No Group
Manchester City Council - Chorlton,Chorlton Place,2020,November,46,Sunday,15 Nov 2020,11:00,90,101,191,90,101,191,No Group
Manchester City Council - Chorlton,Chorlton Place,2020,November,46,Sunday,15 Nov 2020,12:00,70,87,157,70,87,157,No Group
Manchester City Council - Chorlton,Chorlton Place,2020,November,46,Sunday,15 Nov 2020,13:00,94,102,196,94,102,196,No Group
Manchester City Council - Chorlton,Chorlton Place,2020,November,46,Sunday,15 Nov 2020,14:00,109,111,220,109,111,220,No Group
Manchester City Council - Chorlton,Chorlton Place,2020,November,46,Sunday,15 Nov 2020,15:00,101,102,203,101,102,203,No Group
Manchester City Council - Chorlton,Chorlton Place,2020,November,46,Sunday,15 Nov 2020,16:00,53,55,108,53,55,108,No Group
Manchester City Council - Chorlton,Chorlton Place,2020,November,46,Sunday,15 Nov 2020,17:00,39,51,90,39,51,90,No Group
Manchester City Council - Chorlton,Chorlton Place,2020,November,46,Sunday,15 Nov 2020,18:00,17,27,44,17,27,44,No Group
Manchester City Council - Chorlton,Chorlton Place,2020,November,46,Sunday,15 Nov 2020,19:00,13,14,27,13,14,27,No Group
Manchester City Council - Chorlton,Chorlton Place,2020,November,46,Sunday,15 Nov 2020,20:00,5,12,17,5,12,17,No Group
Manchester City Council - Chorlton,Chorlton Place,2020,November,46,Sunday,15 Nov 2020,21:00,7,16,23,7,16,23,No Group
Manchester City Council - Chorlton,Chorlton Place,2020,November,46,Sunday,15 Nov 2020,22:00,6,30,36,6,30,36,No Group
Manchester City Council - Chorlton,Chorlton Place,2020,November,46,Sunday,15 Nov 2020,23:00,2,43,45,2,43,45,No Group
Manchester City Council - Chorlton,Chorlton Place,2020,November,47,Monday,16 Nov 2020,00:00,1,5,6,1,5,6,No Group
Manchester City Council - Chorlton,Chorlton Place,2020,November,47,Monday,16 Nov 2020,01:00,0,2,2,0,2,2,No Group
Manchester City Council - Chorlton,Chorlton Place,2020,November,47,Monday,16 Nov 2020,02:00,0,0,0,0,0,0,No Group
Manchester City Council - Chorlton,Chorlton Place,2020,November,47,Monday,16 Nov 2020,03:00,1,1,2,1,1,2,No Group
Manchester City Council - Chorlton,Chorlton Place,2020,November,47,Monday,16 Nov 2020,04:00,3,5,8,3,5,8,No Group
Manchester City Council - Chorlton,Chorlton Place,2020,November,47,Monday,16 Nov 2020,05:00,0,7,7,0,7,7,No Group
Manchester City Council - Chorlton,Chorlton Place,2020,November,47,Monday,16 Nov 2020,06:00,16,13,29,16,13,29,No Group
Manchester City Council - Chorlton,Chorlton Place,2020,November,47,Monday,16 Nov 2020,07:00,8,20,28,8,20,28,No Group
Manchester City Council - Chorlton,Chorlton Place,2020,November,47,Monday,16 Nov 2020,08:00,26,52,78,26,52,78,No Group
Manchester City Council - Chorlton,Chorlton Place,2020,November,47,Monday,16 Nov 2020,09:00,58,79,137,58,79,137,No Group
Manchester City Council - Chorlton,Chorlton Place,2020,November,47,Monday,16 Nov 2020,10:00,71,87,158,71,87,158,No Group
Manchester City Council - Chorlton,Chorlton Place,2020,November,47,Monday,16 Nov 2020,11:00,102,161,263,102,161,263,No Group
Manchester City Council - Chorlton,Chorlton Place,2020,November,47,Monday,16 Nov 2020,12:00,96,93,189,96,93,189,No Group
Manchester City Council - Chorlton,Chorlton Place,2020,November,47,Monday,16 Nov 2020,13:00,103,84,187,103,84,187,No Group
Manchester City Council - Chorlton,Chorlton Place,2020,November,47,Monday,16 Nov 2020,14:00,95,110,205,95,110,205,No Group
Manchester City Council - Chorlton,Chorlton Place,2020,November,47,Monday,16 Nov 2020,15:00,79,94,173,79,94,173,No Group
Manchester City Council - Chorlton,Chorlton Place,2020,November,47,Monday,16 Nov 2020,16:00,76,59,135,76,59,135,No Group
Manchester City Council - Chorlton,Chorlton Place,2020,November,47,Monday,16 Nov 2020,17:00,51,49,100,51,49,100,No Group
Manchester City Council - Chorlton,Chorlton Place,2020,November,47,Monday,16 Nov 2020,18:00,32,40,72,32,40,72,No Group
Manchester City Council - Chorlton,Chorlton Place,2020,November,47,Monday,16 Nov 2020,19:00,28,18,46,28,18,46,No Group
Manchester City Council - Chorlton,Chorlton Place,2020,November,47,Monday,16 Nov 2020,20:00,16,20,36,16,20,36,No Group
Manchester City Council - Chorlton,Chorlton Place,2020,November,47,Monday,16 Nov 2020,21:00,11,17,28,11,17,28,No Group
Manchester City Council - Chorlton,Chorlton Place,2020,November,47,Monday,16 Nov 2020,22:00,5,9,14,5,9,14,No Group
Manchester City Council - Chorlton,Chorlton Place,2020,November,47,Monday,16 Nov 2020,23:00,4,4,8,4,4,8,No Group
Manchester City Council - Chorlton,Chorlton Place,2020,November,47,Tuesday,17 Nov 2020,00:00,1,1,2,1,1,2,No Group
Manchester City Council - Chorlton,Chorlton Place,2020,November,47,Tuesday,17 Nov 2020,01:00,1,0,1,1,0,1,No Group
Manchester City Council - Chorlton,Chorlton Place,2020,November,47,Tuesday,17 Nov 2020,02:00,2,1,3,2,1,3,No Group
Manchester City Council - Chorlton,Chorlton Place,2020,November,47,Tuesday,17 Nov 2020,03:00,1,1,2,1,1,2,No Group
Manchester City Council - Chorlton,Chorlton Place,2020,November,47,Tuesday,17 Nov 2020,04:00,2,2,4,2,2,4,No Group
Manchester City Council - Chorlton,Chorlton Place,2020,November,47,Tuesday,17 Nov 2020,05:00,0,3,3,0,3,3,No Group
Manchester City Council - Chorlton,Chorlton Place,2020,November,47,Tuesday,17 Nov 2020,06:00,7,17,24,7,17,24,No Group
Manchester City Council - Chorlton,Chorlton Place,2020,November,47,Tuesday,17 Nov 2020,07:00,12,34,46,12,34,46,No Group
Manchester City Council - Chorlton,Chorlton Place,2020,November,47,Tuesday,17 Nov 2020,08:00,35,61,96,35,61,96,No Group
Manchester City Council - Chorlton,Chorlton Place,2020,November,47,Tuesday,17 Nov 2020,09:00,91,161,252,91,161,252,No Group
Manchester City Council - Chorlton,Chorlton Place,2020,November,47,Tuesday,17 Nov 2020,10:00,99,187,286,99,187,286,No Group
Manchester City Council - Chorlton,Chorlton Place,2020,November,47,Tuesday,17 Nov 2020,11:00,125,128,253,125,128,253,No Group
Manchester City Council - Chorlton,Chorlton Place,2020,November,47,Tuesday,17 Nov 2020,12:00,134,150,284,134,150,284,No Group
Manchester City Council - Chorlton,Chorlton Place,2020,November,47,Tuesday,17 Nov 2020,13:00,138,144,282,138,144,282,No Group
Manchester City Council - Chorlton,Chorlton Place,2020,November,47,Tuesday,17 Nov 2020,14:00,121,104,225,121,104,225,No Group
Manchester City Council - Chorlton,Chorlton Place,2020,November,47,Tuesday,17 Nov 2020,15:00,94,113,207,94,113,207,No Group
Manchester City Council - Chorlton,Chorlton Place,2020,November,47,Tuesday,17 Nov 2020,16:00,85,73,158,85,73,158,No Group
Manchester City Council - Chorlton,Chorlton Place,2020,November,47,Tuesday,17 Nov 2020,17:00,73,56,129,73,56,129,No Group
Manchester City Council - Chorlton,Chorlton Place,2020,November,47,Tuesday,17 Nov 2020,18:00,52,52,104,52,52,104,No Group
Manchester City Council - Chorlton,Chorlton Place,2020,November,47,Tuesday,17 Nov 2020,19:00,43,32,75,43,32,75,No Group
Manchester City Council - Chorlton,Chorlton Place,2020,November,47,Tuesday,17 Nov 2020,20:00,31,18,49,31,18,49,No Group
Manchester City Council - Chorlton,Chorlton Place,2020,November,47,Tuesday,17 Nov 2020,21:00,15,14,29,15,14,29,No Group
Manchester City Council - Chorlton,Chorlton Place,2020,November,47,Tuesday,17 Nov 2020,22:00,6,2,8,6,2,8,No Group
Manchester City Council - Chorlton,Chorlton Place,2020,November,47,Tuesday,17 Nov 2020,23:00,5,1,6,5,1,6,No Group
Manchester City Council - Chorlton,Chorlton Place,2020,November,47,Wednesday,18 Nov 2020,00:00,2,2,4,2,2,4,No Group
Manchester City Council - Chorlton,Chorlton Place,2020,November,47,Wednesday,18 Nov 2020,01:00,1,1,2,1,1,2,No Group
Manchester City Council - Chorlton,Chorlton Place,2020,November,47,Wednesday,18 Nov 2020,02:00,0,0,0,0,0,0,No Group
Manchester City Council - Chorlton,Chorlton Place,2020,November,47,Wednesday,18 Nov 2020,03:00,1,0,1,1,0,1,No Group
Manchester City Council - Chorlton,Chorlton Place,2020,November,47,Wednesday,18 Nov 2020,04:00,2,2,4,2,2,4,No Group
Manchester City Council - Chorlton,Chorlton Place,2020,November,47,Wednesday,18 Nov 2020,05:00,0,3,3,0,3,3,No Group
Manchester City Council - Chorlton,Chorlton Place,2020,November,47,Wednesday,18 Nov 2020,06:00,7,18,25,7,18,25,No Group
Manchester City Council - Chorlton,Chorlton Place,2020,November,47,Wednesday,18 Nov 2020,07:00,23,34,57,23,34,57,No Group
Manchester City Council - Chorlton,Chorlton Place,2020,November,47,Wednesday,18 Nov 2020,08:00,48,70,118,48,70,118,No Group
Manchester City Council - Chorlton,Chorlton Place,2020,November,47,Wednesday,18 Nov 2020,09:00,56,71,127,56,71,127,No Group
Manchester City Council - Chorlton,Chorlton Place,2020,November,47,Wednesday,18 Nov 2020,10:00,86,74,160,86,74,160,No Group
Manchester City Council - Chorlton,Chorlton Place,2020,November,47,Wednesday,18 Nov 2020,11:00,77,87,164,77,87,164,No Group
Manchester City Council - Chorlton,Chorlton Place,2020,November,47,Wednesday,18 Nov 2020,12:00,106,109,215,106,109,215,No Group
Manchester City Council - Chorlton,Chorlton Place,2020,November,47,Wednesday,18 Nov 2020,13:00,119,134,253,119,134,253,No Group
Manchester City Council - Chorlton,Chorlton Place,2020,November,47,Wednesday,18 Nov 2020,14:00,97,75,172,97,75,172,No Group
Manchester City Council - Chorlton,Chorlton Place,2020,November,47,Wednesday,18 Nov 2020,15:00,132,146,278,132,146,278,No Group
Manchester City Council - Chorlton,Chorlton Place,2020,November,47,Wednesday,18 Nov 2020,16:00,73,70,143,73,70,143,No Group
Manchester City Council - Chorlton,Chorlton Place,2020,November,47,Wednesday,18 Nov 2020,17:00,59,64,123,59,64,123,No Group
Manchester City Council - Chorlton,Chorlton Place,2020,November,47,Wednesday,18 Nov 2020,18:00,42,41,83,42,41,83,No Group
Manchester City Council - Chorlton,Chorlton Place,2020,November,47,Wednesday,18 Nov 2020,19:00,32,36,68,32,36,68,No Group
Manchester City Council - Chorlton,Chorlton Place,2020,November,47,Wednesday,18 Nov 2020,20:00,18,14,32,18,14,32,No Group
Manchester City Council - Chorlton,Chorlton Place,2020,November,47,Wednesday,18 Nov 2020,21:00,15,6,21,15,6,21,No Group
Manchester City Council - Chorlton,Chorlton Place,2020,November,47,Wednesday,18 Nov 2020,22:00,6,5,11,6,5,11,No Group
Manchester City Council - Chorlton,Chorlton Place,2020,November,47,Wednesday,18 Nov 2020,23:00,8,5,13,8,5,13,No Group
Manchester City Council - Chorlton,Chorlton Place,2020,November,47,Thursday,19 Nov 2020,00:00,15,10,25,15,10,25,No Group
Manchester City Council - Chorlton,Chorlton Place,2020,November,47,Thursday,19 Nov 2020,01:00,4,3,7,4,3,7,No Group
Manchester City Council - Chorlton,Chorlton Place,2020,November,47,Thursday,19 Nov 2020,02:00,1,2,3,1,2,3,No Group
Manchester City Council - Chorlton,Chorlton Place,2020,November,47,Thursday,19 Nov 2020,03:00,1,1,2,1,1,2,No Group
Manchester City Council - Chorlton,Chorlton Place,2020,November,47,Thursday,19 Nov 2020,04:00,0,6,6,0,6,6,No Group
Manchester City Council - Chorlton,Chorlton Place,2020,November,47,Thursday,19 Nov 2020,05:00,1,7,8,1,7,8,No Group
Manchester City Council - Chorlton,Chorlton Place,2020,November,47,Thursday,19 Nov 2020,06:00,3,18,21,3,18,21,No Group
Manchester City Council - Chorlton,Chorlton Place,2020,November,47,Thursday,19 Nov 2020,07:00,14,28,42,14,28,42,No Group
Manchester City Council - Chorlton,Chorlton Place,2020,November,47,Thursday,19 Nov 2020,08:00,50,77,127,50,77,127,No Group
Manchester City Council - Chorlton,Chorlton Place,2020,November,47,Thursday,19 Nov 2020,09:00,70,86,156,70,86,156,No Group
Manchester City Council - Chorlton,Chorlton Place,2020,November,47,Thursday,19 Nov 2020,10:00,121,117,238,121,117,238,No Group
Manchester City Council - Chorlton,Chorlton Place,2020,November,47,Thursday,19 Nov 2020,11:00,114,118,232,114,118,232,No Group
Manchester City Council - Chorlton,Chorlton Place,2020,November,47,Thursday,19 Nov 2020,12:00,119,131,250,119,131,250,No Group
Manchester City Council - Chorlton,Chorlton Place,2020,November,47,Thursday,19 Nov 2020,13:00,126,137,263,126,137,263,No Group
Manchester City Council - Chorlton,Chorlton Place,2020,November,47,Thursday,19 Nov 2020,14:00,105,102,207,105,102,207,No Group
Manchester City Council - Chorlton,Chorlton Place,2020,November,47,Thursday,19 Nov 2020,15:00,105,95,200,105,95,200,No Group
Manchester City Council - Chorlton,Chorlton Place,2020,November,47,Thursday,19 Nov 2020,16:00,76,81,157,76,81,157,No Group
Manchester City Council - Chorlton,Chorlton Place,2020,November,47,Thursday,19 Nov 2020,17:00,114,96,210,114,96,210,No Group
Manchester City Council - Chorlton,Chorlton Place,2020,November,47,Thursday,19 Nov 2020,18:00,50,38,88,50,38,88,No Group
Manchester City Council - Chorlton,Chorlton Place,2020,November,47,Thursday,19 Nov 2020,19:00,39,31,70,39,31,70,No Group
Manchester City Council - Chorlton,Chorlton Place,2020,November,47,Thursday,19 Nov 2020,20:00,18,15,33,18,15,33,No Group
Manchester City Council - Chorlton,Chorlton Place,2020,November,47,Thursday,19 Nov 2020,21:00,7,10,17,7,10,17,No Group
Manchester City Council - Chorlton,Chorlton Place,2020,November,47,Thursday,19 Nov 2020,22:00,9,4,13,9,4,13,No Group
Manchester City Council - Chorlton,Chorlton Place,2020,November,47,Thursday,19 Nov 2020,23:00,2,2,4,2,2,4,No Group
Manchester City Council - Chorlton,Chorlton Place,2020,November,47,Friday,20 Nov 2020,00:00,0,3,3,0,3,3,No Group
Manchester City Council - Chorlton,Chorlton Place,2020,November,47,Friday,20 Nov 2020,01:00,0,0,0,0,0,0,No Group
Manchester City Council - Chorlton,Chorlton Place,2020,November,47,Friday,20 Nov 2020,02:00,1,0,1,1,0,1,No Group
Manchester City Council - Chorlton,Chorlton Place,2020,November,47,Friday,20 Nov 2020,03:00,1,1,2,1,1,2,No Group
Manchester City Council - Chorlton,Chorlton Place,2020,November,47,Friday,20 Nov 2020,04:00,1,0,1,1,0,1,No Group
Manchester City Council - Chorlton,Chorlton Place,2020,November,47,Friday,20 Nov 2020,05:00,5,10,15,5,10,15,No Group
Manchester City Council - Chorlton,Chorlton Place,2020,November,47,Friday,20 Nov 2020,06:00,7,14,21,7,14,21,No Group
Manchester City Council - Chorlton,Chorlton Place,2020,November,47,Friday,20 Nov 2020,07:00,18,22,40,18,22,40,No Group
Manchester City Council - Chorlton,Chorlton Place,2020,November,47,Friday,20 Nov 2020,08:00,50,87,137,50,87,137,No Group
Manchester City Council - Chorlton,Chorlton Place,2020,November,47,Friday,20 Nov 2020,09:00,91,106,197,91,106,197,No Group
Manchester City Council - Chorlton,Chorlton Place,2020,November,47,Friday,20 Nov 2020,10:00,92,117,209,92,117,209,No Group
Manchester City Council - Chorlton,Chorlton Place,2020,November,47,Friday,20 Nov 2020,11:00,151,152,303,151,152,303,No Group
Manchester City Council - Chorlton,Chorlton Place,2020,November,47,Friday,20 Nov 2020,12:00,149,137,286,149,137,286,No Group
Manchester City Council - Chorlton,Chorlton Place,2020,November,47,Friday,20 Nov 2020,13:00,114,147,261,114,147,261,No Group
Manchester City Council - Chorlton,Chorlton Place,2020,November,47,Friday,20 Nov 2020,14:00,119,122,241,119,122,241,No Group
Manchester City Council - Chorlton,Chorlton Place,2020,November,47,Friday,20 Nov 2020,15:00,89,98,187,89,98,187,No Group
Manchester City Council - Chorlton,Chorlton Place,2020,November,47,Friday,20 Nov 2020,16:00,32,29,61,32,29,61,No Group
Manchester City Council - Chorlton,Chorlton Place,2020,November,47,Friday,20 Nov 2020,17:00,14,37,51,14,37,51,No Group
Manchester City Council - Chorlton,Chorlton Place,2020,November,47,Friday,20 Nov 2020,18:00,14,28,42,14,28,42,No Group
Manchester City Council - Chorlton,Chorlton Place,2020,November,47,Friday,20 Nov 2020,19:00,15,11,26,15,11,26,No Group
Manchester City Council - Chorlton,Chorlton Place,2020,November,47,Friday,20 Nov 2020,20:00,6,12,18,6,12,18,No Group
Manchester City Council - Chorlton,Chorlton Place,2020,November,47,Friday,20 Nov 2020,21:00,3,11,14,3,11,14,No Group
Manchester City Council - Chorlton,Chorlton Place,2020,November,47,Friday,20 Nov 2020,22:00,4,9,13,4,9,13,No Group
Manchester City Council - Chorlton,Chorlton Place,2020,November,47,Friday,20 Nov 2020,23:00,7,4,11,7,4,11,No Group
Manchester City Council - Chorlton,Chorlton Place,2020,November,47,Saturday,21 Nov 2020,00:00,1,1,2,1,1,2,No Group
Manchester City Council - Chorlton,Chorlton Place,2020,November,47,Saturday,21 Nov 2020,01:00,2,1,3,2,1,3,No Group
Manchester City Council - Chorlton,Chorlton Place,2020,November,47,Saturday,21 Nov 2020,02:00,0,0,0,0,0,0,No Group
Manchester City Council - Chorlton,Chorlton Place,2020,November,47,Saturday,21 Nov 2020,03:00,1,1,2,1,1,2,No Group
Manchester City Council - Chorlton,Chorlton Place,2020,November,47,Saturday,21 Nov 2020,04:00,1,6,7,1,6,7,No Group
Manchester City Council - Chorlton,Chorlton Place,2020,November,47,Saturday,21 Nov 2020,05:00,0,3,3,0,3,3,No Group
Manchester City Council - Chorlton,Chorlton Place,2020,November,47,Saturday,21 Nov 2020,06:00,5,2,7,5,2,7,No Group
Manchester City Council - Chorlton,Chorlton Place,2020,November,47,Saturday,21 Nov 2020,07:00,8,13,21,8,13,21,No Group
Manchester City Council - Chorlton,Chorlton Place,2020,November,47,Saturday,21 Nov 2020,08:00,40,54,94,40,54,94,No Group
Manchester City Council - Chorlton,Chorlton Place,2020,November,47,Saturday,21 Nov 2020,09:00,72,86,158,72,86,158,No Group
Manchester City Council - Chorlton,Chorlton Place,2020,November,47,Saturday,21 Nov 2020,10:00,128,157,285,128,157,285,No Group
Manchester City Council - Chorlton,Chorlton Place,2020,November,47,Saturday,21 Nov 2020,11:00,143,177,320,143,177,320,No Group
Manchester City Council - Chorlton,Chorlton Place,2020,November,47,Saturday,21 Nov 2020,12:00,261,243,504,261,243,504,No Group
Manchester City Council - Chorlton,Chorlton Place,2020,November,47,Saturday,21 Nov 2020,13:00,197,233,430,197,233,430,No Group
Manchester City Council - Chorlton,Chorlton Place,2020,November,47,Saturday,21 Nov 2020,14:00,199,202,401,199,202,401,No Group
Manchester City Council - Chorlton,Chorlton Place,2020,November,47,Saturday,21 Nov 2020,15:00,214,234,448,214,234,448,No Group
Manchester City Council - Chorlton,Chorlton Place,2020,November,47,Saturday,21 Nov 2020,16:00,142,125,267,142,125,267,No Group
Manchester City Council - Chorlton,Chorlton Place,2020,November,47,Saturday,21 Nov 2020,17:00,52,64,116,52,64,116,No Group
Manchester City Council - Chorlton,Chorlton Place,2020,November,47,Saturday,21 Nov 2020,18:00,32,29,61,32,29,61,No Group
Manchester City Council - Chorlton,Chorlton Place,2020,November,47,Saturday,21 Nov 2020,19:00,23,36,59,23,36,59,No Group
Manchester City Council - Chorlton,Chorlton Place,2020,November,47,Saturday,21 Nov 2020,20:00,17,14,31,17,14,31,No Group
Manchester City Council - Chorlton,Chorlton Place,2020,November,47,Saturday,21 Nov 2020,21:00,9,8,17,9,8,17,No Group
Manchester City Council - Chorlton,Chorlton Place,2020,November,47,Saturday,21 Nov 2020,22:00,7,7,14,7,7,14,No Group
Manchester City Council - Chorlton,Chorlton Place,2020,November,47,Saturday,21 Nov 2020,23:00,2,5,7,2,5,7,No Group
Manchester City Council - Chorlton,Chorlton Place,2020,November,47,Sunday,22 Nov 2020,00:00,2,3,5,2,3,5,No Group
Manchester City Council - Chorlton,Chorlton Place,2020,November,47,Sunday,22 Nov 2020,01:00,2,1,3,2,1,3,No Group
Manchester City Council - Chorlton,Chorlton Place,2020,November,47,Sunday,22 Nov 2020,02:00,2,1,3,2,1,3,No Group
Manchester City Council - Chorlton,Chorlton Place,2020,November,47,Sunday,22 Nov 2020,03:00,1,1,2,1,1,2,No Group
Manchester City Council - Chorlton,Chorlton Place,2020,November,47,Sunday,22 Nov 2020,04:00,1,1,2,1,1,2,No Group
Manchester City Council - Chorlton,Chorlton Place,2020,November,47,Sunday,22 Nov 2020,05:00,0,0,0,0,0,0,No Group
Manchester City Council - Chorlton,Chorlton Place,2020,November,47,Sunday,22 Nov 2020,06:00,2,2,4,2,2,4,No Group
Manchester City Council - Chorlton,Chorlton Place,2020,November,47,Sunday,22 Nov 2020,07:00,4,13,17,4,13,17,No Group
Manchester City Council - Chorlton,Chorlton Place,2020,November,47,Sunday,22 Nov 2020,08:00,25,10,35,25,10,35,No Group
Manchester City Council - Chorlton,Chorlton Place,2020,November,47,Sunday,22 Nov 2020,09:00,13,23,36,13,23,36,No Group
Manchester City Council - Chorlton,Chorlton Place,2020,November,47,Sunday,22 Nov 2020,10:00,84,89,173,84,89,173,No Group
Manchester City Council - Chorlton,Chorlton Place,2020,November,47,Sunday,22 Nov 2020,11:00,84,88,172,84,88,172,No Group
Manchester City Council - Chorlton,Chorlton Place,2020,November,47,Sunday,22 Nov 2020,12:00,104,82,186,104,82,186,No Group
Manchester City Council - Chorlton,Chorlton Place,2020,November,47,Sunday,22 Nov 2020,13:00,110,101,211,110,101,211,No Group
Manchester City Council - Chorlton,Chorlton Place,2020,November,47,Sunday,22 Nov 2020,14:00,129,149,278,129,149,278,No Group
Manchester City Council - Chorlton,Chorlton Place,2020,November,47,Sunday,22 Nov 2020,15:00,121,118,239,121,118,239,No Group
Manchester City Council - Chorlton,Chorlton Place,2020,November,47,Sunday,22 Nov 2020,16:00,49,66,115,49,66,115,No Group
Manchester City Council - Chorlton,Chorlton Place,2020,November,47,Sunday,22 Nov 2020,17:00,25,34,59,25,34,59,No Group
Manchester City Council - Chorlton,Chorlton Place,2020,November,47,Sunday,22 Nov 2020,18:00,15,24,39,15,24,39,No Group
Manchester City Council - Chorlton,Chorlton Place,2020,November,47,Sunday,22 Nov 2020,19:00,11,12,23,11,12,23,No Group
Manchester City Council - Chorlton,Chorlton Place,2020,November,47,Sunday,22 Nov 2020,20:00,7,6,13,7,6,13,No Group
Manchester City Council - Chorlton,Chorlton Place,2020,November,47,Sunday,22 Nov 2020,21:00,0,0,0,0,0,0,No Group
Manchester City Council - Chorlton,Chorlton Place,2020,November,47,Sunday,22 Nov 2020,22:00,0,0,0,0,0,0,No Group
Manchester City Council - Chorlton,Chorlton Place,2020,November,47,Sunday,22 Nov 2020,23:00,0,0,0,0,0,0,No Group
Manchester City Council - Chorlton,Chorlton Place,2020,November,48,Monday,23 Nov 2020,00:00,0,0,0,0,0,0,No Group
Manchester City Council - Chorlton,Chorlton Place,2020,November,48,Monday,23 Nov 2020,01:00,0,0,0,0,0,0,No Group
Manchester City Council - Chorlton,Chorlton Place,2020,November,48,Monday,23 Nov 2020,02:00,0,0,0,0,0,0,No Group
Manchester City Council - Chorlton,Chorlton Place,2020,November,48,Monday,23 Nov 2020,03:00,0,0,0,0,0,0,No Group
Manchester City Council - Chorlton,Chorlton Place,2020,November,48,Monday,23 Nov 2020,04:00,3,1,4,3,1,4,No Group
Manchester City Council - Chorlton,Chorlton Place,2020,November,48,Monday,23 Nov 2020,05:00,1,0,1,1,0,1,No Group
Manchester City Council - Chorlton,Chorlton Place,2020,November,48,Monday,23 Nov 2020,06:00,0,2,2,0,2,2,No Group
Manchester City Council - Chorlton,Chorlton Place,2020,November,48,Monday,23 Nov 2020,07:00,9,6,15,9,6,15,No Group
Manchester City Council - Chorlton,Chorlton Place,2020,November,48,Monday,23 Nov 2020,08:00,16,24,40,16,24,40,No Group
Manchester City Council - Chorlton,Chorlton Place,2020,November,48,Monday,23 Nov 2020,09:00,45,50,95,45,50,95,No Group
Manchester City Council - Chorlton,Chorlton Place,2020,November,48,Monday,23 Nov 2020,10:00,75,88,163,75,88,163,No Group
Manchester City Council - Chorlton,Chorlton Place,2020,November,48,Monday,23 Nov 2020,11:00,120,145,265,120,145,265,No Group
Manchester City Council - Chorlton,Chorlton Place,2020,November,48,Monday,23 Nov 2020,12:00,89,83,172,89,83,172,No Group
Manchester City Council - Chorlton,Chorlton Place,2020,November,48,Monday,23 Nov 2020,13:00,123,133,256,123,133,256,No Group
Manchester City Council - Chorlton,Chorlton Place,2020,November,48,Monday,23 Nov 2020,14:00,107,108,215,107,108,215,No Group
Manchester City Council - Chorlton,Chorlton Place,2020,November,48,Monday,23 Nov 2020,15:00,89,83,172,89,83,172,No Group
Manchester City Council - Chorlton,Chorlton Place,2020,November,48,Monday,23 Nov 2020,16:00,52,71,123,52,71,123,No Group
Manchester City Council - Chorlton,Chorlton Place,2020,November,48,Monday,23 Nov 2020,17:00,58,61,119,58,61,119,No Group
Manchester City Council - Chorlton,Chorlton Place,2020,November,48,Monday,23 Nov 2020,18:00,54,47,101,54,47,101,No Group
Manchester City Council - Chorlton,Chorlton Place,2020,November,48,Monday,23 Nov 2020,19:00,43,22,65,43,22,65,No Group
Manchester City Council - Chorlton,Chorlton Place,2020,November,48,Monday,23 Nov 2020,20:00,19,20,39,19,20,39,No Group
Manchester City Council - Chorlton,Chorlton Place,2020,November,48,Monday,23 Nov 2020,21:00,9,10,19,9,10,19,No Group
Manchester City Council - Chorlton,Chorlton Place,2020,November,48,Monday,23 Nov 2020,22:00,5,2,7,5,2,7,No Group
Manchester City Council - Chorlton,Chorlton Place,2020,November,48,Monday,23 Nov 2020,23:00,9,3,12,9,3,12,No Group
Manchester City Council - Chorlton,Chorlton Place,2020,November,48,Tuesday,24 Nov 2020,00:00,3,3,6,3,3,6,No Group
Manchester City Council - Chorlton,Chorlton Place,2020,November,48,Tuesday,24 Nov 2020,01:00,10,9,19,10,9,19,No Group
Manchester City Council - Chorlton,Chorlton Place,2020,November,48,Tuesday,24 Nov 2020,02:00,1,3,4,1,3,4,No Group
Manchester City Council - Chorlton,Chorlton Place,2020,November,48,Tuesday,24 Nov 2020,03:00,0,0,0,0,0,0,No Group
Manchester City Council - Chorlton,Chorlton Place,2020,November,48,Tuesday,24 Nov 2020,04:00,0,0,0,0,0,0,No Group
Manchester City Council - Chorlton,Chorlton Place,2020,November,48,Tuesday,24 Nov 2020,05:00,3,2,5,3,2,5,No Group
Manchester City Council - Chorlton,Chorlton Place,2020,November,48,Tuesday,24 Nov 2020,06:00,23,29,52,23,29,52,No Group
Manchester City Council - Chorlton,Chorlton Place,2020,November,48,Tuesday,24 Nov 2020,07:00,10,41,51,10,41,51,No Group
Manchester City Council - Chorlton,Chorlton Place,2020,November,48,Tuesday,24 Nov 2020,08:00,47,55,102,47,55,102,No Group
Manchester City Council - Chorlton,Chorlton Place,2020,November,48,Tuesday,24 Nov 2020,09:00,65,94,159,65,94,159,No Group
Manchester City Council - Chorlton,Chorlton Place,2020,November,48,Tuesday,24 Nov 2020,10:00,87,93,180,87,93,180,No Group
Manchester City Council - Chorlton,Chorlton Place,2020,November,48,Tuesday,24 Nov 2020,11:00,91,96,187,91,96,187,No Group
Manchester City Council - Chorlton,Chorlton Place,2020,November,48,Tuesday,24 Nov 2020,12:00,126,123,249,126,123,249,No Group
Manchester City Council - Chorlton,Chorlton Place,2020,November,48,Tuesday,24 Nov 2020,13:00,97,104,201,97,104,201,No Group
Manchester City Council - Chorlton,Chorlton Place,2020,November,48,Tuesday,24 Nov 2020,14:00,114,119,233,114,119,233,No Group
Manchester City Council - Chorlton,Chorlton Place,2020,November,48,Tuesday,24 Nov 2020,15:00,134,123,257,134,123,257,No Group
Manchester City Council - Chorlton,Chorlton Place,2020,November,48,Tuesday,24 Nov 2020,16:00,80,90,170,80,90,170,No Group
Manchester City Council - Chorlton,Chorlton Place,2020,November,48,Tuesday,24 Nov 2020,17:00,58,51,109,58,51,109,No Group
Manchester City Council - Chorlton,Chorlton Place,2020,November,48,Tuesday,24 Nov 2020,18:00,51,58,109,51,58,109,No Group
Manchester City Council - Chorlton,Chorlton Place,2020,November,48,Tuesday,24 Nov 2020,19:00,30,40,70,30,40,70,No Group
Manchester City Council - Chorlton,Chorlton Place,2020,November,48,Tuesday,24 Nov 2020,20:00,17,18,35,17,18,35,No Group
Manchester City Council - Chorlton,Chorlton Place,2020,November,48,Tuesday,24 Nov 2020,21:00,8,16,24,8,16,24,No Group
Manchester City Council - Chorlton,Chorlton Place,2020,November,48,Tuesday,24 Nov 2020,22:00,7,3,10,7,3,10,No Group
Manchester City Council - Chorlton,Chorlton Place,2020,November,48,Tuesday,24 Nov 2020,23:00,3,1,4,3,1,4,No Group
Manchester City Council - Chorlton,Chorlton Place,2020,November,48,Wednesday,25 Nov 2020,00:00,3,1,4,3,1,4,No Group
Manchester City Council - Chorlton,Chorlton Place,2020,November,48,Wednesday,25 Nov 2020,01:00,2,2,4,2,2,4,No Group
Manchester City Council - Chorlton,Chorlton Place,2020,November,48,Wednesday,25 Nov 2020,02:00,0,0,0,0,0,0,No Group
Manchester City Council - Chorlton,Chorlton Place,2020,November,48,Wednesday,25 Nov 2020,03:00,0,0,0,0,0,0,No Group
Manchester City Council - Chorlton,Chorlton Place,2020,November,48,Wednesday,25 Nov 2020,04:00,0,1,1,0,1,1,No Group
Manchester City Council - Chorlton,Chorlton Place,2020,November,48,Wednesday,25 Nov 2020,05:00,1,3,4,1,3,4,No Group
Manchester City Council - Chorlton,Chorlton Place,2020,November,48,Wednesday,25 Nov 2020,06:00,6,17,23,6,17,23,No Group
Manchester City Council - Chorlton,Chorlton Place,2020,November,48,Wednesday,25 Nov 2020,07:00,11,42,53,11,42,53,No Group
Manchester City Council - Chorlton,Chorlton Place,2020,November,48,Wednesday,25 Nov 2020,08:00,56,91,147,56,91,147,No Group
Manchester City Council - Chorlton,Chorlton Place,2020,November,48,Wednesday,25 Nov 2020,09:00,99,124,223,99,124,223,No Group
Manchester City Council - Chorlton,Chorlton Place,2020,November,48,Wednesday,25 Nov 2020,10:00,88,88,176,88,88,176,No Group
Manchester City Council - Chorlton,Chorlton Place,2020,November,48,Wednesday,25 Nov 2020,11:00,86,98,184,86,98,184,No Group
Manchester City Council - Chorlton,Chorlton Place,2020,November,48,Wednesday,25 Nov 2020,12:00,102,122,224,102,122,224,No Group
Manchester City Council - Chorlton,Chorlton Place,2020,November,48,Wednesday,25 Nov 2020,13:00,145,110,255,145,110,255,No Group
Manchester City Council - Chorlton,Chorlton Place,2020,November,48,Wednesday,25 Nov 2020,14:00,103,97,200,103,97,200,No Group
Manchester City Council - Chorlton,Chorlton Place,2020,November,48,Wednesday,25 Nov 2020,15:00,92,134,226,92,134,226,No Group
Manchester City Council - Chorlton,Chorlton Place,2020,November,48,Wednesday,25 Nov 2020,16:00,67,65,132,67,65,132,No Group
Manchester City Council - Chorlton,Chorlton Place,2020,November,48,Wednesday,25 Nov 2020,17:00,59,61,120,59,61,120,No Group
Manchester City Council - Chorlton,Chorlton Place,2020,November,48,Wednesday,25 Nov 2020,18:00,43,44,87,43,44,87,No Group
Manchester City Council - Chorlton,Chorlton Place,2020,November,48,Wednesday,25 Nov 2020,19:00,17,29,46,17,29,46,No Group
Manchester City Council - Chorlton,Chorlton Place,2020,November,48,Wednesday,25 Nov 2020,20:00,13,11,24,13,11,24,No Group
Manchester City Council - Chorlton,Chorlton Place,2020,November,48,Wednesday,25 Nov 2020,21:00,7,7,14,7,7,14,No Group
Manchester City Council - Chorlton,Chorlton Place,2020,November,48,Wednesday,25 Nov 2020,22:00,1,4,5,1,4,5,No Group
Manchester City Council - Chorlton,Chorlton Place,2020,November,48,Wednesday,25 Nov 2020,23:00,7,2,9,7,2,9,No Group
Manchester City Council - Chorlton,Chorlton Place,2020,November,48,Thursday,26 Nov 2020,00:00,1,1,2,1,1,2,No Group
Manchester City Council - Chorlton,Chorlton Place,2020,November,48,Thursday,26 Nov 2020,01:00,0,0,0,0,0,0,No Group
Manchester City Council - Chorlton,Chorlton Place,2020,November,48,Thursday,26 Nov 2020,02:00,0,1,1,0,1,1,No Group
Manchester City Council - Chorlton,Chorlton Place,2020,November,48,Thursday,26 Nov 2020,03:00,0,0,0,0,0,0,No Group
Manchester City Council - Chorlton,Chorlton Place,2020,November,48,Thursday,26 Nov 2020,04:00,1,0,1,1,0,1,No Group
Manchester City Council - Chorlton,Chorlton Place,2020,November,48,Thursday,26 Nov 2020,05:00,0,2,2,0,2,2,No Group
Manchester City Council - Chorlton,Chorlton Place,2020,November,48,Thursday,26 Nov 2020,06:00,5,20,25,5,20,25,No Group
Manchester City Council - Chorlton,Chorlton Place,2020,November,48,Thursday,26 Nov 2020,07:00,14,31,45,14,31,45,No Group
Manchester City Council - Chorlton,Chorlton Place,2020,November,48,Thursday,26 Nov 2020,08:00,43,65,108,43,65,108,No Group
Manchester City Council - Chorlton,Chorlton Place,2020,November,48,Thursday,26 Nov 2020,09:00,50,64,114,50,64,114,No Group
Manchester City Council - Chorlton,Chorlton Place,2020,November,48,Thursday,26 Nov 2020,10:00,101,108,209,101,108,209,No Group
Manchester City Council - Chorlton,Chorlton Place,2020,November,48,Thursday,26 Nov 2020,11:00,145,112,257,145,112,257,No Group
Manchester City Council - Chorlton,Chorlton Place,2020,November,48,Thursday,26 Nov 2020,12:00,132,138,270,132,138,270,No Group
Manchester City Council - Chorlton,Chorlton Place,2020,November,48,Thursday,26 Nov 2020,13:00,134,131,265,134,131,265,No Group
Manchester City Council - Chorlton,Chorlton Place,2020,November,48,Thursday,26 Nov 2020,14:00,112,117,229,112,117,229,No Group
Manchester City Council - Chorlton,Chorlton Place,2020,November,48,Thursday,26 Nov 2020,15:00,109,104,213,109,104,213,No Group
Manchester City Council - Chorlton,Chorlton Place,2020,November,48,Thursday,26 Nov 2020,16:00,76,80,156,76,80,156,No Group
Manchester City Council - Chorlton,Chorlton Place,2020,November,48,Thursday,26 Nov 2020,17:00,50,60,110,50,60,110,No Group
Manchester City Council - Chorlton,Chorlton Place,2020,November,48,Thursday,26 Nov 2020,18:00,60,35,95,60,35,95,No Group
Manchester City Council - Chorlton,Chorlton Place,2020,November,48,Thursday,26 Nov 2020,19:00,31,36,67,31,36,67,No Group
Manchester City Council - Chorlton,Chorlton Place,2020,November,48,Thursday,26 Nov 2020,20:00,21,13,34,21,13,34,No Group
Manchester City Council - Chorlton,Chorlton Place,2020,November,48,Thursday,26 Nov 2020,21:00,16,14,30,16,14,30,No Group
Manchester City Council - Chorlton,Chorlton Place,2020,November,48,Thursday,26 Nov 2020,22:00,4,7,11,4,7,11,No Group
Manchester City Council - Chorlton,Chorlton Place,2020,November,48,Thursday,26 Nov 2020,23:00,7,6,13,7,6,13,No Group
Manchester City Council - Chorlton,Chorlton Place,2020,November,48,Friday,27 Nov 2020,00:00,1,2,3,1,2,3,No Group
Manchester City Council - Chorlton,Chorlton Place,2020,November,48,Friday,27 Nov 2020,01:00,1,0,1,1,0,1,No Group
Manchester City Council - Chorlton,Chorlton Place,2020,November,48,Friday,27 Nov 2020,02:00,2,0,2,2,0,2,No Group
Manchester City Council - Chorlton,Chorlton Place,2020,November,48,Friday,27 Nov 2020,03:00,0,0,0,0,0,0,No Group
Manchester City Council - Chorlton,Chorlton Place,2020,November,48,Friday,27 Nov 2020,04:00,1,0,1,1,0,1,No Group
Manchester City Council - Chorlton,Chorlton Place,2020,November,48,Friday,27 Nov 2020,05:00,1,3,4,1,3,4,No Group
Manchester City Council - Chorlton,Chorlton Place,2020,November,48,Friday,27 Nov 2020,06:00,5,9,14,5,9,14,No Group
Manchester City Council - Chorlton,Chorlton Place,2020,November,48,Friday,27 Nov 2020,07:00,12,33,45,12,33,45,No Group
Manchester City Council - Chorlton,Chorlton Place,2020,November,48,Friday,27 Nov 2020,08:00,50,65,115,50,65,115,No Group
Manchester City Council - Chorlton,Chorlton Place,2020,November,48,Friday,27 Nov 2020,09:00,76,82,158,76,82,158,No Group
Manchester City Council - Chorlton,Chorlton Place,2020,November,48,Friday,27 Nov 2020,10:00,105,118,223,105,118,223,No Group
Manchester City Council - Chorlton,Chorlton Place,2020,November,48,Friday,27 Nov 2020,11:00,135,135,270,135,135,270,No Group
Manchester City Council - Chorlton,Chorlton Place,2020,November,48,Friday,27 Nov 2020,12:00,136,137,273,136,137,273,No Group
Manchester City Council - Chorlton,Chorlton Place,2020,November,48,Friday,27 Nov 2020,13:00,155,171,326,155,171,326,No Group
Manchester City Council - Chorlton,Chorlton Place,2020,November,48,Friday,27 Nov 2020,14:00,124,132,256,124,132,256,No Group
Manchester City Council - Chorlton,Chorlton Place,2020,November,48,Friday,27 Nov 2020,15:00,133,142,275,133,142,275,No Group
Manchester City Council - Chorlton,Chorlton Place,2020,November,48,Friday,27 Nov 2020,16:00,92,104,196,92,104,196,No Group
Manchester City Council - Chorlton,Chorlton Place,2020,November,48,Friday,27 Nov 2020,17:00,60,90,150,60,90,150,No Group
Manchester City Council - Chorlton,Chorlton Place,2020,November,48,Friday,27 Nov 2020,18:00,64,53,117,64,53,117,No Group
Manchester City Council - Chorlton,Chorlton Place,2020,November,48,Friday,27 Nov 2020,19:00,52,46,98,52,46,98,No Group
Manchester City Council - Chorlton,Chorlton Place,2020,November,48,Friday,27 Nov 2020,20:00,25,18,43,25,18,43,No Group
Manchester City Council - Chorlton,Chorlton Place,2020,November,48,Friday,27 Nov 2020,21:00,8,19,27,8,19,27,No Group
Manchester City Council - Chorlton,Chorlton Place,2020,November,48,Friday,27 Nov 2020,22:00,11,3,14,11,3,14,No Group
Manchester City Council - Chorlton,Chorlton Place,2020,November,48,Friday,27 Nov 2020,23:00,9,2,11,9,2,11,No Group
Manchester City Council - Chorlton,Chorlton Place,2020,November,48,Saturday,28 Nov 2020,00:00,7,5,12,7,5,12,No Group
Manchester City Council - Chorlton,Chorlton Place,2020,November,48,Saturday,28 Nov 2020,01:00,1,0,1,1,0,1,No Group
Manchester City Council - Chorlton,Chorlton Place,2020,November,48,Saturday,28 Nov 2020,02:00,1,1,2,1,1,2,No Group
Manchester City Council - Chorlton,Chorlton Place,2020,November,48,Saturday,28 Nov 2020,03:00,2,1,3,2,1,3,No Group
Manchester City Council - Chorlton,Chorlton Place,2020,November,48,Saturday,28 Nov 2020,04:00,1,2,3,1,2,3,No Group
Manchester City Council - Chorlton,Chorlton Place,2020,November,48,Saturday,28 Nov 2020,05:00,2,5,7,2,5,7,No Group
Manchester City Council - Chorlton,Chorlton Place,2020,November,48,Saturday,28 Nov 2020,06:00,3,3,6,3,3,6,No Group
Manchester City Council - Chorlton,Chorlton Place,2020,November,48,Saturday,28 Nov 2020,07:00,4,10,14,4,10,14,No Group
Manchester City Council - Chorlton,Chorlton Place,2020,November,48,Saturday,28 Nov 2020,08:00,34,42,76,34,42,76,No Group
Manchester City Council - Chorlton,Chorlton Place,2020,November,48,Saturday,28 Nov 2020,09:00,91,109,200,91,109,200,No Group
Manchester City Council - Chorlton,Chorlton Place,2020,November,48,Saturday,28 Nov 2020,10:00,142,166,308,142,166,308,No Group
Manchester City Council - Chorlton,Chorlton Place,2020,November,48,Saturday,28 Nov 2020,11:00,175,189,364,175,189,364,No Group
Manchester City Council - Chorlton,Chorlton Place,2020,November,48,Saturday,28 Nov 2020,12:00,198,197,395,198,197,395,No Group
Manchester City Council - Chorlton,Chorlton Place,2020,November,48,Saturday,28 Nov 2020,13:00,192,207,399,192,207,399,No Group
Manchester City Council - Chorlton,Chorlton Place,2020,November,48,Saturday,28 Nov 2020,14:00,173,186,359,173,186,359,No Group
Manchester City Council - Chorlton,Chorlton Place,2020,November,48,Saturday,28 Nov 2020,15:00,192,196,388,192,196,388,No Group
Manchester City Council - Chorlton,Chorlton Place,2020,November,48,Saturday,28 Nov 2020,16:00,121,125,246,121,125,246,No Group
Manchester City Council - Chorlton,Chorlton Place,2020,November,48,Saturday,28 Nov 2020,17:00,54,71,125,54,71,125,No Group
Manchester City Council - Chorlton,Chorlton Place,2020,November,48,Saturday,28 Nov 2020,18:00,32,23,55,32,23,55,No Group
Manchester City Council - Chorlton,Chorlton Place,2020,November,48,Saturday,28 Nov 2020,19:00,24,25,49,24,25,49,No Group
Manchester City Council - Chorlton,Chorlton Place,2020,November,48,Saturday,28 Nov 2020,20:00,16,14,30,16,14,30,No Group
Manchester City Council - Chorlton,Chorlton Place,2020,November,48,Saturday,28 Nov 2020,21:00,4,4,8,4,4,8,No Group
Manchester City Council - Chorlton,Chorlton Place,2020,November,48,Saturday,28 Nov 2020,22:00,3,5,8,3,5,8,No Group
Manchester City Council - Chorlton,Chorlton Place,2020,November,48,Saturday,28 Nov 2020,23:00,2,4,6,2,4,6,No Group
Manchester City Council - Chorlton,Chorlton Place,2020,November,48,Sunday,29 Nov 2020,00:00,1,1,2,1,1,2,No Group
Manchester City Council - Chorlton,Chorlton Place,2020,November,48,Sunday,29 Nov 2020,01:00,5,3,8,5,3,8,No Group
Manchester City Council - Chorlton,Chorlton Place,2020,November,48,Sunday,29 Nov 2020,02:00,1,4,5,1,4,5,No Group
Manchester City Council - Chorlton,Chorlton Place,2020,November,48,Sunday,29 Nov 2020,03:00,0,1,1,0,1,1,No Group
Manchester City Council - Chorlton,Chorlton Place,2020,November,48,Sunday,29 Nov 2020,04:00,1,0,1,1,0,1,No Group
Manchester City Council - Chorlton,Chorlton Place,2020,November,48,Sunday,29 Nov 2020,05:00,0,0,0,0,0,0,No Group
Manchester City Council - Chorlton,Chorlton Place,2020,November,48,Sunday,29 Nov 2020,06:00,1,0,1,1,0,1,No Group
Manchester City Council - Chorlton,Chorlton Place,2020,November,48,Sunday,29 Nov 2020,07:00,2,9,11,2,9,11,No Group
Manchester City Council - Chorlton,Chorlton Place,2020,November,48,Sunday,29 Nov 2020,08:00,10,22,32,10,22,32,No Group
Manchester City Council - Chorlton,Chorlton Place,2020,November,48,Sunday,29 Nov 2020,09:00,33,38,71,33,38,71,No Group
Manchester City Council - Chorlton,Chorlton Place,2020,November,48,Sunday,29 Nov 2020,10:00,58,56,114,58,56,114,No Group
Manchester City Council - Chorlton,Chorlton Place,2020,November,48,Sunday,29 Nov 2020,11:00,64,85,149,64,85,149,No Group
Manchester City Council - Chorlton,Chorlton Place,2020,November,48,Sunday,29 Nov 2020,12:00,89,93,182,89,93,182,No Group
Manchester City Council - Chorlton,Chorlton Place,2020,November,48,Sunday,29 Nov 2020,13:00,98,109,207,98,109,207,No Group
Manchester City Council - Chorlton,Chorlton Place,2020,November,48,Sunday,29 Nov 2020,14:00,99,106,205,99,106,205,No Group
Manchester City Council - Chorlton,Chorlton Place,2020,November,48,Sunday,29 Nov 2020,15:00,76,86,162,76,86,162,No Group
Manchester City Council - Chorlton,Chorlton Place,2020,November,48,Sunday,29 Nov 2020,16:00,37,47,84,37,47,84,No Group
Manchester City Council - Chorlton,Chorlton Place,2020,November,48,Sunday,29 Nov 2020,17:00,28,27,55,28,27,55,No Group
Manchester City Council - Chorlton,Chorlton Place,2020,November,48,Sunday,29 Nov 2020,18:00,18,28,46,18,28,46,No Group
Manchester City Council - Chorlton,Chorlton Place,2020,November,48,Sunday,29 Nov 2020,19:00,14,12,26,14,12,26,No Group
Manchester City Council - Chorlton,Chorlton Place,2020,November,48,Sunday,29 Nov 2020,20:00,9,12,21,9,12,21,No Group
Manchester City Council - Chorlton,Chorlton Place,2020,November,48,Sunday,29 Nov 2020,21:00,5,11,16,5,11,16,No Group
Manchester City Council - Chorlton,Chorlton Place,2020,November,48,Sunday,29 Nov 2020,22:00,3,6,9,3,6,9,No Group
Manchester City Council - Chorlton,Chorlton Place,2020,November,48,Sunday,29 Nov 2020,23:00,2,0,2,2,0,2,No Group
Manchester City Council - Chorlton,Chorlton Place,2020,December,49,Monday,30 Nov 2020,00:00,1,1,2,1,1,2,No Group
Manchester City Council - Chorlton,Chorlton Place,2020,December,49,Monday,30 Nov 2020,01:00,0,1,1,0,1,1,No Group
Manchester City Council - Chorlton,Chorlton Place,2020,December,49,Monday,30 Nov 2020,02:00,1,1,2,1,1,2,No Group
Manchester City Council - Chorlton,Chorlton Place,2020,December,49,Monday,30 Nov 2020,03:00,0,0,0,0,0,0,No Group
Manchester City Council - Chorlton,Chorlton Place,2020,December,49,Monday,30 Nov 2020,04:00,2,2,4,2,2,4,No Group
Manchester City Council - Chorlton,Chorlton Place,2020,December,49,Monday,30 Nov 2020,05:00,1,2,3,1,2,3,No Group
Manchester City Council - Chorlton,Chorlton Place,2020,December,49,Monday,30 Nov 2020,06:00,5,12,17,5,12,17,No Group
Manchester City Council - Chorlton,Chorlton Place,2020,December,49,Monday,30 Nov 2020,07:00,12,32,44,12,32,44,No Group
Manchester City Council - Chorlton,Chorlton Place,2020,December,49,Monday,30 Nov 2020,08:00,28,57,85,28,57,85,No Group
Manchester City Council - Chorlton,Chorlton Place,2020,December,49,Monday,30 Nov 2020,09:00,57,83,140,57,83,140,No Group
Manchester City Council - Chorlton,Chorlton Place,2020,December,49,Monday,30 Nov 2020,10:00,74,111,185,74,111,185,No Group
Manchester City Council - Chorlton,Chorlton Place,2020,December,49,Monday,30 Nov 2020,11:00,105,127,232,105,127,232,No Group
Manchester City Council - Chorlton,Chorlton Place,2020,December,49,Monday,30 Nov 2020,12:00,114,116,230,114,116,230,No Group
Manchester City Council - Chorlton,Chorlton Place,2020,December,49,Monday,30 Nov 2020,13:00,109,108,217,109,108,217,No Group
Manchester City Council - Chorlton,Chorlton Place,2020,December,49,Monday,30 Nov 2020,14:00,102,109,211,102,109,211,No Group
Manchester City Council - Chorlton,Chorlton Place,2020,December,49,Monday,30 Nov 2020,15:00,106,105,211,106,105,211,No Group
Manchester City Council - Chorlton,Chorlton Place,2020,December,49,Monday,30 Nov 2020,16:00,62,54,116,62,54,116,No Group
Manchester City Council - Chorlton,Chorlton Place,2020,December,49,Monday,30 Nov 2020,17:00,42,47,89,42,47,89,No Group
Manchester City Council - Chorlton,Chorlton Place,2020,December,49,Monday,30 Nov 2020,18:00,36,39,75,36,39,75,No Group
Manchester City Council - Chorlton,Chorlton Place,2020,December,49,Monday,30 Nov 2020,19:00,30,22,52,30,22,52,No Group
Manchester City Council - Chorlton,Chorlton Place,2020,December,49,Monday,30 Nov 2020,20:00,19,16,35,19,16,35,No Group
Manchester City Council - Chorlton,Chorlton Place,2020,December,49,Monday,30 Nov 2020,21:00,5,11,16,5,11,16,No Group
Manchester City Council - Chorlton,Chorlton Place,2020,December,49,Monday,30 Nov 2020,22:00,3,4,7,3,4,7,No Group
Manchester City Council - Chorlton,Chorlton Place,2020,December,49,Monday,30 Nov 2020,23:00,4,3,7,4,3,7,No Group
Manchester City Council - Chorlton,Chorlton Place,2020,December,49,Tuesday,01 Dec 2020,00:00,0,1,1,0,1,1,No Group
Manchester City Council - Chorlton,Chorlton Place,2020,December,49,Tuesday,01 Dec 2020,01:00,0,1,1,0,1,1,No Group
Manchester City Council - Chorlton,Chorlton Place,2020,December,49,Tuesday,01 Dec 2020,02:00,7,0,7,7,0,7,No Group
Manchester City Council - Chorlton,Chorlton Place,2020,December,49,Tuesday,01 Dec 2020,03:00,0,0,0,0,0,0,No Group
Manchester City Council - Chorlton,Chorlton Place,2020,December,49,Tuesday,01 Dec 2020,04:00,0,3,3,0,3,3,No Group
Manchester City Council - Chorlton,Chorlton Place,2020,December,49,Tuesday,01 Dec 2020,05:00,1,2,3,1,2,3,No Group
Manchester City Council - Chorlton,Chorlton Place,2020,December,49,Tuesday,01 Dec 2020,06:00,3,14,17,3,14,17,No Group
Manchester City Council - Chorlton,Chorlton Place,2020,December,49,Tuesday,01 Dec 2020,07:00,10,35,45,10,35,45,No Group
Manchester City Council - Chorlton,Chorlton Place,2020,December,49,Tuesday,01 Dec 2020,08:00,34,60,94,34,60,94,No Group
Manchester City Council - Chorlton,Chorlton Place,2020,December,49,Tuesday,01 Dec 2020,09:00,42,62,104,42,62,104,No Group
Manchester City Council - Chorlton,Chorlton Place,2020,December,49,Tuesday,01 Dec 2020,10:00,61,102,163,61,102,163,No Group
Manchester City Council - Chorlton,Chorlton Place,2020,December,49,Tuesday,01 Dec 2020,11:00,111,146,257,111,146,257,No Group
Manchester City Council - Chorlton,Chorlton Place,2020,December,49,Tuesday,01 Dec 2020,12:00,116,139,255,116,139,255,No Group
Manchester City Council - Chorlton,Chorlton Place,2020,December,49,Tuesday,01 Dec 2020,13:00,147,136,283,147,136,283,No Group
Manchester City Council - Chorlton,Chorlton Place,2020,December,49,Tuesday,01 Dec 2020,14:00,113,109,222,113,109,222,No Group
Manchester City Council - Chorlton,Chorlton Place,2020,December,49,Tuesday,01 Dec 2020,15:00,95,105,200,95,105,200,No Group
Manchester City Council - Chorlton,Chorlton Place,2020,December,49,Tuesday,01 Dec 2020,16:00,97,106,203,97,106,203,No Group
Manchester City Council - Chorlton,Chorlton Place,2020,December,49,Tuesday,01 Dec 2020,17:00,53,42,95,53,42,95,No Group
Manchester City Council - Chorlton,Chorlton Place,2020,December,49,Tuesday,01 Dec 2020,18:00,47,46,93,47,46,93,No Group
Manchester City Council - Chorlton,Chorlton Place,2020,December,49,Tuesday,01 Dec 2020,19:00,41,23,64,41,23,64,No Group
Manchester City Council - Chorlton,Chorlton Place,2020,December,49,Tuesday,01 Dec 2020,20:00,32,27,59,32,27,59,No Group
Manchester City Council - Chorlton,Chorlton Place,2020,December,49,Tuesday,01 Dec 2020,21:00,9,10,19,9,10,19,No Group
Manchester City Council - Chorlton,Chorlton Place,2020,December,49,Tuesday,01 Dec 2020,22:00,8,4,12,8,4,12,No Group
Manchester City Council - Chorlton,Chorlton Place,2020,December,49,Tuesday,01 Dec 2020,23:00,5,1,6,5,1,6,No Group
Manchester City Council - Chorlton,Chorlton Place,2020,December,49,Wednesday,02 Dec 2020,00:00,0,0,0,0,0,0,No Group
Manchester City Council - Chorlton,Chorlton Place,2020,December,49,Wednesday,02 Dec 2020,01:00,0,0,0,0,0,0,No Group
Manchester City Council - Chorlton,Chorlton Place,2020,December,49,Wednesday,02 Dec 2020,02:00,0,1,1,0,1,1,No Group
Manchester City Council - Chorlton,Chorlton Place,2020,December,49,Wednesday,02 Dec 2020,03:00,0,1,1,0,1,1,No Group
Manchester City Council - Chorlton,Chorlton Place,2020,December,49,Wednesday,02 Dec 2020,04:00,1,1,2,1,1,2,No Group
Manchester City Council - Chorlton,Chorlton Place,2020,December,49,Wednesday,02 Dec 2020,05:00,0,5,5,0,5,5,No Group
Manchester City Council - Chorlton,Chorlton Place,2020,December,49,Wednesday,02 Dec 2020,06:00,8,9,17,8,9,17,No Group
Manchester City Council - Chorlton,Chorlton Place,2020,December,49,Wednesday,02 Dec 2020,07:00,11,36,47,11,36,47,No Group
Manchester City Council - Chorlton,Chorlton Place,2020,December,49,Wednesday,02 Dec 2020,08:00,50,68,118,50,68,118,No Group
Manchester City Council - Chorlton,Chorlton Place,2020,December,49,Wednesday,02 Dec 2020,09:00,86,91,177,86,91,177,No Group
Manchester City Council - Chorlton,Chorlton Place,2020,December,49,Wednesday,02 Dec 2020,10:00,95,121,216,95,121,216,No Group
Manchester City Council - Chorlton,Chorlton Place,2020,December,49,Wednesday,02 Dec 2020,11:00,160,197,357,160,197,357,No Group
Manchester City Council - Chorlton,Chorlton Place,2020,December,49,Wednesday,02 Dec 2020,12:00,159,173,332,159,173,332,No Group
Manchester City Council - Chorlton,Chorlton Place,2020,December,49,Wednesday,02 Dec 2020,13:00,156,176,332,156,176,332,No Group
Manchester City Council - Chorlton,Chorlton Place,2020,December,49,Wednesday,02 Dec 2020,14:00,165,159,324,165,159,324,No Group
Manchester City Council - Chorlton,Chorlton Place,2020,December,49,Wednesday,02 Dec 2020,15:00,151,173,324,151,173,324,No Group
Manchester City Council - Chorlton,Chorlton Place,2020,December,49,Wednesday,02 Dec 2020,16:00,97,107,204,97,107,204,No Group
Manchester City Council - Chorlton,Chorlton Place,2020,December,49,Wednesday,02 Dec 2020,17:00,62,85,147,62,85,147,No Group
Manchester City Council - Chorlton,Chorlton Place,2020,December,49,Wednesday,02 Dec 2020,18:00,33,22,55,33,22,55,No Group
Manchester City Council - Chorlton,Chorlton Place,2020,December,49,Wednesday,02 Dec 2020,19:00,17,9,26,17,9,26,No Group
Manchester City Council - Chorlton,Chorlton Place,2020,December,49,Wednesday,02 Dec 2020,20:00,8,2,10,8,2,10,No Group
Manchester City Council - Chorlton,Chorlton Place,2020,December,49,Wednesday,02 Dec 2020,21:00,0,2,2,0,2,2,No Group
Manchester City Council - Chorlton,Chorlton Place,2020,December,49,Wednesday,02 Dec 2020,22:00,1,1,2,1,1,2,No Group
Manchester City Council - Chorlton,Chorlton Place,2020,December,49,Wednesday,02 Dec 2020,23:00,3,0,3,3,0,3,No Group
Manchester City Council - Chorlton,Chorlton Place,2020,December,49,Thursday,03 Dec 2020,00:00,1,0,1,1,0,1,No Group
Manchester City Council - Chorlton,Chorlton Place,2020,December,49,Thursday,03 Dec 2020,01:00,0,1,1,0,1,1,No Group
Manchester City Council - Chorlton,Chorlton Place,2020,December,49,Thursday,03 Dec 2020,02:00,0,0,0,0,0,0,No Group
Manchester City Council - Chorlton,Chorlton Place,2020,December,49,Thursday,03 Dec 2020,03:00,0,0,0,0,0,0,No Group
Manchester City Council - Chorlton,Chorlton Place,2020,December,49,Thursday,03 Dec 2020,04:00,1,0,1,1,0,1,No Group
Manchester City Council - Chorlton,Chorlton Place,2020,December,49,Thursday,03 Dec 2020,05:00,1,2,3,1,2,3,No Group
Manchester City Council - Chorlton,Chorlton Place,2020,December,49,Thursday,03 Dec 2020,06:00,5,14,19,5,14,19,No Group
Manchester City Council - Chorlton,Chorlton Place,2020,December,49,Thursday,03 Dec 2020,07:00,8,36,44,8,36,44,No Group
Manchester City Council - Chorlton,Chorlton Place,2020,December,49,Thursday,03 Dec 2020,08:00,49,78,127,49,78,127,No Group
Manchester City Council - Chorlton,Chorlton Place,2020,December,49,Thursday,03 Dec 2020,09:00,77,91,168,77,91,168,No Group
Manchester City Council - Chorlton,Chorlton Place,2020,December,49,Thursday,03 Dec 2020,10:00,120,133,253,120,133,253,No Group
Manchester City Council - Chorlton,Chorlton Place,2020,December,49,Thursday,03 Dec 2020,11:00,130,175,305,130,175,305,No Group
Manchester City Council - Chorlton,Chorlton Place,2020,December,49,Thursday,03 Dec 2020,12:00,161,173,334,161,173,334,No Group
Manchester City Council - Chorlton,Chorlton Place,2020,December,49,Thursday,03 Dec 2020,13:00,190,181,371,190,181,371,No Group
Manchester City Council - Chorlton,Chorlton Place,2020,December,49,Thursday,03 Dec 2020,14:00,185,197,382,185,197,382,No Group
Manchester City Council - Chorlton,Chorlton Place,2020,December,49,Thursday,03 Dec 2020,15:00,148,134,282,148,134,282,No Group
Manchester City Council - Chorlton,Chorlton Place,2020,December,49,Thursday,03 Dec 2020,16:00,95,93,188,95,93,188,No Group
Manchester City Council - Chorlton,Chorlton Place,2020,December,49,Thursday,03 Dec 2020,17:00,48,46,94,48,46,94,No Group
Manchester City Council - Chorlton,Chorlton Place,2020,December,49,Thursday,03 Dec 2020,18:00,56,35,91,56,35,91,No Group
Manchester City Council - Chorlton,Chorlton Place,2020,December,49,Thursday,03 Dec 2020,19:00,32,37,69,32,37,69,No Group
Manchester City Council - Chorlton,Chorlton Place,2020,December,49,Thursday,03 Dec 2020,20:00,10,16,26,10,16,26,No Group
Manchester City Council - Chorlton,Chorlton Place,2020,December,49,Thursday,03 Dec 2020,21:00,5,8,13,5,8,13,No Group
Manchester City Council - Chorlton,Chorlton Place,2020,December,49,Thursday,03 Dec 2020,22:00,10,7,17,10,7,17,No Group
Manchester City Council - Chorlton,Chorlton Place,2020,December,49,Thursday,03 Dec 2020,23:00,2,5,7,2,5,7,No Group
Manchester City Council - Chorlton,Chorlton Place,2020,December,49,Friday,04 Dec 2020,00:00,1,5,6,1,5,6,No Group
Manchester City Council - Chorlton,Chorlton Place,2020,December,49,Friday,04 Dec 2020,01:00,1,0,1,1,0,1,No Group
Manchester City Council - Chorlton,Chorlton Place,2020,December,49,Friday,04 Dec 2020,02:00,1,0,1,1,0,1,No Group
Manchester City Council - Chorlton,Chorlton Place,2020,December,49,Friday,04 Dec 2020,03:00,0,0,0,0,0,0,No Group
Manchester City Council - Chorlton,Chorlton Place,2020,December,49,Friday,04 Dec 2020,04:00,0,0,0,0,0,0,No Group
Manchester City Council - Chorlton,Chorlton Place,2020,December,49,Friday,04 Dec 2020,05:00,0,2,2,0,2,2,No Group
Manchester City Council - Chorlton,Chorlton Place,2020,December,49,Friday,04 Dec 2020,06:00,7,9,16,7,9,16,No Group
Manchester City Council - Chorlton,Chorlton Place,2020,December,49,Friday,04 Dec 2020,07:00,9,26,35,9,26,35,No Group
Manchester City Council - Chorlton,Chorlton Place,2020,December,49,Friday,04 Dec 2020,08:00,37,83,120,37,83,120,No Group
Manchester City Council - Chorlton,Chorlton Place,2020,December,49,Friday,04 Dec 2020,09:00,88,93,181,88,93,181,No Group
Manchester City Council - Chorlton,Chorlton Place,2020,December,49,Friday,04 Dec 2020,10:00,135,149,284,135,149,284,No Group
Manchester City Council - Chorlton,Chorlton Place,2020,December,49,Friday,04 Dec 2020,11:00,181,189,370,181,189,370,No Group
Manchester City Council - Chorlton,Chorlton Place,2020,December,49,Friday,04 Dec 2020,12:00,190,219,409,190,219,409,No Group
Manchester City Council - Chorlton,Chorlton Place,2020,December,49,Friday,04 Dec 2020,13:00,154,178,332,154,178,332,No Group
Manchester City Council - Chorlton,Chorlton Place,2020,December,49,Friday,04 Dec 2020,14:00,146,151,297,146,151,297,No Group
Manchester City Council - Chorlton,Chorlton Place,2020,December,49,Friday,04 Dec 2020,15:00,174,163,337,174,163,337,No Group
Manchester City Council - Chorlton,Chorlton Place,2020,December,49,Friday,04 Dec 2020,16:00,79,102,181,79,102,181,No Group
Manchester City Council - Chorlton,Chorlton Place,2020,December,49,Friday,04 Dec 2020,17:00,64,77,141,64,77,141,No Group
Manchester City Council - Chorlton,Chorlton Place,2020,December,49,Friday,04 Dec 2020,18:00,48,57,105,48,57,105,No Group
Manchester City Council - Chorlton,Chorlton Place,2020,December,49,Friday,04 Dec 2020,19:00,27,32,59,27,32,59,No Group
Manchester City Council - Chorlton,Chorlton Place,2020,December,49,Friday,04 Dec 2020,20:00,22,36,58,22,36,58,No Group
Manchester City Council - Chorlton,Chorlton Place,2020,December,49,Friday,04 Dec 2020,21:00,10,9,19,10,9,19,No Group
Manchester City Council - Chorlton,Chorlton Place,2020,December,49,Friday,04 Dec 2020,22:00,7,14,21,7,14,21,No Group
Manchester City Council - Chorlton,Chorlton Place,2020,December,49,Friday,04 Dec 2020,23:00,3,6,9,3,6,9,No Group
Manchester City Council - Chorlton,Chorlton Place,2020,December,49,Saturday,05 Dec 2020,00:00,5,1,6,5,1,6,No Group
Manchester City Council - Chorlton,Chorlton Place,2020,December,49,Saturday,05 Dec 2020,01:00,0,0,0,0,0,0,No Group
Manchester City Council - Chorlton,Chorlton Place,2020,December,49,Saturday,05 Dec 2020,02:00,2,0,2,2,0,2,No Group
Manchester City Council - Chorlton,Chorlton Place,2020,December,49,Saturday,05 Dec 2020,03:00,1,0,1,1,0,1,No Group
Manchester City Council - Chorlton,Chorlton Place,2020,December,49,Saturday,05 Dec 2020,04:00,1,2,3,1,2,3,No Group
Manchester City Council - Chorlton,Chorlton Place,2020,December,49,Saturday,05 Dec 2020,05:00,1,3,4,1,3,4,No Group
Manchester City Council - Chorlton,Chorlton Place,2020,December,49,Saturday,05 Dec 2020,06:00,0,6,6,0,6,6,No Group
Manchester City Council - Chorlton,Chorlton Place,2020,December,49,Saturday,05 Dec 2020,07:00,14,13,27,14,13,27,No Group
Manchester City Council - Chorlton,Chorlton Place,2020,December,49,Saturday,05 Dec 2020,08:00,32,40,72,32,40,72,No Group
Manchester City Council - Chorlton,Chorlton Place,2020,December,49,Saturday,05 Dec 2020,09:00,87,109,196,87,109,196,No Group
Manchester City Council - Chorlton,Chorlton Place,2020,December,49,Saturday,05 Dec 2020,10:00,240,248,488,240,248,488,No Group
Manchester City Council - Chorlton,Chorlton Place,2020,December,49,Saturday,05 Dec 2020,11:00,317,563,880,317,563,880,No Group
Manchester City Council - Chorlton,Chorlton Place,2020,December,49,Saturday,05 Dec 2020,12:00,257,263,520,257,263,520,No Group
Manchester City Council - Chorlton,Chorlton Place,2020,December,49,Saturday,05 Dec 2020,13:00,251,266,517,251,266,517,No Group
Manchester City Council - Chorlton,Chorlton Place,2020,December,49,Saturday,05 Dec 2020,14:00,303,309,612,303,309,612,No Group
Manchester City Council - Chorlton,Chorlton Place,2020,December,49,Saturday,05 Dec 2020,15:00,273,247,520,273,247,520,No Group
Manchester City Council - Chorlton,Chorlton Place,2020,December,49,Saturday,05 Dec 2020,16:00,158,156,314,158,156,314,No Group
Manchester City Council - Chorlton,Chorlton Place,2020,December,49,Saturday,05 Dec 2020,17:00,56,45,101,56,45,101,No Group
Manchester City Council - Chorlton,Chorlton Place,2020,December,49,Saturday,05 Dec 2020,18:00,43,36,79,43,36,79,No Group
Manchester City Council - Chorlton,Chorlton Place,2020,December,49,Saturday,05 Dec 2020,19:00,32,28,60,32,28,60,No Group
Manchester City Council - Chorlton,Chorlton Place,2020,December,49,Saturday,05 Dec 2020,20:00,25,21,46,25,21,46,No Group
Manchester City Council - Chorlton,Chorlton Place,2020,December,49,Saturday,05 Dec 2020,21:00,11,14,25,11,14,25,No Group
Manchester City Council - Chorlton,Chorlton Place,2020,December,49,Saturday,05 Dec 2020,22:00,14,12,26,14,12,26,No Group
Manchester City Council - Chorlton,Chorlton Place,2020,December,49,Saturday,05 Dec 2020,23:00,6,4,10,6,4,10,No Group
Manchester City Council - Chorlton,Chorlton Place,2020,December,49,Sunday,06 Dec 2020,00:00,7,6,13,7,6,13,No Group
Manchester City Council - Chorlton,Chorlton Place,2020,December,49,Sunday,06 Dec 2020,01:00,2,1,3,2,1,3,No Group
Manchester City Council - Chorlton,Chorlton Place,2020,December,49,Sunday,06 Dec 2020,02:00,3,2,5,3,2,5,No Group
Manchester City Council - Chorlton,Chorlton Place,2020,December,49,Sunday,06 Dec 2020,03:00,1,0,1,1,0,1,No Group
Manchester City Council - Chorlton,Chorlton Place,2020,December,49,Sunday,06 Dec 2020,04:00,3,1,4,3,1,4,No Group
Manchester City Council - Chorlton,Chorlton Place,2020,December,49,Sunday,06 Dec 2020,05:00,0,0,0,0,0,0,No Group
Manchester City Council - Chorlton,Chorlton Place,2020,December,49,Sunday,06 Dec 2020,06:00,4,1,5,4,1,5,No Group
Manchester City Council - Chorlton,Chorlton Place,2020,December,49,Sunday,06 Dec 2020,07:00,1,7,8,1,7,8,No Group
Manchester City Council - Chorlton,Chorlton Place,2020,December,49,Sunday,06 Dec 2020,08:00,9,11,20,9,11,20,No Group
Manchester City Council - Chorlton,Chorlton Place,2020,December,49,Sunday,06 Dec 2020,09:00,24,24,48,24,24,48,No Group
Manchester City Council - Chorlton,Chorlton Place,2020,December,49,Sunday,06 Dec 2020,10:00,47,43,90,47,43,90,No Group
Manchester City Council - Chorlton,Chorlton Place,2020,December,49,Sunday,06 Dec 2020,11:00,88,70,158,88,70,158,No Group
Manchester City Council - Chorlton,Chorlton Place,2020,December,49,Sunday,06 Dec 2020,12:00,78,78,156,78,78,156,No Group
Manchester City Council - Chorlton,Chorlton Place,2020,December,49,Sunday,06 Dec 2020,13:00,111,81,192,111,81,192,No Group
Manchester City Council - Chorlton,Chorlton Place,2020,December,49,Sunday,06 Dec 2020,14:00,110,73,183,110,73,183,No Group
Manchester City Council - Chorlton,Chorlton Place,2020,December,49,Sunday,06 Dec 2020,15:00,75,78,153,75,78,153,No Group
Manchester City Council - Chorlton,Chorlton Place,2020,December,49,Sunday,06 Dec 2020,16:00,27,41,68,27,41,68,No Group
Manchester City Council - Chorlton,Chorlton Place,2020,December,49,Sunday,06 Dec 2020,17:00,21,17,38,21,17,38,No Group
Manchester City Council - Chorlton,Chorlton Place,2020,December,49,Sunday,06 Dec 2020,18:00,19,27,46,19,27,46,No Group
Manchester City Council - Chorlton,Chorlton Place,2020,December,49,Sunday,06 Dec 2020,19:00,12,17,29,12,17,29,No Group
Manchester City Council - Chorlton,Chorlton Place,2020,December,49,Sunday,06 Dec 2020,20:00,12,11,23,12,11,23,No Group
Manchester City Council - Chorlton,Chorlton Place,2020,December,49,Sunday,06 Dec 2020,21:00,5,6,11,5,6,11,No Group
Manchester City Council - Chorlton,Chorlton Place,2020,December,49,Sunday,06 Dec 2020,22:00,1,1,2,1,1,2,No Group
Manchester City Council - Chorlton,Chorlton Place,2020,December,49,Sunday,06 Dec 2020,23:00,2,2,4,2,2,4,No Group
Manchester City Council - Chorlton,Chorlton Place,2020,December,50,Monday,07 Dec 2020,00:00,2,1,3,2,1,3,No Group
Manchester City Council - Chorlton,Chorlton Place,2020,December,50,Monday,07 Dec 2020,01:00,0,1,1,0,1,1,No Group
Manchester City Council - Chorlton,Chorlton Place,2020,December,50,Monday,07 Dec 2020,02:00,0,0,0,0,0,0,No Group
Manchester City Council - Chorlton,Chorlton Place,2020,December,50,Monday,07 Dec 2020,03:00,1,0,1,1,0,1,No Group
Manchester City Council - Chorlton,Chorlton Place,2020,December,50,Monday,07 Dec 2020,04:00,0,1,1,0,1,1,No Group
Manchester City Council - Chorlton,Chorlton Place,2020,December,50,Monday,07 Dec 2020,05:00,0,4,4,0,4,4,No Group
Manchester City Council - Chorlton,Chorlton Place,2020,December,50,Monday,07 Dec 2020,06:00,7,17,24,7,17,24,No Group
Manchester City Council - Chorlton,Chorlton Place,2020,December,50,Monday,07 Dec 2020,07:00,10,36,46,10,36,46,No Group
Manchester City Council - Chorlton,Chorlton Place,2020,December,50,Monday,07 Dec 2020,08:00,26,63,89,26,63,89,No Group
Manchester City Council - Chorlton,Chorlton Place,2020,December,50,Monday,07 Dec 2020,09:00,68,95,163,68,95,163,No Group
Manchester City Council - Chorlton,Chorlton Place,2020,December,50,Monday,07 Dec 2020,10:00,95,121,216,95,121,216,No Group
Manchester City Council - Chorlton,Chorlton Place,2020,December,50,Monday,07 Dec 2020,11:00,128,135,263,128,135,263,No Group
Manchester City Council - Chorlton,Chorlton Place,2020,December,50,Monday,07 Dec 2020,12:00,135,141,276,135,141,276,No Group
Manchester City Council - Chorlton,Chorlton Place,2020,December,50,Monday,07 Dec 2020,13:00,170,179,349,170,179,349,No Group
Manchester City Council - Chorlton,Chorlton Place,2020,December,50,Monday,07 Dec 2020,14:00,141,158,299,141,158,299,No Group
Manchester City Council - Chorlton,Chorlton Place,2020,December,50,Monday,07 Dec 2020,15:00,143,158,301,143,158,301,No Group
Manchester City Council - Chorlton,Chorlton Place,2020,December,50,Monday,07 Dec 2020,16:00,88,95,183,88,95,183,No Group
Manchester City Council - Chorlton,Chorlton Place,2020,December,50,Monday,07 Dec 2020,17:00,57,60,117,57,60,117,No Group
Manchester City Council - Chorlton,Chorlton Place,2020,December,50,Monday,07 Dec 2020,18:00,48,31,79,48,31,79,No Group
Manchester City Council - Chorlton,Chorlton Place,2020,December,50,Monday,07 Dec 2020,19:00,25,20,45,25,20,45,No Group
Manchester City Council - Chorlton,Chorlton Place,2020,December,50,Monday,07 Dec 2020,20:00,10,17,27,10,17,27,No Group
Manchester City Council - Chorlton,Chorlton Place,2020,December,50,Monday,07 Dec 2020,21:00,7,11,18,7,11,18,No Group
Manchester City Council - Chorlton,Chorlton Place,2020,December,50,Monday,07 Dec 2020,22:00,7,8,15,7,8,15,No Group
Manchester City Council - Chorlton,Chorlton Place,2020,December,50,Monday,07 Dec 2020,23:00,6,1,7,6,1,7,No Group
Manchester City Council - Chorlton,Chorlton Place,2020,December,50,Tuesday,08 Dec 2020,00:00,0,0,0,0,0,0,No Group
Manchester City Council - Chorlton,Chorlton Place,2020,December,50,Tuesday,08 Dec 2020,01:00,0,0,0,0,0,0,No Group
Manchester City Council - Chorlton,Chorlton Place,2020,December,50,Tuesday,08 Dec 2020,02:00,6,8,14,6,8,14,No Group
Manchester City Council - Chorlton,Chorlton Place,2020,December,50,Tuesday,08 Dec 2020,03:00,0,2,2,0,2,2,No Group
Manchester City Council - Chorlton,Chorlton Place,2020,December,50,Tuesday,08 Dec 2020,04:00,0,0,0,0,0,0,No Group
Manchester City Council - Chorlton,Chorlton Place,2020,December,50,Tuesday,08 Dec 2020,05:00,0,4,4,0,4,4,No Group
Manchester City Council - Chorlton,Chorlton Place,2020,December,50,Tuesday,08 Dec 2020,06:00,10,16,26,10,16,26,No Group
Manchester City Council - Chorlton,Chorlton Place,2020,December,50,Tuesday,08 Dec 2020,07:00,6,36,42,6,36,42,No Group
Manchester City Council - Chorlton,Chorlton Place,2020,December,50,Tuesday,08 Dec 2020,08:00,49,57,106,49,57,106,No Group
Manchester City Council - Chorlton,Chorlton Place,2020,December,50,Tuesday,08 Dec 2020,09:00,84,99,183,84,99,183,No Group
Manchester City Council - Chorlton,Chorlton Place,2020,December,50,Tuesday,08 Dec 2020,10:00,117,133,250,117,133,250,No Group
Manchester City Council - Chorlton,Chorlton Place,2020,December,50,Tuesday,08 Dec 2020,11:00,165,139,304,165,139,304,No Group
Manchester City Council - Chorlton,Chorlton Place,2020,December,50,Tuesday,08 Dec 2020,12:00,138,159,297,138,159,297,No Group
Manchester City Council - Chorlton,Chorlton Place,2020,December,50,Tuesday,08 Dec 2020,13:00,156,139,295,156,139,295,No Group
Manchester City Council - Chorlton,Chorlton Place,2020,December,50,Tuesday,08 Dec 2020,14:00,148,174,322,148,174,322,No Group
Manchester City Council - Chorlton,Chorlton Place,2020,December,50,Tuesday,08 Dec 2020,15:00,173,131,304,173,131,304,No Group
Manchester City Council - Chorlton,Chorlton Place,2020,December,50,Tuesday,08 Dec 2020,16:00,70,88,158,70,88,158,No Group
Manchester City Council - Chorlton,Chorlton Place,2020,December,50,Tuesday,08 Dec 2020,17:00,48,67,115,48,67,115,No Group
Manchester City Council - Chorlton,Chorlton Place,2020,December,50,Tuesday,08 Dec 2020,18:00,40,42,82,40,42,82,No Group
Manchester City Council - Chorlton,Chorlton Place,2020,December,50,Tuesday,08 Dec 2020,19:00,20,25,45,20,25,45,No Group
Manchester City Council - Chorlton,Chorlton Place,2020,December,50,Tuesday,08 Dec 2020,20:00,15,12,27,15,12,27,No Group
Manchester City Council - Chorlton,Chorlton Place,2020,December,50,Tuesday,08 Dec 2020,21:00,10,7,17,10,7,17,No Group
Manchester City Council - Chorlton,Chorlton Place,2020,December,50,Tuesday,08 Dec 2020,22:00,7,18,25,7,18,25,No Group
Manchester City Council - Chorlton,Chorlton Place,2020,December,50,Tuesday,08 Dec 2020,23:00,4,5,9,4,5,9,No Group
Manchester City Council - Chorlton,Chorlton Place,2020,December,50,Wednesday,09 Dec 2020,00:00,2,0,2,2,0,2,No Group
Manchester City Council - Chorlton,Chorlton Place,2020,December,50,Wednesday,09 Dec 2020,01:00,0,0,0,0,0,0,No Group
Manchester City Council - Chorlton,Chorlton Place,2020,December,50,Wednesday,09 Dec 2020,02:00,0,0,0,0,0,0,No Group
Manchester City Council - Chorlton,Chorlton Place,2020,December,50,Wednesday,09 Dec 2020,03:00,1,0,1,1,0,1,No Group
Manchester City Council - Chorlton,Chorlton Place,2020,December,50,Wednesday,09 Dec 2020,04:00,1,2,3,1,2,3,No Group
Manchester City Council - Chorlton,Chorlton Place,2020,December,50,Wednesday,09 Dec 2020,05:00,0,4,4,0,4,4,No Group
Manchester City Council - Chorlton,Chorlton Place,2020,December,50,Wednesday,09 Dec 2020,06:00,7,22,29,7,22,29,No Group
Manchester City Council - Chorlton,Chorlton Place,2020,December,50,Wednesday,09 Dec 2020,07:00,11,47,58,11,47,58,No Group
Manchester City Council - Chorlton,Chorlton Place,2020,December,50,Wednesday,09 Dec 2020,08:00,51,78,129,51,78,129,No Group
Manchester City Council - Chorlton,Chorlton Place,2020,December,50,Wednesday,09 Dec 2020,09:00,90,109,199,90,109,199,No Group
Manchester City Council - Chorlton,Chorlton Place,2020,December,50,Wednesday,09 Dec 2020,10:00,120,145,265,120,145,265,No Group
Manchester City Council - Chorlton,Chorlton Place,2020,December,50,Wednesday,09 Dec 2020,11:00,117,137,254,117,137,254,No Group
Manchester City Council - Chorlton,Chorlton Place,2020,December,50,Wednesday,09 Dec 2020,12:00,160,189,349,160,189,349,No Group
Manchester City Council - Chorlton,Chorlton Place,2020,December,50,Wednesday,09 Dec 2020,13:00,157,171,328,157,171,328,No Group
Manchester City Council - Chorlton,Chorlton Place,2020,December,50,Wednesday,09 Dec 2020,14:00,184,151,335,184,151,335,No Group
Manchester City Council - Chorlton,Chorlton Place,2020,December,50,Wednesday,09 Dec 2020,15:00,144,166,310,144,166,310,No Group
Manchester City Council - Chorlton,Chorlton Place,2020,December,50,Wednesday,09 Dec 2020,16:00,95,107,202,95,107,202,No Group
Manchester City Council - Chorlton,Chorlton Place,2020,December,50,Wednesday,09 Dec 2020,17:00,82,71,153,82,71,153,No Group
Manchester City Council - Chorlton,Chorlton Place,2020,December,50,Wednesday,09 Dec 2020,18:00,71,42,113,71,42,113,No Group
Manchester City Council - Chorlton,Chorlton Place,2020,December,50,Wednesday,09 Dec 2020,19:00,32,30,62,32,30,62,No Group
Manchester City Council - Chorlton,Chorlton Place,2020,December,50,Wednesday,09 Dec 2020,20:00,20,29,49,20,29,49,No Group
Manchester City Council - Chorlton,Chorlton Place,2020,December,50,Wednesday,09 Dec 2020,21:00,8,10,18,8,10,18,No Group
Manchester City Council - Chorlton,Chorlton Place,2020,December,50,Wednesday,09 Dec 2020,22:00,4,11,15,4,11,15,No Group
Manchester City Council - Chorlton,Chorlton Place,2020,December,50,Wednesday,09 Dec 2020,23:00,2,5,7,2,5,7,No Group
Manchester City Council - Chorlton,Chorlton Place,2020,December,50,Thursday,10 Dec 2020,00:00,0,2,2,0,2,2,No Group
Manchester City Council - Chorlton,Chorlton Place,2020,December,50,Thursday,10 Dec 2020,01:00,0,1,1,0,1,1,No Group
Manchester City Council - Chorlton,Chorlton Place,2020,December,50,Thursday,10 Dec 2020,02:00,0,0,0,0,0,0,No Group
Manchester City Council - Chorlton,Chorlton Place,2020,December,50,Thursday,10 Dec 2020,03:00,0,0,0,0,0,0,No Group
Manchester City Council - Chorlton,Chorlton Place,2020,December,50,Thursday,10 Dec 2020,04:00,2,1,3,2,1,3,No Group
Manchester City Council - Chorlton,Chorlton Place,2020,December,50,Thursday,10 Dec 2020,05:00,0,3,3,0,3,3,No Group
Manchester City Council - Chorlton,Chorlton Place,2020,December,50,Thursday,10 Dec 2020,06:00,9,13,22,9,13,22,No Group
Manchester City Council - Chorlton,Chorlton Place,2020,December,50,Thursday,10 Dec 2020,07:00,11,31,42,11,31,42,No Group
Manchester City Council - Chorlton,Chorlton Place,2020,December,50,Thursday,10 Dec 2020,08:00,46,65,111,46,65,111,No Group
Manchester City Council - Chorlton,Chorlton Place,2020,December,50,Thursday,10 Dec 2020,09:00,80,92,172,80,92,172,No Group
Manchester City Council - Chorlton,Chorlton Place,2020,December,50,Thursday,10 Dec 2020,10:00,114,119,233,114,119,233,No Group
Manchester City Council - Chorlton,Chorlton Place,2020,December,50,Thursday,10 Dec 2020,11:00,112,129,241,112,129,241,No Group
Manchester City Council - Chorlton,Chorlton Place,2020,December,50,Thursday,10 Dec 2020,12:00,159,158,317,159,158,317,No Group
Manchester City Council - Chorlton,Chorlton Place,2020,December,50,Thursday,10 Dec 2020,13:00,151,152,303,151,152,303,No Group
Manchester City Council - Chorlton,Chorlton Place,2020,December,50,Thursday,10 Dec 2020,14:00,153,168,321,153,168,321,No Group
Manchester City Council - Chorlton,Chorlton Place,2020,December,50,Thursday,10 Dec 2020,15:00,144,159,303,144,159,303,No Group
Manchester City Council - Chorlton,Chorlton Place,2020,December,50,Thursday,10 Dec 2020,16:00,100,115,215,100,115,215,No Group
Manchester City Council - Chorlton,Chorlton Place,2020,December,50,Thursday,10 Dec 2020,17:00,63,78,141,63,78,141,No Group
Manchester City Council - Chorlton,Chorlton Place,2020,December,50,Thursday,10 Dec 2020,18:00,57,39,96,57,39,96,No Group
Manchester City Council - Chorlton,Chorlton Place,2020,December,50,Thursday,10 Dec 2020,19:00,44,50,94,44,50,94,No Group
Manchester City Council - Chorlton,Chorlton Place,2020,December,50,Thursday,10 Dec 2020,20:00,24,23,47,24,23,47,No Group
Manchester City Council - Chorlton,Chorlton Place,2020,December,50,Thursday,10 Dec 2020,21:00,4,16,20,4,16,20,No Group
Manchester City Council - Chorlton,Chorlton Place,2020,December,50,Thursday,10 Dec 2020,22:00,4,9,13,4,9,13,No Group
Manchester City Council - Chorlton,Chorlton Place,2020,December,50,Thursday,10 Dec 2020,23:00,2,5,7,2,5,7,No Group
Manchester City Council - Chorlton,Chorlton Place,2020,December,50,Friday,11 Dec 2020,00:00,3,4,7,3,4,7,No Group
Manchester City Council - Chorlton,Chorlton Place,2020,December,50,Friday,11 Dec 2020,01:00,0,1,1,0,1,1,No Group
Manchester City Council - Chorlton,Chorlton Place,2020,December,50,Friday,11 Dec 2020,02:00,1,1,2,1,1,2,No Group
Manchester City Council - Chorlton,Chorlton Place,2020,December,50,Friday,11 Dec 2020,03:00,2,1,3,2,1,3,No Group
Manchester City Council - Chorlton,Chorlton Place,2020,December,50,Friday,11 Dec 2020,04:00,0,1,1,0,1,1,No Group
Manchester City Council - Chorlton,Chorlton Place,2020,December,50,Friday,11 Dec 2020,05:00,0,7,7,0,7,7,No Group
Manchester City Council - Chorlton,Chorlton Place,2020,December,50,Friday,11 Dec 2020,06:00,9,23,32,9,23,32,No Group
Manchester City Council - Chorlton,Chorlton Place,2020,December,50,Friday,11 Dec 2020,07:00,11,38,49,11,38,49,No Group
Manchester City Council - Chorlton,Chorlton Place,2020,December,50,Friday,11 Dec 2020,08:00,36,75,111,36,75,111,No Group
Manchester City Council - Chorlton,Chorlton Place,2020,December,50,Friday,11 Dec 2020,09:00,102,109,211,102,109,211,No Group
Manchester City Council - Chorlton,Chorlton Place,2020,December,50,Friday,11 Dec 2020,10:00,168,192,360,168,192,360,No Group
Manchester City Council - Chorlton,Chorlton Place,2020,December,50,Friday,11 Dec 2020,11:00,235,221,456,235,221,456,No Group
Manchester City Council - Chorlton,Chorlton Place,2020,December,50,Friday,11 Dec 2020,12:00,196,199,395,196,199,395,No Group
Manchester City Council - Chorlton,Chorlton Place,2020,December,50,Friday,11 Dec 2020,13:00,186,205,391,186,205,391,No Group
Manchester City Council - Chorlton,Chorlton Place,2020,December,50,Friday,11 Dec 2020,14:00,182,200,382,182,200,382,No Group
Manchester City Council - Chorlton,Chorlton Place,2020,December,50,Friday,11 Dec 2020,15:00,176,177,353,176,177,353,No Group
Manchester City Council - Chorlton,Chorlton Place,2020,December,50,Friday,11 Dec 2020,16:00,115,141,256,115,141,256,No Group
Manchester City Council - Chorlton,Chorlton Place,2020,December,50,Friday,11 Dec 2020,17:00,73,69,142,73,69,142,No Group
Manchester City Council - Chorlton,Chorlton Place,2020,December,50,Friday,11 Dec 2020,18:00,63,59,122,63,59,122,No Group
Manchester City Council - Chorlton,Chorlton Place,2020,December,50,Friday,11 Dec 2020,19:00,42,40,82,42,40,82,No Group
Manchester City Council - Chorlton,Chorlton Place,2020,December,50,Friday,11 Dec 2020,20:00,24,18,42,24,18,42,No Group
Manchester City Council - Chorlton,Chorlton Place,2020,December,50,Friday,11 Dec 2020,21:00,14,21,35,14,21,35,No Group
Manchester City Council - Chorlton,Chorlton Place,2020,December,50,Friday,11 Dec 2020,22:00,9,8,17,9,8,17,No Group
Manchester City Council - Chorlton,Chorlton Place,2020,December,50,Friday,11 Dec 2020,23:00,5,17,22,5,17,22,No Group
Manchester City Council - Chorlton,Chorlton Place,2020,December,50,Saturday,12 Dec 2020,00:00,3,1,4,3,1,4,No Group
Manchester City Council - Chorlton,Chorlton Place,2020,December,50,Saturday,12 Dec 2020,01:00,1,3,4,1,3,4,No Group
Manchester City Council - Chorlton,Chorlton Place,2020,December,50,Saturday,12 Dec 2020,02:00,0,1,1,0,1,1,No Group
Manchester City Council - Chorlton,Chorlton Place,2020,December,50,Saturday,12 Dec 2020,03:00,0,0,0,0,0,0,No Group
Manchester City Council - Chorlton,Chorlton Place,2020,December,50,Saturday,12 Dec 2020,04:00,2,2,4,2,2,4,No Group
Manchester City Council - Chorlton,Chorlton Place,2020,December,50,Saturday,12 Dec 2020,05:00,1,7,8,1,7,8,No Group
Manchester City Council - Chorlton,Chorlton Place,2020,December,50,Saturday,12 Dec 2020,06:00,3,8,11,3,8,11,No Group
Manchester City Council - Chorlton,Chorlton Place,2020,December,50,Saturday,12 Dec 2020,07:00,7,13,20,7,13,20,No Group
Manchester City Council - Chorlton,Chorlton Place,2020,December,50,Saturday,12 Dec 2020,08:00,44,60,104,44,60,104,No Group
Manchester City Council - Chorlton,Chorlton Place,2020,December,50,Saturday,12 Dec 2020,09:00,109,121,230,109,121,230,No Group
Manchester City Council - Chorlton,Chorlton Place,2020,December,50,Saturday,12 Dec 2020,10:00,191,182,373,191,182,373,No Group
Manchester City Council - Chorlton,Chorlton Place,2020,December,50,Saturday,12 Dec 2020,11:00,224,265,489,224,265,489,No Group
Manchester City Council - Chorlton,Chorlton Place,2020,December,50,Saturday,12 Dec 2020,12:00,364,289,653,364,289,653,No Group
Manchester City Council - Chorlton,Chorlton Place,2020,December,50,Saturday,12 Dec 2020,13:00,218,216,434,218,216,434,No Group
Manchester City Council - Chorlton,Chorlton Place,2020,December,50,Saturday,12 Dec 2020,14:00,218,204,422,218,204,422,No Group
Manchester City Council - Chorlton,Chorlton Place,2020,December,50,Saturday,12 Dec 2020,15:00,171,215,386,171,215,386,No Group
Manchester City Council - Chorlton,Chorlton Place,2020,December,50,Saturday,12 Dec 2020,16:00,143,147,290,143,147,290,No Group
Manchester City Council - Chorlton,Chorlton Place,2020,December,50,Saturday,12 Dec 2020,17:00,81,76,157,81,76,157,No Group
Manchester City Council - Chorlton,Chorlton Place,2020,December,50,Saturday,12 Dec 2020,18:00,38,31,69,38,31,69,No Group
Manchester City Council - Chorlton,Chorlton Place,2020,December,50,Saturday,12 Dec 2020,19:00,23,24,47,23,24,47,No Group
Manchester City Council - Chorlton,Chorlton Place,2020,December,50,Saturday,12 Dec 2020,20:00,23,17,40,23,17,40,No Group
Manchester City Council - Chorlton,Chorlton Place,2020,December,50,Saturday,12 Dec 2020,21:00,9,14,23,9,14,23,No Group
Manchester City Council - Chorlton,Chorlton Place,2020,December,50,Saturday,12 Dec 2020,22:00,13,9,22,13,9,22,No Group
Manchester City Council - Chorlton,Chorlton Place,2020,December,50,Saturday,12 Dec 2020,23:00,8,8,16,8,8,16,No Group
Manchester City Council - Chorlton,Chorlton Place,2020,December,50,Sunday,13 Dec 2020,00:00,7,3,10,7,3,10,No Group
Manchester City Council - Chorlton,Chorlton Place,2020,December,50,Sunday,13 Dec 2020,01:00,0,1,1,0,1,1,No Group
Manchester City Council - Chorlton,Chorlton Place,2020,December,50,Sunday,13 Dec 2020,02:00,2,0,2,2,0,2,No Group
Manchester City Council - Chorlton,Chorlton Place,2020,December,50,Sunday,13 Dec 2020,03:00,1,0,1,1,0,1,No Group
Manchester City Council - Chorlton,Chorlton Place,2020,December,50,Sunday,13 Dec 2020,04:00,0,0,0,0,0,0,No Group
Manchester City Council - Chorlton,Chorlton Place,2020,December,50,Sunday,13 Dec 2020,05:00,0,0,0,0,0,0,No Group
Manchester City Council - Chorlton,Chorlton Place,2020,December,50,Sunday,13 Dec 2020,06:00,2,1,3,2,1,3,No Group
Manchester City Council - Chorlton,Chorlton Place,2020,December,50,Sunday,13 Dec 2020,07:00,8,12,20,8,12,20,No Group
Manchester City Council - Chorlton,Chorlton Place,2020,December,50,Sunday,13 Dec 2020,08:00,21,41,62,21,41,62,No Group
Manchester City Council - Chorlton,Chorlton Place,2020,December,50,Sunday,13 Dec 2020,09:00,34,28,62,34,28,62,No Group
Manchester City Council - Chorlton,Chorlton Place,2020,December,50,Sunday,13 Dec 2020,10:00,62,74,136,62,74,136,No Group
Manchester City Council - Chorlton,Chorlton Place,2020,December,50,Sunday,13 Dec 2020,11:00,86,72,158,86,72,158,No Group
Manchester City Council - Chorlton,Chorlton Place,2020,December,50,Sunday,13 Dec 2020,12:00,69,89,158,69,89,158,No Group
Manchester City Council - Chorlton,Chorlton Place,2020,December,50,Sunday,13 Dec 2020,13:00,114,118,232,114,118,232,No Group
Manchester City Council - Chorlton,Chorlton Place,2020,December,50,Sunday,13 Dec 2020,14:00,130,122,252,130,122,252,No Group
Manchester City Council - Chorlton,Chorlton Place,2020,December,50,Sunday,13 Dec 2020,15:00,101,118,219,101,118,219,No Group
Manchester City Council - Chorlton,Chorlton Place,2020,December,50,Sunday,13 Dec 2020,16:00,20,12,32,20,12,32,No Group
Manchester City Council - Chorlton,Chorlton Place,2020,December,50,Sunday,13 Dec 2020,17:00,18,26,44,18,26,44,No Group
Manchester City Council - Chorlton,Chorlton Place,2020,December,50,Sunday,13 Dec 2020,18:00,7,26,33,7,26,33,No Group
Manchester City Council - Chorlton,Chorlton Place,2020,December,50,Sunday,13 Dec 2020,19:00,12,13,25,12,13,25,No Group
Manchester City Council - Chorlton,Chorlton Place,2020,December,50,Sunday,13 Dec 2020,20:00,3,9,12,3,9,12,No Group
Manchester City Council - Chorlton,Chorlton Place,2020,December,50,Sunday,13 Dec 2020,21:00,2,5,7,2,5,7,No Group
Manchester City Council - Chorlton,Chorlton Place,2020,December,50,Sunday,13 Dec 2020,22:00,1,7,8,1,7,8,No Group
Manchester City Council - Chorlton,Chorlton Place,2020,December,50,Sunday,13 Dec 2020,23:00,3,6,9,3,6,9,No Group
Manchester City Council - Chorlton,Chorlton Place,2020,December,51,Monday,14 Dec 2020,00:00,1,0,1,1,0,1,No Group
Manchester City Council - Chorlton,Chorlton Place,2020,December,51,Monday,14 Dec 2020,01:00,1,0,1,1,0,1,No Group
Manchester City Council - Chorlton,Chorlton Place,2020,December,51,Monday,14 Dec 2020,02:00,0,0,0,0,0,0,No Group
Manchester City Council - Chorlton,Chorlton Place,2020,December,51,Monday,14 Dec 2020,03:00,1,2,3,1,2,3,No Group
Manchester City Council - Chorlton,Chorlton Place,2020,December,51,Monday,14 Dec 2020,04:00,2,5,7,2,5,7,No Group
Manchester City Council - Chorlton,Chorlton Place,2020,December,51,Monday,14 Dec 2020,05:00,2,6,8,2,6,8,No Group
Manchester City Council - Chorlton,Chorlton Place,2020,December,51,Monday,14 Dec 2020,06:00,12,17,29,12,17,29,No Group
Manchester City Council - Chorlton,Chorlton Place,2020,December,51,Monday,14 Dec 2020,07:00,6,39,45,6,39,45,No Group
Manchester City Council - Chorlton,Chorlton Place,2020,December,51,Monday,14 Dec 2020,08:00,40,67,107,40,67,107,No Group
Manchester City Council - Chorlton,Chorlton Place,2020,December,51,Monday,14 Dec 2020,09:00,77,100,177,77,100,177,No Group
Manchester City Council - Chorlton,Chorlton Place,2020,December,51,Monday,14 Dec 2020,10:00,121,139,260,121,139,260,No Group
Manchester City Council - Chorlton,Chorlton Place,2020,December,51,Monday,14 Dec 2020,11:00,153,163,316,153,163,316,No Group
Manchester City Council - Chorlton,Chorlton Place,2020,December,51,Monday,14 Dec 2020,12:00,162,171,333,162,171,333,No Group
Manchester City Council - Chorlton,Chorlton Place,2020,December,51,Monday,14 Dec 2020,13:00,163,150,313,163,150,313,No Group
Manchester City Council - Chorlton,Chorlton Place,2020,December,51,Monday,14 Dec 2020,14:00,156,163,319,156,163,319,No Group
Manchester City Council - Chorlton,Chorlton Place,2020,December,51,Monday,14 Dec 2020,15:00,136,152,288,136,152,288,No Group
Manchester City Council - Chorlton,Chorlton Place,2020,December,51,Monday,14 Dec 2020,16:00,117,139,256,117,139,256,No Group
Manchester City Council - Chorlton,Chorlton Place,2020,December,51,Monday,14 Dec 2020,17:00,94,78,172,94,78,172,No Group
Manchester City Council - Chorlton,Chorlton Place,2020,December,51,Monday,14 Dec 2020,18:00,45,23,68,45,23,68,No Group
Manchester City Council - Chorlton,Chorlton Place,2020,December,51,Monday,14 Dec 2020,19:00,15,22,37,15,22,37,No Group
Manchester City Council - Chorlton,Chorlton Place,2020,December,51,Monday,14 Dec 2020,20:00,20,17,37,20,17,37,No Group
Manchester City Council - Chorlton,Chorlton Place,2020,December,51,Monday,14 Dec 2020,21:00,9,7,16,9,7,16,No Group
Manchester City Council - Chorlton,Chorlton Place,2020,December,51,Monday,14 Dec 2020,22:00,6,10,16,6,10,16,No Group
Manchester City Council - Chorlton,Chorlton Place,2020,December,51,Monday,14 Dec 2020,23:00,3,1,4,3,1,4,No Group
Manchester City Council - Chorlton,Chorlton Place,2020,December,51,Tuesday,15 Dec 2020,00:00,3,5,8,3,5,8,No Group
Manchester City Council - Chorlton,Chorlton Place,2020,December,51,Tuesday,15 Dec 2020,01:00,0,0,0,0,0,0,No Group
Manchester City Council - Chorlton,Chorlton Place,2020,December,51,Tuesday,15 Dec 2020,02:00,3,3,6,3,3,6,No Group
Manchester City Council - Chorlton,Chorlton Place,2020,December,51,Tuesday,15 Dec 2020,03:00,2,1,3,2,1,3,No Group
Manchester City Council - Chorlton,Chorlton Place,2020,December,51,Tuesday,15 Dec 2020,04:00,1,1,2,1,1,2,No Group
Manchester City Council - Chorlton,Chorlton Place,2020,December,51,Tuesday,15 Dec 2020,05:00,2,3,5,2,3,5,No Group
Manchester City Council - Chorlton,Chorlton Place,2020,December,51,Tuesday,15 Dec 2020,06:00,8,13,21,8,13,21,No Group
Manchester City Council - Chorlton,Chorlton Place,2020,December,51,Tuesday,15 Dec 2020,07:00,17,44,61,17,44,61,No Group
Manchester City Council - Chorlton,Chorlton Place,2020,December,51,Tuesday,15 Dec 2020,08:00,41,64,105,41,64,105,No Group
Manchester City Council - Chorlton,Chorlton Place,2020,December,51,Tuesday,15 Dec 2020,09:00,63,85,148,63,85,148,No Group
Manchester City Council - Chorlton,Chorlton Place,2020,December,51,Tuesday,15 Dec 2020,10:00,88,109,197,88,109,197,No Group
Manchester City Council - Chorlton,Chorlton Place,2020,December,51,Tuesday,15 Dec 2020,11:00,122,127,249,122,127,249,No Group
Manchester City Council - Chorlton,Chorlton Place,2020,December,51,Tuesday,15 Dec 2020,12:00,126,140,266,126,140,266,No Group
Manchester City Council - Chorlton,Chorlton Place,2020,December,51,Tuesday,15 Dec 2020,13:00,186,178,364,186,178,364,No Group
Manchester City Council - Chorlton,Chorlton Place,2020,December,51,Tuesday,15 Dec 2020,14:00,190,162,352,190,162,352,No Group
Manchester City Council - Chorlton,Chorlton Place,2020,December,51,Tuesday,15 Dec 2020,15:00,136,136,272,136,136,272,No Group
Manchester City Council - Chorlton,Chorlton Place,2020,December,51,Tuesday,15 Dec 2020,16:00,126,129,255,126,129,255,No Group
Manchester City Council - Chorlton,Chorlton Place,2020,December,51,Tuesday,15 Dec 2020,17:00,75,87,162,75,87,162,No Group
Manchester City Council - Chorlton,Chorlton Place,2020,December,51,Tuesday,15 Dec 2020,18:00,72,62,134,72,62,134,No Group
Manchester City Council - Chorlton,Chorlton Place,2020,December,51,Tuesday,15 Dec 2020,19:00,51,21,72,51,21,72,No Group
Manchester City Council - Chorlton,Chorlton Place,2020,December,51,Tuesday,15 Dec 2020,20:00,30,19,49,30,19,49,No Group
Manchester City Council - Chorlton,Chorlton Place,2020,December,51,Tuesday,15 Dec 2020,21:00,13,19,32,13,19,32,No Group
Manchester City Council - Chorlton,Chorlton Place,2020,December,51,Tuesday,15 Dec 2020,22:00,4,11,15,4,11,15,No Group
Manchester City Council - Chorlton,Chorlton Place,2020,December,51,Tuesday,15 Dec 2020,23:00,3,3,6,3,3,6,No Group
Manchester City Council - Chorlton,Chorlton Place,2020,December,51,Wednesday,16 Dec 2020,00:00,1,1,2,1,1,2,No Group
Manchester City Council - Chorlton,Chorlton Place,2020,December,51,Wednesday,16 Dec 2020,01:00,1,0,1,1,0,1,No Group
Manchester City Council - Chorlton,Chorlton Place,2020,December,51,Wednesday,16 Dec 2020,02:00,0,0,0,0,0,0,No Group
Manchester City Council - Chorlton,Chorlton Place,2020,December,51,Wednesday,16 Dec 2020,03:00,1,1,2,1,1,2,No Group
Manchester City Council - Chorlton,Chorlton Place,2020,December,51,Wednesday,16 Dec 2020,04:00,0,1,1,0,1,1,No Group
Manchester City Council - Chorlton,Chorlton Place,2020,December,51,Wednesday,16 Dec 2020,05:00,0,5,5,0,5,5,No Group
Manchester City Council - Chorlton,Chorlton Place,2020,December,51,Wednesday,16 Dec 2020,06:00,17,17,34,17,17,34,No Group
Manchester City Council - Chorlton,Chorlton Place,2020,December,51,Wednesday,16 Dec 2020,07:00,13,55,68,13,55,68,No Group
Manchester City Council - Chorlton,Chorlton Place,2020,December,51,Wednesday,16 Dec 2020,08:00,68,84,152,68,84,152,No Group
Manchester City Council - Chorlton,Chorlton Place,2020,December,51,Wednesday,16 Dec 2020,09:00,157,156,313,157,156,313,No Group
Manchester City Council - Chorlton,Chorlton Place,2020,December,51,Wednesday,16 Dec 2020,10:00,185,242,427,185,242,427,No Group
Manchester City Council - Chorlton,Chorlton Place,2020,December,51,Wednesday,16 Dec 2020,11:00,166,192,358,166,192,358,No Group
Manchester City Council - Chorlton,Chorlton Place,2020,December,51,Wednesday,16 Dec 2020,12:00,123,112,235,123,112,235,No Group
Manchester City Council - Chorlton,Chorlton Place,2020,December,51,Wednesday,16 Dec 2020,13:00,151,163,314,151,163,314,No Group
Manchester City Council - Chorlton,Chorlton Place,2020,December,51,Wednesday,16 Dec 2020,14:00,128,136,264,128,136,264,No Group
Manchester City Council - Chorlton,Chorlton Place,2020,December,51,Wednesday,16 Dec 2020,15:00,133,139,272,133,139,272,No Group
Manchester City Council - Chorlton,Chorlton Place,2020,December,51,Wednesday,16 Dec 2020,16:00,105,115,220,105,115,220,No Group
Manchester City Council - Chorlton,Chorlton Place,2020,December,51,Wednesday,16 Dec 2020,17:00,64,72,136,64,72,136,No Group
Manchester City Council - Chorlton,Chorlton Place,2020,December,51,Wednesday,16 Dec 2020,18:00,44,48,92,44,48,92,No Group
Manchester City Council - Chorlton,Chorlton Place,2020,December,51,Wednesday,16 Dec 2020,19:00,36,38,74,36,38,74,No Group
Manchester City Council - Chorlton,Chorlton Place,2020,December,51,Wednesday,16 Dec 2020,20:00,19,22,41,19,22,41,No Group
Manchester City Council - Chorlton,Chorlton Place,2020,December,51,Wednesday,16 Dec 2020,21:00,11,13,24,11,13,24,No Group
Manchester City Council - Chorlton,Chorlton Place,2020,December,51,Wednesday,16 Dec 2020,22:00,6,3,9,6,3,9,No Group
Manchester City Council - Chorlton,Chorlton Place,2020,December,51,Wednesday,16 Dec 2020,23:00,1,4,5,1,4,5,No Group
Manchester City Council - Chorlton,Chorlton Place,2020,December,51,Thursday,17 Dec 2020,00:00,4,3,7,4,3,7,No Group
Manchester City Council - Chorlton,Chorlton Place,2020,December,51,Thursday,17 Dec 2020,01:00,1,0,1,1,0,1,No Group
Manchester City Council - Chorlton,Chorlton Place,2020,December,51,Thursday,17 Dec 2020,02:00,1,1,2,1,1,2,No Group
Manchester City Council - Chorlton,Chorlton Place,2020,December,51,Thursday,17 Dec 2020,03:00,0,0,0,0,0,0,No Group
Manchester City Council - Chorlton,Chorlton Place,2020,December,51,Thursday,17 Dec 2020,04:00,0,1,1,0,1,1,No Group
Manchester City Council - Chorlton,Chorlton Place,2020,December,51,Thursday,17 Dec 2020,05:00,1,3,4,1,3,4,No Group
Manchester City Council - Chorlton,Chorlton Place,2020,December,51,Thursday,17 Dec 2020,06:00,9,9,18,9,9,18,No Group
Manchester City Council - Chorlton,Chorlton Place,2020,December,51,Thursday,17 Dec 2020,07:00,10,31,41,10,31,41,No Group
Manchester City Council - Chorlton,Chorlton Place,2020,December,51,Thursday,17 Dec 2020,08:00,43,73,116,43,73,116,No Group
Manchester City Council - Chorlton,Chorlton Place,2020,December,51,Thursday,17 Dec 2020,09:00,85,106,191,85,106,191,No Group
Manchester City Council - Chorlton,Chorlton Place,2020,December,51,Thursday,17 Dec 2020,10:00,133,147,280,133,147,280,No Group
Manchester City Council - Chorlton,Chorlton Place,2020,December,51,Thursday,17 Dec 2020,11:00,159,167,326,159,167,326,No Group
Manchester City Council - Chorlton,Chorlton Place,2020,December,51,Thursday,17 Dec 2020,12:00,234,234,468,234,234,468,No Group
Manchester City Council - Chorlton,Chorlton Place,2020,December,51,Thursday,17 Dec 2020,13:00,158,161,319,158,161,319,No Group
Manchester City Council - Chorlton,Chorlton Place,2020,December,51,Thursday,17 Dec 2020,14:00,212,176,388,212,176,388,No Group
Manchester City Council - Chorlton,Chorlton Place,2020,December,51,Thursday,17 Dec 2020,15:00,169,195,364,169,195,364,No Group
Manchester City Council - Chorlton,Chorlton Place,2020,December,51,Thursday,17 Dec 2020,16:00,127,126,253,127,126,253,No Group
Manchester City Council - Chorlton,Chorlton Place,2020,December,51,Thursday,17 Dec 2020,17:00,71,60,131,71,60,131,No Group
Manchester City Council - Chorlton,Chorlton Place,2020,December,51,Thursday,17 Dec 2020,18:00,46,37,83,46,37,83,No Group
Manchester City Council - Chorlton,Chorlton Place,2020,December,51,Thursday,17 Dec 2020,19:00,53,43,96,53,43,96,No Group
Manchester City Council - Chorlton,Chorlton Place,2020,December,51,Thursday,17 Dec 2020,20:00,21,29,50,21,29,50,No Group
Manchester City Council - Chorlton,Chorlton Place,2020,December,51,Thursday,17 Dec 2020,21:00,14,16,30,14,16,30,No Group
Manchester City Council - Chorlton,Chorlton Place,2020,December,51,Thursday,17 Dec 2020,22:00,8,18,26,8,18,26,No Group
Manchester City Council - Chorlton,Chorlton Place,2020,December,51,Thursday,17 Dec 2020,23:00,6,16,22,6,16,22,No Group
Manchester City Council - Chorlton,Chorlton Place,2020,December,51,Friday,18 Dec 2020,00:00,5,5,10,5,5,10,No Group
Manchester City Council - Chorlton,Chorlton Place,2020,December,51,Friday,18 Dec 2020,01:00,9,4,13,9,4,13,No Group
Manchester City Council - Chorlton,Chorlton Place,2020,December,51,Friday,18 Dec 2020,02:00,0,1,1,0,1,1,No Group
Manchester City Council - Chorlton,Chorlton Place,2020,December,51,Friday,18 Dec 2020,03:00,1,0,1,1,0,1,No Group
Manchester City Council - Chorlton,Chorlton Place,2020,December,51,Friday,18 Dec 2020,04:00,0,1,1,0,1,1,No Group
Manchester City Council - Chorlton,Chorlton Place,2020,December,51,Friday,18 Dec 2020,05:00,1,2,3,1,2,3,No Group
Manchester City Council - Chorlton,Chorlton Place,2020,December,51,Friday,18 Dec 2020,06:00,4,14,18,4,14,18,No Group
Manchester City Council - Chorlton,Chorlton Place,2020,December,51,Friday,18 Dec 2020,07:00,16,35,51,16,35,51,No Group
Manchester City Council - Chorlton,Chorlton Place,2020,December,51,Friday,18 Dec 2020,08:00,52,74,126,52,74,126,No Group
Manchester City Council - Chorlton,Chorlton Place,2020,December,51,Friday,18 Dec 2020,09:00,123,132,255,123,132,255,No Group
Manchester City Council - Chorlton,Chorlton Place,2020,December,51,Friday,18 Dec 2020,10:00,170,165,335,170,165,335,No Group
Manchester City Council - Chorlton,Chorlton Place,2020,December,51,Friday,18 Dec 2020,11:00,169,174,343,169,174,343,No Group
Manchester City Council - Chorlton,Chorlton Place,2020,December,51,Friday,18 Dec 2020,12:00,226,248,474,226,248,474,No Group
Manchester City Council - Chorlton,Chorlton Place,2020,December,51,Friday,18 Dec 2020,13:00,253,341,594,253,341,594,No Group
Manchester City Council - Chorlton,Chorlton Place,2020,December,51,Friday,18 Dec 2020,14:00,200,213,413,200,213,413,No Group
Manchester City Council - Chorlton,Chorlton Place,2020,December,51,Friday,18 Dec 2020,15:00,210,183,393,210,183,393,No Group
Manchester City Council - Chorlton,Chorlton Place,2020,December,51,Friday,18 Dec 2020,16:00,134,146,280,134,146,280,No Group
Manchester City Council - Chorlton,Chorlton Place,2020,December,51,Friday,18 Dec 2020,17:00,75,71,146,75,71,146,No Group
Manchester City Council - Chorlton,Chorlton Place,2020,December,51,Friday,18 Dec 2020,18:00,48,59,107,48,59,107,No Group
Manchester City Council - Chorlton,Chorlton Place,2020,December,51,Friday,18 Dec 2020,19:00,28,33,61,28,33,61,No Group
Manchester City Council - Chorlton,Chorlton Place,2020,December,51,Friday,18 Dec 2020,20:00,21,28,49,21,28,49,No Group
Manchester City Council - Chorlton,Chorlton Place,2020,December,51,Friday,18 Dec 2020,21:00,12,15,27,12,15,27,No Group
Manchester City Council - Chorlton,Chorlton Place,2020,December,51,Friday,18 Dec 2020,22:00,10,11,21,10,11,21,No Group
Manchester City Council - Chorlton,Chorlton Place,2020,December,51,Friday,18 Dec 2020,23:00,5,4,9,5,4,9,No Group
Manchester City Council - Chorlton,Chorlton Place,2020,December,51,Saturday,19 Dec 2020,00:00,8,2,10,8,2,10,No Group
Manchester City Council - Chorlton,Chorlton Place,2020,December,51,Saturday,19 Dec 2020,01:00,6,6,12,6,6,12,No Group
Manchester City Council - Chorlton,Chorlton Place,2020,December,51,Saturday,19 Dec 2020,02:00,1,0,1,1,0,1,No Group
Manchester City Council - Chorlton,Chorlton Place,2020,December,51,Saturday,19 Dec 2020,03:00,1,2,3,1,2,3,No Group
Manchester City Council - Chorlton,Chorlton Place,2020,December,51,Saturday,19 Dec 2020,04:00,0,2,2,0,2,2,No Group
Manchester City Council - Chorlton,Chorlton Place,2020,December,51,Saturday,19 Dec 2020,05:00,1,4,5,1,4,5,No Group
Manchester City Council - Chorlton,Chorlton Place,2020,December,51,Saturday,19 Dec 2020,06:00,3,4,7,3,4,7,No Group
Manchester City Council - Chorlton,Chorlton Place,2020,December,51,Saturday,19 Dec 2020,07:00,14,21,35,14,21,35,No Group
Manchester City Council - Chorlton,Chorlton Place,2020,December,51,Saturday,19 Dec 2020,08:00,41,39,80,41,39,80,No Group
Manchester City Council - Chorlton,Chorlton Place,2020,December,51,Saturday,19 Dec 2020,09:00,102,108,210,102,108,210,No Group
Manchester City Council - Chorlton,Chorlton Place,2020,December,51,Saturday,19 Dec 2020,10:00,190,224,414,190,224,414,No Group
Manchester City Council - Chorlton,Chorlton Place,2020,December,51,Saturday,19 Dec 2020,11:00,330,317,647,330,317,647,No Group
Manchester City Council - Chorlton,Chorlton Place,2020,December,51,Saturday,19 Dec 2020,12:00,242,227,469,242,227,469,No Group
Manchester City Council - Chorlton,Chorlton Place,2020,December,51,Saturday,19 Dec 2020,13:00,278,260,538,278,260,538,No Group
Manchester City Council - Chorlton,Chorlton Place,2020,December,51,Saturday,19 Dec 2020,14:00,313,305,618,313,305,618,No Group
Manchester City Council - Chorlton,Chorlton Place,2020,December,51,Saturday,19 Dec 2020,15:00,287,264,551,287,264,551,No Group
Manchester City Council - Chorlton,Chorlton Place,2020,December,51,Saturday,19 Dec 2020,16:00,108,129,237,108,129,237,No Group
Manchester City Council - Chorlton,Chorlton Place,2020,December,51,Saturday,19 Dec 2020,17:00,45,50,95,45,50,95,No Group
Manchester City Council - Chorlton,Chorlton Place,2020,December,51,Saturday,19 Dec 2020,18:00,37,35,72,37,35,72,No Group
Manchester City Council - Chorlton,Chorlton Place,2020,December,51,Saturday,19 Dec 2020,19:00,16,27,43,16,27,43,No Group
Manchester City Council - Chorlton,Chorlton Place,2020,December,51,Saturday,19 Dec 2020,20:00,7,11,18,7,11,18,No Group
Manchester City Council - Chorlton,Chorlton Place,2020,December,51,Saturday,19 Dec 2020,21:00,5,8,13,5,8,13,No Group
Manchester City Council - Chorlton,Chorlton Place,2020,December,51,Saturday,19 Dec 2020,22:00,6,9,15,6,9,15,No Group
Manchester City Council - Chorlton,Chorlton Place,2020,December,51,Saturday,19 Dec 2020,23:00,9,7,16,9,7,16,No Group
Manchester City Council - Chorlton,Chorlton Place,2020,December,51,Sunday,20 Dec 2020,00:00,5,8,13,5,8,13,No Group
Manchester City Council - Chorlton,Chorlton Place,2020,December,51,Sunday,20 Dec 2020,01:00,0,1,1,0,1,1,No Group
Manchester City Council - Chorlton,Chorlton Place,2020,December,51,Sunday,20 Dec 2020,02:00,0,1,1,0,1,1,No Group
Manchester City Council - Chorlton,Chorlton Place,2020,December,51,Sunday,20 Dec 2020,03:00,1,0,1,1,0,1,No Group
Manchester City Council - Chorlton,Chorlton Place,2020,December,51,Sunday,20 Dec 2020,04:00,0,1,1,0,1,1,No Group
Manchester City Council - Chorlton,Chorlton Place,2020,December,51,Sunday,20 Dec 2020,05:00,0,0,0,0,0,0,No Group
Manchester City Council - Chorlton,Chorlton Place,2020,December,51,Sunday,20 Dec 2020,06:00,2,2,4,2,2,4,No Group
Manchester City Council - Chorlton,Chorlton Place,2020,December,51,Sunday,20 Dec 2020,07:00,2,4,6,2,4,6,No Group
Manchester City Council - Chorlton,Chorlton Place,2020,December,51,Sunday,20 Dec 2020,08:00,11,17,28,11,17,28,No Group
Manchester City Council - Chorlton,Chorlton Place,2020,December,51,Sunday,20 Dec 2020,09:00,20,45,65,20,45,65,No Group
Manchester City Council - Chorlton,Chorlton Place,2020,December,51,Sunday,20 Dec 2020,10:00,79,98,177,79,98,177,No Group
Manchester City Council - Chorlton,Chorlton Place,2020,December,51,Sunday,20 Dec 2020,11:00,113,107,220,113,107,220,No Group
Manchester City Council - Chorlton,Chorlton Place,2020,December,51,Sunday,20 Dec 2020,12:00,155,155,310,155,155,310,No Group
Manchester City Council - Chorlton,Chorlton Place,2020,December,51,Sunday,20 Dec 2020,13:00,126,142,268,126,142,268,No Group
Manchester City Council - Chorlton,Chorlton Place,2020,December,51,Sunday,20 Dec 2020,14:00,152,149,301,152,149,301,No Group
Manchester City Council - Chorlton,Chorlton Place,2020,December,51,Sunday,20 Dec 2020,15:00,123,151,274,123,151,274,No Group
Manchester City Council - Chorlton,Chorlton Place,2020,December,51,Sunday,20 Dec 2020,16:00,52,63,115,52,63,115,No Group
Manchester City Council - Chorlton,Chorlton Place,2020,December,51,Sunday,20 Dec 2020,17:00,28,34,62,28,34,62,No Group
Manchester City Council - Chorlton,Chorlton Place,2020,December,51,Sunday,20 Dec 2020,18:00,24,27,51,24,27,51,No Group
Manchester City Council - Chorlton,Chorlton Place,2020,December,51,Sunday,20 Dec 2020,19:00,19,18,37,19,18,37,No Group
Manchester City Council - Chorlton,Chorlton Place,2020,December,51,Sunday,20 Dec 2020,20:00,24,19,43,24,19,43,No Group
Manchester City Council - Chorlton,Chorlton Place,2020,December,51,Sunday,20 Dec 2020,21:00,4,6,10,4,6,10,No Group
Manchester City Council - Chorlton,Chorlton Place,2020,December,51,Sunday,20 Dec 2020,22:00,7,9,16,7,9,16,No Group
Manchester City Council - Chorlton,Chorlton Place,2020,December,51,Sunday,20 Dec 2020,23:00,2,1,3,2,1,3,No Group
Manchester City Council - Chorlton,Chorlton Place,2020,December,52,Monday,21 Dec 2020,00:00,2,0,2,2,0,2,No Group
Manchester City Council - Chorlton,Chorlton Place,2020,December,52,Monday,21 Dec 2020,01:00,0,1,1,0,1,1,No Group
Manchester City Council - Chorlton,Chorlton Place,2020,December,52,Monday,21 Dec 2020,02:00,0,0,0,0,0,0,No Group
Manchester City Council - Chorlton,Chorlton Place,2020,December,52,Monday,21 Dec 2020,03:00,0,0,0,0,0,0,No Group
Manchester City Council - Chorlton,Chorlton Place,2020,December,52,Monday,21 Dec 2020,04:00,0,1,1,0,1,1,No Group
Manchester City Council - Chorlton,Chorlton Place,2020,December,52,Monday,21 Dec 2020,05:00,1,5,6,1,5,6,No Group
Manchester City Council - Chorlton,Chorlton Place,2020,December,52,Monday,21 Dec 2020,06:00,4,10,14,4,10,14,No Group
Manchester City Council - Chorlton,Chorlton Place,2020,December,52,Monday,21 Dec 2020,07:00,16,28,44,16,28,44,No Group
Manchester City Council - Chorlton,Chorlton Place,2020,December,52,Monday,21 Dec 2020,08:00,47,54,101,47,54,101,No Group
Manchester City Council - Chorlton,Chorlton Place,2020,December,52,Monday,21 Dec 2020,09:00,82,98,180,82,98,180,No Group
Manchester City Council - Chorlton,Chorlton Place,2020,December,52,Monday,21 Dec 2020,10:00,167,179,346,167,179,346,No Group
Manchester City Council - Chorlton,Chorlton Place,2020,December,52,Monday,21 Dec 2020,11:00,200,222,422,200,222,422,No Group
Manchester City Council - Chorlton,Chorlton Place,2020,December,52,Monday,21 Dec 2020,12:00,174,213,387,174,213,387,No Group
Manchester City Council - Chorlton,Chorlton Place,2020,December,52,Monday,21 Dec 2020,13:00,215,244,459,215,244,459,No Group
Manchester City Council - Chorlton,Chorlton Place,2020,December,52,Monday,21 Dec 2020,14:00,230,240,470,230,240,470,No Group
Manchester City Council - Chorlton,Chorlton Place,2020,December,52,Monday,21 Dec 2020,15:00,301,249,550,301,249,550,No Group
Manchester City Council - Chorlton,Chorlton Place,2020,December,52,Monday,21 Dec 2020,16:00,127,141,268,127,141,268,No Group
Manchester City Council - Chorlton,Chorlton Place,2020,December,52,Monday,21 Dec 2020,17:00,65,74,139,65,74,139,No Group
Manchester City Council - Chorlton,Chorlton Place,2020,December,52,Monday,21 Dec 2020,18:00,35,37,72,35,37,72,No Group
Manchester City Council - Chorlton,Chorlton Place,2020,December,52,Monday,21 Dec 2020,19:00,22,35,57,22,35,57,No Group
Manchester City Council - Chorlton,Chorlton Place,2020,December,52,Monday,21 Dec 2020,20:00,27,26,53,27,26,53,No Group
Manchester City Council - Chorlton,Chorlton Place,2020,December,52,Monday,21 Dec 2020,21:00,10,9,19,10,9,19,No Group
Manchester City Council - Chorlton,Chorlton Place,2020,December,52,Monday,21 Dec 2020,22:00,5,1,6,5,1,6,No Group
Manchester City Council - Chorlton,Chorlton Place,2020,December,52,Monday,21 Dec 2020,23:00,4,3,7,4,3,7,No Group
Manchester City Council - Chorlton,Chorlton Place,2020,December,52,Tuesday,22 Dec 2020,00:00,0,1,1,0,1,1,No Group
Manchester City Council - Chorlton,Chorlton Place,2020,December,52,Tuesday,22 Dec 2020,01:00,0,1,1,0,1,1,No Group
Manchester City Council - Chorlton,Chorlton Place,2020,December,52,Tuesday,22 Dec 2020,02:00,6,5,11,6,5,11,No Group
Manchester City Council - Chorlton,Chorlton Place,2020,December,52,Tuesday,22 Dec 2020,03:00,0,0,0,0,0,0,No Group
Manchester City Council - Chorlton,Chorlton Place,2020,December,52,Tuesday,22 Dec 2020,04:00,0,1,1,0,1,1,No Group
Manchester City Council - Chorlton,Chorlton Place,2020,December,52,Tuesday,22 Dec 2020,05:00,0,3,3,0,3,3,No Group
Manchester City Council - Chorlton,Chorlton Place,2020,December,52,Tuesday,22 Dec 2020,06:00,10,22,32,10,22,32,No Group
Manchester City Council - Chorlton,Chorlton Place,2020,December,52,Tuesday,22 Dec 2020,07:00,17,21,38,17,21,38,No Group
Manchester City Council - Chorlton,Chorlton Place,2020,December,52,Tuesday,22 Dec 2020,08:00,57,59,116,57,59,116,No Group
Manchester City Council - Chorlton,Chorlton Place,2020,December,52,Tuesday,22 Dec 2020,09:00,95,107,202,95,107,202,No Group
Manchester City Council - Chorlton,Chorlton Place,2020,December,52,Tuesday,22 Dec 2020,10:00,133,155,288,133,155,288,No Group
Manchester City Council - Chorlton,Chorlton Place,2020,December,52,Tuesday,22 Dec 2020,11:00,176,190,366,176,190,366,No Group
Manchester City Council - Chorlton,Chorlton Place,2020,December,52,Tuesday,22 Dec 2020,12:00,271,261,532,271,261,532,No Group
Manchester City Council - Chorlton,Chorlton Place,2020,December,52,Tuesday,22 Dec 2020,13:00,213,218,431,213,218,431,No Group
Manchester City Council - Chorlton,Chorlton Place,2020,December,52,Tuesday,22 Dec 2020,14:00,185,190,375,185,190,375,No Group
Manchester City Council - Chorlton,Chorlton Place,2020,December,52,Tuesday,22 Dec 2020,15:00,214,201,415,214,201,415,No Group
Manchester City Council - Chorlton,Chorlton Place,2020,December,52,Tuesday,22 Dec 2020,16:00,140,138,278,140,138,278,No Group
Manchester City Council - Chorlton,Chorlton Place,2020,December,52,Tuesday,22 Dec 2020,17:00,70,88,158,70,88,158,No Group
Manchester City Council - Chorlton,Chorlton Place,2020,December,52,Tuesday,22 Dec 2020,18:00,60,47,107,60,47,107,No Group
Manchester City Council - Chorlton,Chorlton Place,2020,December,52,Tuesday,22 Dec 2020,19:00,32,34,66,32,34,66,No Group
Manchester City Council - Chorlton,Chorlton Place,2020,December,52,Tuesday,22 Dec 2020,20:00,17,22,39,17,22,39,No Group
Manchester City Council - Chorlton,Chorlton Place,2020,December,52,Tuesday,22 Dec 2020,21:00,8,17,25,8,17,25,No Group
Manchester City Council - Chorlton,Chorlton Place,2020,December,52,Tuesday,22 Dec 2020,22:00,4,10,14,4,10,14,No Group
Manchester City Council - Chorlton,Chorlton Place,2020,December,52,Tuesday,22 Dec 2020,23:00,6,4,10,6,4,10,No Group
Manchester City Council - Chorlton,Chorlton Place,2020,December,52,Wednesday,23 Dec 2020,00:00,1,0,1,1,0,1,No Group
Manchester City Council - Chorlton,Chorlton Place,2020,December,52,Wednesday,23 Dec 2020,01:00,0,2,2,0,2,2,No Group
Manchester City Council - Chorlton,Chorlton Place,2020,December,52,Wednesday,23 Dec 2020,02:00,1,2,3,1,2,3,No Group
Manchester City Council - Chorlton,Chorlton Place,2020,December,52,Wednesday,23 Dec 2020,03:00,0,1,1,0,1,1,No Group
Manchester City Council - Chorlton,Chorlton Place,2020,December,52,Wednesday,23 Dec 2020,04:00,2,1,3,2,1,3,No Group
Manchester City Council - Chorlton,Chorlton Place,2020,December,52,Wednesday,23 Dec 2020,05:00,0,4,4,0,4,4,No Group
Manchester City Council - Chorlton,Chorlton Place,2020,December,52,Wednesday,23 Dec 2020,06:00,6,15,21,6,15,21,No Group
Manchester City Council - Chorlton,Chorlton Place,2020,December,52,Wednesday,23 Dec 2020,07:00,22,39,61,22,39,61,No Group
Manchester City Council - Chorlton,Chorlton Place,2020,December,52,Wednesday,23 Dec 2020,08:00,99,84,183,99,84,183,No Group
Manchester City Council - Chorlton,Chorlton Place,2020,December,52,Wednesday,23 Dec 2020,09:00,176,151,327,176,151,327,No Group
Manchester City Council - Chorlton,Chorlton Place,2020,December,52,Wednesday,23 Dec 2020,10:00,239,216,455,239,216,455,No Group
Manchester City Council - Chorlton,Chorlton Place,2020,December,52,Wednesday,23 Dec 2020,11:00,254,248,502,254,248,502,No Group
Manchester City Council - Chorlton,Chorlton Place,2020,December,52,Wednesday,23 Dec 2020,12:00,225,236,461,225,236,461,No Group
Manchester City Council - Chorlton,Chorlton Place,2020,December,52,Wednesday,23 Dec 2020,13:00,236,220,456,236,220,456,No Group
Manchester City Council - Chorlton,Chorlton Place,2020,December,52,Wednesday,23 Dec 2020,14:00,247,199,446,247,199,446,No Group
Manchester City Council - Chorlton,Chorlton Place,2020,December,52,Wednesday,23 Dec 2020,15:00,206,248,454,206,248,454,No Group
Manchester City Council - Chorlton,Chorlton Place,2020,December,52,Wednesday,23 Dec 2020,16:00,177,171,348,177,171,348,No Group
Manchester City Council - Chorlton,Chorlton Place,2020,December,52,Wednesday,23 Dec 2020,17:00,103,71,174,103,71,174,No Group
Manchester City Council - Chorlton,Chorlton Place,2020,December,52,Wednesday,23 Dec 2020,18:00,53,36,89,53,36,89,No Group
Manchester City Council - Chorlton,Chorlton Place,2020,December,52,Wednesday,23 Dec 2020,19:00,34,33,67,34,33,67,No Group
Manchester City Council - Chorlton,Chorlton Place,2020,December,52,Wednesday,23 Dec 2020,20:00,32,19,51,32,19,51,No Group
Manchester City Council - Chorlton,Chorlton Place,2020,December,52,Wednesday,23 Dec 2020,21:00,8,12,20,8,12,20,No Group
Manchester City Council - Chorlton,Chorlton Place,2020,December,52,Wednesday,23 Dec 2020,22:00,6,4,10,6,4,10,No Group
Manchester City Council - Chorlton,Chorlton Place,2020,December,52,Wednesday,23 Dec 2020,23:00,7,3,10,7,3,10,No Group
Manchester City Council - Chorlton,Chorlton Place,2020,December,52,Thursday,24 Dec 2020,00:00,12,6,18,12,6,18,No Group
Manchester City Council - Chorlton,Chorlton Place,2020,December,52,Thursday,24 Dec 2020,01:00,0,0,0,0,0,0,No Group
Manchester City Council - Chorlton,Chorlton Place,2020,December,52,Thursday,24 Dec 2020,02:00,0,0,0,0,0,0,No Group
Manchester City Council - Chorlton,Chorlton Place,2020,December,52,Thursday,24 Dec 2020,03:00,0,2,2,0,2,2,No Group
Manchester City Council - Chorlton,Chorlton Place,2020,December,52,Thursday,24 Dec 2020,04:00,2,3,5,2,3,5,No Group
Manchester City Council - Chorlton,Chorlton Place,2020,December,52,Thursday,24 Dec 2020,05:00,1,4,5,1,4,5,No Group
Manchester City Council - Chorlton,Chorlton Place,2020,December,52,Thursday,24 Dec 2020,06:00,11,24,35,11,24,35,No Group
Manchester City Council - Chorlton,Chorlton Place,2020,December,52,Thursday,24 Dec 2020,07:00,21,35,56,21,35,56,No Group
Manchester City Council - Chorlton,Chorlton Place,2020,December,52,Thursday,24 Dec 2020,08:00,121,142,263,121,142,263,No Group
Manchester City Council - Chorlton,Chorlton Place,2020,December,52,Thursday,24 Dec 2020,09:00,191,144,335,191,144,335,No Group
Manchester City Council - Chorlton,Chorlton Place,2020,December,52,Thursday,24 Dec 2020,10:00,277,340,617,277,340,617,No Group
Manchester City Council - Chorlton,Chorlton Place,2020,December,52,Thursday,24 Dec 2020,11:00,339,603,942,339,603,942,No Group
Manchester City Council - Chorlton,Chorlton Place,2020,December,52,Thursday,24 Dec 2020,12:00,216,219,435,216,219,435,No Group
Manchester City Council - Chorlton,Chorlton Place,2020,December,52,Thursday,24 Dec 2020,13:00,209,223,432,209,223,432,No Group
Manchester City Council - Chorlton,Chorlton Place,2020,December,52,Thursday,24 Dec 2020,14:00,177,184,361,177,184,361,No Group
Manchester City Council - Chorlton,Chorlton Place,2020,December,52,Thursday,24 Dec 2020,15:00,129,140,269,129,140,269,No Group
Manchester City Council - Chorlton,Chorlton Place,2020,December,52,Thursday,24 Dec 2020,16:00,86,93,179,86,93,179,No Group
Manchester City Council - Chorlton,Chorlton Place,2020,December,52,Thursday,24 Dec 2020,17:00,45,62,107,45,62,107,No Group
Manchester City Council - Chorlton,Chorlton Place,2020,December,52,Thursday,24 Dec 2020,18:00,41,29,70,41,29,70,No Group
Manchester City Council - Chorlton,Chorlton Place,2020,December,52,Thursday,24 Dec 2020,19:00,14,16,30,14,16,30,No Group
Manchester City Council - Chorlton,Chorlton Place,2020,December,52,Thursday,24 Dec 2020,20:00,22,20,42,22,20,42,No Group
Manchester City Council - Chorlton,Chorlton Place,2020,December,52,Thursday,24 Dec 2020,21:00,9,13,22,9,13,22,No Group
Manchester City Council - Chorlton,Chorlton Place,2020,December,52,Thursday,24 Dec 2020,22:00,29,17,46,29,17,46,No Group
Manchester City Council - Chorlton,Chorlton Place,2020,December,52,Thursday,24 Dec 2020,23:00,6,6,12,6,6,12,No Group
Manchester City Council - Chorlton,Chorlton Place,2020,December,52,Friday,25 Dec 2020,00:00,2,8,10,2,8,10,No Group
Manchester City Council - Chorlton,Chorlton Place,2020,December,52,Friday,25 Dec 2020,01:00,0,10,10,0,10,10,No Group
Manchester City Council - Chorlton,Chorlton Place,2020,December,52,Friday,25 Dec 2020,02:00,1,1,2,1,1,2,No Group
Manchester City Council - Chorlton,Chorlton Place,2020,December,52,Friday,25 Dec 2020,03:00,0,0,0,0,0,0,No Group
Manchester City Council - Chorlton,Chorlton Place,2020,December,52,Friday,25 Dec 2020,04:00,0,0,0,0,0,0,No Group
Manchester City Council - Chorlton,Chorlton Place,2020,December,52,Friday,25 Dec 2020,05:00,0,1,1,0,1,1,No Group
Manchester City Council - Chorlton,Chorlton Place,2020,December,52,Friday,25 Dec 2020,06:00,1,1,2,1,1,2,No Group
Manchester City Council - Chorlton,Chorlton Place,2020,December,52,Friday,25 Dec 2020,07:00,4,2,6,4,2,6,No Group
Manchester City Council - Chorlton,Chorlton Place,2020,December,52,Friday,25 Dec 2020,08:00,6,7,13,6,7,13,No Group
Manchester City Council - Chorlton,Chorlton Place,2020,December,52,Friday,25 Dec 2020,09:00,12,15,27,12,15,27,No Group
Manchester City Council - Chorlton,Chorlton Place,2020,December,52,Friday,25 Dec 2020,10:00,20,43,63,20,43,63,No Group
Manchester City Council - Chorlton,Chorlton Place,2020,December,52,Friday,25 Dec 2020,11:00,16,10,26,16,10,26,No Group
Manchester City Council - Chorlton,Chorlton Place,2020,December,52,Friday,25 Dec 2020,12:00,13,17,30,13,17,30,No Group
Manchester City Council - Chorlton,Chorlton Place,2020,December,52,Friday,25 Dec 2020,13:00,15,20,35,15,20,35,No Group
Manchester City Council - Chorlton,Chorlton Place,2020,December,52,Friday,25 Dec 2020,14:00,17,21,38,17,21,38,No Group
Manchester City Council - Chorlton,Chorlton Place,2020,December,52,Friday,25 Dec 2020,15:00,5,9,14,5,9,14,No Group
Manchester City Council - Chorlton,Chorlton Place,2020,December,52,Friday,25 Dec 2020,16:00,7,7,14,7,7,14,No Group
Manchester City Council - Chorlton,Chorlton Place,2020,December,52,Friday,25 Dec 2020,17:00,3,14,17,3,14,17,No Group
Manchester City Council - Chorlton,Chorlton Place,2020,December,52,Friday,25 Dec 2020,18:00,6,10,16,6,10,16,No Group
Manchester City Council - Chorlton,Chorlton Place,2020,December,52,Friday,25 Dec 2020,19:00,4,7,11,4,7,11,No Group
Manchester City Council - Chorlton,Chorlton Place,2020,December,52,Friday,25 Dec 2020,20:00,7,3,10,7,3,10,No Group
Manchester City Council - Chorlton,Chorlton Place,2020,December,52,Friday,25 Dec 2020,21:00,6,7,13,6,7,13,No Group
Manchester City Council - Chorlton,Chorlton Place,2020,December,52,Friday,25 Dec 2020,22:00,6,10,16,6,10,16,No Group
Manchester City Council - Chorlton,Chorlton Place,2020,December,52,Friday,25 Dec 2020,23:00,0,1,1,0,1,1,No Group
Manchester City Council - Chorlton,Chorlton Place,2020,December,52,Saturday,26 Dec 2020,00:00,1,0,1,1,0,1,No Group
Manchester City Council - Chorlton,Chorlton Place,2020,December,52,Saturday,26 Dec 2020,01:00,0,0,0,0,0,0,No Group
Manchester City Council - Chorlton,Chorlton Place,2020,December,52,Saturday,26 Dec 2020,02:00,1,1,2,1,1,2,No Group
Manchester City Council - Chorlton,Chorlton Place,2020,December,52,Saturday,26 Dec 2020,03:00,0,1,1,0,1,1,No Group
Manchester City Council - Chorlton,Chorlton Place,2020,December,52,Saturday,26 Dec 2020,04:00,0,0,0,0,0,0,No Group
Manchester City Council - Chorlton,Chorlton Place,2020,December,52,Saturday,26 Dec 2020,05:00,0,1,1,0,1,1,No Group
Manchester City Council - Chorlton,Chorlton Place,2020,December,52,Saturday,26 Dec 2020,06:00,0,0,0,0,0,0,No Group
Manchester City Council - Chorlton,Chorlton Place,2020,December,52,Saturday,26 Dec 2020,07:00,3,6,9,3,6,9,No Group
Manchester City Council - Chorlton,Chorlton Place,2020,December,52,Saturday,26 Dec 2020,08:00,16,24,40,16,24,40,No Group
Manchester City Council - Chorlton,Chorlton Place,2020,December,52,Saturday,26 Dec 2020,09:00,28,35,63,28,35,63,No Group
Manchester City Council - Chorlton,Chorlton Place,2020,December,52,Saturday,26 Dec 2020,10:00,37,47,84,37,47,84,No Group
Manchester City Council - Chorlton,Chorlton Place,2020,December,52,Saturday,26 Dec 2020,11:00,69,71,140,69,71,140,No Group
Manchester City Council - Chorlton,Chorlton Place,2020,December,52,Saturday,26 Dec 2020,12:00,71,65,136,71,65,136,No Group
Manchester City Council - Chorlton,Chorlton Place,2020,December,52,Saturday,26 Dec 2020,13:00,58,62,120,58,62,120,No Group
Manchester City Council - Chorlton,Chorlton Place,2020,December,52,Saturday,26 Dec 2020,14:00,53,70,123,53,70,123,No Group
Manchester City Council - Chorlton,Chorlton Place,2020,December,52,Saturday,26 Dec 2020,15:00,64,66,130,64,66,130,No Group
Manchester City Council - Chorlton,Chorlton Place,2020,December,52,Saturday,26 Dec 2020,16:00,40,42,82,40,42,82,No Group
Manchester City Council - Chorlton,Chorlton Place,2020,December,52,Saturday,26 Dec 2020,17:00,15,27,42,15,27,42,No Group
Manchester City Council - Chorlton,Chorlton Place,2020,December,52,Saturday,26 Dec 2020,18:00,18,16,34,18,16,34,No Group
Manchester City Council - Chorlton,Chorlton Place,2020,December,52,Saturday,26 Dec 2020,19:00,5,14,19,5,14,19,No Group
Manchester City Council - Chorlton,Chorlton Place,2020,December,52,Saturday,26 Dec 2020,20:00,5,9,14,5,9,14,No Group
Manchester City Council - Chorlton,Chorlton Place,2020,December,52,Saturday,26 Dec 2020,21:00,1,5,6,1,5,6,No Group
Manchester City Council - Chorlton,Chorlton Place,2020,December,52,Saturday,26 Dec 2020,22:00,1,8,9,1,8,9,No Group
Manchester City Council - Chorlton,Chorlton Place,2020,December,52,Saturday,26 Dec 2020,23:00,1,2,3,1,2,3,No Group
Manchester City Council - Chorlton,Chorlton Place,2020,December,52,Sunday,27 Dec 2020,00:00,8,5,13,8,5,13,No Group
Manchester City Council - Chorlton,Chorlton Place,2020,December,52,Sunday,27 Dec 2020,01:00,3,2,5,3,2,5,No Group
Manchester City Council - Chorlton,Chorlton Place,2020,December,52,Sunday,27 Dec 2020,02:00,1,1,2,1,1,2,No Group
Manchester City Council - Chorlton,Chorlton Place,2020,December,52,Sunday,27 Dec 2020,03:00,0,1,1,0,1,1,No Group
Manchester City Council - Chorlton,Chorlton Place,2020,December,52,Sunday,27 Dec 2020,04:00,3,3,6,3,3,6,No Group
Manchester City Council - Chorlton,Chorlton Place,2020,December,52,Sunday,27 Dec 2020,05:00,0,6,6,0,6,6,No Group
Manchester City Council - Chorlton,Chorlton Place,2020,December,52,Sunday,27 Dec 2020,06:00,1,1,2,1,1,2,No Group
Manchester City Council - Chorlton,Chorlton Place,2020,December,52,Sunday,27 Dec 2020,07:00,1,5,6,1,5,6,No Group
Manchester City Council - Chorlton,Chorlton Place,2020,December,52,Sunday,27 Dec 2020,08:00,12,10,22,12,10,22,No Group
Manchester City Council - Chorlton,Chorlton Place,2020,December,52,Sunday,27 Dec 2020,09:00,31,36,67,31,36,67,No Group
Manchester City Council - Chorlton,Chorlton Place,2020,December,52,Sunday,27 Dec 2020,10:00,45,86,131,45,86,131,No Group
Manchester City Council - Chorlton,Chorlton Place,2020,December,52,Sunday,27 Dec 2020,11:00,95,83,178,95,83,178,No Group
Manchester City Council - Chorlton,Chorlton Place,2020,December,52,Sunday,27 Dec 2020,12:00,100,107,207,100,107,207,No Group
Manchester City Council - Chorlton,Chorlton Place,2020,December,52,Sunday,27 Dec 2020,13:00,78,92,170,78,92,170,No Group
Manchester City Council - Chorlton,Chorlton Place,2020,December,52,Sunday,27 Dec 2020,14:00,76,87,163,76,87,163,No Group
Manchester City Council - Chorlton,Chorlton Place,2020,December,52,Sunday,27 Dec 2020,15:00,69,65,134,69,65,134,No Group
Manchester City Council - Chorlton,Chorlton Place,2020,December,52,Sunday,27 Dec 2020,16:00,65,60,125,65,60,125,No Group
Manchester City Council - Chorlton,Chorlton Place,2020,December,52,Sunday,27 Dec 2020,17:00,26,40,66,26,40,66,No Group
Manchester City Council - Chorlton,Chorlton Place,2020,December,52,Sunday,27 Dec 2020,18:00,19,29,48,19,29,48,No Group
Manchester City Council - Chorlton,Chorlton Place,2020,December,52,Sunday,27 Dec 2020,19:00,15,12,27,15,12,27,No Group
Manchester City Council - Chorlton,Chorlton Place,2020,December,52,Sunday,27 Dec 2020,20:00,9,16,25,9,16,25,No Group
Manchester City Council - Chorlton,Chorlton Place,2020,December,52,Sunday,27 Dec 2020,21:00,4,8,12,4,8,12,No Group
Manchester City Council - Chorlton,Chorlton Place,2020,December,52,Sunday,27 Dec 2020,22:00,11,7,18,11,7,18,No Group
Manchester City Council - Chorlton,Chorlton Place,2020,December,52,Sunday,27 Dec 2020,23:00,4,3,7,4,3,7,No Group
Manchester City Council - Chorlton,Chorlton Place,2020,December,53,Monday,28 Dec 2020,00:00,0,0,0,0,0,0,No Group
Manchester City Council - Chorlton,Chorlton Place,2020,December,53,Monday,28 Dec 2020,01:00,2,3,5,2,3,5,No Group
Manchester City Council - Chorlton,Chorlton Place,2020,December,53,Monday,28 Dec 2020,02:00,0,0,0,0,0,0,No Group
Manchester City Council - Chorlton,Chorlton Place,2020,December,53,Monday,28 Dec 2020,03:00,1,1,2,1,1,2,No Group
Manchester City Council - Chorlton,Chorlton Place,2020,December,53,Monday,28 Dec 2020,04:00,2,5,7,2,5,7,No Group
Manchester City Council - Chorlton,Chorlton Place,2020,December,53,Monday,28 Dec 2020,05:00,0,1,1,0,1,1,No Group
Manchester City Council - Chorlton,Chorlton Place,2020,December,53,Monday,28 Dec 2020,06:00,2,2,4,2,2,4,No Group
Manchester City Council - Chorlton,Chorlton Place,2020,December,53,Monday,28 Dec 2020,07:00,4,3,7,4,3,7,No Group
Manchester City Council - Chorlton,Chorlton Place,2020,December,53,Monday,28 Dec 2020,08:00,7,9,16,7,9,16,No Group
Manchester City Council - Chorlton,Chorlton Place,2020,December,53,Monday,28 Dec 2020,09:00,20,33,53,20,33,53,No Group
Manchester City Council - Chorlton,Chorlton Place,2020,December,53,Monday,28 Dec 2020,10:00,70,79,149,70,79,149,No Group
Manchester City Council - Chorlton,Chorlton Place,2020,December,53,Monday,28 Dec 2020,11:00,93,106,199,93,106,199,No Group
Manchester City Council - Chorlton,Chorlton Place,2020,December,53,Monday,28 Dec 2020,12:00,124,127,251,124,127,251,No Group
Manchester City Council - Chorlton,Chorlton Place,2020,December,53,Monday,28 Dec 2020,13:00,106,131,237,106,131,237,No Group
Manchester City Council - Chorlton,Chorlton Place,2020,December,53,Monday,28 Dec 2020,14:00,113,117,230,113,117,230,No Group
Manchester City Council - Chorlton,Chorlton Place,2020,December,53,Monday,28 Dec 2020,15:00,103,96,199,103,96,199,No Group
Manchester City Council - Chorlton,Chorlton Place,2020,December,53,Monday,28 Dec 2020,16:00,43,62,105,43,62,105,No Group
Manchester City Council - Chorlton,Chorlton Place,2020,December,53,Monday,28 Dec 2020,17:00,32,31,63,32,31,63,No Group
Manchester City Council - Chorlton,Chorlton Place,2020,December,53,Monday,28 Dec 2020,18:00,22,20,42,22,20,42,No Group
Manchester City Council - Chorlton,Chorlton Place,2020,December,53,Monday,28 Dec 2020,19:00,14,16,30,14,16,30,No Group
Manchester City Council - Chorlton,Chorlton Place,2020,December,53,Monday,28 Dec 2020,20:00,21,12,33,21,12,33,No Group
Manchester City Council - Chorlton,Chorlton Place,2020,December,53,Monday,28 Dec 2020,21:00,6,8,14,6,8,14,No Group
Manchester City Council - Chorlton,Chorlton Place,2020,December,53,Monday,28 Dec 2020,22:00,12,7,19,12,7,19,No Group
Manchester City Council - Chorlton,Chorlton Place,2020,December,53,Monday,28 Dec 2020,23:00,1,4,5,1,4,5,No Group
Manchester City Council - Chorlton,Chorlton Place,2020,December,53,Tuesday,29 Dec 2020,00:00,3,1,4,3,1,4,No Group
Manchester City Council - Chorlton,Chorlton Place,2020,December,53,Tuesday,29 Dec 2020,01:00,3,1,4,3,1,4,No Group
Manchester City Council - Chorlton,Chorlton Place,2020,December,53,Tuesday,29 Dec 2020,02:00,4,4,8,4,4,8,No Group
Manchester City Council - Chorlton,Chorlton Place,2020,December,53,Tuesday,29 Dec 2020,03:00,1,1,2,1,1,2,No Group
Manchester City Council - Chorlton,Chorlton Place,2020,December,53,Tuesday,29 Dec 2020,04:00,0,0,0,0,0,0,No Group
Manchester City Council - Chorlton,Chorlton Place,2020,December,53,Tuesday,29 Dec 2020,05:00,0,4,4,0,4,4,No Group
Manchester City Council - Chorlton,Chorlton Place,2020,December,53,Tuesday,29 Dec 2020,06:00,5,11,16,5,11,16,No Group
Manchester City Council - Chorlton,Chorlton Place,2020,December,53,Tuesday,29 Dec 2020,07:00,3,14,17,3,14,17,No Group
Manchester City Council - Chorlton,Chorlton Place,2020,December,53,Tuesday,29 Dec 2020,08:00,21,44,65,21,44,65,No Group
Manchester City Council - Chorlton,Chorlton Place,2020,December,53,Tuesday,29 Dec 2020,09:00,66,74,140,66,74,140,No Group
Manchester City Council - Chorlton,Chorlton Place,2020,December,53,Tuesday,29 Dec 2020,10:00,96,116,212,96,116,212,No Group
Manchester City Council - Chorlton,Chorlton Place,2020,December,53,Tuesday,29 Dec 2020,11:00,199,215,414,199,215,414,No Group
Manchester City Council - Chorlton,Chorlton Place,2020,December,53,Tuesday,29 Dec 2020,12:00,178,186,364,178,186,364,No Group
Manchester City Council - Chorlton,Chorlton Place,2020,December,53,Tuesday,29 Dec 2020,13:00,185,178,363,185,178,363,No Group
Manchester City Council - Chorlton,Chorlton Place,2020,December,53,Tuesday,29 Dec 2020,14:00,174,175,349,174,175,349,No Group
Manchester City Council - Chorlton,Chorlton Place,2020,December,53,Tuesday,29 Dec 2020,15:00,174,156,330,174,156,330,No Group
Manchester City Council - Chorlton,Chorlton Place,2020,December,53,Tuesday,29 Dec 2020,16:00,93,91,184,93,91,184,No Group
Manchester City Council - Chorlton,Chorlton Place,2020,December,53,Tuesday,29 Dec 2020,17:00,59,51,110,59,51,110,No Group
Manchester City Council - Chorlton,Chorlton Place,2020,December,53,Tuesday,29 Dec 2020,18:00,54,48,102,54,48,102,No Group
Manchester City Council - Chorlton,Chorlton Place,2020,December,53,Tuesday,29 Dec 2020,19:00,39,32,71,39,32,71,No Group
Manchester City Council - Chorlton,Chorlton Place,2020,December,53,Tuesday,29 Dec 2020,20:00,13,9,22,13,9,22,No Group
Manchester City Council - Chorlton,Chorlton Place,2020,December,53,Tuesday,29 Dec 2020,21:00,4,6,10,4,6,10,No Group
Manchester City Council - Chorlton,Chorlton Place,2020,December,53,Tuesday,29 Dec 2020,22:00,9,5,14,9,5,14,No Group
Manchester City Council - Chorlton,Chorlton Place,2020,December,53,Tuesday,29 Dec 2020,23:00,4,1,5,4,1,5,No Group
Manchester City Council - Chorlton,Chorlton Place,2020,December,53,Wednesday,30 Dec 2020,00:00,2,2,4,2,2,4,No Group
Manchester City Council - Chorlton,Chorlton Place,2020,December,53,Wednesday,30 Dec 2020,01:00,1,0,1,1,0,1,No Group
Manchester City Council - Chorlton,Chorlton Place,2020,December,53,Wednesday,30 Dec 2020,02:00,0,0,0,0,0,0,No Group
Manchester City Council - Chorlton,Chorlton Place,2020,December,53,Wednesday,30 Dec 2020,03:00,0,0,0,0,0,0,No Group
Manchester City Council - Chorlton,Chorlton Place,2020,December,53,Wednesday,30 Dec 2020,04:00,1,1,2,1,1,2,No Group
Manchester City Council - Chorlton,Chorlton Place,2020,December,53,Wednesday,30 Dec 2020,05:00,0,3,3,0,3,3,No Group
Manchester City Council - Chorlton,Chorlton Place,2020,December,53,Wednesday,30 Dec 2020,06:00,3,2,5,3,2,5,No Group
Manchester City Council - Chorlton,Chorlton Place,2020,December,53,Wednesday,30 Dec 2020,07:00,3,12,15,3,12,15,No Group
Manchester City Council - Chorlton,Chorlton Place,2020,December,53,Wednesday,30 Dec 2020,08:00,39,59,98,39,59,98,No Group
Manchester City Council - Chorlton,Chorlton Place,2020,December,53,Wednesday,30 Dec 2020,09:00,62,67,129,62,67,129,No Group
Manchester City Council - Chorlton,Chorlton Place,2020,December,53,Wednesday,30 Dec 2020,10:00,157,152,309,157,152,309,No Group
Manchester City Council - Chorlton,Chorlton Place,2020,December,53,Wednesday,30 Dec 2020,11:00,177,198,375,177,198,375,No Group
Manchester City Council - Chorlton,Chorlton Place,2020,December,53,Wednesday,30 Dec 2020,12:00,195,186,381,195,186,381,No Group
Manchester City Council - Chorlton,Chorlton Place,2020,December,53,Wednesday,30 Dec 2020,13:00,192,216,408,192,216,408,No Group
Manchester City Council - Chorlton,Chorlton Place,2020,December,53,Wednesday,30 Dec 2020,14:00,200,178,378,200,178,378,No Group
Manchester City Council - Chorlton,Chorlton Place,2020,December,53,Wednesday,30 Dec 2020,15:00,184,185,369,184,185,369,No Group
Manchester City Council - Chorlton,Chorlton Place,2020,December,53,Wednesday,30 Dec 2020,16:00,113,109,222,113,109,222,No Group
Manchester City Council - Chorlton,Chorlton Place,2020,December,53,Wednesday,30 Dec 2020,17:00,69,75,144,69,75,144,No Group
Manchester City Council - Chorlton,Chorlton Place,2020,December,53,Wednesday,30 Dec 2020,18:00,29,31,60,29,31,60,No Group
Manchester City Council - Chorlton,Chorlton Place,2020,December,53,Wednesday,30 Dec 2020,19:00,21,23,44,21,23,44,No Group
Manchester City Council - Chorlton,Chorlton Place,2020,December,53,Wednesday,30 Dec 2020,20:00,8,13,21,8,13,21,No Group
Manchester City Council - Chorlton,Chorlton Place,2020,December,53,Wednesday,30 Dec 2020,21:00,12,17,29,12,17,29,No Group
Manchester City Council - Chorlton,Chorlton Place,2020,December,53,Wednesday,30 Dec 2020,22:00,11,9,20,11,9,20,No Group
Manchester City Council - Chorlton,Chorlton Place,2020,December,53,Wednesday,30 Dec 2020,23:00,3,5,8,3,5,8,No Group
Manchester City Council - Chorlton,Chorlton Place,2020,December,53,Thursday,31 Dec 2020,00:00,4,2,6,4,2,6,No Group
Manchester City Council - Chorlton,Chorlton Place,2020,December,53,Thursday,31 Dec 2020,01:00,1,1,2,1,1,2,No Group
Manchester City Council - Chorlton,Chorlton Place,2020,December,53,Thursday,31 Dec 2020,02:00,0,0,0,0,0,0,No Group
Manchester City Council - Chorlton,Chorlton Place,2020,December,53,Thursday,31 Dec 2020,03:00,0,1,1,0,1,1,No Group
Manchester City Council - Chorlton,Chorlton Place,2020,December,53,Thursday,31 Dec 2020,04:00,0,1,1,0,1,1,No Group
Manchester City Council - Chorlton,Chorlton Place,2020,December,53,Thursday,31 Dec 2020,05:00,0,2,2,0,2,2,No Group
Manchester City Council - Chorlton,Chorlton Place,2020,December,53,Thursday,31 Dec 2020,06:00,6,6,12,6,6,12,No Group
Manchester City Council - Chorlton,Chorlton Place,2020,December,53,Thursday,31 Dec 2020,07:00,12,18,30,12,18,30,No Group
Manchester City Council - Chorlton,Chorlton Place,2020,December,53,Thursday,31 Dec 2020,08:00,31,27,58,31,27,58,No Group
Manchester City Council - Chorlton,Chorlton Place,2020,December,53,Thursday,31 Dec 2020,09:00,118,118,236,118,118,236,No Group
Manchester City Council - Chorlton,Chorlton Place,2020,December,53,Thursday,31 Dec 2020,10:00,160,163,323,160,163,323,No Group
Manchester City Council - Chorlton,Chorlton Place,2020,December,53,Thursday,31 Dec 2020,11:00,190,230,420,190,230,420,No Group
Manchester City Council - Chorlton,Chorlton Place,2020,December,53,Thursday,31 Dec 2020,12:00,185,218,403,185,218,403,No Group
Manchester City Council - Chorlton,Chorlton Place,2020,December,53,Thursday,31 Dec 2020,13:00,220,229,449,220,229,449,No Group
Manchester City Council - Chorlton,Chorlton Place,2020,December,53,Thursday,31 Dec 2020,14:00,177,158,335,177,158,335,No Group
Manchester City Council - Chorlton,Chorlton Place,2020,December,53,Thursday,31 Dec 2020,15:00,110,140,250,110,140,250,No Group
Manchester City Council - Chorlton,Chorlton Place,2020,December,53,Thursday,31 Dec 2020,16:00,66,69,135,66,69,135,No Group
Manchester City Council - Chorlton,Chorlton Place,2020,December,53,Thursday,31 Dec 2020,17:00,31,50,81,31,50,81,No Group
Manchester City Council - Chorlton,Chorlton Place,2020,December,53,Thursday,31 Dec 2020,18:00,25,25,50,25,25,50,No Group
Manchester City Council - Chorlton,Chorlton Place,2020,December,53,Thursday,31 Dec 2020,19:00,18,13,31,18,13,31,No Group
Manchester City Council - Chorlton,Chorlton Place,2020,December,53,Thursday,31 Dec 2020,20:00,14,14,28,14,14,28,No Group
Manchester City Council - Chorlton,Chorlton Place,2020,December,53,Thursday,31 Dec 2020,21:00,11,11,22,11,11,22,No Group
Manchester City Council - Chorlton,Chorlton Place,2020,December,53,Thursday,31 Dec 2020,22:00,15,6,21,15,6,21,No Group
Manchester City Council - Chorlton,Chorlton Place,2020,December,53,Thursday,31 Dec 2020,23:00,9,8,17,9,8,17,No Group
