Site,LocationName,BRCYear,BRCMonthName,BRCWeekNum,DayName,Date,Hour,InCount,OutCount,ReportCount,FactoredInCount,FactoredOutCount,FactoredReportCount,LocationGroup
Manchester City Council - Chorlton,Chorlton Place,2019,January,1,Tuesday,01 Jan 2019,,867,1221,2088,867,1221,2088,No Group
Manchester City Council - Chorlton,Chorlton Place,2019,January,1,Wednesday,02 Jan 2019,,1497,1655,3152,1497,1655,3152,No Group
Manchester City Council - Chorlton,Chorlton Place,2019,January,1,Thursday,03 Jan 2019,,1608,1835,3443,1608,1835,3443,No Group
Manchester City Council - Chorlton,Chorlton Place,2019,January,1,Friday,04 Jan 2019,,1747,1995,3742,1747,1995,3742,No Group
Manchester City Council - Chorlton,Chorlton Place,2019,January,1,Saturday,05 Jan 2019,,2080,2323,4403,2080,2323,4403,No Group
Manchester City Council - Chorlton,Chorlton Place,2019,January,1,Sunday,06 Jan 2019,,861,1084,1945,861,1084,1945,No Group
Manchester City Council - Chorlton,Chorlton Place,2019,January,2,Monday,07 Jan 2019,,1389,1572,2961,1389,1572,2961,No Group
Manchester City Council - Chorlton,Chorlton Place,2019,January,2,Tuesday,08 Jan 2019,,2250,3615,5865,2250,3615,5865,No Group
Manchester City Council - Chorlton,Chorlton Place,2019,January,2,Wednesday,09 Jan 2019,,1620,2167,3787,1620,2167,3787,No Group
Manchester City Council - Chorlton,Chorlton Place,2019,January,2,Thursday,10 Jan 2019,,1391,1603,2994,1391,1603,2994,No Group
Manchester City Council - Chorlton,Chorlton Place,2019,January,2,Friday,11 Jan 2019,,1692,1992,3684,1692,1992,3684,No Group
Manchester City Council - Chorlton,Chorlton Place,2019,January,2,Saturday,12 Jan 2019,,2202,2778,4980,2202,2778,4980,No Group
Manchester City Council - Chorlton,Chorlton Place,2019,January,2,Sunday,13 Jan 2019,,1119,1518,2637,1119,1518,2637,No Group
Manchester City Council - Chorlton,Chorlton Place,2019,January,3,Monday,14 Jan 2019,,1439,1703,3142,1439,1703,3142,No Group
Manchester City Council - Chorlton,Chorlton Place,2019,January,3,Tuesday,15 Jan 2019,,1664,1765,3429,1664,1765,3429,No Group
Manchester City Council - Chorlton,Chorlton Place,2019,January,3,Wednesday,16 Jan 2019,,1179,2010,3189,1179,2010,3189,No Group
Manchester City Council - Chorlton,Chorlton Place,2019,January,3,Thursday,17 Jan 2019,,1535,1739,3274,1535,1739,3274,No Group
Manchester City Council - Chorlton,Chorlton Place,2019,January,3,Friday,18 Jan 2019,,1620,2124,3744,1620,2124,3744,No Group
Manchester City Council - Chorlton,Chorlton Place,2019,January,3,Saturday,19 Jan 2019,,2389,2879,5268,2389,2879,5268,No Group
Manchester City Council - Chorlton,Chorlton Place,2019,January,3,Sunday,20 Jan 2019,,1034,1279,2313,1034,1279,2313,No Group
Manchester City Council - Chorlton,Chorlton Place,2019,January,4,Monday,21 Jan 2019,,1479,1843,3322,1479,1843,3322,No Group
Manchester City Council - Chorlton,Chorlton Place,2019,January,4,Tuesday,22 Jan 2019,,1564,2027,3591,1564,2027,3591,No Group
Manchester City Council - Chorlton,Chorlton Place,2019,January,4,Wednesday,23 Jan 2019,,1453,1862,3315,1453,1862,3315,No Group
Manchester City Council - Chorlton,Chorlton Place,2019,January,4,Thursday,24 Jan 2019,,1490,1942,3432,1490,1942,3432,No Group
Manchester City Council - Chorlton,Chorlton Place,2019,January,4,Friday,25 Jan 2019,,2256,2776,5032,2256,2776,5032,No Group
Manchester City Council - Chorlton,Chorlton Place,2019,January,4,Saturday,26 Jan 2019,,2167,2568,4735,2167,2568,4735,No Group
Manchester City Council - Chorlton,Chorlton Place,2019,January,4,Sunday,27 Jan 2019,,1143,1313,2456,1143,1313,2456,No Group
Manchester City Council - Chorlton,Chorlton Place,2019,February,5,Monday,28 Jan 2019,,2219,3609,5828,2219,3609,5828,No Group
Manchester City Council - Chorlton,Chorlton Place,2019,February,5,Tuesday,29 Jan 2019,,1605,1858,3463,1605,1858,3463,No Group
Manchester City Council - Chorlton,Chorlton Place,2019,February,5,Wednesday,30 Jan 2019,,1410,2006,3416,1410,2006,3416,No Group
Manchester City Council - Chorlton,Chorlton Place,2019,February,5,Thursday,31 Jan 2019,,1582,1789,3371,1582,1789,3371,No Group
Manchester City Council - Chorlton,Chorlton Place,2019,February,5,Friday,01 Feb 2019,,2041,2380,4421,2041,2380,4421,No Group
Manchester City Council - Chorlton,Chorlton Place,2019,February,5,Saturday,02 Feb 2019,,3263,4240,7503,3263,4240,7503,No Group
Manchester City Council - Chorlton,Chorlton Place,2019,February,5,Sunday,03 Feb 2019,,1089,1316,2405,1089,1316,2405,No Group
Manchester City Council - Chorlton,Chorlton Place,2019,February,6,Monday,04 Feb 2019,,1978,2799,4777,1978,2799,4777,No Group
Manchester City Council - Chorlton,Chorlton Place,2019,February,6,Tuesday,05 Feb 2019,,1642,1974,3616,1642,1974,3616,No Group
Manchester City Council - Chorlton,Chorlton Place,2019,February,6,Wednesday,06 Feb 2019,,1812,1918,3730,1812,1918,3730,No Group
Manchester City Council - Chorlton,Chorlton Place,2019,February,6,Thursday,07 Feb 2019,,1817,2054,3871,1817,2054,3871,No Group
Manchester City Council - Chorlton,Chorlton Place,2019,February,6,Friday,08 Feb 2019,,2120,2404,4524,2120,2404,4524,No Group
Manchester City Council - Chorlton,Chorlton Place,2019,February,6,Saturday,09 Feb 2019,,2432,2657,5089,2432,2657,5089,No Group
Manchester City Council - Chorlton,Chorlton Place,2019,February,6,Sunday,10 Feb 2019,,1207,1482,2689,1207,1482,2689,No Group
Manchester City Council - Chorlton,Chorlton Place,2019,February,7,Monday,11 Feb 2019,,2236,3241,5477,2236,3241,5477,No Group
Manchester City Council - Chorlton,Chorlton Place,2019,February,7,Tuesday,12 Feb 2019,,1835,1958,3793,1835,1958,3793,No Group
Manchester City Council - Chorlton,Chorlton Place,2019,February,7,Wednesday,13 Feb 2019,,2002,2243,4245,2002,2243,4245,No Group
Manchester City Council - Chorlton,Chorlton Place,2019,February,7,Thursday,14 Feb 2019,,1849,2051,3900,1849,2051,3900,No Group
Manchester City Council - Chorlton,Chorlton Place,2019,February,7,Friday,15 Feb 2019,,3161,4218,7379,3161,4218,7379,No Group
Manchester City Council - Chorlton,Chorlton Place,2019,February,7,Saturday,16 Feb 2019,,3497,4253,7750,3497,4253,7750,No Group
Manchester City Council - Chorlton,Chorlton Place,2019,February,7,Sunday,17 Feb 2019,,1247,1476,2723,1247,1476,2723,No Group
Manchester City Council - Chorlton,Chorlton Place,2019,February,8,Monday,18 Feb 2019,,1645,1907,3552,1645,1907,3552,No Group
Manchester City Council - Chorlton,Chorlton Place,2019,February,8,Tuesday,19 Feb 2019,,1768,1881,3649,1768,1881,3649,No Group
Manchester City Council - Chorlton,Chorlton Place,2019,February,8,Wednesday,20 Feb 2019,,1848,1921,3769,1848,1921,3769,No Group
Manchester City Council - Chorlton,Chorlton Place,2019,February,8,Thursday,21 Feb 2019,,2174,3082,5256,2174,3082,5256,No Group
Manchester City Council - Chorlton,Chorlton Place,2019,February,8,Friday,22 Feb 2019,,2849,3944,6793,2849,3944,6793,No Group
Manchester City Council - Chorlton,Chorlton Place,2019,February,8,Saturday,23 Feb 2019,,3686,5034,8720,3686,5034,8720,No Group
Manchester City Council - Chorlton,Chorlton Place,2019,February,8,Sunday,24 Feb 2019,,2096,3125,5221,2096,3125,5221,No Group
Manchester City Council - Chorlton,Chorlton Place,2019,March,9,Monday,25 Feb 2019,,2906,4107,7013,2906,4107,7013,No Group
Manchester City Council - Chorlton,Chorlton Place,2019,March,9,Tuesday,26 Feb 2019,,2957,4320,7277,2957,4320,7277,No Group
Manchester City Council - Chorlton,Chorlton Place,2019,March,9,Wednesday,27 Feb 2019,,2948,4242,7190,2948,4242,7190,No Group
Manchester City Council - Chorlton,Chorlton Place,2019,March,9,Thursday,28 Feb 2019,,1594,1850,3444,1594,1850,3444,No Group
Manchester City Council - Chorlton,Chorlton Place,2019,March,9,Friday,01 Mar 2019,,1915,2002,3917,1915,2002,3917,No Group
Manchester City Council - Chorlton,Chorlton Place,2019,March,9,Saturday,02 Mar 2019,,2715,3288,6003,2715,3288,6003,No Group
Manchester City Council - Chorlton,Chorlton Place,2019,March,9,Sunday,03 Mar 2019,,1457,1641,3098,1457,1641,3098,No Group
Manchester City Council - Chorlton,Chorlton Place,2019,March,10,Monday,04 Mar 2019,,1905,2861,4766,1905,2861,4766,No Group
Manchester City Council - Chorlton,Chorlton Place,2019,March,10,Tuesday,05 Mar 2019,,1972,2619,4591,1972,2619,4591,No Group
Manchester City Council - Chorlton,Chorlton Place,2019,March,10,Wednesday,06 Mar 2019,,1429,1773,3202,1429,1773,3202,No Group
Manchester City Council - Chorlton,Chorlton Place,2019,March,10,Thursday,07 Mar 2019,,1957,2317,4274,1957,2317,4274,No Group
Manchester City Council - Chorlton,Chorlton Place,2019,March,10,Friday,08 Mar 2019,,1888,2357,4245,1888,2357,4245,No Group
Manchester City Council - Chorlton,Chorlton Place,2019,March,10,Saturday,09 Mar 2019,,2554,2873,5427,2554,2873,5427,No Group
Manchester City Council - Chorlton,Chorlton Place,2019,March,10,Sunday,10 Mar 2019,,1218,1579,2797,1218,1579,2797,No Group
Manchester City Council - Chorlton,Chorlton Place,2019,March,11,Monday,11 Mar 2019,,1918,2472,4390,1918,2472,4390,No Group
Manchester City Council - Chorlton,Chorlton Place,2019,March,11,Tuesday,12 Mar 2019,,1863,2531,4394,1863,2531,4394,No Group
Manchester City Council - Chorlton,Chorlton Place,2019,March,11,Wednesday,13 Mar 2019,,1456,1840,3296,1456,1840,3296,No Group
Manchester City Council - Chorlton,Chorlton Place,2019,March,11,Thursday,14 Mar 2019,,1829,2446,4275,1829,2446,4275,No Group
Manchester City Council - Chorlton,Chorlton Place,2019,March,11,Friday,15 Mar 2019,,1899,2263,4162,1899,2263,4162,No Group
Manchester City Council - Chorlton,Chorlton Place,2019,March,11,Saturday,16 Mar 2019,,2292,2712,5004,2292,2712,5004,No Group
Manchester City Council - Chorlton,Chorlton Place,2019,March,11,Sunday,17 Mar 2019,,1396,1797,3193,1396,1797,3193,No Group
Manchester City Council - Chorlton,Chorlton Place,2019,March,12,Monday,18 Mar 2019,,1823,2029,3852,1823,2029,3852,No Group
Manchester City Council - Chorlton,Chorlton Place,2019,March,12,Tuesday,19 Mar 2019,,1554,1890,3444,1554,1890,3444,No Group
Manchester City Council - Chorlton,Chorlton Place,2019,March,12,Wednesday,20 Mar 2019,,2110,2771,4881,2110,2771,4881,No Group
Manchester City Council - Chorlton,Chorlton Place,2019,March,12,Thursday,21 Mar 2019,,1594,1825,3419,1594,1825,3419,No Group
Manchester City Council - Chorlton,Chorlton Place,2019,March,12,Friday,22 Mar 2019,,1802,2064,3866,1802,2064,3866,No Group
Manchester City Council - Chorlton,Chorlton Place,2019,March,12,Saturday,23 Mar 2019,,2715,3111,5826,2715,3111,5826,No Group
Manchester City Council - Chorlton,Chorlton Place,2019,March,12,Sunday,24 Mar 2019,,1416,1753,3169,1416,1753,3169,No Group
Manchester City Council - Chorlton,Chorlton Place,2019,March,13,Monday,25 Mar 2019,,2246,3107,5353,2246,3107,5353,No Group
Manchester City Council - Chorlton,Chorlton Place,2019,March,13,Tuesday,26 Mar 2019,,1629,1955,3584,1629,1955,3584,No Group
Manchester City Council - Chorlton,Chorlton Place,2019,March,13,Wednesday,27 Mar 2019,,1597,1808,3405,1597,1808,3405,No Group
Manchester City Council - Chorlton,Chorlton Place,2019,March,13,Thursday,28 Mar 2019,,2117,3014,5131,2117,3014,5131,No Group
Manchester City Council - Chorlton,Chorlton Place,2019,March,13,Friday,29 Mar 2019,,2908,3612,6520,2908,3612,6520,No Group
Manchester City Council - Chorlton,Chorlton Place,2019,March,13,Saturday,30 Mar 2019,,2906,3255,6161,2906,3255,6161,No Group
Manchester City Council - Chorlton,Chorlton Place,2019,March,13,Sunday,31 Mar 2019,,1127,1325,2452,1127,1325,2452,No Group
Manchester City Council - Chorlton,Chorlton Place,2019,April,14,Monday,01 Apr 2019,,1635,1858,3493,1635,1858,3493,No Group
Manchester City Council - Chorlton,Chorlton Place,2019,April,14,Tuesday,02 Apr 2019,,1783,2141,3924,1783,2141,3924,No Group
Manchester City Council - Chorlton,Chorlton Place,2019,April,14,Wednesday,03 Apr 2019,,1844,2082,3926,1844,2082,3926,No Group
Manchester City Council - Chorlton,Chorlton Place,2019,April,14,Thursday,04 Apr 2019,,1884,2096,3980,1884,2096,3980,No Group
Manchester City Council - Chorlton,Chorlton Place,2019,April,14,Friday,05 Apr 2019,,1934,2294,4228,1934,2294,4228,No Group
Manchester City Council - Chorlton,Chorlton Place,2019,April,14,Saturday,06 Apr 2019,,3407,3978,7385,3407,3978,7385,No Group
Manchester City Council - Chorlton,Chorlton Place,2019,April,14,Sunday,07 Apr 2019,,1206,1344,2550,1206,1344,2550,No Group
Manchester City Council - Chorlton,Chorlton Place,2019,April,15,Monday,08 Apr 2019,,2217,2693,4910,2217,2693,4910,No Group
Manchester City Council - Chorlton,Chorlton Place,2019,April,15,Tuesday,09 Apr 2019,,2233,2644,4877,2233,2644,4877,No Group
Manchester City Council - Chorlton,Chorlton Place,2019,April,15,Wednesday,10 Apr 2019,,2246,2769,5015,2246,2769,5015,No Group
Manchester City Council - Chorlton,Chorlton Place,2019,April,15,Thursday,11 Apr 2019,,2283,2895,5178,2283,2895,5178,No Group
Manchester City Council - Chorlton,Chorlton Place,2019,April,15,Friday,12 Apr 2019,,1940,2347,4287,1940,2347,4287,No Group
Manchester City Council - Chorlton,Chorlton Place,2019,April,15,Saturday,13 Apr 2019,,2555,2924,5479,2555,2924,5479,No Group
Manchester City Council - Chorlton,Chorlton Place,2019,April,15,Sunday,14 Apr 2019,,970,1093,2063,970,1093,2063,No Group
Manchester City Council - Chorlton,Chorlton Place,2019,April,16,Monday,15 Apr 2019,,1795,2191,3986,1795,2191,3986,No Group
Manchester City Council - Chorlton,Chorlton Place,2019,April,16,Tuesday,16 Apr 2019,,1786,1991,3777,1786,1991,3777,No Group
Manchester City Council - Chorlton,Chorlton Place,2019,April,16,Wednesday,17 Apr 2019,,2219,2586,4805,2219,2586,4805,No Group
Manchester City Council - Chorlton,Chorlton Place,2019,April,16,Thursday,18 Apr 2019,,2144,2367,4511,2144,2367,4511,No Group
Manchester City Council - Chorlton,Chorlton Place,2019,April,16,Friday,19 Apr 2019,,2717,2975,5692,2717,2975,5692,No Group
Manchester City Council - Chorlton,Chorlton Place,2019,April,16,Saturday,20 Apr 2019,,2925,3276,6201,2925,3276,6201,No Group
Manchester City Council - Chorlton,Chorlton Place,2019,April,16,Sunday,21 Apr 2019,,1246,1409,2655,1246,1409,2655,No Group
Manchester City Council - Chorlton,Chorlton Place,2019,April,17,Monday,22 Apr 2019,,1420,1662,3082,1420,1662,3082,No Group
Manchester City Council - Chorlton,Chorlton Place,2019,April,17,Tuesday,23 Apr 2019,,1835,2072,3907,1835,2072,3907,No Group
Manchester City Council - Chorlton,Chorlton Place,2019,April,17,Wednesday,24 Apr 2019,,1749,1964,3713,1749,1964,3713,No Group
Manchester City Council - Chorlton,Chorlton Place,2019,April,17,Thursday,25 Apr 2019,,1718,1996,3714,1718,1996,3714,No Group
Manchester City Council - Chorlton,Chorlton Place,2019,April,17,Friday,26 Apr 2019,,2134,2425,4559,2134,2425,4559,No Group
Manchester City Council - Chorlton,Chorlton Place,2019,April,17,Saturday,27 Apr 2019,,2528,2939,5467,2528,2939,5467,No Group
Manchester City Council - Chorlton,Chorlton Place,2019,April,17,Sunday,28 Apr 2019,,1358,1577,2935,1358,1577,2935,No Group
Manchester City Council - Chorlton,Chorlton Place,2019,May,18,Monday,29 Apr 2019,,1631,1883,3514,1631,1883,3514,No Group
Manchester City Council - Chorlton,Chorlton Place,2019,May,18,Tuesday,30 Apr 2019,,1747,2085,3832,1747,2085,3832,No Group
Manchester City Council - Chorlton,Chorlton Place,2019,May,18,Wednesday,01 May 2019,,1672,1856,3528,1672,1856,3528,No Group
Manchester City Council - Chorlton,Chorlton Place,2019,May,18,Thursday,02 May 2019,,1790,2028,3818,1790,2028,3818,No Group
Manchester City Council - Chorlton,Chorlton Place,2019,May,18,Friday,03 May 2019,,1839,2235,4074,1839,2235,4074,No Group
Manchester City Council - Chorlton,Chorlton Place,2019,May,18,Saturday,04 May 2019,,2472,2682,5154,2472,2682,5154,No Group
Manchester City Council - Chorlton,Chorlton Place,2019,May,18,Sunday,05 May 2019,,1121,1350,2471,1121,1350,2471,No Group
Manchester City Council - Chorlton,Chorlton Place,2019,May,19,Monday,06 May 2019,,1165,1301,2466,1165,1301,2466,No Group
Manchester City Council - Chorlton,Chorlton Place,2019,May,19,Tuesday,07 May 2019,,1549,1777,3326,1549,1777,3326,No Group
Manchester City Council - Chorlton,Chorlton Place,2019,May,19,Wednesday,08 May 2019,,1737,2082,3819,1737,2082,3819,No Group
Manchester City Council - Chorlton,Chorlton Place,2019,May,19,Thursday,09 May 2019,,1686,1944,3630,1686,1944,3630,No Group
Manchester City Council - Chorlton,Chorlton Place,2019,May,19,Friday,10 May 2019,,1817,2126,3943,1817,2126,3943,No Group
Manchester City Council - Chorlton,Chorlton Place,2019,May,19,Saturday,11 May 2019,,2785,3018,5803,2785,3018,5803,No Group
Manchester City Council - Chorlton,Chorlton Place,2019,May,19,Sunday,12 May 2019,,1518,1779,3297,1518,1779,3297,No Group
Manchester City Council - Chorlton,Chorlton Place,2019,May,20,Monday,13 May 2019,,1788,2196,3984,1788,2196,3984,No Group
Manchester City Council - Chorlton,Chorlton Place,2019,May,20,Tuesday,14 May 2019,,1908,2241,4149,1908,2241,4149,No Group
Manchester City Council - Chorlton,Chorlton Place,2019,May,20,Wednesday,15 May 2019,,2082,2302,4384,2082,2302,4384,No Group
Manchester City Council - Chorlton,Chorlton Place,2019,May,20,Thursday,16 May 2019,,1800,2154,3954,1800,2154,3954,No Group
Manchester City Council - Chorlton,Chorlton Place,2019,May,20,Friday,17 May 2019,,2086,2337,4423,2086,2337,4423,No Group
Manchester City Council - Chorlton,Chorlton Place,2019,May,20,Saturday,18 May 2019,,2227,2561,4788,2227,2561,4788,No Group
Manchester City Council - Chorlton,Chorlton Place,2019,May,20,Sunday,19 May 2019,,1195,1353,2548,1195,1353,2548,No Group
Manchester City Council - Chorlton,Chorlton Place,2019,May,21,Monday,20 May 2019,,1780,1983,3763,1780,1983,3763,No Group
Manchester City Council - Chorlton,Chorlton Place,2019,May,21,Tuesday,21 May 2019,,1780,2145,3925,1780,2145,3925,No Group
Manchester City Council - Chorlton,Chorlton Place,2019,May,21,Wednesday,22 May 2019,,1770,1856,3626,1770,1856,3626,No Group
Manchester City Council - Chorlton,Chorlton Place,2019,May,21,Thursday,23 May 2019,,1792,2070,3862,1792,2070,3862,No Group
Manchester City Council - Chorlton,Chorlton Place,2019,May,21,Friday,24 May 2019,,2060,2337,4397,2060,2337,4397,No Group
Manchester City Council - Chorlton,Chorlton Place,2019,May,21,Saturday,25 May 2019,,2216,2444,4660,2216,2444,4660,No Group
Manchester City Council - Chorlton,Chorlton Place,2019,May,21,Sunday,26 May 2019,,1069,1323,2392,1069,1323,2392,No Group
Manchester City Council - Chorlton,Chorlton Place,2019,June,22,Monday,27 May 2019,,1196,1414,2610,1196,1414,2610,No Group
Manchester City Council - Chorlton,Chorlton Place,2019,June,22,Tuesday,28 May 2019,,1818,1869,3687,1818,1869,3687,No Group
Manchester City Council - Chorlton,Chorlton Place,2019,June,22,Wednesday,29 May 2019,,1810,1954,3764,1810,1954,3764,No Group
Manchester City Council - Chorlton,Chorlton Place,2019,June,22,Thursday,30 May 2019,,1832,2108,3940,1832,2108,3940,No Group
Manchester City Council - Chorlton,Chorlton Place,2019,June,22,Friday,31 May 2019,,1861,2096,3957,1861,2096,3957,No Group
Manchester City Council - Chorlton,Chorlton Place,2019,June,22,Saturday,01 Jun 2019,,2465,2572,5037,2465,2572,5037,No Group
Manchester City Council - Chorlton,Chorlton Place,2019,June,22,Sunday,02 Jun 2019,,1092,1252,2344,1092,1252,2344,No Group
Manchester City Council - Chorlton,Chorlton Place,2019,June,23,Monday,03 Jun 2019,,1585,1778,3363,1585,1778,3363,No Group
Manchester City Council - Chorlton,Chorlton Place,2019,June,23,Tuesday,04 Jun 2019,,1643,1877,3520,1643,1877,3520,No Group
Manchester City Council - Chorlton,Chorlton Place,2019,June,23,Wednesday,05 Jun 2019,,1628,1800,3428,1628,1800,3428,No Group
Manchester City Council - Chorlton,Chorlton Place,2019,June,23,Thursday,06 Jun 2019,,1790,2133,3923,1790,2133,3923,No Group
Manchester City Council - Chorlton,Chorlton Place,2019,June,23,Friday,07 Jun 2019,,1835,2128,3963,1835,2128,3963,No Group
Manchester City Council - Chorlton,Chorlton Place,2019,June,23,Saturday,08 Jun 2019,,2458,2820,5278,2458,2820,5278,No Group
Manchester City Council - Chorlton,Chorlton Place,2019,June,23,Sunday,09 Jun 2019,,1101,1260,2361,1101,1260,2361,No Group
Manchester City Council - Chorlton,Chorlton Place,2019,June,24,Monday,10 Jun 2019,,1674,1909,3583,1674,1909,3583,No Group
Manchester City Council - Chorlton,Chorlton Place,2019,June,24,Tuesday,11 Jun 2019,,1758,1898,3656,1758,1898,3656,No Group
Manchester City Council - Chorlton,Chorlton Place,2019,June,24,Wednesday,12 Jun 2019,,1652,2001,3653,1652,2001,3653,No Group
Manchester City Council - Chorlton,Chorlton Place,2019,June,24,Thursday,13 Jun 2019,,1600,1898,3498,1600,1898,3498,No Group
Manchester City Council - Chorlton,Chorlton Place,2019,June,24,Friday,14 Jun 2019,,2062,2366,4428,2062,2366,4428,No Group
Manchester City Council - Chorlton,Chorlton Place,2019,June,24,Saturday,15 Jun 2019,,2497,2852,5349,2497,2852,5349,No Group
Manchester City Council - Chorlton,Chorlton Place,2019,June,24,Sunday,16 Jun 2019,,1185,1408,2593,1185,1408,2593,No Group
Manchester City Council - Chorlton,Chorlton Place,2019,June,25,Monday,17 Jun 2019,,1531,1572,3103,1531,1572,3103,No Group
Manchester City Council - Chorlton,Chorlton Place,2019,June,25,Tuesday,18 Jun 2019,,1676,1819,3495,1676,1819,3495,No Group
Manchester City Council - Chorlton,Chorlton Place,2019,June,25,Wednesday,19 Jun 2019,,1701,1856,3557,1701,1856,3557,No Group
Manchester City Council - Chorlton,Chorlton Place,2019,June,25,Thursday,20 Jun 2019,,1723,1985,3708,1723,1985,3708,No Group
Manchester City Council - Chorlton,Chorlton Place,2019,June,25,Friday,21 Jun 2019,,1964,2230,4194,1964,2230,4194,No Group
Manchester City Council - Chorlton,Chorlton Place,2019,June,25,Saturday,22 Jun 2019,,2443,2777,5220,2443,2777,5220,No Group
Manchester City Council - Chorlton,Chorlton Place,2019,June,25,Sunday,23 Jun 2019,,2302,2057,4359,2302,2057,4359,No Group
Manchester City Council - Chorlton,Chorlton Place,2019,June,26,Monday,24 Jun 2019,,1664,1764,3428,1664,1764,3428,No Group
Manchester City Council - Chorlton,Chorlton Place,2019,June,26,Tuesday,25 Jun 2019,,1569,1870,3439,1569,1870,3439,No Group
Manchester City Council - Chorlton,Chorlton Place,2019,June,26,Wednesday,26 Jun 2019,,1743,1991,3734,1743,1991,3734,No Group
Manchester City Council - Chorlton,Chorlton Place,2019,June,26,Thursday,27 Jun 2019,,1963,2351,4314,1963,2351,4314,No Group
Manchester City Council - Chorlton,Chorlton Place,2019,June,26,Friday,28 Jun 2019,,2243,2572,4815,2243,2572,4815,No Group
Manchester City Council - Chorlton,Chorlton Place,2019,June,26,Saturday,29 Jun 2019,,2392,2662,5054,2392,2662,5054,No Group
Manchester City Council - Chorlton,Chorlton Place,2019,June,26,Sunday,30 Jun 2019,,1091,1240,2331,1091,1240,2331,No Group
Manchester City Council - Chorlton,Chorlton Place,2019,July,27,Monday,01 Jul 2019,,1655,1865,3520,1655,1865,3520,No Group
Manchester City Council - Chorlton,Chorlton Place,2019,July,27,Tuesday,02 Jul 2019,,1648,1870,3518,1648,1870,3518,No Group
Manchester City Council - Chorlton,Chorlton Place,2019,July,27,Wednesday,03 Jul 2019,,1927,2227,4154,1927,2227,4154,No Group
Manchester City Council - Chorlton,Chorlton Place,2019,July,27,Thursday,04 Jul 2019,,1714,1901,3615,1714,1901,3615,No Group
Manchester City Council - Chorlton,Chorlton Place,2019,July,27,Friday,05 Jul 2019,,2107,2389,4496,2107,2389,4496,No Group
Manchester City Council - Chorlton,Chorlton Place,2019,July,27,Saturday,06 Jul 2019,,2437,2634,5071,2437,2634,5071,No Group
Manchester City Council - Chorlton,Chorlton Place,2019,July,27,Sunday,07 Jul 2019,,1195,1422,2617,1195,1422,2617,No Group
Manchester City Council - Chorlton,Chorlton Place,2019,July,28,Monday,08 Jul 2019,,1692,1814,3506,1692,1814,3506,No Group
Manchester City Council - Chorlton,Chorlton Place,2019,July,28,Tuesday,09 Jul 2019,,1632,1787,3419,1632,1787,3419,No Group
Manchester City Council - Chorlton,Chorlton Place,2019,July,28,Wednesday,10 Jul 2019,,1728,1944,3672,1728,1944,3672,No Group
Manchester City Council - Chorlton,Chorlton Place,2019,July,28,Thursday,11 Jul 2019,,1769,2016,3785,1769,2016,3785,No Group
Manchester City Council - Chorlton,Chorlton Place,2019,July,28,Friday,12 Jul 2019,,2176,2301,4477,2176,2301,4477,No Group
Manchester City Council - Chorlton,Chorlton Place,2019,July,28,Saturday,13 Jul 2019,,2423,2667,5090,2423,2667,5090,No Group
Manchester City Council - Chorlton,Chorlton Place,2019,July,28,Sunday,14 Jul 2019,,1033,1143,2176,1033,1143,2176,No Group
Manchester City Council - Chorlton,Chorlton Place,2019,July,29,Monday,15 Jul 2019,,1860,2115,3975,1860,2115,3975,No Group
Manchester City Council - Chorlton,Chorlton Place,2019,July,29,Tuesday,16 Jul 2019,,1758,1969,3727,1758,1969,3727,No Group
Manchester City Council - Chorlton,Chorlton Place,2019,July,29,Wednesday,17 Jul 2019,,1739,1959,3698,1739,1959,3698,No Group
Manchester City Council - Chorlton,Chorlton Place,2019,July,29,Thursday,18 Jul 2019,,1729,1974,3703,1729,1974,3703,No Group
Manchester City Council - Chorlton,Chorlton Place,2019,July,29,Friday,19 Jul 2019,,2172,2514,4686,2172,2514,4686,No Group
Manchester City Council - Chorlton,Chorlton Place,2019,July,29,Saturday,20 Jul 2019,,2432,2632,5064,2432,2632,5064,No Group
Manchester City Council - Chorlton,Chorlton Place,2019,July,29,Sunday,21 Jul 2019,,1072,1322,2394,1072,1322,2394,No Group
Manchester City Council - Chorlton,Chorlton Place,2019,July,30,Monday,22 Jul 2019,,1773,2026,3799,1773,2026,3799,No Group
Manchester City Council - Chorlton,Chorlton Place,2019,July,30,Tuesday,23 Jul 2019,,1775,2070,3845,1775,2070,3845,No Group
Manchester City Council - Chorlton,Chorlton Place,2019,July,30,Wednesday,24 Jul 2019,,1726,1939,3665,1726,1939,3665,No Group
Manchester City Council - Chorlton,Chorlton Place,2019,July,30,Thursday,25 Jul 2019,,1759,2038,3797,1759,2038,3797,No Group
Manchester City Council - Chorlton,Chorlton Place,2019,July,30,Friday,26 Jul 2019,,1790,2094,3884,1790,2094,3884,No Group
Manchester City Council - Chorlton,Chorlton Place,2019,July,30,Saturday,27 Jul 2019,,2326,2540,4866,2326,2540,4866,No Group
Manchester City Council - Chorlton,Chorlton Place,2019,July,30,Sunday,28 Jul 2019,,987,1164,2151,987,1164,2151,No Group
Manchester City Council - Chorlton,Chorlton Place,2019,August,31,Monday,29 Jul 2019,,1905,2053,3958,1905,2053,3958,No Group
Manchester City Council - Chorlton,Chorlton Place,2019,August,31,Tuesday,30 Jul 2019,,1490,1645,3135,1490,1645,3135,No Group
Manchester City Council - Chorlton,Chorlton Place,2019,August,31,Wednesday,31 Jul 2019,,1702,1855,3557,1702,1855,3557,No Group
Manchester City Council - Chorlton,Chorlton Place,2019,August,31,Thursday,01 Aug 2019,,1869,2050,3919,1869,2050,3919,No Group
Manchester City Council - Chorlton,Chorlton Place,2019,August,31,Friday,02 Aug 2019,,2118,2438,4556,2118,2438,4556,No Group
Manchester City Council - Chorlton,Chorlton Place,2019,August,31,Saturday,03 Aug 2019,,2335,2607,4942,2335,2607,4942,No Group
Manchester City Council - Chorlton,Chorlton Place,2019,August,31,Sunday,04 Aug 2019,,1062,1234,2296,1062,1234,2296,No Group
Manchester City Council - Chorlton,Chorlton Place,2019,August,32,Monday,05 Aug 2019,,1657,1882,3539,1657,1882,3539,No Group
Manchester City Council - Chorlton,Chorlton Place,2019,August,32,Tuesday,06 Aug 2019,,1791,1999,3790,1791,1999,3790,No Group
Manchester City Council - Chorlton,Chorlton Place,2019,August,32,Wednesday,07 Aug 2019,,1599,1885,3484,1599,1885,3484,No Group
Manchester City Council - Chorlton,Chorlton Place,2019,August,32,Thursday,08 Aug 2019,,1898,2105,4003,1898,2105,4003,No Group
Manchester City Council - Chorlton,Chorlton Place,2019,August,32,Friday,09 Aug 2019,,1946,2339,4285,1946,2339,4285,No Group
Manchester City Council - Chorlton,Chorlton Place,2019,August,32,Saturday,10 Aug 2019,,2049,2281,4330,2049,2281,4330,No Group
Manchester City Council - Chorlton,Chorlton Place,2019,August,32,Sunday,11 Aug 2019,,1141,1366,2507,1141,1366,2507,No Group
Manchester City Council - Chorlton,Chorlton Place,2019,August,33,Monday,12 Aug 2019,,1601,1810,3411,1601,1810,3411,No Group
Manchester City Council - Chorlton,Chorlton Place,2019,August,33,Tuesday,13 Aug 2019,,2136,2189,4325,2136,2189,4325,No Group
Manchester City Council - Chorlton,Chorlton Place,2019,August,33,Wednesday,14 Aug 2019,,1859,2080,3939,1859,2080,3939,No Group
Manchester City Council - Chorlton,Chorlton Place,2019,August,33,Thursday,15 Aug 2019,,1791,2047,3838,1791,2047,3838,No Group
Manchester City Council - Chorlton,Chorlton Place,2019,August,33,Friday,16 Aug 2019,,2195,2564,4759,2195,2564,4759,No Group
Manchester City Council - Chorlton,Chorlton Place,2019,August,33,Saturday,17 Aug 2019,,2633,2884,5517,2633,2884,5517,No Group
Manchester City Council - Chorlton,Chorlton Place,2019,August,33,Sunday,18 Aug 2019,,1157,1406,2563,1157,1406,2563,No Group
Manchester City Council - Chorlton,Chorlton Place,2019,August,34,Monday,19 Aug 2019,,1690,2032,3722,1690,2032,3722,No Group
Manchester City Council - Chorlton,Chorlton Place,2019,August,34,Tuesday,20 Aug 2019,,1685,1833,3518,1685,1833,3518,No Group
Manchester City Council - Chorlton,Chorlton Place,2019,August,34,Wednesday,21 Aug 2019,,1789,2001,3790,1789,2001,3790,No Group
Manchester City Council - Chorlton,Chorlton Place,2019,August,34,Thursday,22 Aug 2019,,1818,2052,3870,1818,2052,3870,No Group
Manchester City Council - Chorlton,Chorlton Place,2019,August,34,Friday,23 Aug 2019,,2067,2227,4294,2067,2227,4294,No Group
Manchester City Council - Chorlton,Chorlton Place,2019,August,34,Saturday,24 Aug 2019,,2541,2831,5372,2541,2831,5372,No Group
Manchester City Council - Chorlton,Chorlton Place,2019,August,34,Sunday,25 Aug 2019,,1266,1496,2762,1266,1496,2762,No Group
Manchester City Council - Chorlton,Chorlton Place,2019,September,35,Monday,26 Aug 2019,,1402,1571,2973,1402,1571,2973,No Group
Manchester City Council - Chorlton,Chorlton Place,2019,September,35,Tuesday,27 Aug 2019,,2013,2265,4278,2013,2265,4278,No Group
Manchester City Council - Chorlton,Chorlton Place,2019,September,35,Wednesday,28 Aug 2019,,1903,2086,3989,1903,2086,3989,No Group
Manchester City Council - Chorlton,Chorlton Place,2019,September,35,Thursday,29 Aug 2019,,1929,2091,4020,1929,2091,4020,No Group
Manchester City Council - Chorlton,Chorlton Place,2019,September,35,Friday,30 Aug 2019,,2277,2456,4733,2277,2456,4733,No Group
Manchester City Council - Chorlton,Chorlton Place,2019,September,35,Saturday,31 Aug 2019,,2548,2810,5358,2548,2810,5358,No Group
Manchester City Council - Chorlton,Chorlton Place,2019,September,35,Sunday,01 Sep 2019,,1176,1361,2537,1176,1361,2537,No Group
Manchester City Council - Chorlton,Chorlton Place,2019,September,36,Monday,02 Sep 2019,,1841,2204,4045,1841,2204,4045,No Group
Manchester City Council - Chorlton,Chorlton Place,2019,September,36,Tuesday,03 Sep 2019,,2192,2046,4238,2192,2046,4238,No Group
Manchester City Council - Chorlton,Chorlton Place,2019,September,36,Wednesday,04 Sep 2019,,1830,2062,3892,1830,2062,3892,No Group
Manchester City Council - Chorlton,Chorlton Place,2019,September,36,Thursday,05 Sep 2019,,1889,2125,4014,1889,2125,4014,No Group
Manchester City Council - Chorlton,Chorlton Place,2019,September,36,Friday,06 Sep 2019,,2009,2244,4253,2009,2244,4253,No Group
Manchester City Council - Chorlton,Chorlton Place,2019,September,36,Saturday,07 Sep 2019,,2363,2467,4830,2363,2467,4830,No Group
Manchester City Council - Chorlton,Chorlton Place,2019,September,36,Sunday,08 Sep 2019,,1291,1455,2746,1291,1455,2746,No Group
Manchester City Council - Chorlton,Chorlton Place,2019,September,37,Monday,09 Sep 2019,,1648,1897,3545,1648,1897,3545,No Group
Manchester City Council - Chorlton,Chorlton Place,2019,September,37,Tuesday,10 Sep 2019,,1840,2123,3963,1840,2123,3963,No Group
Manchester City Council - Chorlton,Chorlton Place,2019,September,37,Wednesday,11 Sep 2019,,1963,2286,4249,1963,2286,4249,No Group
Manchester City Council - Chorlton,Chorlton Place,2019,September,37,Thursday,12 Sep 2019,,1720,1971,3691,1720,1971,3691,No Group
Manchester City Council - Chorlton,Chorlton Place,2019,September,37,Friday,13 Sep 2019,,2179,2502,4681,2179,2502,4681,No Group
Manchester City Council - Chorlton,Chorlton Place,2019,September,37,Saturday,14 Sep 2019,,2852,3256,6108,2852,3256,6108,No Group
Manchester City Council - Chorlton,Chorlton Place,2019,September,37,Sunday,15 Sep 2019,,1187,1432,2619,1187,1432,2619,No Group
Manchester City Council - Chorlton,Chorlton Place,2019,September,38,Monday,16 Sep 2019,,1710,2045,3755,1710,2045,3755,No Group
Manchester City Council - Chorlton,Chorlton Place,2019,September,38,Tuesday,17 Sep 2019,,1984,2508,4492,1984,2508,4492,No Group
Manchester City Council - Chorlton,Chorlton Place,2019,September,38,Wednesday,18 Sep 2019,,1649,1812,3461,1649,1812,3461,No Group
Manchester City Council - Chorlton,Chorlton Place,2019,September,38,Thursday,19 Sep 2019,,1867,2223,4090,1867,2223,4090,No Group
Manchester City Council - Chorlton,Chorlton Place,2019,September,38,Friday,20 Sep 2019,,2317,2810,5127,2317,2810,5127,No Group
Manchester City Council - Chorlton,Chorlton Place,2019,September,38,Saturday,21 Sep 2019,,3053,3500,6553,3053,3500,6553,No Group
Manchester City Council - Chorlton,Chorlton Place,2019,September,38,Sunday,22 Sep 2019,,1142,1298,2440,1142,1298,2440,No Group
Manchester City Council - Chorlton,Chorlton Place,2019,September,39,Monday,23 Sep 2019,,1663,2010,3673,1663,2010,3673,No Group
Manchester City Council - Chorlton,Chorlton Place,2019,September,39,Tuesday,24 Sep 2019,,1482,1485,2967,1482,1485,2967,No Group
Manchester City Council - Chorlton,Chorlton Place,2019,September,39,Wednesday,25 Sep 2019,,1668,1941,3609,1668,1941,3609,No Group
Manchester City Council - Chorlton,Chorlton Place,2019,September,39,Thursday,26 Sep 2019,,1763,2007,3770,1763,2007,3770,No Group
Manchester City Council - Chorlton,Chorlton Place,2019,September,39,Friday,27 Sep 2019,,1866,2091,3957,1866,2091,3957,No Group
Manchester City Council - Chorlton,Chorlton Place,2019,September,39,Saturday,28 Sep 2019,,2395,2693,5088,2395,2693,5088,No Group
Manchester City Council - Chorlton,Chorlton Place,2019,September,39,Sunday,29 Sep 2019,,1258,1363,2621,1258,1363,2621,No Group
Manchester City Council - Chorlton,Chorlton Place,2019,October,40,Monday,30 Sep 2019,,1605,1859,3464,1605,1859,3464,No Group
Manchester City Council - Chorlton,Chorlton Place,2019,October,40,Tuesday,01 Oct 2019,,1754,2014,3768,1754,2014,3768,No Group
Manchester City Council - Chorlton,Chorlton Place,2019,October,40,Wednesday,02 Oct 2019,,2148,2838,4986,2148,2838,4986,No Group
Manchester City Council - Chorlton,Chorlton Place,2019,October,40,Thursday,03 Oct 2019,,1604,1840,3444,1604,1840,3444,No Group
Manchester City Council - Chorlton,Chorlton Place,2019,October,40,Friday,04 Oct 2019,,2017,2267,4284,2017,2267,4284,No Group
Manchester City Council - Chorlton,Chorlton Place,2019,October,40,Saturday,05 Oct 2019,,2221,2469,4690,2221,2469,4690,No Group
Manchester City Council - Chorlton,Chorlton Place,2019,October,40,Sunday,06 Oct 2019,,1212,1460,2672,1212,1460,2672,No Group
Manchester City Council - Chorlton,Chorlton Place,2019,October,41,Monday,07 Oct 2019,,1526,1668,3194,1526,1668,3194,No Group
Manchester City Council - Chorlton,Chorlton Place,2019,October,41,Tuesday,08 Oct 2019,,1675,2069,3744,1675,2069,3744,No Group
Manchester City Council - Chorlton,Chorlton Place,2019,October,41,Wednesday,09 Oct 2019,,1749,2105,3854,1749,2105,3854,No Group
Manchester City Council - Chorlton,Chorlton Place,2019,October,41,Thursday,10 Oct 2019,,1611,1877,3488,1611,1877,3488,No Group
Manchester City Council - Chorlton,Chorlton Place,2019,October,41,Friday,11 Oct 2019,,2162,2511,4673,2162,2511,4673,No Group
Manchester City Council - Chorlton,Chorlton Place,2019,October,41,Saturday,12 Oct 2019,,2938,3504,6442,2938,3504,6442,No Group
Manchester City Council - Chorlton,Chorlton Place,2019,October,41,Sunday,13 Oct 2019,,1676,1976,3652,1676,1976,3652,No Group
Manchester City Council - Chorlton,Chorlton Place,2019,October,42,Monday,14 Oct 2019,,1583,1748,3331,1583,1748,3331,No Group
Manchester City Council - Chorlton,Chorlton Place,2019,October,42,Tuesday,15 Oct 2019,,1652,1903,3555,1652,1903,3555,No Group
Manchester City Council - Chorlton,Chorlton Place,2019,October,42,Wednesday,16 Oct 2019,,1886,2262,4148,1886,2262,4148,No Group
Manchester City Council - Chorlton,Chorlton Place,2019,October,42,Thursday,17 Oct 2019,,2066,2976,5042,2066,2976,5042,No Group
Manchester City Council - Chorlton,Chorlton Place,2019,October,42,Friday,18 Oct 2019,,1876,2391,4267,1876,2391,4267,No Group
Manchester City Council - Chorlton,Chorlton Place,2019,October,42,Saturday,19 Oct 2019,,3047,3652,6699,3047,3652,6699,No Group
Manchester City Council - Chorlton,Chorlton Place,2019,October,42,Sunday,20 Oct 2019,,1341,1680,3021,1341,1680,3021,No Group
Manchester City Council - Chorlton,Chorlton Place,2019,October,43,Monday,21 Oct 2019,,1558,1784,3342,1558,1784,3342,No Group
Manchester City Council - Chorlton,Chorlton Place,2019,October,43,Tuesday,22 Oct 2019,,1595,1805,3400,1595,1805,3400,No Group
Manchester City Council - Chorlton,Chorlton Place,2019,October,43,Wednesday,23 Oct 2019,,2044,2999,5043,2044,2999,5043,No Group
Manchester City Council - Chorlton,Chorlton Place,2019,October,43,Thursday,24 Oct 2019,,1803,2212,4015,1803,2212,4015,No Group
Manchester City Council - Chorlton,Chorlton Place,2019,October,43,Friday,25 Oct 2019,,1768,2075,3843,1768,2075,3843,No Group
Manchester City Council - Chorlton,Chorlton Place,2019,October,43,Saturday,26 Oct 2019,,2377,2487,4864,2377,2487,4864,No Group
Manchester City Council - Chorlton,Chorlton Place,2019,October,43,Sunday,27 Oct 2019,,1541,2315,3856,1541,2315,3856,No Group
Manchester City Council - Chorlton,Chorlton Place,2019,November,44,Monday,28 Oct 2019,,2065,3302,5367,2065,3302,5367,No Group
Manchester City Council - Chorlton,Chorlton Place,2019,November,44,Tuesday,29 Oct 2019,,2115,3368,5483,2115,3368,5483,No Group
Manchester City Council - Chorlton,Chorlton Place,2019,November,44,Wednesday,30 Oct 2019,,2119,3230,5349,2119,3230,5349,No Group
Manchester City Council - Chorlton,Chorlton Place,2019,November,44,Thursday,31 Oct 2019,,2115,3180,5295,2115,3180,5295,No Group
Manchester City Council - Chorlton,Chorlton Place,2019,November,44,Friday,01 Nov 2019,,1935,2006,3941,1935,2006,3941,No Group
Manchester City Council - Chorlton,Chorlton Place,2019,November,44,Saturday,02 Nov 2019,,2445,2622,5067,2445,2622,5067,No Group
Manchester City Council - Chorlton,Chorlton Place,2019,November,44,Sunday,03 Nov 2019,,1045,1244,2289,1045,1244,2289,No Group
Manchester City Council - Chorlton,Chorlton Place,2019,November,45,Monday,04 Nov 2019,,1689,1969,3658,1689,1969,3658,No Group
Manchester City Council - Chorlton,Chorlton Place,2019,November,45,Tuesday,05 Nov 2019,,1590,1906,3496,1590,1906,3496,No Group
Manchester City Council - Chorlton,Chorlton Place,2019,November,45,Wednesday,06 Nov 2019,,1690,1931,3621,1690,1931,3621,No Group
Manchester City Council - Chorlton,Chorlton Place,2019,November,45,Thursday,07 Nov 2019,,1266,1695,2961,1266,1695,2961,No Group
Manchester City Council - Chorlton,Chorlton Place,2019,November,45,Friday,08 Nov 2019,,2099,3102,5201,2099,3102,5201,No Group
Manchester City Council - Chorlton,Chorlton Place,2019,November,45,Saturday,09 Nov 2019,,2100,2358,4458,2100,2358,4458,No Group
Manchester City Council - Chorlton,Chorlton Place,2019,November,45,Sunday,10 Nov 2019,,1598,2781,4379,1598,2781,4379,No Group
Manchester City Council - Chorlton,Chorlton Place,2019,November,46,Monday,11 Nov 2019,,1775,2050,3825,1775,2050,3825,No Group
Manchester City Council - Chorlton,Chorlton Place,2019,November,46,Tuesday,12 Nov 2019,,1791,2079,3870,1791,2079,3870,No Group
Manchester City Council - Chorlton,Chorlton Place,2019,November,46,Wednesday,13 Nov 2019,,1661,1906,3567,1661,1906,3567,No Group
Manchester City Council - Chorlton,Chorlton Place,2019,November,46,Thursday,14 Nov 2019,,1451,1709,3160,1451,1709,3160,No Group
Manchester City Council - Chorlton,Chorlton Place,2019,November,46,Friday,15 Nov 2019,,2076,2628,4704,2076,2628,4704,No Group
Manchester City Council - Chorlton,Chorlton Place,2019,November,46,Saturday,16 Nov 2019,,2512,2847,5359,2512,2847,5359,No Group
Manchester City Council - Chorlton,Chorlton Place,2019,November,46,Sunday,17 Nov 2019,,1128,1236,2364,1128,1236,2364,No Group
Manchester City Council - Chorlton,Chorlton Place,2019,November,47,Monday,18 Nov 2019,,2166,3093,5259,2166,3093,5259,No Group
Manchester City Council - Chorlton,Chorlton Place,2019,November,47,Tuesday,19 Nov 2019,,1553,1738,3291,1553,1738,3291,No Group
Manchester City Council - Chorlton,Chorlton Place,2019,November,47,Wednesday,20 Nov 2019,,1796,2332,4128,1796,2332,4128,No Group
Manchester City Council - Chorlton,Chorlton Place,2019,November,47,Thursday,21 Nov 2019,,1622,1837,3459,1622,1837,3459,No Group
Manchester City Council - Chorlton,Chorlton Place,2019,November,47,Friday,22 Nov 2019,,1813,2186,3999,1813,2186,3999,No Group
Manchester City Council - Chorlton,Chorlton Place,2019,November,47,Saturday,23 Nov 2019,,2208,2498,4706,2208,2498,4706,No Group
Manchester City Council - Chorlton,Chorlton Place,2019,November,47,Sunday,24 Nov 2019,,1150,1362,2512,1150,1362,2512,No Group
Manchester City Council - Chorlton,Chorlton Place,2019,December,48,Monday,25 Nov 2019,,1589,2033,3622,1589,2033,3622,No Group
Manchester City Council - Chorlton,Chorlton Place,2019,December,48,Tuesday,26 Nov 2019,,1722,2069,3791,1722,2069,3791,No Group
Manchester City Council - Chorlton,Chorlton Place,2019,December,48,Wednesday,27 Nov 2019,,1530,2070,3600,1530,2070,3600,No Group
Manchester City Council - Chorlton,Chorlton Place,2019,December,48,Thursday,28 Nov 2019,,1618,1874,3492,1618,1874,3492,No Group
Manchester City Council - Chorlton,Chorlton Place,2019,December,48,Friday,29 Nov 2019,,2101,2686,4787,2101,2686,4787,No Group
Manchester City Council - Chorlton,Chorlton Place,2019,December,48,Saturday,30 Nov 2019,,2304,2651,4955,2304,2651,4955,No Group
Manchester City Council - Chorlton,Chorlton Place,2019,December,48,Sunday,01 Dec 2019,,1341,1630,2971,1341,1630,2971,No Group
Manchester City Council - Chorlton,Chorlton Place,2019,December,49,Monday,02 Dec 2019,,1607,1806,3413,1607,1806,3413,No Group
Manchester City Council - Chorlton,Chorlton Place,2019,December,49,Tuesday,03 Dec 2019,,1647,1891,3538,1647,1891,3538,No Group
Manchester City Council - Chorlton,Chorlton Place,2019,December,49,Wednesday,04 Dec 2019,,1688,2191,3879,1688,2191,3879,No Group
Manchester City Council - Chorlton,Chorlton Place,2019,December,49,Thursday,05 Dec 2019,,1601,1905,3506,1601,1905,3506,No Group
Manchester City Council - Chorlton,Chorlton Place,2019,December,49,Friday,06 Dec 2019,,2051,2526,4577,2051,2526,4577,No Group
Manchester City Council - Chorlton,Chorlton Place,2019,December,49,Saturday,07 Dec 2019,,2881,3035,5916,2881,3035,5916,No Group
Manchester City Council - Chorlton,Chorlton Place,2019,December,49,Sunday,08 Dec 2019,,1359,1807,3166,1359,1807,3166,No Group
Manchester City Council - Chorlton,Chorlton Place,2019,December,50,Monday,09 Dec 2019,,2385,3593,5978,2385,3593,5978,No Group
Manchester City Council - Chorlton,Chorlton Place,2019,December,50,Tuesday,10 Dec 2019,,1626,2014,3640,1626,2014,3640,No Group
Manchester City Council - Chorlton,Chorlton Place,2019,December,50,Wednesday,11 Dec 2019,,1627,2026,3653,1627,2026,3653,No Group
Manchester City Council - Chorlton,Chorlton Place,2019,December,50,Thursday,12 Dec 2019,,1728,2163,3891,1728,2163,3891,No Group
Manchester City Council - Chorlton,Chorlton Place,2019,December,50,Friday,13 Dec 2019,,1831,2268,4099,1831,2268,4099,No Group
Manchester City Council - Chorlton,Chorlton Place,2019,December,50,Saturday,14 Dec 2019,,2461,3033,5494,2461,3033,5494,No Group
Manchester City Council - Chorlton,Chorlton Place,2019,December,50,Sunday,15 Dec 2019,,1246,1809,3055,1246,1809,3055,No Group
Manchester City Council - Chorlton,Chorlton Place,2019,December,51,Monday,16 Dec 2019,,2259,3213,5472,2259,3213,5472,No Group
Manchester City Council - Chorlton,Chorlton Place,2019,December,51,Tuesday,17 Dec 2019,,1766,2021,3787,1766,2021,3787,No Group
Manchester City Council - Chorlton,Chorlton Place,2019,December,51,Wednesday,18 Dec 2019,,1759,2037,3796,1759,2037,3796,No Group
Manchester City Council - Chorlton,Chorlton Place,2019,December,51,Thursday,19 Dec 2019,,2209,2641,4850,2209,2641,4850,No Group
Manchester City Council - Chorlton,Chorlton Place,2019,December,51,Friday,20 Dec 2019,,2293,2626,4919,2293,2626,4919,No Group
Manchester City Council - Chorlton,Chorlton Place,2019,December,51,Saturday,21 Dec 2019,,3267,4041,7308,3267,4041,7308,No Group
Manchester City Council - Chorlton,Chorlton Place,2019,December,51,Sunday,22 Dec 2019,,1272,1759,3031,1272,1759,3031,No Group
Manchester City Council - Chorlton,Chorlton Place,2019,December,52,Monday,23 Dec 2019,,2536,3016,5552,2536,3016,5552,No Group
Manchester City Council - Chorlton,Chorlton Place,2019,December,52,Tuesday,24 Dec 2019,,2211,2583,4794,2211,2583,4794,No Group
Manchester City Council - Chorlton,Chorlton Place,2019,December,52,Wednesday,25 Dec 2019,,259,292,551,259,292,551,No Group
Manchester City Council - Chorlton,Chorlton Place,2019,December,52,Thursday,26 Dec 2019,,753,892,1645,753,892,1645,No Group
Manchester City Council - Chorlton,Chorlton Place,2019,December,52,Friday,27 Dec 2019,,1336,1491,2827,1336,1491,2827,No Group
Manchester City Council - Chorlton,Chorlton Place,2019,December,52,Saturday,28 Dec 2019,,1749,1942,3691,1749,1942,3691,No Group
Manchester City Council - Chorlton,Chorlton Place,2019,December,52,Sunday,29 Dec 2019,,898,1061,1959,898,1061,1959,No Group
Manchester City Council - Chorlton,Chorlton Place,2020,January,1,Monday,30 Dec 2019,,2205,3363,5568,2205,3363,5568,No Group
Manchester City Council - Chorlton,Chorlton Place,2020,January,1,Tuesday,31 Dec 2019,,2465,3207,5672,2465,3207,5672,No Group
