Site,LocationName,BRCYear,BRCMonthName,BRCWeekNum,DayName,Date,Hour,InCount,OutCount,ReportCount,FactoredInCount,FactoredOutCount,FactoredReportCount,LocationGroup
Manchester City Council - Chorlton,Chorlton Place,2018,April,17,Monday,23 Apr 2018,00:00,5,2,7,5,2,7,No Group
Manchester City Council - Chorlton,Chorlton Place,2018,April,17,Monday,23 Apr 2018,01:00,1,0,1,1,0,1,No Group
Manchester City Council - Chorlton,Chorlton Place,2018,April,17,Monday,23 Apr 2018,02:00,0,2,2,0,2,2,No Group
Manchester City Council - Chorlton,Chorlton Place,2018,April,17,Monday,23 Apr 2018,03:00,2,5,7,2,5,7,No Group
Manchester City Council - Chorlton,Chorlton Place,2018,April,17,Monday,23 Apr 2018,04:00,5,4,9,5,4,9,No Group
Manchester City Council - Chorlton,Chorlton Place,2018,April,17,Monday,23 Apr 2018,05:00,0,3,3,0,3,3,No Group
Manchester City Council - Chorlton,Chorlton Place,2018,April,17,Monday,23 Apr 2018,06:00,6,15,21,6,15,21,No Group
Manchester City Council - Chorlton,Chorlton Place,2018,April,17,Monday,23 Apr 2018,07:00,23,88,111,23,88,111,No Group
Manchester City Council - Chorlton,Chorlton Place,2018,April,17,Monday,23 Apr 2018,08:00,42,117,159,42,117,159,No Group
Manchester City Council - Chorlton,Chorlton Place,2018,April,17,Monday,23 Apr 2018,09:00,78,118,196,78,118,196,No Group
Manchester City Council - Chorlton,Chorlton Place,2018,April,17,Monday,23 Apr 2018,10:00,109,118,227,109,118,227,No Group
Manchester City Council - Chorlton,Chorlton Place,2018,April,17,Monday,23 Apr 2018,11:00,117,148,265,117,148,265,No Group
Manchester City Council - Chorlton,Chorlton Place,2018,April,17,Monday,23 Apr 2018,12:00,137,154,291,137,154,291,No Group
Manchester City Council - Chorlton,Chorlton Place,2018,April,17,Monday,23 Apr 2018,13:00,141,159,300,141,159,300,No Group
Manchester City Council - Chorlton,Chorlton Place,2018,April,17,Monday,23 Apr 2018,14:00,147,130,277,147,130,277,No Group
Manchester City Council - Chorlton,Chorlton Place,2018,April,17,Monday,23 Apr 2018,15:00,136,186,322,136,186,322,No Group
Manchester City Council - Chorlton,Chorlton Place,2018,April,17,Monday,23 Apr 2018,16:00,139,135,274,139,135,274,No Group
Manchester City Council - Chorlton,Chorlton Place,2018,April,17,Monday,23 Apr 2018,17:00,117,88,205,117,88,205,No Group
Manchester City Council - Chorlton,Chorlton Place,2018,April,17,Monday,23 Apr 2018,18:00,105,73,178,105,73,178,No Group
Manchester City Council - Chorlton,Chorlton Place,2018,April,17,Monday,23 Apr 2018,19:00,64,50,114,64,50,114,No Group
Manchester City Council - Chorlton,Chorlton Place,2018,April,17,Monday,23 Apr 2018,20:00,36,35,71,36,35,71,No Group
Manchester City Council - Chorlton,Chorlton Place,2018,April,17,Monday,23 Apr 2018,21:00,26,15,41,26,15,41,No Group
Manchester City Council - Chorlton,Chorlton Place,2018,April,17,Monday,23 Apr 2018,22:00,11,24,35,11,24,35,No Group
Manchester City Council - Chorlton,Chorlton Place,2018,April,17,Monday,23 Apr 2018,23:00,12,3,15,12,3,15,No Group
Manchester City Council - Chorlton,Chorlton Place,2018,April,17,Tuesday,24 Apr 2018,00:00,10,1,11,10,1,11,No Group
Manchester City Council - Chorlton,Chorlton Place,2018,April,17,Tuesday,24 Apr 2018,01:00,0,1,1,0,1,1,No Group
Manchester City Council - Chorlton,Chorlton Place,2018,April,17,Tuesday,24 Apr 2018,02:00,4,4,8,4,4,8,No Group
Manchester City Council - Chorlton,Chorlton Place,2018,April,17,Tuesday,24 Apr 2018,03:00,1,5,6,1,5,6,No Group
Manchester City Council - Chorlton,Chorlton Place,2018,April,17,Tuesday,24 Apr 2018,04:00,1,0,1,1,0,1,No Group
Manchester City Council - Chorlton,Chorlton Place,2018,April,17,Tuesday,24 Apr 2018,05:00,5,2,7,5,2,7,No Group
Manchester City Council - Chorlton,Chorlton Place,2018,April,17,Tuesday,24 Apr 2018,06:00,8,23,31,8,23,31,No Group
Manchester City Council - Chorlton,Chorlton Place,2018,April,17,Tuesday,24 Apr 2018,07:00,29,91,120,29,91,120,No Group
Manchester City Council - Chorlton,Chorlton Place,2018,April,17,Tuesday,24 Apr 2018,08:00,39,139,178,39,139,178,No Group
Manchester City Council - Chorlton,Chorlton Place,2018,April,17,Tuesday,24 Apr 2018,09:00,94,125,219,94,125,219,No Group
Manchester City Council - Chorlton,Chorlton Place,2018,April,17,Tuesday,24 Apr 2018,10:00,120,121,241,120,121,241,No Group
Manchester City Council - Chorlton,Chorlton Place,2018,April,17,Tuesday,24 Apr 2018,11:00,132,169,301,132,169,301,No Group
Manchester City Council - Chorlton,Chorlton Place,2018,April,17,Tuesday,24 Apr 2018,12:00,202,212,414,202,212,414,No Group
Manchester City Council - Chorlton,Chorlton Place,2018,April,17,Tuesday,24 Apr 2018,13:00,149,196,345,149,196,345,No Group
Manchester City Council - Chorlton,Chorlton Place,2018,April,17,Tuesday,24 Apr 2018,14:00,133,157,290,133,157,290,No Group
Manchester City Council - Chorlton,Chorlton Place,2018,April,17,Tuesday,24 Apr 2018,15:00,144,141,285,144,141,285,No Group
Manchester City Council - Chorlton,Chorlton Place,2018,April,17,Tuesday,24 Apr 2018,16:00,181,154,335,181,154,335,No Group
Manchester City Council - Chorlton,Chorlton Place,2018,April,17,Tuesday,24 Apr 2018,17:00,164,145,309,164,145,309,No Group
Manchester City Council - Chorlton,Chorlton Place,2018,April,17,Tuesday,24 Apr 2018,18:00,154,76,230,154,76,230,No Group
Manchester City Council - Chorlton,Chorlton Place,2018,April,17,Tuesday,24 Apr 2018,19:00,122,63,185,122,63,185,No Group
Manchester City Council - Chorlton,Chorlton Place,2018,April,17,Tuesday,24 Apr 2018,20:00,49,41,90,49,41,90,No Group
Manchester City Council - Chorlton,Chorlton Place,2018,April,17,Tuesday,24 Apr 2018,21:00,21,44,65,21,44,65,No Group
Manchester City Council - Chorlton,Chorlton Place,2018,April,17,Tuesday,24 Apr 2018,22:00,13,24,37,13,24,37,No Group
Manchester City Council - Chorlton,Chorlton Place,2018,April,17,Tuesday,24 Apr 2018,23:00,5,9,14,5,9,14,No Group
Manchester City Council - Chorlton,Chorlton Place,2018,April,17,Wednesday,25 Apr 2018,00:00,2,0,2,2,0,2,No Group
Manchester City Council - Chorlton,Chorlton Place,2018,April,17,Wednesday,25 Apr 2018,01:00,5,4,9,5,4,9,No Group
Manchester City Council - Chorlton,Chorlton Place,2018,April,17,Wednesday,25 Apr 2018,02:00,2,0,2,2,0,2,No Group
Manchester City Council - Chorlton,Chorlton Place,2018,April,17,Wednesday,25 Apr 2018,03:00,0,3,3,0,3,3,No Group
Manchester City Council - Chorlton,Chorlton Place,2018,April,17,Wednesday,25 Apr 2018,04:00,3,4,7,3,4,7,No Group
Manchester City Council - Chorlton,Chorlton Place,2018,April,17,Wednesday,25 Apr 2018,05:00,2,8,10,2,8,10,No Group
Manchester City Council - Chorlton,Chorlton Place,2018,April,17,Wednesday,25 Apr 2018,06:00,9,29,38,9,29,38,No Group
Manchester City Council - Chorlton,Chorlton Place,2018,April,17,Wednesday,25 Apr 2018,07:00,30,101,131,30,101,131,No Group
Manchester City Council - Chorlton,Chorlton Place,2018,April,17,Wednesday,25 Apr 2018,08:00,48,127,175,48,127,175,No Group
Manchester City Council - Chorlton,Chorlton Place,2018,April,17,Wednesday,25 Apr 2018,09:00,79,139,218,79,139,218,No Group
Manchester City Council - Chorlton,Chorlton Place,2018,April,17,Wednesday,25 Apr 2018,10:00,144,163,307,144,163,307,No Group
Manchester City Council - Chorlton,Chorlton Place,2018,April,17,Wednesday,25 Apr 2018,11:00,114,147,261,114,147,261,No Group
Manchester City Council - Chorlton,Chorlton Place,2018,April,17,Wednesday,25 Apr 2018,12:00,152,166,318,152,166,318,No Group
Manchester City Council - Chorlton,Chorlton Place,2018,April,17,Wednesday,25 Apr 2018,13:00,158,199,357,158,199,357,No Group
Manchester City Council - Chorlton,Chorlton Place,2018,April,17,Wednesday,25 Apr 2018,14:00,153,178,331,153,178,331,No Group
Manchester City Council - Chorlton,Chorlton Place,2018,April,17,Wednesday,25 Apr 2018,15:00,171,209,380,171,209,380,No Group
Manchester City Council - Chorlton,Chorlton Place,2018,April,17,Wednesday,25 Apr 2018,16:00,154,138,292,154,138,292,No Group
Manchester City Council - Chorlton,Chorlton Place,2018,April,17,Wednesday,25 Apr 2018,17:00,179,114,293,179,114,293,No Group
Manchester City Council - Chorlton,Chorlton Place,2018,April,17,Wednesday,25 Apr 2018,18:00,158,162,320,158,162,320,No Group
Manchester City Council - Chorlton,Chorlton Place,2018,April,17,Wednesday,25 Apr 2018,19:00,98,94,192,98,94,192,No Group
Manchester City Council - Chorlton,Chorlton Place,2018,April,17,Wednesday,25 Apr 2018,20:00,67,53,120,67,53,120,No Group
Manchester City Council - Chorlton,Chorlton Place,2018,April,17,Wednesday,25 Apr 2018,21:00,50,54,104,50,54,104,No Group
Manchester City Council - Chorlton,Chorlton Place,2018,April,17,Wednesday,25 Apr 2018,22:00,30,29,59,30,29,59,No Group
Manchester City Council - Chorlton,Chorlton Place,2018,April,17,Wednesday,25 Apr 2018,23:00,20,16,36,20,16,36,No Group
Manchester City Council - Chorlton,Chorlton Place,2018,April,17,Thursday,26 Apr 2018,00:00,10,1,11,10,1,11,No Group
Manchester City Council - Chorlton,Chorlton Place,2018,April,17,Thursday,26 Apr 2018,01:00,1,1,2,1,1,2,No Group
Manchester City Council - Chorlton,Chorlton Place,2018,April,17,Thursday,26 Apr 2018,02:00,0,0,0,0,0,0,No Group
Manchester City Council - Chorlton,Chorlton Place,2018,April,17,Thursday,26 Apr 2018,03:00,2,6,8,2,6,8,No Group
Manchester City Council - Chorlton,Chorlton Place,2018,April,17,Thursday,26 Apr 2018,04:00,6,3,9,6,3,9,No Group
Manchester City Council - Chorlton,Chorlton Place,2018,April,17,Thursday,26 Apr 2018,05:00,2,3,5,2,3,5,No Group
Manchester City Council - Chorlton,Chorlton Place,2018,April,17,Thursday,26 Apr 2018,06:00,13,26,39,13,26,39,No Group
Manchester City Council - Chorlton,Chorlton Place,2018,April,17,Thursday,26 Apr 2018,07:00,31,81,112,31,81,112,No Group
Manchester City Council - Chorlton,Chorlton Place,2018,April,17,Thursday,26 Apr 2018,08:00,43,133,176,43,133,176,No Group
Manchester City Council - Chorlton,Chorlton Place,2018,April,17,Thursday,26 Apr 2018,09:00,88,123,211,88,123,211,No Group
Manchester City Council - Chorlton,Chorlton Place,2018,April,17,Thursday,26 Apr 2018,10:00,115,132,247,115,132,247,No Group
Manchester City Council - Chorlton,Chorlton Place,2018,April,17,Thursday,26 Apr 2018,11:00,141,184,325,141,184,325,No Group
Manchester City Council - Chorlton,Chorlton Place,2018,April,17,Thursday,26 Apr 2018,12:00,211,230,441,211,230,441,No Group
Manchester City Council - Chorlton,Chorlton Place,2018,April,17,Thursday,26 Apr 2018,13:00,218,216,434,218,216,434,No Group
Manchester City Council - Chorlton,Chorlton Place,2018,April,17,Thursday,26 Apr 2018,14:00,181,255,436,181,255,436,No Group
Manchester City Council - Chorlton,Chorlton Place,2018,April,17,Thursday,26 Apr 2018,15:00,147,161,308,147,161,308,No Group
Manchester City Council - Chorlton,Chorlton Place,2018,April,17,Thursday,26 Apr 2018,16:00,135,147,282,135,147,282,No Group
Manchester City Council - Chorlton,Chorlton Place,2018,April,17,Thursday,26 Apr 2018,17:00,125,106,231,125,106,231,No Group
Manchester City Council - Chorlton,Chorlton Place,2018,April,17,Thursday,26 Apr 2018,18:00,100,87,187,100,87,187,No Group
Manchester City Council - Chorlton,Chorlton Place,2018,April,17,Thursday,26 Apr 2018,19:00,68,71,139,68,71,139,No Group
Manchester City Council - Chorlton,Chorlton Place,2018,April,17,Thursday,26 Apr 2018,20:00,40,37,77,40,37,77,No Group
Manchester City Council - Chorlton,Chorlton Place,2018,April,17,Thursday,26 Apr 2018,21:00,45,28,73,45,28,73,No Group
Manchester City Council - Chorlton,Chorlton Place,2018,April,17,Thursday,26 Apr 2018,22:00,37,36,73,37,36,73,No Group
Manchester City Council - Chorlton,Chorlton Place,2018,April,17,Thursday,26 Apr 2018,23:00,25,7,32,25,7,32,No Group
Manchester City Council - Chorlton,Chorlton Place,2018,April,17,Friday,27 Apr 2018,00:00,17,11,28,17,11,28,No Group
Manchester City Council - Chorlton,Chorlton Place,2018,April,17,Friday,27 Apr 2018,01:00,4,0,4,4,0,4,No Group
Manchester City Council - Chorlton,Chorlton Place,2018,April,17,Friday,27 Apr 2018,02:00,1,1,2,1,1,2,No Group
Manchester City Council - Chorlton,Chorlton Place,2018,April,17,Friday,27 Apr 2018,03:00,5,5,10,5,5,10,No Group
Manchester City Council - Chorlton,Chorlton Place,2018,April,17,Friday,27 Apr 2018,04:00,3,1,4,3,1,4,No Group
Manchester City Council - Chorlton,Chorlton Place,2018,April,17,Friday,27 Apr 2018,05:00,7,11,18,7,11,18,No Group
Manchester City Council - Chorlton,Chorlton Place,2018,April,17,Friday,27 Apr 2018,06:00,7,17,24,7,17,24,No Group
Manchester City Council - Chorlton,Chorlton Place,2018,April,17,Friday,27 Apr 2018,07:00,34,89,123,34,89,123,No Group
Manchester City Council - Chorlton,Chorlton Place,2018,April,17,Friday,27 Apr 2018,08:00,34,144,178,34,144,178,No Group
Manchester City Council - Chorlton,Chorlton Place,2018,April,17,Friday,27 Apr 2018,09:00,108,154,262,108,154,262,No Group
Manchester City Council - Chorlton,Chorlton Place,2018,April,17,Friday,27 Apr 2018,10:00,122,148,270,122,148,270,No Group
Manchester City Council - Chorlton,Chorlton Place,2018,April,17,Friday,27 Apr 2018,11:00,82,48,130,82,48,130,No Group
Manchester City Council - Chorlton,Chorlton Place,2018,April,17,Friday,27 Apr 2018,12:00,99,85,184,99,85,184,No Group
Manchester City Council - Chorlton,Chorlton Place,2018,April,17,Friday,27 Apr 2018,13:00,69,64,133,69,64,133,No Group
Manchester City Council - Chorlton,Chorlton Place,2018,April,17,Friday,27 Apr 2018,14:00,136,135,271,136,135,271,No Group
Manchester City Council - Chorlton,Chorlton Place,2018,April,17,Friday,27 Apr 2018,15:00,91,95,186,91,95,186,No Group
Manchester City Council - Chorlton,Chorlton Place,2018,April,17,Friday,27 Apr 2018,16:00,99,86,185,99,86,185,No Group
Manchester City Council - Chorlton,Chorlton Place,2018,April,17,Friday,27 Apr 2018,17:00,93,93,186,93,93,186,No Group
Manchester City Council - Chorlton,Chorlton Place,2018,April,17,Friday,27 Apr 2018,18:00,77,60,137,77,60,137,No Group
Manchester City Council - Chorlton,Chorlton Place,2018,April,17,Friday,27 Apr 2018,19:00,71,55,126,71,55,126,No Group
Manchester City Council - Chorlton,Chorlton Place,2018,April,17,Friday,27 Apr 2018,20:00,76,58,134,76,58,134,No Group
Manchester City Council - Chorlton,Chorlton Place,2018,April,17,Friday,27 Apr 2018,21:00,40,38,78,40,38,78,No Group
Manchester City Council - Chorlton,Chorlton Place,2018,April,17,Friday,27 Apr 2018,22:00,49,51,100,49,51,100,No Group
Manchester City Council - Chorlton,Chorlton Place,2018,April,17,Friday,27 Apr 2018,23:00,35,28,63,35,28,63,No Group
Manchester City Council - Chorlton,Chorlton Place,2018,April,17,Saturday,28 Apr 2018,00:00,16,25,41,16,25,41,No Group
Manchester City Council - Chorlton,Chorlton Place,2018,April,17,Saturday,28 Apr 2018,01:00,16,10,26,16,10,26,No Group
Manchester City Council - Chorlton,Chorlton Place,2018,April,17,Saturday,28 Apr 2018,02:00,6,0,6,6,0,6,No Group
Manchester City Council - Chorlton,Chorlton Place,2018,April,17,Saturday,28 Apr 2018,03:00,9,5,14,9,5,14,No Group
Manchester City Council - Chorlton,Chorlton Place,2018,April,17,Saturday,28 Apr 2018,04:00,3,2,5,3,2,5,No Group
Manchester City Council - Chorlton,Chorlton Place,2018,April,17,Saturday,28 Apr 2018,05:00,2,2,4,2,2,4,No Group
Manchester City Council - Chorlton,Chorlton Place,2018,April,17,Saturday,28 Apr 2018,06:00,4,8,12,4,8,12,No Group
Manchester City Council - Chorlton,Chorlton Place,2018,April,17,Saturday,28 Apr 2018,07:00,12,22,34,12,22,34,No Group
Manchester City Council - Chorlton,Chorlton Place,2018,April,17,Saturday,28 Apr 2018,08:00,33,51,84,33,51,84,No Group
Manchester City Council - Chorlton,Chorlton Place,2018,April,17,Saturday,28 Apr 2018,09:00,96,160,256,96,160,256,No Group
Manchester City Council - Chorlton,Chorlton Place,2018,April,17,Saturday,28 Apr 2018,10:00,184,220,404,184,220,404,No Group
Manchester City Council - Chorlton,Chorlton Place,2018,April,17,Saturday,28 Apr 2018,11:00,227,299,526,227,299,526,No Group
Manchester City Council - Chorlton,Chorlton Place,2018,April,17,Saturday,28 Apr 2018,12:00,257,270,527,257,270,527,No Group
Manchester City Council - Chorlton,Chorlton Place,2018,April,17,Saturday,28 Apr 2018,13:00,220,288,508,220,288,508,No Group
Manchester City Council - Chorlton,Chorlton Place,2018,April,17,Saturday,28 Apr 2018,14:00,254,258,512,254,258,512,No Group
Manchester City Council - Chorlton,Chorlton Place,2018,April,17,Saturday,28 Apr 2018,15:00,233,245,478,233,245,478,No Group
Manchester City Council - Chorlton,Chorlton Place,2018,April,17,Saturday,28 Apr 2018,16:00,191,234,425,191,234,425,No Group
Manchester City Council - Chorlton,Chorlton Place,2018,April,17,Saturday,28 Apr 2018,17:00,143,129,272,143,129,272,No Group
Manchester City Council - Chorlton,Chorlton Place,2018,April,17,Saturday,28 Apr 2018,18:00,118,121,239,118,121,239,No Group
Manchester City Council - Chorlton,Chorlton Place,2018,April,17,Saturday,28 Apr 2018,19:00,76,98,174,76,98,174,No Group
Manchester City Council - Chorlton,Chorlton Place,2018,April,17,Saturday,28 Apr 2018,20:00,81,74,155,81,74,155,No Group
Manchester City Council - Chorlton,Chorlton Place,2018,April,17,Saturday,28 Apr 2018,21:00,49,52,101,49,52,101,No Group
Manchester City Council - Chorlton,Chorlton Place,2018,April,17,Saturday,28 Apr 2018,22:00,36,50,86,36,50,86,No Group
Manchester City Council - Chorlton,Chorlton Place,2018,April,17,Saturday,28 Apr 2018,23:00,48,32,80,48,32,80,No Group
Manchester City Council - Chorlton,Chorlton Place,2018,April,17,Sunday,29 Apr 2018,00:00,20,24,44,20,24,44,No Group
Manchester City Council - Chorlton,Chorlton Place,2018,April,17,Sunday,29 Apr 2018,01:00,16,37,53,16,37,53,No Group
Manchester City Council - Chorlton,Chorlton Place,2018,April,17,Sunday,29 Apr 2018,02:00,7,5,12,7,5,12,No Group
Manchester City Council - Chorlton,Chorlton Place,2018,April,17,Sunday,29 Apr 2018,03:00,2,3,5,2,3,5,No Group
Manchester City Council - Chorlton,Chorlton Place,2018,April,17,Sunday,29 Apr 2018,04:00,7,5,12,7,5,12,No Group
Manchester City Council - Chorlton,Chorlton Place,2018,April,17,Sunday,29 Apr 2018,05:00,6,3,9,6,3,9,No Group
Manchester City Council - Chorlton,Chorlton Place,2018,April,17,Sunday,29 Apr 2018,06:00,3,10,13,3,10,13,No Group
Manchester City Council - Chorlton,Chorlton Place,2018,April,17,Sunday,29 Apr 2018,07:00,1,8,9,1,8,9,No Group
Manchester City Council - Chorlton,Chorlton Place,2018,April,17,Sunday,29 Apr 2018,08:00,10,27,37,10,27,37,No Group
Manchester City Council - Chorlton,Chorlton Place,2018,April,17,Sunday,29 Apr 2018,09:00,22,35,57,22,35,57,No Group
Manchester City Council - Chorlton,Chorlton Place,2018,April,17,Sunday,29 Apr 2018,10:00,59,67,126,59,67,126,No Group
Manchester City Council - Chorlton,Chorlton Place,2018,April,17,Sunday,29 Apr 2018,11:00,97,104,201,97,104,201,No Group
Manchester City Council - Chorlton,Chorlton Place,2018,April,17,Sunday,29 Apr 2018,12:00,119,133,252,119,133,252,No Group
Manchester City Council - Chorlton,Chorlton Place,2018,April,17,Sunday,29 Apr 2018,13:00,117,117,234,117,117,234,No Group
Manchester City Council - Chorlton,Chorlton Place,2018,April,17,Sunday,29 Apr 2018,14:00,94,107,201,94,107,201,No Group
Manchester City Council - Chorlton,Chorlton Place,2018,April,17,Sunday,29 Apr 2018,15:00,109,126,235,109,126,235,No Group
Manchester City Council - Chorlton,Chorlton Place,2018,April,17,Sunday,29 Apr 2018,16:00,86,85,171,86,85,171,No Group
Manchester City Council - Chorlton,Chorlton Place,2018,April,17,Sunday,29 Apr 2018,17:00,62,54,116,62,54,116,No Group
Manchester City Council - Chorlton,Chorlton Place,2018,April,17,Sunday,29 Apr 2018,18:00,61,80,141,61,80,141,No Group
Manchester City Council - Chorlton,Chorlton Place,2018,April,17,Sunday,29 Apr 2018,19:00,29,47,76,29,47,76,No Group
Manchester City Council - Chorlton,Chorlton Place,2018,April,17,Sunday,29 Apr 2018,20:00,23,25,48,23,25,48,No Group
Manchester City Council - Chorlton,Chorlton Place,2018,April,17,Sunday,29 Apr 2018,21:00,5,8,13,5,8,13,No Group
Manchester City Council - Chorlton,Chorlton Place,2018,April,17,Sunday,29 Apr 2018,22:00,4,5,9,4,5,9,No Group
Manchester City Council - Chorlton,Chorlton Place,2018,April,17,Sunday,29 Apr 2018,23:00,6,7,13,6,7,13,No Group
Manchester City Council - Chorlton,Chorlton Place,2018,May,18,Monday,30 Apr 2018,00:00,3,7,10,3,7,10,No Group
Manchester City Council - Chorlton,Chorlton Place,2018,May,18,Monday,30 Apr 2018,01:00,0,0,0,0,0,0,No Group
Manchester City Council - Chorlton,Chorlton Place,2018,May,18,Monday,30 Apr 2018,02:00,1,2,3,1,2,3,No Group
Manchester City Council - Chorlton,Chorlton Place,2018,May,18,Monday,30 Apr 2018,03:00,0,2,2,0,2,2,No Group
Manchester City Council - Chorlton,Chorlton Place,2018,May,18,Monday,30 Apr 2018,04:00,6,7,13,6,7,13,No Group
Manchester City Council - Chorlton,Chorlton Place,2018,May,18,Monday,30 Apr 2018,05:00,1,2,3,1,2,3,No Group
Manchester City Council - Chorlton,Chorlton Place,2018,May,18,Monday,30 Apr 2018,06:00,9,30,39,9,30,39,No Group
Manchester City Council - Chorlton,Chorlton Place,2018,May,18,Monday,30 Apr 2018,07:00,30,99,129,30,99,129,No Group
Manchester City Council - Chorlton,Chorlton Place,2018,May,18,Monday,30 Apr 2018,08:00,37,122,159,37,122,159,No Group
Manchester City Council - Chorlton,Chorlton Place,2018,May,18,Monday,30 Apr 2018,09:00,89,131,220,89,131,220,No Group
Manchester City Council - Chorlton,Chorlton Place,2018,May,18,Monday,30 Apr 2018,10:00,112,139,251,112,139,251,No Group
Manchester City Council - Chorlton,Chorlton Place,2018,May,18,Monday,30 Apr 2018,11:00,145,168,313,145,168,313,No Group
Manchester City Council - Chorlton,Chorlton Place,2018,May,18,Monday,30 Apr 2018,12:00,165,200,365,165,200,365,No Group
Manchester City Council - Chorlton,Chorlton Place,2018,May,18,Monday,30 Apr 2018,13:00,154,183,337,154,183,337,No Group
Manchester City Council - Chorlton,Chorlton Place,2018,May,18,Monday,30 Apr 2018,14:00,108,132,240,108,132,240,No Group
Manchester City Council - Chorlton,Chorlton Place,2018,May,18,Monday,30 Apr 2018,15:00,139,156,295,139,156,295,No Group
Manchester City Council - Chorlton,Chorlton Place,2018,May,18,Monday,30 Apr 2018,16:00,152,133,285,152,133,285,No Group
Manchester City Council - Chorlton,Chorlton Place,2018,May,18,Monday,30 Apr 2018,17:00,108,90,198,108,90,198,No Group
Manchester City Council - Chorlton,Chorlton Place,2018,May,18,Monday,30 Apr 2018,18:00,106,85,191,106,85,191,No Group
Manchester City Council - Chorlton,Chorlton Place,2018,May,18,Monday,30 Apr 2018,19:00,69,52,121,69,52,121,No Group
Manchester City Council - Chorlton,Chorlton Place,2018,May,18,Monday,30 Apr 2018,20:00,56,59,115,56,59,115,No Group
Manchester City Council - Chorlton,Chorlton Place,2018,May,18,Monday,30 Apr 2018,21:00,31,35,66,31,35,66,No Group
Manchester City Council - Chorlton,Chorlton Place,2018,May,18,Monday,30 Apr 2018,22:00,13,24,37,13,24,37,No Group
Manchester City Council - Chorlton,Chorlton Place,2018,May,18,Monday,30 Apr 2018,23:00,18,5,23,18,5,23,No Group
Manchester City Council - Chorlton,Chorlton Place,2018,May,18,Tuesday,01 May 2018,00:00,10,3,13,10,3,13,No Group
Manchester City Council - Chorlton,Chorlton Place,2018,May,18,Tuesday,01 May 2018,01:00,0,2,2,0,2,2,No Group
Manchester City Council - Chorlton,Chorlton Place,2018,May,18,Tuesday,01 May 2018,02:00,6,6,12,6,6,12,No Group
Manchester City Council - Chorlton,Chorlton Place,2018,May,18,Tuesday,01 May 2018,03:00,2,9,11,2,9,11,No Group
Manchester City Council - Chorlton,Chorlton Place,2018,May,18,Tuesday,01 May 2018,04:00,6,4,10,6,4,10,No Group
Manchester City Council - Chorlton,Chorlton Place,2018,May,18,Tuesday,01 May 2018,05:00,0,3,3,0,3,3,No Group
Manchester City Council - Chorlton,Chorlton Place,2018,May,18,Tuesday,01 May 2018,06:00,7,24,31,7,24,31,No Group
Manchester City Council - Chorlton,Chorlton Place,2018,May,18,Tuesday,01 May 2018,07:00,34,100,134,34,100,134,No Group
Manchester City Council - Chorlton,Chorlton Place,2018,May,18,Tuesday,01 May 2018,08:00,38,127,165,38,127,165,No Group
Manchester City Council - Chorlton,Chorlton Place,2018,May,18,Tuesday,01 May 2018,09:00,91,136,227,91,136,227,No Group
Manchester City Council - Chorlton,Chorlton Place,2018,May,18,Tuesday,01 May 2018,10:00,98,133,231,98,133,231,No Group
Manchester City Council - Chorlton,Chorlton Place,2018,May,18,Tuesday,01 May 2018,11:00,138,181,319,138,181,319,No Group
Manchester City Council - Chorlton,Chorlton Place,2018,May,18,Tuesday,01 May 2018,12:00,163,216,379,163,216,379,No Group
Manchester City Council - Chorlton,Chorlton Place,2018,May,18,Tuesday,01 May 2018,13:00,173,207,380,173,207,380,No Group
Manchester City Council - Chorlton,Chorlton Place,2018,May,18,Tuesday,01 May 2018,14:00,170,200,370,170,200,370,No Group
Manchester City Council - Chorlton,Chorlton Place,2018,May,18,Tuesday,01 May 2018,15:00,161,154,315,161,154,315,No Group
Manchester City Council - Chorlton,Chorlton Place,2018,May,18,Tuesday,01 May 2018,16:00,141,126,267,141,126,267,No Group
Manchester City Council - Chorlton,Chorlton Place,2018,May,18,Tuesday,01 May 2018,17:00,121,92,213,121,92,213,No Group
Manchester City Council - Chorlton,Chorlton Place,2018,May,18,Tuesday,01 May 2018,18:00,99,70,169,99,70,169,No Group
Manchester City Council - Chorlton,Chorlton Place,2018,May,18,Tuesday,01 May 2018,19:00,67,60,127,67,60,127,No Group
Manchester City Council - Chorlton,Chorlton Place,2018,May,18,Tuesday,01 May 2018,20:00,46,46,92,46,46,92,No Group
Manchester City Council - Chorlton,Chorlton Place,2018,May,18,Tuesday,01 May 2018,21:00,34,35,69,34,35,69,No Group
Manchester City Council - Chorlton,Chorlton Place,2018,May,18,Tuesday,01 May 2018,22:00,22,22,44,22,22,44,No Group
Manchester City Council - Chorlton,Chorlton Place,2018,May,18,Tuesday,01 May 2018,23:00,16,19,35,16,19,35,No Group
Manchester City Council - Chorlton,Chorlton Place,2018,May,18,Wednesday,02 May 2018,00:00,14,19,33,14,19,33,No Group
Manchester City Council - Chorlton,Chorlton Place,2018,May,18,Wednesday,02 May 2018,01:00,2,5,7,2,5,7,No Group
Manchester City Council - Chorlton,Chorlton Place,2018,May,18,Wednesday,02 May 2018,02:00,0,2,2,0,2,2,No Group
Manchester City Council - Chorlton,Chorlton Place,2018,May,18,Wednesday,02 May 2018,03:00,7,7,14,7,7,14,No Group
Manchester City Council - Chorlton,Chorlton Place,2018,May,18,Wednesday,02 May 2018,04:00,6,26,32,6,26,32,No Group
Manchester City Council - Chorlton,Chorlton Place,2018,May,18,Wednesday,02 May 2018,05:00,37,36,73,37,36,73,No Group
Manchester City Council - Chorlton,Chorlton Place,2018,May,18,Wednesday,02 May 2018,06:00,16,43,59,16,43,59,No Group
Manchester City Council - Chorlton,Chorlton Place,2018,May,18,Wednesday,02 May 2018,07:00,75,166,241,75,166,241,No Group
Manchester City Council - Chorlton,Chorlton Place,2018,May,18,Wednesday,02 May 2018,08:00,61,212,273,61,212,273,No Group
Manchester City Council - Chorlton,Chorlton Place,2018,May,18,Wednesday,02 May 2018,09:00,76,157,233,76,157,233,No Group
Manchester City Council - Chorlton,Chorlton Place,2018,May,18,Wednesday,02 May 2018,10:00,70,129,199,70,129,199,No Group
Manchester City Council - Chorlton,Chorlton Place,2018,May,18,Wednesday,02 May 2018,11:00,92,207,299,92,207,299,No Group
Manchester City Council - Chorlton,Chorlton Place,2018,May,18,Wednesday,02 May 2018,12:00,176,216,392,176,216,392,No Group
Manchester City Council - Chorlton,Chorlton Place,2018,May,18,Wednesday,02 May 2018,13:00,178,181,359,178,181,359,No Group
Manchester City Council - Chorlton,Chorlton Place,2018,May,18,Wednesday,02 May 2018,14:00,203,231,434,203,231,434,No Group
Manchester City Council - Chorlton,Chorlton Place,2018,May,18,Wednesday,02 May 2018,15:00,159,194,353,159,194,353,No Group
Manchester City Council - Chorlton,Chorlton Place,2018,May,18,Wednesday,02 May 2018,16:00,130,133,263,130,133,263,No Group
Manchester City Council - Chorlton,Chorlton Place,2018,May,18,Wednesday,02 May 2018,17:00,117,117,234,117,117,234,No Group
Manchester City Council - Chorlton,Chorlton Place,2018,May,18,Wednesday,02 May 2018,18:00,117,97,214,117,97,214,No Group
Manchester City Council - Chorlton,Chorlton Place,2018,May,18,Wednesday,02 May 2018,19:00,116,61,177,116,61,177,No Group
Manchester City Council - Chorlton,Chorlton Place,2018,May,18,Wednesday,02 May 2018,20:00,74,60,134,74,60,134,No Group
Manchester City Council - Chorlton,Chorlton Place,2018,May,18,Wednesday,02 May 2018,21:00,46,69,115,46,69,115,No Group
Manchester City Council - Chorlton,Chorlton Place,2018,May,18,Wednesday,02 May 2018,22:00,27,22,49,27,22,49,No Group
Manchester City Council - Chorlton,Chorlton Place,2018,May,18,Wednesday,02 May 2018,23:00,20,22,42,20,22,42,No Group
Manchester City Council - Chorlton,Chorlton Place,2018,May,18,Thursday,03 May 2018,00:00,14,8,22,14,8,22,No Group
Manchester City Council - Chorlton,Chorlton Place,2018,May,18,Thursday,03 May 2018,01:00,7,7,14,7,7,14,No Group
Manchester City Council - Chorlton,Chorlton Place,2018,May,18,Thursday,03 May 2018,02:00,2,3,5,2,3,5,No Group
Manchester City Council - Chorlton,Chorlton Place,2018,May,18,Thursday,03 May 2018,03:00,2,6,8,2,6,8,No Group
Manchester City Council - Chorlton,Chorlton Place,2018,May,18,Thursday,03 May 2018,04:00,4,2,6,4,2,6,No Group
Manchester City Council - Chorlton,Chorlton Place,2018,May,18,Thursday,03 May 2018,05:00,2,10,12,2,10,12,No Group
Manchester City Council - Chorlton,Chorlton Place,2018,May,18,Thursday,03 May 2018,06:00,4,22,26,4,22,26,No Group
Manchester City Council - Chorlton,Chorlton Place,2018,May,18,Thursday,03 May 2018,07:00,31,95,126,31,95,126,No Group
Manchester City Council - Chorlton,Chorlton Place,2018,May,18,Thursday,03 May 2018,08:00,59,143,202,59,143,202,No Group
Manchester City Council - Chorlton,Chorlton Place,2018,May,18,Thursday,03 May 2018,09:00,115,159,274,115,159,274,No Group
Manchester City Council - Chorlton,Chorlton Place,2018,May,18,Thursday,03 May 2018,10:00,125,152,277,125,152,277,No Group
Manchester City Council - Chorlton,Chorlton Place,2018,May,18,Thursday,03 May 2018,11:00,146,170,316,146,170,316,No Group
Manchester City Council - Chorlton,Chorlton Place,2018,May,18,Thursday,03 May 2018,12:00,180,201,381,180,201,381,No Group
Manchester City Council - Chorlton,Chorlton Place,2018,May,18,Thursday,03 May 2018,13:00,174,208,382,174,208,382,No Group
Manchester City Council - Chorlton,Chorlton Place,2018,May,18,Thursday,03 May 2018,14:00,169,163,332,169,163,332,No Group
Manchester City Council - Chorlton,Chorlton Place,2018,May,18,Thursday,03 May 2018,15:00,137,166,303,137,166,303,No Group
Manchester City Council - Chorlton,Chorlton Place,2018,May,18,Thursday,03 May 2018,16:00,134,155,289,134,155,289,No Group
Manchester City Council - Chorlton,Chorlton Place,2018,May,18,Thursday,03 May 2018,17:00,119,110,229,119,110,229,No Group
Manchester City Council - Chorlton,Chorlton Place,2018,May,18,Thursday,03 May 2018,18:00,102,71,173,102,71,173,No Group
Manchester City Council - Chorlton,Chorlton Place,2018,May,18,Thursday,03 May 2018,19:00,88,67,155,88,67,155,No Group
Manchester City Council - Chorlton,Chorlton Place,2018,May,18,Thursday,03 May 2018,20:00,67,69,136,67,69,136,No Group
Manchester City Council - Chorlton,Chorlton Place,2018,May,18,Thursday,03 May 2018,21:00,42,50,92,42,50,92,No Group
Manchester City Council - Chorlton,Chorlton Place,2018,May,18,Thursday,03 May 2018,22:00,37,35,72,37,35,72,No Group
Manchester City Council - Chorlton,Chorlton Place,2018,May,18,Thursday,03 May 2018,23:00,23,21,44,23,21,44,No Group
Manchester City Council - Chorlton,Chorlton Place,2018,May,18,Friday,04 May 2018,00:00,12,5,17,12,5,17,No Group
Manchester City Council - Chorlton,Chorlton Place,2018,May,18,Friday,04 May 2018,01:00,8,11,19,8,11,19,No Group
Manchester City Council - Chorlton,Chorlton Place,2018,May,18,Friday,04 May 2018,02:00,4,3,7,4,3,7,No Group
Manchester City Council - Chorlton,Chorlton Place,2018,May,18,Friday,04 May 2018,03:00,2,5,7,2,5,7,No Group
Manchester City Council - Chorlton,Chorlton Place,2018,May,18,Friday,04 May 2018,04:00,6,9,15,6,9,15,No Group
Manchester City Council - Chorlton,Chorlton Place,2018,May,18,Friday,04 May 2018,05:00,1,4,5,1,4,5,No Group
Manchester City Council - Chorlton,Chorlton Place,2018,May,18,Friday,04 May 2018,06:00,13,28,41,13,28,41,No Group
Manchester City Council - Chorlton,Chorlton Place,2018,May,18,Friday,04 May 2018,07:00,24,80,104,24,80,104,No Group
Manchester City Council - Chorlton,Chorlton Place,2018,May,18,Friday,04 May 2018,08:00,31,130,161,31,130,161,No Group
Manchester City Council - Chorlton,Chorlton Place,2018,May,18,Friday,04 May 2018,09:00,83,118,201,83,118,201,No Group
Manchester City Council - Chorlton,Chorlton Place,2018,May,18,Friday,04 May 2018,10:00,129,143,272,129,143,272,No Group
Manchester City Council - Chorlton,Chorlton Place,2018,May,18,Friday,04 May 2018,11:00,154,203,357,154,203,357,No Group
Manchester City Council - Chorlton,Chorlton Place,2018,May,18,Friday,04 May 2018,12:00,194,204,398,194,204,398,No Group
Manchester City Council - Chorlton,Chorlton Place,2018,May,18,Friday,04 May 2018,13:00,205,231,436,205,231,436,No Group
Manchester City Council - Chorlton,Chorlton Place,2018,May,18,Friday,04 May 2018,14:00,186,201,387,186,201,387,No Group
Manchester City Council - Chorlton,Chorlton Place,2018,May,18,Friday,04 May 2018,15:00,174,195,369,174,195,369,No Group
Manchester City Council - Chorlton,Chorlton Place,2018,May,18,Friday,04 May 2018,16:00,188,163,351,188,163,351,No Group
Manchester City Council - Chorlton,Chorlton Place,2018,May,18,Friday,04 May 2018,17:00,133,119,252,133,119,252,No Group
Manchester City Council - Chorlton,Chorlton Place,2018,May,18,Friday,04 May 2018,18:00,113,94,207,113,94,207,No Group
Manchester City Council - Chorlton,Chorlton Place,2018,May,18,Friday,04 May 2018,19:00,95,79,174,95,79,174,No Group
Manchester City Council - Chorlton,Chorlton Place,2018,May,18,Friday,04 May 2018,20:00,68,84,152,68,84,152,No Group
Manchester City Council - Chorlton,Chorlton Place,2018,May,18,Friday,04 May 2018,21:00,49,64,113,49,64,113,No Group
Manchester City Council - Chorlton,Chorlton Place,2018,May,18,Friday,04 May 2018,22:00,40,51,91,40,51,91,No Group
Manchester City Council - Chorlton,Chorlton Place,2018,May,18,Friday,04 May 2018,23:00,28,35,63,28,35,63,No Group
Manchester City Council - Chorlton,Chorlton Place,2018,May,18,Saturday,05 May 2018,00:00,33,33,66,33,33,66,No Group
Manchester City Council - Chorlton,Chorlton Place,2018,May,18,Saturday,05 May 2018,01:00,17,21,38,17,21,38,No Group
Manchester City Council - Chorlton,Chorlton Place,2018,May,18,Saturday,05 May 2018,02:00,2,4,6,2,4,6,No Group
Manchester City Council - Chorlton,Chorlton Place,2018,May,18,Saturday,05 May 2018,03:00,2,2,4,2,2,4,No Group
Manchester City Council - Chorlton,Chorlton Place,2018,May,18,Saturday,05 May 2018,04:00,1,5,6,1,5,6,No Group
Manchester City Council - Chorlton,Chorlton Place,2018,May,18,Saturday,05 May 2018,05:00,1,5,6,1,5,6,No Group
Manchester City Council - Chorlton,Chorlton Place,2018,May,18,Saturday,05 May 2018,06:00,9,17,26,9,17,26,No Group
Manchester City Council - Chorlton,Chorlton Place,2018,May,18,Saturday,05 May 2018,07:00,13,23,36,13,23,36,No Group
Manchester City Council - Chorlton,Chorlton Place,2018,May,18,Saturday,05 May 2018,08:00,42,64,106,42,64,106,No Group
Manchester City Council - Chorlton,Chorlton Place,2018,May,18,Saturday,05 May 2018,09:00,119,145,264,119,145,264,No Group
Manchester City Council - Chorlton,Chorlton Place,2018,May,18,Saturday,05 May 2018,10:00,218,308,526,218,308,526,No Group
Manchester City Council - Chorlton,Chorlton Place,2018,May,18,Saturday,05 May 2018,11:00,318,328,646,318,328,646,No Group
Manchester City Council - Chorlton,Chorlton Place,2018,May,18,Saturday,05 May 2018,12:00,413,461,874,413,461,874,No Group
Manchester City Council - Chorlton,Chorlton Place,2018,May,18,Saturday,05 May 2018,13:00,486,559,1045,486,559,1045,No Group
Manchester City Council - Chorlton,Chorlton Place,2018,May,18,Saturday,05 May 2018,14:00,319,373,692,319,373,692,No Group
Manchester City Council - Chorlton,Chorlton Place,2018,May,18,Saturday,05 May 2018,15:00,282,282,564,282,282,564,No Group
Manchester City Council - Chorlton,Chorlton Place,2018,May,18,Saturday,05 May 2018,16:00,211,252,463,211,252,463,No Group
Manchester City Council - Chorlton,Chorlton Place,2018,May,18,Saturday,05 May 2018,17:00,117,121,238,117,121,238,No Group
Manchester City Council - Chorlton,Chorlton Place,2018,May,18,Saturday,05 May 2018,18:00,93,130,223,93,130,223,No Group
Manchester City Council - Chorlton,Chorlton Place,2018,May,18,Saturday,05 May 2018,19:00,84,100,184,84,100,184,No Group
Manchester City Council - Chorlton,Chorlton Place,2018,May,18,Saturday,05 May 2018,20:00,73,84,157,73,84,157,No Group
Manchester City Council - Chorlton,Chorlton Place,2018,May,18,Saturday,05 May 2018,21:00,74,74,148,74,74,148,No Group
Manchester City Council - Chorlton,Chorlton Place,2018,May,18,Saturday,05 May 2018,22:00,66,45,111,66,45,111,No Group
Manchester City Council - Chorlton,Chorlton Place,2018,May,18,Saturday,05 May 2018,23:00,58,115,173,58,115,173,No Group
Manchester City Council - Chorlton,Chorlton Place,2018,May,18,Sunday,06 May 2018,00:00,38,61,99,38,61,99,No Group
Manchester City Council - Chorlton,Chorlton Place,2018,May,18,Sunday,06 May 2018,01:00,19,11,30,19,11,30,No Group
Manchester City Council - Chorlton,Chorlton Place,2018,May,18,Sunday,06 May 2018,02:00,6,8,14,6,8,14,No Group
Manchester City Council - Chorlton,Chorlton Place,2018,May,18,Sunday,06 May 2018,03:00,1,4,5,1,4,5,No Group
Manchester City Council - Chorlton,Chorlton Place,2018,May,18,Sunday,06 May 2018,04:00,3,0,3,3,0,3,No Group
Manchester City Council - Chorlton,Chorlton Place,2018,May,18,Sunday,06 May 2018,05:00,2,8,10,2,8,10,No Group
Manchester City Council - Chorlton,Chorlton Place,2018,May,18,Sunday,06 May 2018,06:00,3,6,9,3,6,9,No Group
Manchester City Council - Chorlton,Chorlton Place,2018,May,18,Sunday,06 May 2018,07:00,8,10,18,8,10,18,No Group
Manchester City Council - Chorlton,Chorlton Place,2018,May,18,Sunday,06 May 2018,08:00,12,25,37,12,25,37,No Group
Manchester City Council - Chorlton,Chorlton Place,2018,May,18,Sunday,06 May 2018,09:00,39,59,98,39,59,98,No Group
Manchester City Council - Chorlton,Chorlton Place,2018,May,18,Sunday,06 May 2018,10:00,94,93,187,94,93,187,No Group
Manchester City Council - Chorlton,Chorlton Place,2018,May,18,Sunday,06 May 2018,11:00,99,131,230,99,131,230,No Group
Manchester City Council - Chorlton,Chorlton Place,2018,May,18,Sunday,06 May 2018,12:00,141,167,308,141,167,308,No Group
Manchester City Council - Chorlton,Chorlton Place,2018,May,18,Sunday,06 May 2018,13:00,169,183,352,169,183,352,No Group
Manchester City Council - Chorlton,Chorlton Place,2018,May,18,Sunday,06 May 2018,14:00,158,169,327,158,169,327,No Group
Manchester City Council - Chorlton,Chorlton Place,2018,May,18,Sunday,06 May 2018,15:00,129,128,257,129,128,257,No Group
Manchester City Council - Chorlton,Chorlton Place,2018,May,18,Sunday,06 May 2018,16:00,100,127,227,100,127,227,No Group
Manchester City Council - Chorlton,Chorlton Place,2018,May,18,Sunday,06 May 2018,17:00,74,86,160,74,86,160,No Group
Manchester City Council - Chorlton,Chorlton Place,2018,May,18,Sunday,06 May 2018,18:00,58,92,150,58,92,150,No Group
Manchester City Council - Chorlton,Chorlton Place,2018,May,18,Sunday,06 May 2018,19:00,76,92,168,76,92,168,No Group
Manchester City Council - Chorlton,Chorlton Place,2018,May,18,Sunday,06 May 2018,20:00,42,53,95,42,53,95,No Group
Manchester City Council - Chorlton,Chorlton Place,2018,May,18,Sunday,06 May 2018,21:00,55,63,118,55,63,118,No Group
Manchester City Council - Chorlton,Chorlton Place,2018,May,18,Sunday,06 May 2018,22:00,49,70,119,49,70,119,No Group
Manchester City Council - Chorlton,Chorlton Place,2018,May,18,Sunday,06 May 2018,23:00,41,38,79,41,38,79,No Group
Manchester City Council - Chorlton,Chorlton Place,2018,May,19,Monday,07 May 2018,00:00,28,8,36,28,8,36,No Group
Manchester City Council - Chorlton,Chorlton Place,2018,May,19,Monday,07 May 2018,01:00,10,8,18,10,8,18,No Group
Manchester City Council - Chorlton,Chorlton Place,2018,May,19,Monday,07 May 2018,02:00,21,11,32,21,11,32,No Group
Manchester City Council - Chorlton,Chorlton Place,2018,May,19,Monday,07 May 2018,03:00,1,1,2,1,1,2,No Group
Manchester City Council - Chorlton,Chorlton Place,2018,May,19,Monday,07 May 2018,04:00,5,4,9,5,4,9,No Group
Manchester City Council - Chorlton,Chorlton Place,2018,May,19,Monday,07 May 2018,05:00,5,5,10,5,5,10,No Group
Manchester City Council - Chorlton,Chorlton Place,2018,May,19,Monday,07 May 2018,06:00,3,7,10,3,7,10,No Group
Manchester City Council - Chorlton,Chorlton Place,2018,May,19,Monday,07 May 2018,07:00,8,10,18,8,10,18,No Group
Manchester City Council - Chorlton,Chorlton Place,2018,May,19,Monday,07 May 2018,08:00,22,23,45,22,23,45,No Group
Manchester City Council - Chorlton,Chorlton Place,2018,May,19,Monday,07 May 2018,09:00,34,48,82,34,48,82,No Group
Manchester City Council - Chorlton,Chorlton Place,2018,May,19,Monday,07 May 2018,10:00,89,111,200,89,111,200,No Group
Manchester City Council - Chorlton,Chorlton Place,2018,May,19,Monday,07 May 2018,11:00,118,126,244,118,126,244,No Group
Manchester City Council - Chorlton,Chorlton Place,2018,May,19,Monday,07 May 2018,12:00,200,241,441,200,241,441,No Group
Manchester City Council - Chorlton,Chorlton Place,2018,May,19,Monday,07 May 2018,13:00,213,265,478,213,265,478,No Group
Manchester City Council - Chorlton,Chorlton Place,2018,May,19,Monday,07 May 2018,14:00,201,194,395,201,194,395,No Group
Manchester City Council - Chorlton,Chorlton Place,2018,May,19,Monday,07 May 2018,15:00,137,126,263,137,126,263,No Group
Manchester City Council - Chorlton,Chorlton Place,2018,May,19,Monday,07 May 2018,16:00,94,99,193,94,99,193,No Group
Manchester City Council - Chorlton,Chorlton Place,2018,May,19,Monday,07 May 2018,17:00,75,82,157,75,82,157,No Group
Manchester City Council - Chorlton,Chorlton Place,2018,May,19,Monday,07 May 2018,18:00,71,82,153,71,82,153,No Group
Manchester City Council - Chorlton,Chorlton Place,2018,May,19,Monday,07 May 2018,19:00,59,65,124,59,65,124,No Group
Manchester City Council - Chorlton,Chorlton Place,2018,May,19,Monday,07 May 2018,20:00,40,53,93,40,53,93,No Group
Manchester City Council - Chorlton,Chorlton Place,2018,May,19,Monday,07 May 2018,21:00,35,47,82,35,47,82,No Group
Manchester City Council - Chorlton,Chorlton Place,2018,May,19,Monday,07 May 2018,22:00,29,23,52,29,23,52,No Group
Manchester City Council - Chorlton,Chorlton Place,2018,May,19,Monday,07 May 2018,23:00,9,14,23,9,14,23,No Group
Manchester City Council - Chorlton,Chorlton Place,2018,May,19,Tuesday,08 May 2018,00:00,6,3,9,6,3,9,No Group
Manchester City Council - Chorlton,Chorlton Place,2018,May,19,Tuesday,08 May 2018,01:00,3,2,5,3,2,5,No Group
Manchester City Council - Chorlton,Chorlton Place,2018,May,19,Tuesday,08 May 2018,02:00,6,6,12,6,6,12,No Group
Manchester City Council - Chorlton,Chorlton Place,2018,May,19,Tuesday,08 May 2018,03:00,1,4,5,1,4,5,No Group
Manchester City Council - Chorlton,Chorlton Place,2018,May,19,Tuesday,08 May 2018,04:00,6,3,9,6,3,9,No Group
Manchester City Council - Chorlton,Chorlton Place,2018,May,19,Tuesday,08 May 2018,05:00,5,6,11,5,6,11,No Group
Manchester City Council - Chorlton,Chorlton Place,2018,May,19,Tuesday,08 May 2018,06:00,2,20,22,2,20,22,No Group
Manchester City Council - Chorlton,Chorlton Place,2018,May,19,Tuesday,08 May 2018,07:00,31,93,124,31,93,124,No Group
Manchester City Council - Chorlton,Chorlton Place,2018,May,19,Tuesday,08 May 2018,08:00,35,139,174,35,139,174,No Group
Manchester City Council - Chorlton,Chorlton Place,2018,May,19,Tuesday,08 May 2018,09:00,121,172,293,121,172,293,No Group
Manchester City Council - Chorlton,Chorlton Place,2018,May,19,Tuesday,08 May 2018,10:00,158,174,332,158,174,332,No Group
Manchester City Council - Chorlton,Chorlton Place,2018,May,19,Tuesday,08 May 2018,11:00,175,198,373,175,198,373,No Group
Manchester City Council - Chorlton,Chorlton Place,2018,May,19,Tuesday,08 May 2018,12:00,246,258,504,246,258,504,No Group
Manchester City Council - Chorlton,Chorlton Place,2018,May,19,Tuesday,08 May 2018,13:00,212,284,496,212,284,496,No Group
Manchester City Council - Chorlton,Chorlton Place,2018,May,19,Tuesday,08 May 2018,14:00,145,171,316,145,171,316,No Group
Manchester City Council - Chorlton,Chorlton Place,2018,May,19,Tuesday,08 May 2018,15:00,132,152,284,132,152,284,No Group
Manchester City Council - Chorlton,Chorlton Place,2018,May,19,Tuesday,08 May 2018,16:00,150,141,291,150,141,291,No Group
Manchester City Council - Chorlton,Chorlton Place,2018,May,19,Tuesday,08 May 2018,17:00,149,126,275,149,126,275,No Group
Manchester City Council - Chorlton,Chorlton Place,2018,May,19,Tuesday,08 May 2018,18:00,98,68,166,98,68,166,No Group
Manchester City Council - Chorlton,Chorlton Place,2018,May,19,Tuesday,08 May 2018,19:00,69,51,120,69,51,120,No Group
Manchester City Council - Chorlton,Chorlton Place,2018,May,19,Tuesday,08 May 2018,20:00,38,36,74,38,36,74,No Group
Manchester City Council - Chorlton,Chorlton Place,2018,May,19,Tuesday,08 May 2018,21:00,34,33,67,34,33,67,No Group
Manchester City Council - Chorlton,Chorlton Place,2018,May,19,Tuesday,08 May 2018,22:00,24,12,36,24,12,36,No Group
Manchester City Council - Chorlton,Chorlton Place,2018,May,19,Tuesday,08 May 2018,23:00,18,10,28,18,10,28,No Group
Manchester City Council - Chorlton,Chorlton Place,2018,May,19,Wednesday,09 May 2018,00:00,3,11,14,3,11,14,No Group
Manchester City Council - Chorlton,Chorlton Place,2018,May,19,Wednesday,09 May 2018,01:00,5,4,9,5,4,9,No Group
Manchester City Council - Chorlton,Chorlton Place,2018,May,19,Wednesday,09 May 2018,02:00,2,1,3,2,1,3,No Group
Manchester City Council - Chorlton,Chorlton Place,2018,May,19,Wednesday,09 May 2018,03:00,1,4,5,1,4,5,No Group
Manchester City Council - Chorlton,Chorlton Place,2018,May,19,Wednesday,09 May 2018,04:00,6,4,10,6,4,10,No Group
Manchester City Council - Chorlton,Chorlton Place,2018,May,19,Wednesday,09 May 2018,05:00,1,5,6,1,5,6,No Group
Manchester City Council - Chorlton,Chorlton Place,2018,May,19,Wednesday,09 May 2018,06:00,5,24,29,5,24,29,No Group
Manchester City Council - Chorlton,Chorlton Place,2018,May,19,Wednesday,09 May 2018,07:00,19,117,136,19,117,136,No Group
Manchester City Council - Chorlton,Chorlton Place,2018,May,19,Wednesday,09 May 2018,08:00,50,132,182,50,132,182,No Group
Manchester City Council - Chorlton,Chorlton Place,2018,May,19,Wednesday,09 May 2018,09:00,96,131,227,96,131,227,No Group
Manchester City Council - Chorlton,Chorlton Place,2018,May,19,Wednesday,09 May 2018,10:00,125,156,281,125,156,281,No Group
Manchester City Council - Chorlton,Chorlton Place,2018,May,19,Wednesday,09 May 2018,11:00,144,164,308,144,164,308,No Group
Manchester City Council - Chorlton,Chorlton Place,2018,May,19,Wednesday,09 May 2018,12:00,140,139,279,140,139,279,No Group
Manchester City Council - Chorlton,Chorlton Place,2018,May,19,Wednesday,09 May 2018,13:00,159,164,323,159,164,323,No Group
Manchester City Council - Chorlton,Chorlton Place,2018,May,19,Wednesday,09 May 2018,14:00,140,165,305,140,165,305,No Group
Manchester City Council - Chorlton,Chorlton Place,2018,May,19,Wednesday,09 May 2018,15:00,157,166,323,157,166,323,No Group
Manchester City Council - Chorlton,Chorlton Place,2018,May,19,Wednesday,09 May 2018,16:00,131,141,272,131,141,272,No Group
Manchester City Council - Chorlton,Chorlton Place,2018,May,19,Wednesday,09 May 2018,17:00,145,104,249,145,104,249,No Group
Manchester City Council - Chorlton,Chorlton Place,2018,May,19,Wednesday,09 May 2018,18:00,122,83,205,122,83,205,No Group
Manchester City Council - Chorlton,Chorlton Place,2018,May,19,Wednesday,09 May 2018,19:00,78,52,130,78,52,130,No Group
Manchester City Council - Chorlton,Chorlton Place,2018,May,19,Wednesday,09 May 2018,20:00,67,53,120,67,53,120,No Group
Manchester City Council - Chorlton,Chorlton Place,2018,May,19,Wednesday,09 May 2018,21:00,37,42,79,37,42,79,No Group
Manchester City Council - Chorlton,Chorlton Place,2018,May,19,Wednesday,09 May 2018,22:00,14,18,32,14,18,32,No Group
Manchester City Council - Chorlton,Chorlton Place,2018,May,19,Wednesday,09 May 2018,23:00,16,10,26,16,10,26,No Group
Manchester City Council - Chorlton,Chorlton Place,2018,May,19,Thursday,10 May 2018,00:00,9,12,21,9,12,21,No Group
Manchester City Council - Chorlton,Chorlton Place,2018,May,19,Thursday,10 May 2018,01:00,3,1,4,3,1,4,No Group
Manchester City Council - Chorlton,Chorlton Place,2018,May,19,Thursday,10 May 2018,02:00,1,1,2,1,1,2,No Group
Manchester City Council - Chorlton,Chorlton Place,2018,May,19,Thursday,10 May 2018,03:00,1,1,2,1,1,2,No Group
Manchester City Council - Chorlton,Chorlton Place,2018,May,19,Thursday,10 May 2018,04:00,2,3,5,2,3,5,No Group
Manchester City Council - Chorlton,Chorlton Place,2018,May,19,Thursday,10 May 2018,05:00,1,6,7,1,6,7,No Group
Manchester City Council - Chorlton,Chorlton Place,2018,May,19,Thursday,10 May 2018,06:00,12,18,30,12,18,30,No Group
Manchester City Council - Chorlton,Chorlton Place,2018,May,19,Thursday,10 May 2018,07:00,30,96,126,30,96,126,No Group
Manchester City Council - Chorlton,Chorlton Place,2018,May,19,Thursday,10 May 2018,08:00,53,162,215,53,162,215,No Group
Manchester City Council - Chorlton,Chorlton Place,2018,May,19,Thursday,10 May 2018,09:00,112,133,245,112,133,245,No Group
Manchester City Council - Chorlton,Chorlton Place,2018,May,19,Thursday,10 May 2018,10:00,123,146,269,123,146,269,No Group
Manchester City Council - Chorlton,Chorlton Place,2018,May,19,Thursday,10 May 2018,11:00,137,169,306,137,169,306,No Group
Manchester City Council - Chorlton,Chorlton Place,2018,May,19,Thursday,10 May 2018,12:00,232,223,455,232,223,455,No Group
Manchester City Council - Chorlton,Chorlton Place,2018,May,19,Thursday,10 May 2018,13:00,231,272,503,231,272,503,No Group
Manchester City Council - Chorlton,Chorlton Place,2018,May,19,Thursday,10 May 2018,14:00,206,237,443,206,237,443,No Group
Manchester City Council - Chorlton,Chorlton Place,2018,May,19,Thursday,10 May 2018,15:00,174,192,366,174,192,366,No Group
Manchester City Council - Chorlton,Chorlton Place,2018,May,19,Thursday,10 May 2018,16:00,166,159,325,166,159,325,No Group
Manchester City Council - Chorlton,Chorlton Place,2018,May,19,Thursday,10 May 2018,17:00,130,103,233,130,103,233,No Group
Manchester City Council - Chorlton,Chorlton Place,2018,May,19,Thursday,10 May 2018,18:00,96,75,171,96,75,171,No Group
Manchester City Council - Chorlton,Chorlton Place,2018,May,19,Thursday,10 May 2018,19:00,90,76,166,90,76,166,No Group
Manchester City Council - Chorlton,Chorlton Place,2018,May,19,Thursday,10 May 2018,20:00,50,47,97,50,47,97,No Group
Manchester City Council - Chorlton,Chorlton Place,2018,May,19,Thursday,10 May 2018,21:00,36,54,90,36,54,90,No Group
Manchester City Council - Chorlton,Chorlton Place,2018,May,19,Thursday,10 May 2018,22:00,37,38,75,37,38,75,No Group
Manchester City Council - Chorlton,Chorlton Place,2018,May,19,Thursday,10 May 2018,23:00,26,15,41,26,15,41,No Group
Manchester City Council - Chorlton,Chorlton Place,2018,May,19,Friday,11 May 2018,00:00,10,13,23,10,13,23,No Group
Manchester City Council - Chorlton,Chorlton Place,2018,May,19,Friday,11 May 2018,01:00,2,1,3,2,1,3,No Group
Manchester City Council - Chorlton,Chorlton Place,2018,May,19,Friday,11 May 2018,02:00,0,0,0,0,0,0,No Group
Manchester City Council - Chorlton,Chorlton Place,2018,May,19,Friday,11 May 2018,03:00,11,13,24,11,13,24,No Group
Manchester City Council - Chorlton,Chorlton Place,2018,May,19,Friday,11 May 2018,04:00,8,9,17,8,9,17,No Group
Manchester City Council - Chorlton,Chorlton Place,2018,May,19,Friday,11 May 2018,05:00,4,5,9,4,5,9,No Group
Manchester City Council - Chorlton,Chorlton Place,2018,May,19,Friday,11 May 2018,06:00,5,22,27,5,22,27,No Group
Manchester City Council - Chorlton,Chorlton Place,2018,May,19,Friday,11 May 2018,07:00,36,93,129,36,93,129,No Group
Manchester City Council - Chorlton,Chorlton Place,2018,May,19,Friday,11 May 2018,08:00,47,133,180,47,133,180,No Group
Manchester City Council - Chorlton,Chorlton Place,2018,May,19,Friday,11 May 2018,09:00,106,137,243,106,137,243,No Group
Manchester City Council - Chorlton,Chorlton Place,2018,May,19,Friday,11 May 2018,10:00,145,150,295,145,150,295,No Group
Manchester City Council - Chorlton,Chorlton Place,2018,May,19,Friday,11 May 2018,11:00,133,173,306,133,173,306,No Group
Manchester City Council - Chorlton,Chorlton Place,2018,May,19,Friday,11 May 2018,12:00,167,170,337,167,170,337,No Group
Manchester City Council - Chorlton,Chorlton Place,2018,May,19,Friday,11 May 2018,13:00,181,199,380,181,199,380,No Group
Manchester City Council - Chorlton,Chorlton Place,2018,May,19,Friday,11 May 2018,14:00,153,164,317,153,164,317,No Group
Manchester City Council - Chorlton,Chorlton Place,2018,May,19,Friday,11 May 2018,15:00,162,191,353,162,191,353,No Group
Manchester City Council - Chorlton,Chorlton Place,2018,May,19,Friday,11 May 2018,16:00,183,168,351,183,168,351,No Group
Manchester City Council - Chorlton,Chorlton Place,2018,May,19,Friday,11 May 2018,17:00,139,112,251,139,112,251,No Group
Manchester City Council - Chorlton,Chorlton Place,2018,May,19,Friday,11 May 2018,18:00,116,114,230,116,114,230,No Group
Manchester City Council - Chorlton,Chorlton Place,2018,May,19,Friday,11 May 2018,19:00,89,91,180,89,91,180,No Group
Manchester City Council - Chorlton,Chorlton Place,2018,May,19,Friday,11 May 2018,20:00,65,64,129,65,64,129,No Group
Manchester City Council - Chorlton,Chorlton Place,2018,May,19,Friday,11 May 2018,21:00,57,67,124,57,67,124,No Group
Manchester City Council - Chorlton,Chorlton Place,2018,May,19,Friday,11 May 2018,22:00,47,50,97,47,50,97,No Group
Manchester City Council - Chorlton,Chorlton Place,2018,May,19,Friday,11 May 2018,23:00,27,29,56,27,29,56,No Group
Manchester City Council - Chorlton,Chorlton Place,2018,May,19,Saturday,12 May 2018,00:00,12,29,41,12,29,41,No Group
Manchester City Council - Chorlton,Chorlton Place,2018,May,19,Saturday,12 May 2018,01:00,10,7,17,10,7,17,No Group
Manchester City Council - Chorlton,Chorlton Place,2018,May,19,Saturday,12 May 2018,02:00,6,2,8,6,2,8,No Group
Manchester City Council - Chorlton,Chorlton Place,2018,May,19,Saturday,12 May 2018,03:00,11,6,17,11,6,17,No Group
Manchester City Council - Chorlton,Chorlton Place,2018,May,19,Saturday,12 May 2018,04:00,5,2,7,5,2,7,No Group
Manchester City Council - Chorlton,Chorlton Place,2018,May,19,Saturday,12 May 2018,05:00,6,9,15,6,9,15,No Group
Manchester City Council - Chorlton,Chorlton Place,2018,May,19,Saturday,12 May 2018,06:00,4,3,7,4,3,7,No Group
Manchester City Council - Chorlton,Chorlton Place,2018,May,19,Saturday,12 May 2018,07:00,16,31,47,16,31,47,No Group
Manchester City Council - Chorlton,Chorlton Place,2018,May,19,Saturday,12 May 2018,08:00,39,71,110,39,71,110,No Group
Manchester City Council - Chorlton,Chorlton Place,2018,May,19,Saturday,12 May 2018,09:00,123,140,263,123,140,263,No Group
Manchester City Council - Chorlton,Chorlton Place,2018,May,19,Saturday,12 May 2018,10:00,171,197,368,171,197,368,No Group
Manchester City Council - Chorlton,Chorlton Place,2018,May,19,Saturday,12 May 2018,11:00,291,305,596,291,305,596,No Group
Manchester City Council - Chorlton,Chorlton Place,2018,May,19,Saturday,12 May 2018,12:00,319,355,674,319,355,674,No Group
Manchester City Council - Chorlton,Chorlton Place,2018,May,19,Saturday,12 May 2018,13:00,311,353,664,311,353,664,No Group
Manchester City Council - Chorlton,Chorlton Place,2018,May,19,Saturday,12 May 2018,14:00,249,285,534,249,285,534,No Group
Manchester City Council - Chorlton,Chorlton Place,2018,May,19,Saturday,12 May 2018,15:00,207,248,455,207,248,455,No Group
Manchester City Council - Chorlton,Chorlton Place,2018,May,19,Saturday,12 May 2018,16:00,189,205,394,189,205,394,No Group
Manchester City Council - Chorlton,Chorlton Place,2018,May,19,Saturday,12 May 2018,17:00,112,128,240,112,128,240,No Group
Manchester City Council - Chorlton,Chorlton Place,2018,May,19,Saturday,12 May 2018,18:00,84,108,192,84,108,192,No Group
Manchester City Council - Chorlton,Chorlton Place,2018,May,19,Saturday,12 May 2018,19:00,70,99,169,70,99,169,No Group
Manchester City Council - Chorlton,Chorlton Place,2018,May,19,Saturday,12 May 2018,20:00,76,56,132,76,56,132,No Group
Manchester City Council - Chorlton,Chorlton Place,2018,May,19,Saturday,12 May 2018,21:00,59,50,109,59,50,109,No Group
Manchester City Council - Chorlton,Chorlton Place,2018,May,19,Saturday,12 May 2018,22:00,31,56,87,31,56,87,No Group
Manchester City Council - Chorlton,Chorlton Place,2018,May,19,Saturday,12 May 2018,23:00,30,31,61,30,31,61,No Group
Manchester City Council - Chorlton,Chorlton Place,2018,May,19,Sunday,13 May 2018,00:00,5,23,28,5,23,28,No Group
Manchester City Council - Chorlton,Chorlton Place,2018,May,19,Sunday,13 May 2018,01:00,15,15,30,15,15,30,No Group
Manchester City Council - Chorlton,Chorlton Place,2018,May,19,Sunday,13 May 2018,02:00,6,4,10,6,4,10,No Group
Manchester City Council - Chorlton,Chorlton Place,2018,May,19,Sunday,13 May 2018,03:00,4,0,4,4,0,4,No Group
Manchester City Council - Chorlton,Chorlton Place,2018,May,19,Sunday,13 May 2018,04:00,2,1,3,2,1,3,No Group
Manchester City Council - Chorlton,Chorlton Place,2018,May,19,Sunday,13 May 2018,05:00,2,4,6,2,4,6,No Group
Manchester City Council - Chorlton,Chorlton Place,2018,May,19,Sunday,13 May 2018,06:00,3,8,11,3,8,11,No Group
Manchester City Council - Chorlton,Chorlton Place,2018,May,19,Sunday,13 May 2018,07:00,7,6,13,7,6,13,No Group
Manchester City Council - Chorlton,Chorlton Place,2018,May,19,Sunday,13 May 2018,08:00,24,24,48,24,24,48,No Group
Manchester City Council - Chorlton,Chorlton Place,2018,May,19,Sunday,13 May 2018,09:00,35,66,101,35,66,101,No Group
Manchester City Council - Chorlton,Chorlton Place,2018,May,19,Sunday,13 May 2018,10:00,79,94,173,79,94,173,No Group
Manchester City Council - Chorlton,Chorlton Place,2018,May,19,Sunday,13 May 2018,11:00,101,110,211,101,110,211,No Group
Manchester City Council - Chorlton,Chorlton Place,2018,May,19,Sunday,13 May 2018,12:00,171,212,383,171,212,383,No Group
Manchester City Council - Chorlton,Chorlton Place,2018,May,19,Sunday,13 May 2018,13:00,170,194,364,170,194,364,No Group
Manchester City Council - Chorlton,Chorlton Place,2018,May,19,Sunday,13 May 2018,14:00,160,178,338,160,178,338,No Group
Manchester City Council - Chorlton,Chorlton Place,2018,May,19,Sunday,13 May 2018,15:00,174,156,330,174,156,330,No Group
Manchester City Council - Chorlton,Chorlton Place,2018,May,19,Sunday,13 May 2018,16:00,151,194,345,151,194,345,No Group
Manchester City Council - Chorlton,Chorlton Place,2018,May,19,Sunday,13 May 2018,17:00,117,125,242,117,125,242,No Group
Manchester City Council - Chorlton,Chorlton Place,2018,May,19,Sunday,13 May 2018,18:00,63,83,146,63,83,146,No Group
Manchester City Council - Chorlton,Chorlton Place,2018,May,19,Sunday,13 May 2018,19:00,52,55,107,52,55,107,No Group
Manchester City Council - Chorlton,Chorlton Place,2018,May,19,Sunday,13 May 2018,20:00,28,35,63,28,35,63,No Group
Manchester City Council - Chorlton,Chorlton Place,2018,May,19,Sunday,13 May 2018,21:00,34,36,70,34,36,70,No Group
Manchester City Council - Chorlton,Chorlton Place,2018,May,19,Sunday,13 May 2018,22:00,12,16,28,12,16,28,No Group
Manchester City Council - Chorlton,Chorlton Place,2018,May,19,Sunday,13 May 2018,23:00,15,9,24,15,9,24,No Group
Manchester City Council - Chorlton,Chorlton Place,2018,May,20,Monday,14 May 2018,00:00,11,5,16,11,5,16,No Group
Manchester City Council - Chorlton,Chorlton Place,2018,May,20,Monday,14 May 2018,01:00,1,0,1,1,0,1,No Group
Manchester City Council - Chorlton,Chorlton Place,2018,May,20,Monday,14 May 2018,02:00,3,1,4,3,1,4,No Group
Manchester City Council - Chorlton,Chorlton Place,2018,May,20,Monday,14 May 2018,03:00,3,5,8,3,5,8,No Group
Manchester City Council - Chorlton,Chorlton Place,2018,May,20,Monday,14 May 2018,04:00,6,6,12,6,6,12,No Group
Manchester City Council - Chorlton,Chorlton Place,2018,May,20,Monday,14 May 2018,05:00,1,4,5,1,4,5,No Group
Manchester City Council - Chorlton,Chorlton Place,2018,May,20,Monday,14 May 2018,06:00,7,29,36,7,29,36,No Group
Manchester City Council - Chorlton,Chorlton Place,2018,May,20,Monday,14 May 2018,07:00,26,88,114,26,88,114,No Group
Manchester City Council - Chorlton,Chorlton Place,2018,May,20,Monday,14 May 2018,08:00,38,121,159,38,121,159,No Group
Manchester City Council - Chorlton,Chorlton Place,2018,May,20,Monday,14 May 2018,09:00,74,142,216,74,142,216,No Group
Manchester City Council - Chorlton,Chorlton Place,2018,May,20,Monday,14 May 2018,10:00,137,140,277,137,140,277,No Group
Manchester City Council - Chorlton,Chorlton Place,2018,May,20,Monday,14 May 2018,11:00,161,180,341,161,180,341,No Group
Manchester City Council - Chorlton,Chorlton Place,2018,May,20,Monday,14 May 2018,12:00,217,282,499,217,282,499,No Group
Manchester City Council - Chorlton,Chorlton Place,2018,May,20,Monday,14 May 2018,13:00,250,315,565,250,315,565,No Group
Manchester City Council - Chorlton,Chorlton Place,2018,May,20,Monday,14 May 2018,14:00,204,255,459,204,255,459,No Group
Manchester City Council - Chorlton,Chorlton Place,2018,May,20,Monday,14 May 2018,15:00,172,161,333,172,161,333,No Group
Manchester City Council - Chorlton,Chorlton Place,2018,May,20,Monday,14 May 2018,16:00,122,153,275,122,153,275,No Group
Manchester City Council - Chorlton,Chorlton Place,2018,May,20,Monday,14 May 2018,17:00,122,115,237,122,115,237,No Group
Manchester City Council - Chorlton,Chorlton Place,2018,May,20,Monday,14 May 2018,18:00,110,88,198,110,88,198,No Group
Manchester City Council - Chorlton,Chorlton Place,2018,May,20,Monday,14 May 2018,19:00,81,78,159,81,78,159,No Group
Manchester City Council - Chorlton,Chorlton Place,2018,May,20,Monday,14 May 2018,20:00,51,36,87,51,36,87,No Group
Manchester City Council - Chorlton,Chorlton Place,2018,May,20,Monday,14 May 2018,21:00,30,39,69,30,39,69,No Group
Manchester City Council - Chorlton,Chorlton Place,2018,May,20,Monday,14 May 2018,22:00,33,15,48,33,15,48,No Group
Manchester City Council - Chorlton,Chorlton Place,2018,May,20,Monday,14 May 2018,23:00,15,12,27,15,12,27,No Group
Manchester City Council - Chorlton,Chorlton Place,2018,May,20,Tuesday,15 May 2018,00:00,7,6,13,7,6,13,No Group
Manchester City Council - Chorlton,Chorlton Place,2018,May,20,Tuesday,15 May 2018,01:00,1,1,2,1,1,2,No Group
Manchester City Council - Chorlton,Chorlton Place,2018,May,20,Tuesday,15 May 2018,02:00,3,4,7,3,4,7,No Group
Manchester City Council - Chorlton,Chorlton Place,2018,May,20,Tuesday,15 May 2018,03:00,0,1,1,0,1,1,No Group
Manchester City Council - Chorlton,Chorlton Place,2018,May,20,Tuesday,15 May 2018,04:00,4,6,10,4,6,10,No Group
Manchester City Council - Chorlton,Chorlton Place,2018,May,20,Tuesday,15 May 2018,05:00,0,6,6,0,6,6,No Group
Manchester City Council - Chorlton,Chorlton Place,2018,May,20,Tuesday,15 May 2018,06:00,6,29,35,6,29,35,No Group
Manchester City Council - Chorlton,Chorlton Place,2018,May,20,Tuesday,15 May 2018,07:00,26,98,124,26,98,124,No Group
Manchester City Council - Chorlton,Chorlton Place,2018,May,20,Tuesday,15 May 2018,08:00,34,117,151,34,117,151,No Group
Manchester City Council - Chorlton,Chorlton Place,2018,May,20,Tuesday,15 May 2018,09:00,88,141,229,88,141,229,No Group
Manchester City Council - Chorlton,Chorlton Place,2018,May,20,Tuesday,15 May 2018,10:00,131,169,300,131,169,300,No Group
Manchester City Council - Chorlton,Chorlton Place,2018,May,20,Tuesday,15 May 2018,11:00,176,206,382,176,206,382,No Group
Manchester City Council - Chorlton,Chorlton Place,2018,May,20,Tuesday,15 May 2018,12:00,185,261,446,185,261,446,No Group
Manchester City Council - Chorlton,Chorlton Place,2018,May,20,Tuesday,15 May 2018,13:00,221,315,536,221,315,536,No Group
Manchester City Council - Chorlton,Chorlton Place,2018,May,20,Tuesday,15 May 2018,14:00,196,251,447,196,251,447,No Group
Manchester City Council - Chorlton,Chorlton Place,2018,May,20,Tuesday,15 May 2018,15:00,163,156,319,163,156,319,No Group
Manchester City Council - Chorlton,Chorlton Place,2018,May,20,Tuesday,15 May 2018,16:00,164,138,302,164,138,302,No Group
Manchester City Council - Chorlton,Chorlton Place,2018,May,20,Tuesday,15 May 2018,17:00,116,106,222,116,106,222,No Group
Manchester City Council - Chorlton,Chorlton Place,2018,May,20,Tuesday,15 May 2018,18:00,94,84,178,94,84,178,No Group
Manchester City Council - Chorlton,Chorlton Place,2018,May,20,Tuesday,15 May 2018,19:00,69,85,154,69,85,154,No Group
Manchester City Council - Chorlton,Chorlton Place,2018,May,20,Tuesday,15 May 2018,20:00,62,53,115,62,53,115,No Group
Manchester City Council - Chorlton,Chorlton Place,2018,May,20,Tuesday,15 May 2018,21:00,40,32,72,40,32,72,No Group
Manchester City Council - Chorlton,Chorlton Place,2018,May,20,Tuesday,15 May 2018,22:00,34,19,53,34,19,53,No Group
Manchester City Council - Chorlton,Chorlton Place,2018,May,20,Tuesday,15 May 2018,23:00,18,11,29,18,11,29,No Group
Manchester City Council - Chorlton,Chorlton Place,2018,May,20,Wednesday,16 May 2018,00:00,7,11,18,7,11,18,No Group
Manchester City Council - Chorlton,Chorlton Place,2018,May,20,Wednesday,16 May 2018,01:00,6,5,11,6,5,11,No Group
Manchester City Council - Chorlton,Chorlton Place,2018,May,20,Wednesday,16 May 2018,02:00,1,6,7,1,6,7,No Group
Manchester City Council - Chorlton,Chorlton Place,2018,May,20,Wednesday,16 May 2018,03:00,2,6,8,2,6,8,No Group
Manchester City Council - Chorlton,Chorlton Place,2018,May,20,Wednesday,16 May 2018,04:00,0,1,1,0,1,1,No Group
Manchester City Council - Chorlton,Chorlton Place,2018,May,20,Wednesday,16 May 2018,05:00,2,8,10,2,8,10,No Group
Manchester City Council - Chorlton,Chorlton Place,2018,May,20,Wednesday,16 May 2018,06:00,9,28,37,9,28,37,No Group
Manchester City Council - Chorlton,Chorlton Place,2018,May,20,Wednesday,16 May 2018,07:00,26,100,126,26,100,126,No Group
Manchester City Council - Chorlton,Chorlton Place,2018,May,20,Wednesday,16 May 2018,08:00,41,127,168,41,127,168,No Group
Manchester City Council - Chorlton,Chorlton Place,2018,May,20,Wednesday,16 May 2018,09:00,89,134,223,89,134,223,No Group
Manchester City Council - Chorlton,Chorlton Place,2018,May,20,Wednesday,16 May 2018,10:00,100,128,228,100,128,228,No Group
Manchester City Council - Chorlton,Chorlton Place,2018,May,20,Wednesday,16 May 2018,11:00,145,149,294,145,149,294,No Group
Manchester City Council - Chorlton,Chorlton Place,2018,May,20,Wednesday,16 May 2018,12:00,152,187,339,152,187,339,No Group
Manchester City Council - Chorlton,Chorlton Place,2018,May,20,Wednesday,16 May 2018,13:00,134,163,297,134,163,297,No Group
Manchester City Council - Chorlton,Chorlton Place,2018,May,20,Wednesday,16 May 2018,14:00,206,223,429,206,223,429,No Group
Manchester City Council - Chorlton,Chorlton Place,2018,May,20,Wednesday,16 May 2018,15:00,161,177,338,161,177,338,No Group
Manchester City Council - Chorlton,Chorlton Place,2018,May,20,Wednesday,16 May 2018,16:00,145,141,286,145,141,286,No Group
Manchester City Council - Chorlton,Chorlton Place,2018,May,20,Wednesday,16 May 2018,17:00,107,122,229,107,122,229,No Group
Manchester City Council - Chorlton,Chorlton Place,2018,May,20,Wednesday,16 May 2018,18:00,123,93,216,123,93,216,No Group
Manchester City Council - Chorlton,Chorlton Place,2018,May,20,Wednesday,16 May 2018,19:00,71,54,125,71,54,125,No Group
Manchester City Council - Chorlton,Chorlton Place,2018,May,20,Wednesday,16 May 2018,20:00,57,46,103,57,46,103,No Group
Manchester City Council - Chorlton,Chorlton Place,2018,May,20,Wednesday,16 May 2018,21:00,37,33,70,37,33,70,No Group
Manchester City Council - Chorlton,Chorlton Place,2018,May,20,Wednesday,16 May 2018,22:00,27,30,57,27,30,57,No Group
Manchester City Council - Chorlton,Chorlton Place,2018,May,20,Wednesday,16 May 2018,23:00,14,19,33,14,19,33,No Group
Manchester City Council - Chorlton,Chorlton Place,2018,May,20,Thursday,17 May 2018,00:00,7,15,22,7,15,22,No Group
Manchester City Council - Chorlton,Chorlton Place,2018,May,20,Thursday,17 May 2018,01:00,1,0,1,1,0,1,No Group
Manchester City Council - Chorlton,Chorlton Place,2018,May,20,Thursday,17 May 2018,02:00,0,1,1,0,1,1,No Group
Manchester City Council - Chorlton,Chorlton Place,2018,May,20,Thursday,17 May 2018,03:00,3,5,8,3,5,8,No Group
Manchester City Council - Chorlton,Chorlton Place,2018,May,20,Thursday,17 May 2018,04:00,0,0,0,0,0,0,No Group
Manchester City Council - Chorlton,Chorlton Place,2018,May,20,Thursday,17 May 2018,05:00,2,9,11,2,9,11,No Group
Manchester City Council - Chorlton,Chorlton Place,2018,May,20,Thursday,17 May 2018,06:00,8,20,28,8,20,28,No Group
Manchester City Council - Chorlton,Chorlton Place,2018,May,20,Thursday,17 May 2018,07:00,21,82,103,21,82,103,No Group
Manchester City Council - Chorlton,Chorlton Place,2018,May,20,Thursday,17 May 2018,08:00,31,115,146,31,115,146,No Group
Manchester City Council - Chorlton,Chorlton Place,2018,May,20,Thursday,17 May 2018,09:00,86,113,199,86,113,199,No Group
Manchester City Council - Chorlton,Chorlton Place,2018,May,20,Thursday,17 May 2018,10:00,145,167,312,145,167,312,No Group
Manchester City Council - Chorlton,Chorlton Place,2018,May,20,Thursday,17 May 2018,11:00,159,195,354,159,195,354,No Group
Manchester City Council - Chorlton,Chorlton Place,2018,May,20,Thursday,17 May 2018,12:00,204,269,473,204,269,473,No Group
Manchester City Council - Chorlton,Chorlton Place,2018,May,20,Thursday,17 May 2018,13:00,214,270,484,214,270,484,No Group
Manchester City Council - Chorlton,Chorlton Place,2018,May,20,Thursday,17 May 2018,14:00,164,169,333,164,169,333,No Group
Manchester City Council - Chorlton,Chorlton Place,2018,May,20,Thursday,17 May 2018,15:00,145,161,306,145,161,306,No Group
Manchester City Council - Chorlton,Chorlton Place,2018,May,20,Thursday,17 May 2018,16:00,145,154,299,145,154,299,No Group
Manchester City Council - Chorlton,Chorlton Place,2018,May,20,Thursday,17 May 2018,17:00,146,109,255,146,109,255,No Group
Manchester City Council - Chorlton,Chorlton Place,2018,May,20,Thursday,17 May 2018,18:00,87,92,179,87,92,179,No Group
Manchester City Council - Chorlton,Chorlton Place,2018,May,20,Thursday,17 May 2018,19:00,87,76,163,87,76,163,No Group
Manchester City Council - Chorlton,Chorlton Place,2018,May,20,Thursday,17 May 2018,20:00,54,41,95,54,41,95,No Group
Manchester City Council - Chorlton,Chorlton Place,2018,May,20,Thursday,17 May 2018,21:00,46,43,89,46,43,89,No Group
Manchester City Council - Chorlton,Chorlton Place,2018,May,20,Thursday,17 May 2018,22:00,19,36,55,19,36,55,No Group
Manchester City Council - Chorlton,Chorlton Place,2018,May,20,Thursday,17 May 2018,23:00,22,13,35,22,13,35,No Group
Manchester City Council - Chorlton,Chorlton Place,2018,May,20,Friday,18 May 2018,00:00,12,9,21,12,9,21,No Group
Manchester City Council - Chorlton,Chorlton Place,2018,May,20,Friday,18 May 2018,01:00,11,4,15,11,4,15,No Group
Manchester City Council - Chorlton,Chorlton Place,2018,May,20,Friday,18 May 2018,02:00,4,7,11,4,7,11,No Group
Manchester City Council - Chorlton,Chorlton Place,2018,May,20,Friday,18 May 2018,03:00,15,12,27,15,12,27,No Group
Manchester City Council - Chorlton,Chorlton Place,2018,May,20,Friday,18 May 2018,04:00,6,2,8,6,2,8,No Group
Manchester City Council - Chorlton,Chorlton Place,2018,May,20,Friday,18 May 2018,05:00,0,4,4,0,4,4,No Group
Manchester City Council - Chorlton,Chorlton Place,2018,May,20,Friday,18 May 2018,06:00,9,21,30,9,21,30,No Group
Manchester City Council - Chorlton,Chorlton Place,2018,May,20,Friday,18 May 2018,07:00,34,87,121,34,87,121,No Group
Manchester City Council - Chorlton,Chorlton Place,2018,May,20,Friday,18 May 2018,08:00,36,122,158,36,122,158,No Group
Manchester City Council - Chorlton,Chorlton Place,2018,May,20,Friday,18 May 2018,09:00,114,139,253,114,139,253,No Group
Manchester City Council - Chorlton,Chorlton Place,2018,May,20,Friday,18 May 2018,10:00,138,149,287,138,149,287,No Group
Manchester City Council - Chorlton,Chorlton Place,2018,May,20,Friday,18 May 2018,11:00,179,234,413,179,234,413,No Group
Manchester City Council - Chorlton,Chorlton Place,2018,May,20,Friday,18 May 2018,12:00,258,247,505,258,247,505,No Group
Manchester City Council - Chorlton,Chorlton Place,2018,May,20,Friday,18 May 2018,13:00,239,270,509,239,270,509,No Group
Manchester City Council - Chorlton,Chorlton Place,2018,May,20,Friday,18 May 2018,14:00,187,216,403,187,216,403,No Group
Manchester City Council - Chorlton,Chorlton Place,2018,May,20,Friday,18 May 2018,15:00,180,198,378,180,198,378,No Group
Manchester City Council - Chorlton,Chorlton Place,2018,May,20,Friday,18 May 2018,16:00,197,176,373,197,176,373,No Group
Manchester City Council - Chorlton,Chorlton Place,2018,May,20,Friday,18 May 2018,17:00,134,120,254,134,120,254,No Group
Manchester City Council - Chorlton,Chorlton Place,2018,May,20,Friday,18 May 2018,18:00,110,85,195,110,85,195,No Group
Manchester City Council - Chorlton,Chorlton Place,2018,May,20,Friday,18 May 2018,19:00,86,92,178,86,92,178,No Group
Manchester City Council - Chorlton,Chorlton Place,2018,May,20,Friday,18 May 2018,20:00,81,71,152,81,71,152,No Group
Manchester City Council - Chorlton,Chorlton Place,2018,May,20,Friday,18 May 2018,21:00,49,61,110,49,61,110,No Group
Manchester City Council - Chorlton,Chorlton Place,2018,May,20,Friday,18 May 2018,22:00,47,46,93,47,46,93,No Group
Manchester City Council - Chorlton,Chorlton Place,2018,May,20,Friday,18 May 2018,23:00,41,34,75,41,34,75,No Group
Manchester City Council - Chorlton,Chorlton Place,2018,May,20,Saturday,19 May 2018,00:00,23,24,47,23,24,47,No Group
Manchester City Council - Chorlton,Chorlton Place,2018,May,20,Saturday,19 May 2018,01:00,7,9,16,7,9,16,No Group
Manchester City Council - Chorlton,Chorlton Place,2018,May,20,Saturday,19 May 2018,02:00,5,5,10,5,5,10,No Group
Manchester City Council - Chorlton,Chorlton Place,2018,May,20,Saturday,19 May 2018,03:00,2,3,5,2,3,5,No Group
Manchester City Council - Chorlton,Chorlton Place,2018,May,20,Saturday,19 May 2018,04:00,8,4,12,8,4,12,No Group
Manchester City Council - Chorlton,Chorlton Place,2018,May,20,Saturday,19 May 2018,05:00,10,14,24,10,14,24,No Group
Manchester City Council - Chorlton,Chorlton Place,2018,May,20,Saturday,19 May 2018,06:00,4,13,17,4,13,17,No Group
Manchester City Council - Chorlton,Chorlton Place,2018,May,20,Saturday,19 May 2018,07:00,15,22,37,15,22,37,No Group
Manchester City Council - Chorlton,Chorlton Place,2018,May,20,Saturday,19 May 2018,08:00,48,63,111,48,63,111,No Group
Manchester City Council - Chorlton,Chorlton Place,2018,May,20,Saturday,19 May 2018,09:00,133,175,308,133,175,308,No Group
Manchester City Council - Chorlton,Chorlton Place,2018,May,20,Saturday,19 May 2018,10:00,203,236,439,203,236,439,No Group
Manchester City Council - Chorlton,Chorlton Place,2018,May,20,Saturday,19 May 2018,11:00,275,289,564,275,289,564,No Group
Manchester City Council - Chorlton,Chorlton Place,2018,May,20,Saturday,19 May 2018,12:00,327,340,667,327,340,667,No Group
Manchester City Council - Chorlton,Chorlton Place,2018,May,20,Saturday,19 May 2018,13:00,315,368,683,315,368,683,No Group
Manchester City Council - Chorlton,Chorlton Place,2018,May,20,Saturday,19 May 2018,14:00,285,347,632,285,347,632,No Group
Manchester City Council - Chorlton,Chorlton Place,2018,May,20,Saturday,19 May 2018,15:00,244,241,485,244,241,485,No Group
Manchester City Council - Chorlton,Chorlton Place,2018,May,20,Saturday,19 May 2018,16:00,232,201,433,232,201,433,No Group
Manchester City Council - Chorlton,Chorlton Place,2018,May,20,Saturday,19 May 2018,17:00,126,91,217,126,91,217,No Group
Manchester City Council - Chorlton,Chorlton Place,2018,May,20,Saturday,19 May 2018,18:00,81,76,157,81,76,157,No Group
Manchester City Council - Chorlton,Chorlton Place,2018,May,20,Saturday,19 May 2018,19:00,65,115,180,65,115,180,No Group
Manchester City Council - Chorlton,Chorlton Place,2018,May,20,Saturday,19 May 2018,20:00,75,91,166,75,91,166,No Group
Manchester City Council - Chorlton,Chorlton Place,2018,May,20,Saturday,19 May 2018,21:00,67,99,166,67,99,166,No Group
Manchester City Council - Chorlton,Chorlton Place,2018,May,20,Saturday,19 May 2018,22:00,52,42,94,52,42,94,No Group
Manchester City Council - Chorlton,Chorlton Place,2018,May,20,Saturday,19 May 2018,23:00,29,32,61,29,32,61,No Group
Manchester City Council - Chorlton,Chorlton Place,2018,May,20,Sunday,20 May 2018,00:00,37,27,64,37,27,64,No Group
Manchester City Council - Chorlton,Chorlton Place,2018,May,20,Sunday,20 May 2018,01:00,30,25,55,30,25,55,No Group
Manchester City Council - Chorlton,Chorlton Place,2018,May,20,Sunday,20 May 2018,02:00,2,3,5,2,3,5,No Group
Manchester City Council - Chorlton,Chorlton Place,2018,May,20,Sunday,20 May 2018,03:00,7,0,7,7,0,7,No Group
Manchester City Council - Chorlton,Chorlton Place,2018,May,20,Sunday,20 May 2018,04:00,2,0,2,2,0,2,No Group
Manchester City Council - Chorlton,Chorlton Place,2018,May,20,Sunday,20 May 2018,05:00,5,7,12,5,7,12,No Group
Manchester City Council - Chorlton,Chorlton Place,2018,May,20,Sunday,20 May 2018,06:00,5,2,7,5,2,7,No Group
Manchester City Council - Chorlton,Chorlton Place,2018,May,20,Sunday,20 May 2018,07:00,10,15,25,10,15,25,No Group
Manchester City Council - Chorlton,Chorlton Place,2018,May,20,Sunday,20 May 2018,08:00,14,31,45,14,31,45,No Group
Manchester City Council - Chorlton,Chorlton Place,2018,May,20,Sunday,20 May 2018,09:00,18,38,56,18,38,56,No Group
Manchester City Council - Chorlton,Chorlton Place,2018,May,20,Sunday,20 May 2018,10:00,70,97,167,70,97,167,No Group
Manchester City Council - Chorlton,Chorlton Place,2018,May,20,Sunday,20 May 2018,11:00,69,111,180,69,111,180,No Group
Manchester City Council - Chorlton,Chorlton Place,2018,May,20,Sunday,20 May 2018,12:00,147,174,321,147,174,321,No Group
Manchester City Council - Chorlton,Chorlton Place,2018,May,20,Sunday,20 May 2018,13:00,177,233,410,177,233,410,No Group
Manchester City Council - Chorlton,Chorlton Place,2018,May,20,Sunday,20 May 2018,14:00,157,158,315,157,158,315,No Group
Manchester City Council - Chorlton,Chorlton Place,2018,May,20,Sunday,20 May 2018,15:00,162,143,305,162,143,305,No Group
Manchester City Council - Chorlton,Chorlton Place,2018,May,20,Sunday,20 May 2018,16:00,101,106,207,101,106,207,No Group
Manchester City Council - Chorlton,Chorlton Place,2018,May,20,Sunday,20 May 2018,17:00,83,80,163,83,80,163,No Group
Manchester City Council - Chorlton,Chorlton Place,2018,May,20,Sunday,20 May 2018,18:00,65,74,139,65,74,139,No Group
Manchester City Council - Chorlton,Chorlton Place,2018,May,20,Sunday,20 May 2018,19:00,52,44,96,52,44,96,No Group
Manchester City Council - Chorlton,Chorlton Place,2018,May,20,Sunday,20 May 2018,20:00,26,51,77,26,51,77,No Group
Manchester City Council - Chorlton,Chorlton Place,2018,May,20,Sunday,20 May 2018,21:00,17,34,51,17,34,51,No Group
Manchester City Council - Chorlton,Chorlton Place,2018,May,20,Sunday,20 May 2018,22:00,20,25,45,20,25,45,No Group
Manchester City Council - Chorlton,Chorlton Place,2018,May,20,Sunday,20 May 2018,23:00,13,14,27,13,14,27,No Group
Manchester City Council - Chorlton,Chorlton Place,2018,May,21,Monday,21 May 2018,00:00,7,0,7,7,0,7,No Group
Manchester City Council - Chorlton,Chorlton Place,2018,May,21,Monday,21 May 2018,01:00,2,0,2,2,0,2,No Group
Manchester City Council - Chorlton,Chorlton Place,2018,May,21,Monday,21 May 2018,02:00,0,1,1,0,1,1,No Group
Manchester City Council - Chorlton,Chorlton Place,2018,May,21,Monday,21 May 2018,03:00,2,4,6,2,4,6,No Group
Manchester City Council - Chorlton,Chorlton Place,2018,May,21,Monday,21 May 2018,04:00,2,4,6,2,4,6,No Group
Manchester City Council - Chorlton,Chorlton Place,2018,May,21,Monday,21 May 2018,05:00,0,5,5,0,5,5,No Group
Manchester City Council - Chorlton,Chorlton Place,2018,May,21,Monday,21 May 2018,06:00,8,31,39,8,31,39,No Group
Manchester City Council - Chorlton,Chorlton Place,2018,May,21,Monday,21 May 2018,07:00,17,77,94,17,77,94,No Group
Manchester City Council - Chorlton,Chorlton Place,2018,May,21,Monday,21 May 2018,08:00,37,125,162,37,125,162,No Group
Manchester City Council - Chorlton,Chorlton Place,2018,May,21,Monday,21 May 2018,09:00,103,124,227,103,124,227,No Group
Manchester City Council - Chorlton,Chorlton Place,2018,May,21,Monday,21 May 2018,10:00,144,169,313,144,169,313,No Group
Manchester City Council - Chorlton,Chorlton Place,2018,May,21,Monday,21 May 2018,11:00,165,193,358,165,193,358,No Group
Manchester City Council - Chorlton,Chorlton Place,2018,May,21,Monday,21 May 2018,12:00,192,215,407,192,215,407,No Group
Manchester City Council - Chorlton,Chorlton Place,2018,May,21,Monday,21 May 2018,13:00,225,269,494,225,269,494,No Group
Manchester City Council - Chorlton,Chorlton Place,2018,May,21,Monday,21 May 2018,14:00,156,179,335,156,179,335,No Group
Manchester City Council - Chorlton,Chorlton Place,2018,May,21,Monday,21 May 2018,15:00,139,149,288,139,149,288,No Group
Manchester City Council - Chorlton,Chorlton Place,2018,May,21,Monday,21 May 2018,16:00,121,100,221,121,100,221,No Group
Manchester City Council - Chorlton,Chorlton Place,2018,May,21,Monday,21 May 2018,17:00,106,81,187,106,81,187,No Group
Manchester City Council - Chorlton,Chorlton Place,2018,May,21,Monday,21 May 2018,18:00,104,61,165,104,61,165,No Group
Manchester City Council - Chorlton,Chorlton Place,2018,May,21,Monday,21 May 2018,19:00,64,50,114,64,50,114,No Group
Manchester City Council - Chorlton,Chorlton Place,2018,May,21,Monday,21 May 2018,20:00,35,36,71,35,36,71,No Group
Manchester City Council - Chorlton,Chorlton Place,2018,May,21,Monday,21 May 2018,21:00,29,27,56,29,27,56,No Group
Manchester City Council - Chorlton,Chorlton Place,2018,May,21,Monday,21 May 2018,22:00,11,15,26,11,15,26,No Group
Manchester City Council - Chorlton,Chorlton Place,2018,May,21,Monday,21 May 2018,23:00,20,3,23,20,3,23,No Group
Manchester City Council - Chorlton,Chorlton Place,2018,May,21,Tuesday,22 May 2018,00:00,2,3,5,2,3,5,No Group
Manchester City Council - Chorlton,Chorlton Place,2018,May,21,Tuesday,22 May 2018,01:00,5,1,6,5,1,6,No Group
Manchester City Council - Chorlton,Chorlton Place,2018,May,21,Tuesday,22 May 2018,02:00,5,6,11,5,6,11,No Group
Manchester City Council - Chorlton,Chorlton Place,2018,May,21,Tuesday,22 May 2018,03:00,2,6,8,2,6,8,No Group
Manchester City Council - Chorlton,Chorlton Place,2018,May,21,Tuesday,22 May 2018,04:00,6,8,14,6,8,14,No Group
Manchester City Council - Chorlton,Chorlton Place,2018,May,21,Tuesday,22 May 2018,05:00,1,8,9,1,8,9,No Group
Manchester City Council - Chorlton,Chorlton Place,2018,May,21,Tuesday,22 May 2018,06:00,11,28,39,11,28,39,No Group
Manchester City Council - Chorlton,Chorlton Place,2018,May,21,Tuesday,22 May 2018,07:00,32,103,135,32,103,135,No Group
Manchester City Council - Chorlton,Chorlton Place,2018,May,21,Tuesday,22 May 2018,08:00,41,119,160,41,119,160,No Group
Manchester City Council - Chorlton,Chorlton Place,2018,May,21,Tuesday,22 May 2018,09:00,101,136,237,101,136,237,No Group
Manchester City Council - Chorlton,Chorlton Place,2018,May,21,Tuesday,22 May 2018,10:00,131,145,276,131,145,276,No Group
Manchester City Council - Chorlton,Chorlton Place,2018,May,21,Tuesday,22 May 2018,11:00,141,238,379,141,238,379,No Group
Manchester City Council - Chorlton,Chorlton Place,2018,May,21,Tuesday,22 May 2018,12:00,265,289,554,265,289,554,No Group
Manchester City Council - Chorlton,Chorlton Place,2018,May,21,Tuesday,22 May 2018,13:00,274,294,568,274,294,568,No Group
Manchester City Council - Chorlton,Chorlton Place,2018,May,21,Tuesday,22 May 2018,14:00,182,218,400,182,218,400,No Group
Manchester City Council - Chorlton,Chorlton Place,2018,May,21,Tuesday,22 May 2018,15:00,162,167,329,162,167,329,No Group
Manchester City Council - Chorlton,Chorlton Place,2018,May,21,Tuesday,22 May 2018,16:00,177,158,335,177,158,335,No Group
Manchester City Council - Chorlton,Chorlton Place,2018,May,21,Tuesday,22 May 2018,17:00,128,106,234,128,106,234,No Group
Manchester City Council - Chorlton,Chorlton Place,2018,May,21,Tuesday,22 May 2018,18:00,123,93,216,123,93,216,No Group
Manchester City Council - Chorlton,Chorlton Place,2018,May,21,Tuesday,22 May 2018,19:00,76,73,149,76,73,149,No Group
Manchester City Council - Chorlton,Chorlton Place,2018,May,21,Tuesday,22 May 2018,20:00,45,47,92,45,47,92,No Group
Manchester City Council - Chorlton,Chorlton Place,2018,May,21,Tuesday,22 May 2018,21:00,57,36,93,57,36,93,No Group
Manchester City Council - Chorlton,Chorlton Place,2018,May,21,Tuesday,22 May 2018,22:00,21,16,37,21,16,37,No Group
Manchester City Council - Chorlton,Chorlton Place,2018,May,21,Tuesday,22 May 2018,23:00,11,10,21,11,10,21,No Group
Manchester City Council - Chorlton,Chorlton Place,2018,May,21,Wednesday,23 May 2018,00:00,5,9,14,5,9,14,No Group
Manchester City Council - Chorlton,Chorlton Place,2018,May,21,Wednesday,23 May 2018,01:00,3,3,6,3,3,6,No Group
Manchester City Council - Chorlton,Chorlton Place,2018,May,21,Wednesday,23 May 2018,02:00,0,3,3,0,3,3,No Group
Manchester City Council - Chorlton,Chorlton Place,2018,May,21,Wednesday,23 May 2018,03:00,0,4,4,0,4,4,No Group
Manchester City Council - Chorlton,Chorlton Place,2018,May,21,Wednesday,23 May 2018,04:00,2,6,8,2,6,8,No Group
Manchester City Council - Chorlton,Chorlton Place,2018,May,21,Wednesday,23 May 2018,05:00,5,9,14,5,9,14,No Group
Manchester City Council - Chorlton,Chorlton Place,2018,May,21,Wednesday,23 May 2018,06:00,11,22,33,11,22,33,No Group
Manchester City Council - Chorlton,Chorlton Place,2018,May,21,Wednesday,23 May 2018,07:00,22,90,112,22,90,112,No Group
Manchester City Council - Chorlton,Chorlton Place,2018,May,21,Wednesday,23 May 2018,08:00,42,136,178,42,136,178,No Group
Manchester City Council - Chorlton,Chorlton Place,2018,May,21,Wednesday,23 May 2018,09:00,86,119,205,86,119,205,No Group
Manchester City Council - Chorlton,Chorlton Place,2018,May,21,Wednesday,23 May 2018,10:00,142,149,291,142,149,291,No Group
Manchester City Council - Chorlton,Chorlton Place,2018,May,21,Wednesday,23 May 2018,11:00,168,178,346,168,178,346,No Group
Manchester City Council - Chorlton,Chorlton Place,2018,May,21,Wednesday,23 May 2018,12:00,218,251,469,218,251,469,No Group
Manchester City Council - Chorlton,Chorlton Place,2018,May,21,Wednesday,23 May 2018,13:00,233,294,527,233,294,527,No Group
Manchester City Council - Chorlton,Chorlton Place,2018,May,21,Wednesday,23 May 2018,14:00,202,247,449,202,247,449,No Group
Manchester City Council - Chorlton,Chorlton Place,2018,May,21,Wednesday,23 May 2018,15:00,159,204,363,159,204,363,No Group
Manchester City Council - Chorlton,Chorlton Place,2018,May,21,Wednesday,23 May 2018,16:00,147,146,293,147,146,293,No Group
Manchester City Council - Chorlton,Chorlton Place,2018,May,21,Wednesday,23 May 2018,17:00,99,103,202,99,103,202,No Group
Manchester City Council - Chorlton,Chorlton Place,2018,May,21,Wednesday,23 May 2018,18:00,106,75,181,106,75,181,No Group
Manchester City Council - Chorlton,Chorlton Place,2018,May,21,Wednesday,23 May 2018,19:00,94,65,159,94,65,159,No Group
Manchester City Council - Chorlton,Chorlton Place,2018,May,21,Wednesday,23 May 2018,20:00,57,46,103,57,46,103,No Group
Manchester City Council - Chorlton,Chorlton Place,2018,May,21,Wednesday,23 May 2018,21:00,45,43,88,45,43,88,No Group
Manchester City Council - Chorlton,Chorlton Place,2018,May,21,Wednesday,23 May 2018,22:00,27,34,61,27,34,61,No Group
Manchester City Council - Chorlton,Chorlton Place,2018,May,21,Wednesday,23 May 2018,23:00,22,23,45,22,23,45,No Group
Manchester City Council - Chorlton,Chorlton Place,2018,May,21,Thursday,24 May 2018,00:00,3,5,8,3,5,8,No Group
Manchester City Council - Chorlton,Chorlton Place,2018,May,21,Thursday,24 May 2018,01:00,4,1,5,4,1,5,No Group
Manchester City Council - Chorlton,Chorlton Place,2018,May,21,Thursday,24 May 2018,02:00,1,1,2,1,1,2,No Group
Manchester City Council - Chorlton,Chorlton Place,2018,May,21,Thursday,24 May 2018,03:00,0,6,6,0,6,6,No Group
Manchester City Council - Chorlton,Chorlton Place,2018,May,21,Thursday,24 May 2018,04:00,0,4,4,0,4,4,No Group
Manchester City Council - Chorlton,Chorlton Place,2018,May,21,Thursday,24 May 2018,05:00,0,5,5,0,5,5,No Group
Manchester City Council - Chorlton,Chorlton Place,2018,May,21,Thursday,24 May 2018,06:00,8,22,30,8,22,30,No Group
Manchester City Council - Chorlton,Chorlton Place,2018,May,21,Thursday,24 May 2018,07:00,23,94,117,23,94,117,No Group
Manchester City Council - Chorlton,Chorlton Place,2018,May,21,Thursday,24 May 2018,08:00,48,140,188,48,140,188,No Group
Manchester City Council - Chorlton,Chorlton Place,2018,May,21,Thursday,24 May 2018,09:00,92,119,211,92,119,211,No Group
Manchester City Council - Chorlton,Chorlton Place,2018,May,21,Thursday,24 May 2018,10:00,121,135,256,121,135,256,No Group
Manchester City Council - Chorlton,Chorlton Place,2018,May,21,Thursday,24 May 2018,11:00,160,180,340,160,180,340,No Group
Manchester City Council - Chorlton,Chorlton Place,2018,May,21,Thursday,24 May 2018,12:00,151,170,321,151,170,321,No Group
Manchester City Council - Chorlton,Chorlton Place,2018,May,21,Thursday,24 May 2018,13:00,179,228,407,179,228,407,No Group
Manchester City Council - Chorlton,Chorlton Place,2018,May,21,Thursday,24 May 2018,14:00,171,180,351,171,180,351,No Group
Manchester City Council - Chorlton,Chorlton Place,2018,May,21,Thursday,24 May 2018,15:00,214,250,464,214,250,464,No Group
Manchester City Council - Chorlton,Chorlton Place,2018,May,21,Thursday,24 May 2018,16:00,135,146,281,135,146,281,No Group
Manchester City Council - Chorlton,Chorlton Place,2018,May,21,Thursday,24 May 2018,17:00,99,113,212,99,113,212,No Group
Manchester City Council - Chorlton,Chorlton Place,2018,May,21,Thursday,24 May 2018,18:00,89,68,157,89,68,157,No Group
Manchester City Council - Chorlton,Chorlton Place,2018,May,21,Thursday,24 May 2018,19:00,87,73,160,87,73,160,No Group
Manchester City Council - Chorlton,Chorlton Place,2018,May,21,Thursday,24 May 2018,20:00,61,59,120,61,59,120,No Group
Manchester City Council - Chorlton,Chorlton Place,2018,May,21,Thursday,24 May 2018,21:00,39,43,82,39,43,82,No Group
Manchester City Council - Chorlton,Chorlton Place,2018,May,21,Thursday,24 May 2018,22:00,27,31,58,27,31,58,No Group
Manchester City Council - Chorlton,Chorlton Place,2018,May,21,Thursday,24 May 2018,23:00,20,21,41,20,21,41,No Group
Manchester City Council - Chorlton,Chorlton Place,2018,May,21,Friday,25 May 2018,00:00,17,9,26,17,9,26,No Group
Manchester City Council - Chorlton,Chorlton Place,2018,May,21,Friday,25 May 2018,01:00,8,2,10,8,2,10,No Group
Manchester City Council - Chorlton,Chorlton Place,2018,May,21,Friday,25 May 2018,02:00,0,3,3,0,3,3,No Group
Manchester City Council - Chorlton,Chorlton Place,2018,May,21,Friday,25 May 2018,03:00,1,3,4,1,3,4,No Group
Manchester City Council - Chorlton,Chorlton Place,2018,May,21,Friday,25 May 2018,04:00,4,0,4,4,0,4,No Group
Manchester City Council - Chorlton,Chorlton Place,2018,May,21,Friday,25 May 2018,05:00,1,5,6,1,5,6,No Group
Manchester City Council - Chorlton,Chorlton Place,2018,May,21,Friday,25 May 2018,06:00,8,26,34,8,26,34,No Group
Manchester City Council - Chorlton,Chorlton Place,2018,May,21,Friday,25 May 2018,07:00,28,94,122,28,94,122,No Group
Manchester City Council - Chorlton,Chorlton Place,2018,May,21,Friday,25 May 2018,08:00,58,130,188,58,130,188,No Group
Manchester City Council - Chorlton,Chorlton Place,2018,May,21,Friday,25 May 2018,09:00,151,208,359,151,208,359,No Group
Manchester City Council - Chorlton,Chorlton Place,2018,May,21,Friday,25 May 2018,10:00,138,175,313,138,175,313,No Group
Manchester City Council - Chorlton,Chorlton Place,2018,May,21,Friday,25 May 2018,11:00,159,183,342,159,183,342,No Group
Manchester City Council - Chorlton,Chorlton Place,2018,May,21,Friday,25 May 2018,12:00,182,200,382,182,200,382,No Group
Manchester City Council - Chorlton,Chorlton Place,2018,May,21,Friday,25 May 2018,13:00,167,180,347,167,180,347,No Group
Manchester City Council - Chorlton,Chorlton Place,2018,May,21,Friday,25 May 2018,14:00,198,210,408,198,210,408,No Group
Manchester City Council - Chorlton,Chorlton Place,2018,May,21,Friday,25 May 2018,15:00,208,232,440,208,232,440,No Group
Manchester City Council - Chorlton,Chorlton Place,2018,May,21,Friday,25 May 2018,16:00,160,178,338,160,178,338,No Group
Manchester City Council - Chorlton,Chorlton Place,2018,May,21,Friday,25 May 2018,17:00,145,122,267,145,122,267,No Group
Manchester City Council - Chorlton,Chorlton Place,2018,May,21,Friday,25 May 2018,18:00,108,99,207,108,99,207,No Group
Manchester City Council - Chorlton,Chorlton Place,2018,May,21,Friday,25 May 2018,19:00,75,76,151,75,76,151,No Group
Manchester City Council - Chorlton,Chorlton Place,2018,May,21,Friday,25 May 2018,20:00,61,65,126,61,65,126,No Group
Manchester City Council - Chorlton,Chorlton Place,2018,May,21,Friday,25 May 2018,21:00,39,54,93,39,54,93,No Group
Manchester City Council - Chorlton,Chorlton Place,2018,May,21,Friday,25 May 2018,22:00,41,36,77,41,36,77,No Group
Manchester City Council - Chorlton,Chorlton Place,2018,May,21,Friday,25 May 2018,23:00,13,24,37,13,24,37,No Group
Manchester City Council - Chorlton,Chorlton Place,2018,May,21,Saturday,26 May 2018,00:00,20,18,38,20,18,38,No Group
Manchester City Council - Chorlton,Chorlton Place,2018,May,21,Saturday,26 May 2018,01:00,13,19,32,13,19,32,No Group
Manchester City Council - Chorlton,Chorlton Place,2018,May,21,Saturday,26 May 2018,02:00,3,1,4,3,1,4,No Group
Manchester City Council - Chorlton,Chorlton Place,2018,May,21,Saturday,26 May 2018,03:00,2,2,4,2,2,4,No Group
Manchester City Council - Chorlton,Chorlton Place,2018,May,21,Saturday,26 May 2018,04:00,2,2,4,2,2,4,No Group
Manchester City Council - Chorlton,Chorlton Place,2018,May,21,Saturday,26 May 2018,05:00,5,6,11,5,6,11,No Group
Manchester City Council - Chorlton,Chorlton Place,2018,May,21,Saturday,26 May 2018,06:00,11,14,25,11,14,25,No Group
Manchester City Council - Chorlton,Chorlton Place,2018,May,21,Saturday,26 May 2018,07:00,17,34,51,17,34,51,No Group
Manchester City Council - Chorlton,Chorlton Place,2018,May,21,Saturday,26 May 2018,08:00,50,64,114,50,64,114,No Group
Manchester City Council - Chorlton,Chorlton Place,2018,May,21,Saturday,26 May 2018,09:00,136,158,294,136,158,294,No Group
Manchester City Council - Chorlton,Chorlton Place,2018,May,21,Saturday,26 May 2018,10:00,200,210,410,200,210,410,No Group
Manchester City Council - Chorlton,Chorlton Place,2018,May,21,Saturday,26 May 2018,11:00,262,272,534,262,272,534,No Group
Manchester City Council - Chorlton,Chorlton Place,2018,May,21,Saturday,26 May 2018,12:00,270,333,603,270,333,603,No Group
Manchester City Council - Chorlton,Chorlton Place,2018,May,21,Saturday,26 May 2018,13:00,306,291,597,306,291,597,No Group
Manchester City Council - Chorlton,Chorlton Place,2018,May,21,Saturday,26 May 2018,14:00,237,269,506,237,269,506,No Group
Manchester City Council - Chorlton,Chorlton Place,2018,May,21,Saturday,26 May 2018,15:00,257,261,518,257,261,518,No Group
Manchester City Council - Chorlton,Chorlton Place,2018,May,21,Saturday,26 May 2018,16:00,200,201,401,200,201,401,No Group
Manchester City Council - Chorlton,Chorlton Place,2018,May,21,Saturday,26 May 2018,17:00,121,101,222,121,101,222,No Group
Manchester City Council - Chorlton,Chorlton Place,2018,May,21,Saturday,26 May 2018,18:00,95,84,179,95,84,179,No Group
Manchester City Council - Chorlton,Chorlton Place,2018,May,21,Saturday,26 May 2018,19:00,95,91,186,95,91,186,No Group
Manchester City Council - Chorlton,Chorlton Place,2018,May,21,Saturday,26 May 2018,20:00,85,91,176,85,91,176,No Group
Manchester City Council - Chorlton,Chorlton Place,2018,May,21,Saturday,26 May 2018,21:00,79,120,199,79,120,199,No Group
Manchester City Council - Chorlton,Chorlton Place,2018,May,21,Saturday,26 May 2018,22:00,65,110,175,65,110,175,No Group
Manchester City Council - Chorlton,Chorlton Place,2018,May,21,Saturday,26 May 2018,23:00,22,49,71,22,49,71,No Group
Manchester City Council - Chorlton,Chorlton Place,2018,May,21,Sunday,27 May 2018,00:00,26,31,57,26,31,57,No Group
Manchester City Council - Chorlton,Chorlton Place,2018,May,21,Sunday,27 May 2018,01:00,22,20,42,22,20,42,No Group
Manchester City Council - Chorlton,Chorlton Place,2018,May,21,Sunday,27 May 2018,02:00,15,2,17,15,2,17,No Group
Manchester City Council - Chorlton,Chorlton Place,2018,May,21,Sunday,27 May 2018,03:00,1,2,3,1,2,3,No Group
Manchester City Council - Chorlton,Chorlton Place,2018,May,21,Sunday,27 May 2018,04:00,0,0,0,0,0,0,No Group
Manchester City Council - Chorlton,Chorlton Place,2018,May,21,Sunday,27 May 2018,05:00,2,3,5,2,3,5,No Group
Manchester City Council - Chorlton,Chorlton Place,2018,May,21,Sunday,27 May 2018,06:00,2,7,9,2,7,9,No Group
Manchester City Council - Chorlton,Chorlton Place,2018,May,21,Sunday,27 May 2018,07:00,11,10,21,11,10,21,No Group
Manchester City Council - Chorlton,Chorlton Place,2018,May,21,Sunday,27 May 2018,08:00,15,23,38,15,23,38,No Group
Manchester City Council - Chorlton,Chorlton Place,2018,May,21,Sunday,27 May 2018,09:00,44,48,92,44,48,92,No Group
Manchester City Council - Chorlton,Chorlton Place,2018,May,21,Sunday,27 May 2018,10:00,53,79,132,53,79,132,No Group
Manchester City Council - Chorlton,Chorlton Place,2018,May,21,Sunday,27 May 2018,11:00,100,111,211,100,111,211,No Group
Manchester City Council - Chorlton,Chorlton Place,2018,May,21,Sunday,27 May 2018,12:00,127,151,278,127,151,278,No Group
Manchester City Council - Chorlton,Chorlton Place,2018,May,21,Sunday,27 May 2018,13:00,183,215,398,183,215,398,No Group
Manchester City Council - Chorlton,Chorlton Place,2018,May,21,Sunday,27 May 2018,14:00,111,176,287,111,176,287,No Group
Manchester City Council - Chorlton,Chorlton Place,2018,May,21,Sunday,27 May 2018,15:00,83,101,184,83,101,184,No Group
Manchester City Council - Chorlton,Chorlton Place,2018,May,21,Sunday,27 May 2018,16:00,89,89,178,89,89,178,No Group
Manchester City Council - Chorlton,Chorlton Place,2018,May,21,Sunday,27 May 2018,17:00,63,73,136,63,73,136,No Group
Manchester City Council - Chorlton,Chorlton Place,2018,May,21,Sunday,27 May 2018,18:00,85,67,152,85,67,152,No Group
Manchester City Council - Chorlton,Chorlton Place,2018,May,21,Sunday,27 May 2018,19:00,36,50,86,36,50,86,No Group
Manchester City Council - Chorlton,Chorlton Place,2018,May,21,Sunday,27 May 2018,20:00,45,53,98,45,53,98,No Group
Manchester City Council - Chorlton,Chorlton Place,2018,May,21,Sunday,27 May 2018,21:00,32,45,77,32,45,77,No Group
Manchester City Council - Chorlton,Chorlton Place,2018,May,21,Sunday,27 May 2018,22:00,29,32,61,29,32,61,No Group
Manchester City Council - Chorlton,Chorlton Place,2018,May,21,Sunday,27 May 2018,23:00,29,27,56,29,27,56,No Group
Manchester City Council - Chorlton,Chorlton Place,2018,June,22,Monday,28 May 2018,00:00,13,17,30,13,17,30,No Group
Manchester City Council - Chorlton,Chorlton Place,2018,June,22,Monday,28 May 2018,01:00,4,1,5,4,1,5,No Group
Manchester City Council - Chorlton,Chorlton Place,2018,June,22,Monday,28 May 2018,02:00,5,1,6,5,1,6,No Group
Manchester City Council - Chorlton,Chorlton Place,2018,June,22,Monday,28 May 2018,03:00,0,1,1,0,1,1,No Group
Manchester City Council - Chorlton,Chorlton Place,2018,June,22,Monday,28 May 2018,04:00,4,2,6,4,2,6,No Group
Manchester City Council - Chorlton,Chorlton Place,2018,June,22,Monday,28 May 2018,05:00,0,4,4,0,4,4,No Group
Manchester City Council - Chorlton,Chorlton Place,2018,June,22,Monday,28 May 2018,06:00,8,12,20,8,12,20,No Group
Manchester City Council - Chorlton,Chorlton Place,2018,June,22,Monday,28 May 2018,07:00,7,10,17,7,10,17,No Group
Manchester City Council - Chorlton,Chorlton Place,2018,June,22,Monday,28 May 2018,08:00,25,37,62,25,37,62,No Group
Manchester City Council - Chorlton,Chorlton Place,2018,June,22,Monday,28 May 2018,09:00,31,52,83,31,52,83,No Group
Manchester City Council - Chorlton,Chorlton Place,2018,June,22,Monday,28 May 2018,10:00,69,106,175,69,106,175,No Group
Manchester City Council - Chorlton,Chorlton Place,2018,June,22,Monday,28 May 2018,11:00,119,106,225,119,106,225,No Group
Manchester City Council - Chorlton,Chorlton Place,2018,June,22,Monday,28 May 2018,12:00,162,162,324,162,162,324,No Group
Manchester City Council - Chorlton,Chorlton Place,2018,June,22,Monday,28 May 2018,13:00,171,211,382,171,211,382,No Group
Manchester City Council - Chorlton,Chorlton Place,2018,June,22,Monday,28 May 2018,14:00,167,180,347,167,180,347,No Group
Manchester City Council - Chorlton,Chorlton Place,2018,June,22,Monday,28 May 2018,15:00,129,124,253,129,124,253,No Group
Manchester City Council - Chorlton,Chorlton Place,2018,June,22,Monday,28 May 2018,16:00,110,95,205,110,95,205,No Group
Manchester City Council - Chorlton,Chorlton Place,2018,June,22,Monday,28 May 2018,17:00,91,97,188,91,97,188,No Group
Manchester City Council - Chorlton,Chorlton Place,2018,June,22,Monday,28 May 2018,18:00,79,77,156,79,77,156,No Group
Manchester City Council - Chorlton,Chorlton Place,2018,June,22,Monday,28 May 2018,19:00,56,56,112,56,56,112,No Group
Manchester City Council - Chorlton,Chorlton Place,2018,June,22,Monday,28 May 2018,20:00,52,40,92,52,40,92,No Group
Manchester City Council - Chorlton,Chorlton Place,2018,June,22,Monday,28 May 2018,21:00,33,35,68,33,35,68,No Group
Manchester City Council - Chorlton,Chorlton Place,2018,June,22,Monday,28 May 2018,22:00,13,24,37,13,24,37,No Group
Manchester City Council - Chorlton,Chorlton Place,2018,June,22,Monday,28 May 2018,23:00,9,18,27,9,18,27,No Group
Manchester City Council - Chorlton,Chorlton Place,2018,June,22,Tuesday,29 May 2018,00:00,16,6,22,16,6,22,No Group
Manchester City Council - Chorlton,Chorlton Place,2018,June,22,Tuesday,29 May 2018,01:00,5,4,9,5,4,9,No Group
Manchester City Council - Chorlton,Chorlton Place,2018,June,22,Tuesday,29 May 2018,02:00,0,2,2,0,2,2,No Group
Manchester City Council - Chorlton,Chorlton Place,2018,June,22,Tuesday,29 May 2018,03:00,5,6,11,5,6,11,No Group
Manchester City Council - Chorlton,Chorlton Place,2018,June,22,Tuesday,29 May 2018,04:00,1,0,1,1,0,1,No Group
Manchester City Council - Chorlton,Chorlton Place,2018,June,22,Tuesday,29 May 2018,05:00,1,9,10,1,9,10,No Group
Manchester City Council - Chorlton,Chorlton Place,2018,June,22,Tuesday,29 May 2018,06:00,5,16,21,5,16,21,No Group
Manchester City Council - Chorlton,Chorlton Place,2018,June,22,Tuesday,29 May 2018,07:00,20,75,95,20,75,95,No Group
Manchester City Council - Chorlton,Chorlton Place,2018,June,22,Tuesday,29 May 2018,08:00,36,102,138,36,102,138,No Group
Manchester City Council - Chorlton,Chorlton Place,2018,June,22,Tuesday,29 May 2018,09:00,81,111,192,81,111,192,No Group
Manchester City Council - Chorlton,Chorlton Place,2018,June,22,Tuesday,29 May 2018,10:00,138,149,287,138,149,287,No Group
Manchester City Council - Chorlton,Chorlton Place,2018,June,22,Tuesday,29 May 2018,11:00,155,188,343,155,188,343,No Group
Manchester City Council - Chorlton,Chorlton Place,2018,June,22,Tuesday,29 May 2018,12:00,165,173,338,165,173,338,No Group
Manchester City Council - Chorlton,Chorlton Place,2018,June,22,Tuesday,29 May 2018,13:00,260,326,586,260,326,586,No Group
Manchester City Council - Chorlton,Chorlton Place,2018,June,22,Tuesday,29 May 2018,14:00,241,271,512,241,271,512,No Group
Manchester City Council - Chorlton,Chorlton Place,2018,June,22,Tuesday,29 May 2018,15:00,194,175,369,194,175,369,No Group
Manchester City Council - Chorlton,Chorlton Place,2018,June,22,Tuesday,29 May 2018,16:00,152,158,310,152,158,310,No Group
Manchester City Council - Chorlton,Chorlton Place,2018,June,22,Tuesday,29 May 2018,17:00,112,110,222,112,110,222,No Group
Manchester City Council - Chorlton,Chorlton Place,2018,June,22,Tuesday,29 May 2018,18:00,115,83,198,115,83,198,No Group
Manchester City Council - Chorlton,Chorlton Place,2018,June,22,Tuesday,29 May 2018,19:00,64,49,113,64,49,113,No Group
Manchester City Council - Chorlton,Chorlton Place,2018,June,22,Tuesday,29 May 2018,20:00,45,37,82,45,37,82,No Group
Manchester City Council - Chorlton,Chorlton Place,2018,June,22,Tuesday,29 May 2018,21:00,31,42,73,31,42,73,No Group
Manchester City Council - Chorlton,Chorlton Place,2018,June,22,Tuesday,29 May 2018,22:00,15,18,33,15,18,33,No Group
Manchester City Council - Chorlton,Chorlton Place,2018,June,22,Tuesday,29 May 2018,23:00,25,21,46,25,21,46,No Group
Manchester City Council - Chorlton,Chorlton Place,2018,June,22,Wednesday,30 May 2018,00:00,8,1,9,8,1,9,No Group
Manchester City Council - Chorlton,Chorlton Place,2018,June,22,Wednesday,30 May 2018,01:00,0,2,2,0,2,2,No Group
Manchester City Council - Chorlton,Chorlton Place,2018,June,22,Wednesday,30 May 2018,02:00,6,3,9,6,3,9,No Group
Manchester City Council - Chorlton,Chorlton Place,2018,June,22,Wednesday,30 May 2018,03:00,0,5,5,0,5,5,No Group
Manchester City Council - Chorlton,Chorlton Place,2018,June,22,Wednesday,30 May 2018,04:00,2,1,3,2,1,3,No Group
Manchester City Council - Chorlton,Chorlton Place,2018,June,22,Wednesday,30 May 2018,05:00,3,11,14,3,11,14,No Group
Manchester City Council - Chorlton,Chorlton Place,2018,June,22,Wednesday,30 May 2018,06:00,7,21,28,7,21,28,No Group
Manchester City Council - Chorlton,Chorlton Place,2018,June,22,Wednesday,30 May 2018,07:00,19,80,99,19,80,99,No Group
Manchester City Council - Chorlton,Chorlton Place,2018,June,22,Wednesday,30 May 2018,08:00,40,119,159,40,119,159,No Group
Manchester City Council - Chorlton,Chorlton Place,2018,June,22,Wednesday,30 May 2018,09:00,66,99,165,66,99,165,No Group
Manchester City Council - Chorlton,Chorlton Place,2018,June,22,Wednesday,30 May 2018,10:00,94,111,205,94,111,205,No Group
Manchester City Council - Chorlton,Chorlton Place,2018,June,22,Wednesday,30 May 2018,11:00,123,152,275,123,152,275,No Group
Manchester City Council - Chorlton,Chorlton Place,2018,June,22,Wednesday,30 May 2018,12:00,144,184,328,144,184,328,No Group
Manchester City Council - Chorlton,Chorlton Place,2018,June,22,Wednesday,30 May 2018,13:00,135,149,284,135,149,284,No Group
Manchester City Council - Chorlton,Chorlton Place,2018,June,22,Wednesday,30 May 2018,14:00,185,195,380,185,195,380,No Group
Manchester City Council - Chorlton,Chorlton Place,2018,June,22,Wednesday,30 May 2018,15:00,176,158,334,176,158,334,No Group
Manchester City Council - Chorlton,Chorlton Place,2018,June,22,Wednesday,30 May 2018,16:00,155,148,303,155,148,303,No Group
Manchester City Council - Chorlton,Chorlton Place,2018,June,22,Wednesday,30 May 2018,17:00,115,112,227,115,112,227,No Group
Manchester City Council - Chorlton,Chorlton Place,2018,June,22,Wednesday,30 May 2018,18:00,92,72,164,92,72,164,No Group
Manchester City Council - Chorlton,Chorlton Place,2018,June,22,Wednesday,30 May 2018,19:00,81,60,141,81,60,141,No Group
Manchester City Council - Chorlton,Chorlton Place,2018,June,22,Wednesday,30 May 2018,20:00,55,35,90,55,35,90,No Group
Manchester City Council - Chorlton,Chorlton Place,2018,June,22,Wednesday,30 May 2018,21:00,36,34,70,36,34,70,No Group
Manchester City Council - Chorlton,Chorlton Place,2018,June,22,Wednesday,30 May 2018,22:00,33,24,57,33,24,57,No Group
Manchester City Council - Chorlton,Chorlton Place,2018,June,22,Wednesday,30 May 2018,23:00,24,23,47,24,23,47,No Group
Manchester City Council - Chorlton,Chorlton Place,2018,June,22,Thursday,31 May 2018,00:00,22,19,41,22,19,41,No Group
Manchester City Council - Chorlton,Chorlton Place,2018,June,22,Thursday,31 May 2018,01:00,2,0,2,2,0,2,No Group
Manchester City Council - Chorlton,Chorlton Place,2018,June,22,Thursday,31 May 2018,02:00,2,1,3,2,1,3,No Group
Manchester City Council - Chorlton,Chorlton Place,2018,June,22,Thursday,31 May 2018,03:00,1,3,4,1,3,4,No Group
Manchester City Council - Chorlton,Chorlton Place,2018,June,22,Thursday,31 May 2018,04:00,0,2,2,0,2,2,No Group
Manchester City Council - Chorlton,Chorlton Place,2018,June,22,Thursday,31 May 2018,05:00,1,7,8,1,7,8,No Group
Manchester City Council - Chorlton,Chorlton Place,2018,June,22,Thursday,31 May 2018,06:00,4,22,26,4,22,26,No Group
Manchester City Council - Chorlton,Chorlton Place,2018,June,22,Thursday,31 May 2018,07:00,21,68,89,21,68,89,No Group
Manchester City Council - Chorlton,Chorlton Place,2018,June,22,Thursday,31 May 2018,08:00,34,106,140,34,106,140,No Group
Manchester City Council - Chorlton,Chorlton Place,2018,June,22,Thursday,31 May 2018,09:00,82,100,182,82,100,182,No Group
Manchester City Council - Chorlton,Chorlton Place,2018,June,22,Thursday,31 May 2018,10:00,102,141,243,102,141,243,No Group
Manchester City Council - Chorlton,Chorlton Place,2018,June,22,Thursday,31 May 2018,11:00,120,140,260,120,140,260,No Group
Manchester City Council - Chorlton,Chorlton Place,2018,June,22,Thursday,31 May 2018,12:00,179,200,379,179,200,379,No Group
Manchester City Council - Chorlton,Chorlton Place,2018,June,22,Thursday,31 May 2018,13:00,180,208,388,180,208,388,No Group
Manchester City Council - Chorlton,Chorlton Place,2018,June,22,Thursday,31 May 2018,14:00,143,158,301,143,158,301,No Group
Manchester City Council - Chorlton,Chorlton Place,2018,June,22,Thursday,31 May 2018,15:00,144,152,296,144,152,296,No Group
Manchester City Council - Chorlton,Chorlton Place,2018,June,22,Thursday,31 May 2018,16:00,174,156,330,174,156,330,No Group
Manchester City Council - Chorlton,Chorlton Place,2018,June,22,Thursday,31 May 2018,17:00,109,121,230,109,121,230,No Group
Manchester City Council - Chorlton,Chorlton Place,2018,June,22,Thursday,31 May 2018,18:00,102,82,184,102,82,184,No Group
Manchester City Council - Chorlton,Chorlton Place,2018,June,22,Thursday,31 May 2018,19:00,77,54,131,77,54,131,No Group
Manchester City Council - Chorlton,Chorlton Place,2018,June,22,Thursday,31 May 2018,20:00,38,65,103,38,65,103,No Group
Manchester City Council - Chorlton,Chorlton Place,2018,June,22,Thursday,31 May 2018,21:00,39,42,81,39,42,81,No Group
Manchester City Council - Chorlton,Chorlton Place,2018,June,22,Thursday,31 May 2018,22:00,32,29,61,32,29,61,No Group
Manchester City Council - Chorlton,Chorlton Place,2018,June,22,Thursday,31 May 2018,23:00,19,14,33,19,14,33,No Group
Manchester City Council - Chorlton,Chorlton Place,2018,June,22,Friday,01 Jun 2018,00:00,12,3,15,12,3,15,No Group
Manchester City Council - Chorlton,Chorlton Place,2018,June,22,Friday,01 Jun 2018,01:00,3,0,3,3,0,3,No Group
Manchester City Council - Chorlton,Chorlton Place,2018,June,22,Friday,01 Jun 2018,02:00,0,1,1,0,1,1,No Group
Manchester City Council - Chorlton,Chorlton Place,2018,June,22,Friday,01 Jun 2018,03:00,4,5,9,4,5,9,No Group
Manchester City Council - Chorlton,Chorlton Place,2018,June,22,Friday,01 Jun 2018,04:00,7,1,8,7,1,8,No Group
Manchester City Council - Chorlton,Chorlton Place,2018,June,22,Friday,01 Jun 2018,05:00,5,12,17,5,12,17,No Group
Manchester City Council - Chorlton,Chorlton Place,2018,June,22,Friday,01 Jun 2018,06:00,2,16,18,2,16,18,No Group
Manchester City Council - Chorlton,Chorlton Place,2018,June,22,Friday,01 Jun 2018,07:00,24,85,109,24,85,109,No Group
Manchester City Council - Chorlton,Chorlton Place,2018,June,22,Friday,01 Jun 2018,08:00,34,106,140,34,106,140,No Group
Manchester City Council - Chorlton,Chorlton Place,2018,June,22,Friday,01 Jun 2018,09:00,73,117,190,73,117,190,No Group
Manchester City Council - Chorlton,Chorlton Place,2018,June,22,Friday,01 Jun 2018,10:00,113,130,243,113,130,243,No Group
Manchester City Council - Chorlton,Chorlton Place,2018,June,22,Friday,01 Jun 2018,11:00,144,184,328,144,184,328,No Group
Manchester City Council - Chorlton,Chorlton Place,2018,June,22,Friday,01 Jun 2018,12:00,169,198,367,169,198,367,No Group
Manchester City Council - Chorlton,Chorlton Place,2018,June,22,Friday,01 Jun 2018,13:00,170,200,370,170,200,370,No Group
Manchester City Council - Chorlton,Chorlton Place,2018,June,22,Friday,01 Jun 2018,14:00,193,195,388,193,195,388,No Group
Manchester City Council - Chorlton,Chorlton Place,2018,June,22,Friday,01 Jun 2018,15:00,204,239,443,204,239,443,No Group
Manchester City Council - Chorlton,Chorlton Place,2018,June,22,Friday,01 Jun 2018,16:00,195,189,384,195,189,384,No Group
Manchester City Council - Chorlton,Chorlton Place,2018,June,22,Friday,01 Jun 2018,17:00,145,132,277,145,132,277,No Group
Manchester City Council - Chorlton,Chorlton Place,2018,June,22,Friday,01 Jun 2018,18:00,110,108,218,110,108,218,No Group
Manchester City Council - Chorlton,Chorlton Place,2018,June,22,Friday,01 Jun 2018,19:00,90,108,198,90,108,198,No Group
Manchester City Council - Chorlton,Chorlton Place,2018,June,22,Friday,01 Jun 2018,20:00,72,86,158,72,86,158,No Group
Manchester City Council - Chorlton,Chorlton Place,2018,June,22,Friday,01 Jun 2018,21:00,66,81,147,66,81,147,No Group
Manchester City Council - Chorlton,Chorlton Place,2018,June,22,Friday,01 Jun 2018,22:00,31,44,75,31,44,75,No Group
Manchester City Council - Chorlton,Chorlton Place,2018,June,22,Friday,01 Jun 2018,23:00,44,47,91,44,47,91,No Group
Manchester City Council - Chorlton,Chorlton Place,2018,June,22,Saturday,02 Jun 2018,00:00,23,27,50,23,27,50,No Group
Manchester City Council - Chorlton,Chorlton Place,2018,June,22,Saturday,02 Jun 2018,01:00,23,8,31,23,8,31,No Group
Manchester City Council - Chorlton,Chorlton Place,2018,June,22,Saturday,02 Jun 2018,02:00,4,1,5,4,1,5,No Group
Manchester City Council - Chorlton,Chorlton Place,2018,June,22,Saturday,02 Jun 2018,03:00,2,4,6,2,4,6,No Group
Manchester City Council - Chorlton,Chorlton Place,2018,June,22,Saturday,02 Jun 2018,04:00,3,3,6,3,3,6,No Group
Manchester City Council - Chorlton,Chorlton Place,2018,June,22,Saturday,02 Jun 2018,05:00,9,10,19,9,10,19,No Group
Manchester City Council - Chorlton,Chorlton Place,2018,June,22,Saturday,02 Jun 2018,06:00,1,8,9,1,8,9,No Group
Manchester City Council - Chorlton,Chorlton Place,2018,June,22,Saturday,02 Jun 2018,07:00,14,29,43,14,29,43,No Group
Manchester City Council - Chorlton,Chorlton Place,2018,June,22,Saturday,02 Jun 2018,08:00,38,53,91,38,53,91,No Group
Manchester City Council - Chorlton,Chorlton Place,2018,June,22,Saturday,02 Jun 2018,09:00,94,136,230,94,136,230,No Group
Manchester City Council - Chorlton,Chorlton Place,2018,June,22,Saturday,02 Jun 2018,10:00,157,167,324,157,167,324,No Group
Manchester City Council - Chorlton,Chorlton Place,2018,June,22,Saturday,02 Jun 2018,11:00,190,209,399,190,209,399,No Group
Manchester City Council - Chorlton,Chorlton Place,2018,June,22,Saturday,02 Jun 2018,12:00,233,270,503,233,270,503,No Group
Manchester City Council - Chorlton,Chorlton Place,2018,June,22,Saturday,02 Jun 2018,13:00,219,229,448,219,229,448,No Group
Manchester City Council - Chorlton,Chorlton Place,2018,June,22,Saturday,02 Jun 2018,14:00,200,230,430,200,230,430,No Group
Manchester City Council - Chorlton,Chorlton Place,2018,June,22,Saturday,02 Jun 2018,15:00,230,233,463,230,233,463,No Group
Manchester City Council - Chorlton,Chorlton Place,2018,June,22,Saturday,02 Jun 2018,16:00,192,204,396,192,204,396,No Group
Manchester City Council - Chorlton,Chorlton Place,2018,June,22,Saturday,02 Jun 2018,17:00,139,133,272,139,133,272,No Group
Manchester City Council - Chorlton,Chorlton Place,2018,June,22,Saturday,02 Jun 2018,18:00,74,55,129,74,55,129,No Group
Manchester City Council - Chorlton,Chorlton Place,2018,June,22,Saturday,02 Jun 2018,19:00,78,76,154,78,76,154,No Group
Manchester City Council - Chorlton,Chorlton Place,2018,June,22,Saturday,02 Jun 2018,20:00,62,55,117,62,55,117,No Group
Manchester City Council - Chorlton,Chorlton Place,2018,June,22,Saturday,02 Jun 2018,21:00,50,60,110,50,60,110,No Group
Manchester City Council - Chorlton,Chorlton Place,2018,June,22,Saturday,02 Jun 2018,22:00,44,50,94,44,50,94,No Group
Manchester City Council - Chorlton,Chorlton Place,2018,June,22,Saturday,02 Jun 2018,23:00,46,52,98,46,52,98,No Group
Manchester City Council - Chorlton,Chorlton Place,2018,June,22,Sunday,03 Jun 2018,00:00,21,34,55,21,34,55,No Group
Manchester City Council - Chorlton,Chorlton Place,2018,June,22,Sunday,03 Jun 2018,01:00,20,14,34,20,14,34,No Group
Manchester City Council - Chorlton,Chorlton Place,2018,June,22,Sunday,03 Jun 2018,02:00,10,1,11,10,1,11,No Group
Manchester City Council - Chorlton,Chorlton Place,2018,June,22,Sunday,03 Jun 2018,03:00,0,0,0,0,0,0,No Group
Manchester City Council - Chorlton,Chorlton Place,2018,June,22,Sunday,03 Jun 2018,04:00,4,2,6,4,2,6,No Group
Manchester City Council - Chorlton,Chorlton Place,2018,June,22,Sunday,03 Jun 2018,05:00,2,2,4,2,2,4,No Group
Manchester City Council - Chorlton,Chorlton Place,2018,June,22,Sunday,03 Jun 2018,06:00,5,7,12,5,7,12,No Group
Manchester City Council - Chorlton,Chorlton Place,2018,June,22,Sunday,03 Jun 2018,07:00,7,7,14,7,7,14,No Group
Manchester City Council - Chorlton,Chorlton Place,2018,June,22,Sunday,03 Jun 2018,08:00,18,24,42,18,24,42,No Group
Manchester City Council - Chorlton,Chorlton Place,2018,June,22,Sunday,03 Jun 2018,09:00,30,41,71,30,41,71,No Group
Manchester City Council - Chorlton,Chorlton Place,2018,June,22,Sunday,03 Jun 2018,10:00,66,89,155,66,89,155,No Group
Manchester City Council - Chorlton,Chorlton Place,2018,June,22,Sunday,03 Jun 2018,11:00,93,86,179,93,86,179,No Group
Manchester City Council - Chorlton,Chorlton Place,2018,June,22,Sunday,03 Jun 2018,12:00,111,145,256,111,145,256,No Group
Manchester City Council - Chorlton,Chorlton Place,2018,June,22,Sunday,03 Jun 2018,13:00,160,191,351,160,191,351,No Group
Manchester City Council - Chorlton,Chorlton Place,2018,June,22,Sunday,03 Jun 2018,14:00,139,140,279,139,140,279,No Group
Manchester City Council - Chorlton,Chorlton Place,2018,June,22,Sunday,03 Jun 2018,15:00,119,136,255,119,136,255,No Group
Manchester City Council - Chorlton,Chorlton Place,2018,June,22,Sunday,03 Jun 2018,16:00,104,100,204,104,100,204,No Group
Manchester City Council - Chorlton,Chorlton Place,2018,June,22,Sunday,03 Jun 2018,17:00,82,77,159,82,77,159,No Group
Manchester City Council - Chorlton,Chorlton Place,2018,June,22,Sunday,03 Jun 2018,18:00,75,89,164,75,89,164,No Group
Manchester City Council - Chorlton,Chorlton Place,2018,June,22,Sunday,03 Jun 2018,19:00,50,60,110,50,60,110,No Group
Manchester City Council - Chorlton,Chorlton Place,2018,June,22,Sunday,03 Jun 2018,20:00,37,46,83,37,46,83,No Group
Manchester City Council - Chorlton,Chorlton Place,2018,June,22,Sunday,03 Jun 2018,21:00,33,29,62,33,29,62,No Group
Manchester City Council - Chorlton,Chorlton Place,2018,June,22,Sunday,03 Jun 2018,22:00,25,29,54,25,29,54,No Group
Manchester City Council - Chorlton,Chorlton Place,2018,June,22,Sunday,03 Jun 2018,23:00,40,38,78,40,38,78,No Group
Manchester City Council - Chorlton,Chorlton Place,2018,June,23,Monday,04 Jun 2018,00:00,15,15,30,15,15,30,No Group
Manchester City Council - Chorlton,Chorlton Place,2018,June,23,Monday,04 Jun 2018,01:00,1,0,1,1,0,1,No Group
Manchester City Council - Chorlton,Chorlton Place,2018,June,23,Monday,04 Jun 2018,02:00,2,0,2,2,0,2,No Group
Manchester City Council - Chorlton,Chorlton Place,2018,June,23,Monday,04 Jun 2018,03:00,0,1,1,0,1,1,No Group
Manchester City Council - Chorlton,Chorlton Place,2018,June,23,Monday,04 Jun 2018,04:00,1,4,5,1,4,5,No Group
Manchester City Council - Chorlton,Chorlton Place,2018,June,23,Monday,04 Jun 2018,05:00,3,6,9,3,6,9,No Group
Manchester City Council - Chorlton,Chorlton Place,2018,June,23,Monday,04 Jun 2018,06:00,8,27,35,8,27,35,No Group
Manchester City Council - Chorlton,Chorlton Place,2018,June,23,Monday,04 Jun 2018,07:00,19,70,89,19,70,89,No Group
Manchester City Council - Chorlton,Chorlton Place,2018,June,23,Monday,04 Jun 2018,08:00,37,120,157,37,120,157,No Group
Manchester City Council - Chorlton,Chorlton Place,2018,June,23,Monday,04 Jun 2018,09:00,85,133,218,85,133,218,No Group
Manchester City Council - Chorlton,Chorlton Place,2018,June,23,Monday,04 Jun 2018,10:00,103,108,211,103,108,211,No Group
Manchester City Council - Chorlton,Chorlton Place,2018,June,23,Monday,04 Jun 2018,11:00,116,138,254,116,138,254,No Group
Manchester City Council - Chorlton,Chorlton Place,2018,June,23,Monday,04 Jun 2018,12:00,171,178,349,171,178,349,No Group
Manchester City Council - Chorlton,Chorlton Place,2018,June,23,Monday,04 Jun 2018,13:00,181,218,399,181,218,399,No Group
Manchester City Council - Chorlton,Chorlton Place,2018,June,23,Monday,04 Jun 2018,14:00,171,230,401,171,230,401,No Group
Manchester City Council - Chorlton,Chorlton Place,2018,June,23,Monday,04 Jun 2018,15:00,175,172,347,175,172,347,No Group
Manchester City Council - Chorlton,Chorlton Place,2018,June,23,Monday,04 Jun 2018,16:00,187,166,353,187,166,353,No Group
Manchester City Council - Chorlton,Chorlton Place,2018,June,23,Monday,04 Jun 2018,17:00,131,118,249,131,118,249,No Group
Manchester City Council - Chorlton,Chorlton Place,2018,June,23,Monday,04 Jun 2018,18:00,129,89,218,129,89,218,No Group
Manchester City Council - Chorlton,Chorlton Place,2018,June,23,Monday,04 Jun 2018,19:00,62,54,116,62,54,116,No Group
Manchester City Council - Chorlton,Chorlton Place,2018,June,23,Monday,04 Jun 2018,20:00,55,41,96,55,41,96,No Group
Manchester City Council - Chorlton,Chorlton Place,2018,June,23,Monday,04 Jun 2018,21:00,31,30,61,31,30,61,No Group
Manchester City Council - Chorlton,Chorlton Place,2018,June,23,Monday,04 Jun 2018,22:00,17,17,34,17,17,34,No Group
Manchester City Council - Chorlton,Chorlton Place,2018,June,23,Monday,04 Jun 2018,23:00,15,15,30,15,15,30,No Group
Manchester City Council - Chorlton,Chorlton Place,2018,June,23,Tuesday,05 Jun 2018,00:00,8,5,13,8,5,13,No Group
Manchester City Council - Chorlton,Chorlton Place,2018,June,23,Tuesday,05 Jun 2018,01:00,0,1,1,0,1,1,No Group
Manchester City Council - Chorlton,Chorlton Place,2018,June,23,Tuesday,05 Jun 2018,02:00,3,6,9,3,6,9,No Group
Manchester City Council - Chorlton,Chorlton Place,2018,June,23,Tuesday,05 Jun 2018,03:00,0,2,2,0,2,2,No Group
Manchester City Council - Chorlton,Chorlton Place,2018,June,23,Tuesday,05 Jun 2018,04:00,1,2,3,1,2,3,No Group
Manchester City Council - Chorlton,Chorlton Place,2018,June,23,Tuesday,05 Jun 2018,05:00,2,4,6,2,4,6,No Group
Manchester City Council - Chorlton,Chorlton Place,2018,June,23,Tuesday,05 Jun 2018,06:00,8,21,29,8,21,29,No Group
Manchester City Council - Chorlton,Chorlton Place,2018,June,23,Tuesday,05 Jun 2018,07:00,18,88,106,18,88,106,No Group
Manchester City Council - Chorlton,Chorlton Place,2018,June,23,Tuesday,05 Jun 2018,08:00,36,122,158,36,122,158,No Group
Manchester City Council - Chorlton,Chorlton Place,2018,June,23,Tuesday,05 Jun 2018,09:00,83,135,218,83,135,218,No Group
Manchester City Council - Chorlton,Chorlton Place,2018,June,23,Tuesday,05 Jun 2018,10:00,106,134,240,106,134,240,No Group
Manchester City Council - Chorlton,Chorlton Place,2018,June,23,Tuesday,05 Jun 2018,11:00,139,163,302,139,163,302,No Group
Manchester City Council - Chorlton,Chorlton Place,2018,June,23,Tuesday,05 Jun 2018,12:00,241,259,500,241,259,500,No Group
Manchester City Council - Chorlton,Chorlton Place,2018,June,23,Tuesday,05 Jun 2018,13:00,280,369,649,280,369,649,No Group
Manchester City Council - Chorlton,Chorlton Place,2018,June,23,Tuesday,05 Jun 2018,14:00,210,213,423,210,213,423,No Group
Manchester City Council - Chorlton,Chorlton Place,2018,June,23,Tuesday,05 Jun 2018,15:00,175,225,400,175,225,400,No Group
Manchester City Council - Chorlton,Chorlton Place,2018,June,23,Tuesday,05 Jun 2018,16:00,216,210,426,216,210,426,No Group
Manchester City Council - Chorlton,Chorlton Place,2018,June,23,Tuesday,05 Jun 2018,17:00,125,106,231,125,106,231,No Group
Manchester City Council - Chorlton,Chorlton Place,2018,June,23,Tuesday,05 Jun 2018,18:00,109,80,189,109,80,189,No Group
Manchester City Council - Chorlton,Chorlton Place,2018,June,23,Tuesday,05 Jun 2018,19:00,71,69,140,71,69,140,No Group
Manchester City Council - Chorlton,Chorlton Place,2018,June,23,Tuesday,05 Jun 2018,20:00,32,41,73,32,41,73,No Group
Manchester City Council - Chorlton,Chorlton Place,2018,June,23,Tuesday,05 Jun 2018,21:00,40,34,74,40,34,74,No Group
Manchester City Council - Chorlton,Chorlton Place,2018,June,23,Tuesday,05 Jun 2018,22:00,28,22,50,28,22,50,No Group
Manchester City Council - Chorlton,Chorlton Place,2018,June,23,Tuesday,05 Jun 2018,23:00,30,23,53,30,23,53,No Group
Manchester City Council - Chorlton,Chorlton Place,2018,June,23,Wednesday,06 Jun 2018,00:00,5,7,12,5,7,12,No Group
Manchester City Council - Chorlton,Chorlton Place,2018,June,23,Wednesday,06 Jun 2018,01:00,4,7,11,4,7,11,No Group
Manchester City Council - Chorlton,Chorlton Place,2018,June,23,Wednesday,06 Jun 2018,02:00,0,0,0,0,0,0,No Group
Manchester City Council - Chorlton,Chorlton Place,2018,June,23,Wednesday,06 Jun 2018,03:00,0,4,4,0,4,4,No Group
Manchester City Council - Chorlton,Chorlton Place,2018,June,23,Wednesday,06 Jun 2018,04:00,0,4,4,0,4,4,No Group
Manchester City Council - Chorlton,Chorlton Place,2018,June,23,Wednesday,06 Jun 2018,05:00,1,7,8,1,7,8,No Group
Manchester City Council - Chorlton,Chorlton Place,2018,June,23,Wednesday,06 Jun 2018,06:00,9,27,36,9,27,36,No Group
Manchester City Council - Chorlton,Chorlton Place,2018,June,23,Wednesday,06 Jun 2018,07:00,26,80,106,26,80,106,No Group
Manchester City Council - Chorlton,Chorlton Place,2018,June,23,Wednesday,06 Jun 2018,08:00,34,110,144,34,110,144,No Group
Manchester City Council - Chorlton,Chorlton Place,2018,June,23,Wednesday,06 Jun 2018,09:00,74,110,184,74,110,184,No Group
Manchester City Council - Chorlton,Chorlton Place,2018,June,23,Wednesday,06 Jun 2018,10:00,99,146,245,99,146,245,No Group
Manchester City Council - Chorlton,Chorlton Place,2018,June,23,Wednesday,06 Jun 2018,11:00,134,172,306,134,172,306,No Group
Manchester City Council - Chorlton,Chorlton Place,2018,June,23,Wednesday,06 Jun 2018,12:00,150,184,334,150,184,334,No Group
Manchester City Council - Chorlton,Chorlton Place,2018,June,23,Wednesday,06 Jun 2018,13:00,166,183,349,166,183,349,No Group
Manchester City Council - Chorlton,Chorlton Place,2018,June,23,Wednesday,06 Jun 2018,14:00,170,190,360,170,190,360,No Group
Manchester City Council - Chorlton,Chorlton Place,2018,June,23,Wednesday,06 Jun 2018,15:00,193,202,395,193,202,395,No Group
Manchester City Council - Chorlton,Chorlton Place,2018,June,23,Wednesday,06 Jun 2018,16:00,154,143,297,154,143,297,No Group
Manchester City Council - Chorlton,Chorlton Place,2018,June,23,Wednesday,06 Jun 2018,17:00,143,118,261,143,118,261,No Group
Manchester City Council - Chorlton,Chorlton Place,2018,June,23,Wednesday,06 Jun 2018,18:00,96,93,189,96,93,189,No Group
Manchester City Council - Chorlton,Chorlton Place,2018,June,23,Wednesday,06 Jun 2018,19:00,81,58,139,81,58,139,No Group
Manchester City Council - Chorlton,Chorlton Place,2018,June,23,Wednesday,06 Jun 2018,20:00,53,59,112,53,59,112,No Group
Manchester City Council - Chorlton,Chorlton Place,2018,June,23,Wednesday,06 Jun 2018,21:00,37,39,76,37,39,76,No Group
Manchester City Council - Chorlton,Chorlton Place,2018,June,23,Wednesday,06 Jun 2018,22:00,32,20,52,32,20,52,No Group
Manchester City Council - Chorlton,Chorlton Place,2018,June,23,Wednesday,06 Jun 2018,23:00,22,20,42,22,20,42,No Group
Manchester City Council - Chorlton,Chorlton Place,2018,June,23,Thursday,07 Jun 2018,00:00,5,2,7,5,2,7,No Group
Manchester City Council - Chorlton,Chorlton Place,2018,June,23,Thursday,07 Jun 2018,01:00,7,3,10,7,3,10,No Group
Manchester City Council - Chorlton,Chorlton Place,2018,June,23,Thursday,07 Jun 2018,02:00,0,1,1,0,1,1,No Group
Manchester City Council - Chorlton,Chorlton Place,2018,June,23,Thursday,07 Jun 2018,03:00,0,7,7,0,7,7,No Group
Manchester City Council - Chorlton,Chorlton Place,2018,June,23,Thursday,07 Jun 2018,04:00,3,3,6,3,3,6,No Group
Manchester City Council - Chorlton,Chorlton Place,2018,June,23,Thursday,07 Jun 2018,05:00,3,8,11,3,8,11,No Group
Manchester City Council - Chorlton,Chorlton Place,2018,June,23,Thursday,07 Jun 2018,06:00,14,23,37,14,23,37,No Group
Manchester City Council - Chorlton,Chorlton Place,2018,June,23,Thursday,07 Jun 2018,07:00,27,86,113,27,86,113,No Group
Manchester City Council - Chorlton,Chorlton Place,2018,June,23,Thursday,07 Jun 2018,08:00,51,135,186,51,135,186,No Group
Manchester City Council - Chorlton,Chorlton Place,2018,June,23,Thursday,07 Jun 2018,09:00,95,133,228,95,133,228,No Group
Manchester City Council - Chorlton,Chorlton Place,2018,June,23,Thursday,07 Jun 2018,10:00,144,140,284,144,140,284,No Group
Manchester City Council - Chorlton,Chorlton Place,2018,June,23,Thursday,07 Jun 2018,11:00,150,182,332,150,182,332,No Group
Manchester City Council - Chorlton,Chorlton Place,2018,June,23,Thursday,07 Jun 2018,12:00,191,235,426,191,235,426,No Group
Manchester City Council - Chorlton,Chorlton Place,2018,June,23,Thursday,07 Jun 2018,13:00,184,253,437,184,253,437,No Group
Manchester City Council - Chorlton,Chorlton Place,2018,June,23,Thursday,07 Jun 2018,14:00,216,239,455,216,239,455,No Group
Manchester City Council - Chorlton,Chorlton Place,2018,June,23,Thursday,07 Jun 2018,15:00,190,231,421,190,231,421,No Group
Manchester City Council - Chorlton,Chorlton Place,2018,June,23,Thursday,07 Jun 2018,16:00,159,146,305,159,146,305,No Group
Manchester City Council - Chorlton,Chorlton Place,2018,June,23,Thursday,07 Jun 2018,17:00,119,117,236,119,117,236,No Group
Manchester City Council - Chorlton,Chorlton Place,2018,June,23,Thursday,07 Jun 2018,18:00,89,94,183,89,94,183,No Group
Manchester City Council - Chorlton,Chorlton Place,2018,June,23,Thursday,07 Jun 2018,19:00,86,64,150,86,64,150,No Group
Manchester City Council - Chorlton,Chorlton Place,2018,June,23,Thursday,07 Jun 2018,20:00,66,59,125,66,59,125,No Group
Manchester City Council - Chorlton,Chorlton Place,2018,June,23,Thursday,07 Jun 2018,21:00,49,41,90,49,41,90,No Group
Manchester City Council - Chorlton,Chorlton Place,2018,June,23,Thursday,07 Jun 2018,22:00,34,24,58,34,24,58,No Group
Manchester City Council - Chorlton,Chorlton Place,2018,June,23,Thursday,07 Jun 2018,23:00,20,13,33,20,13,33,No Group
Manchester City Council - Chorlton,Chorlton Place,2018,June,23,Friday,08 Jun 2018,00:00,7,10,17,7,10,17,No Group
Manchester City Council - Chorlton,Chorlton Place,2018,June,23,Friday,08 Jun 2018,01:00,1,4,5,1,4,5,No Group
Manchester City Council - Chorlton,Chorlton Place,2018,June,23,Friday,08 Jun 2018,02:00,15,8,23,15,8,23,No Group
Manchester City Council - Chorlton,Chorlton Place,2018,June,23,Friday,08 Jun 2018,03:00,1,4,5,1,4,5,No Group
Manchester City Council - Chorlton,Chorlton Place,2018,June,23,Friday,08 Jun 2018,04:00,1,5,6,1,5,6,No Group
Manchester City Council - Chorlton,Chorlton Place,2018,June,23,Friday,08 Jun 2018,05:00,3,2,5,3,2,5,No Group
Manchester City Council - Chorlton,Chorlton Place,2018,June,23,Friday,08 Jun 2018,06:00,8,22,30,8,22,30,No Group
Manchester City Council - Chorlton,Chorlton Place,2018,June,23,Friday,08 Jun 2018,07:00,29,87,116,29,87,116,No Group
Manchester City Council - Chorlton,Chorlton Place,2018,June,23,Friday,08 Jun 2018,08:00,42,124,166,42,124,166,No Group
Manchester City Council - Chorlton,Chorlton Place,2018,June,23,Friday,08 Jun 2018,09:00,94,130,224,94,130,224,No Group
Manchester City Council - Chorlton,Chorlton Place,2018,June,23,Friday,08 Jun 2018,10:00,121,132,253,121,132,253,No Group
Manchester City Council - Chorlton,Chorlton Place,2018,June,23,Friday,08 Jun 2018,11:00,171,186,357,171,186,357,No Group
Manchester City Council - Chorlton,Chorlton Place,2018,June,23,Friday,08 Jun 2018,12:00,164,179,343,164,179,343,No Group
Manchester City Council - Chorlton,Chorlton Place,2018,June,23,Friday,08 Jun 2018,13:00,176,180,356,176,180,356,No Group
Manchester City Council - Chorlton,Chorlton Place,2018,June,23,Friday,08 Jun 2018,14:00,153,182,335,153,182,335,No Group
Manchester City Council - Chorlton,Chorlton Place,2018,June,23,Friday,08 Jun 2018,15:00,204,184,388,204,184,388,No Group
Manchester City Council - Chorlton,Chorlton Place,2018,June,23,Friday,08 Jun 2018,16:00,180,180,360,180,180,360,No Group
Manchester City Council - Chorlton,Chorlton Place,2018,June,23,Friday,08 Jun 2018,17:00,106,113,219,106,113,219,No Group
Manchester City Council - Chorlton,Chorlton Place,2018,June,23,Friday,08 Jun 2018,18:00,91,84,175,91,84,175,No Group
Manchester City Council - Chorlton,Chorlton Place,2018,June,23,Friday,08 Jun 2018,19:00,85,88,173,85,88,173,No Group
Manchester City Council - Chorlton,Chorlton Place,2018,June,23,Friday,08 Jun 2018,20:00,70,70,140,70,70,140,No Group
Manchester City Council - Chorlton,Chorlton Place,2018,June,23,Friday,08 Jun 2018,21:00,44,75,119,44,75,119,No Group
Manchester City Council - Chorlton,Chorlton Place,2018,June,23,Friday,08 Jun 2018,22:00,45,42,87,45,42,87,No Group
Manchester City Council - Chorlton,Chorlton Place,2018,June,23,Friday,08 Jun 2018,23:00,29,41,70,29,41,70,No Group
Manchester City Council - Chorlton,Chorlton Place,2018,June,23,Saturday,09 Jun 2018,00:00,32,27,59,32,27,59,No Group
Manchester City Council - Chorlton,Chorlton Place,2018,June,23,Saturday,09 Jun 2018,01:00,20,11,31,20,11,31,No Group
Manchester City Council - Chorlton,Chorlton Place,2018,June,23,Saturday,09 Jun 2018,02:00,6,5,11,6,5,11,No Group
Manchester City Council - Chorlton,Chorlton Place,2018,June,23,Saturday,09 Jun 2018,03:00,0,3,3,0,3,3,No Group
Manchester City Council - Chorlton,Chorlton Place,2018,June,23,Saturday,09 Jun 2018,04:00,1,3,4,1,3,4,No Group
Manchester City Council - Chorlton,Chorlton Place,2018,June,23,Saturday,09 Jun 2018,05:00,5,17,22,5,17,22,No Group
Manchester City Council - Chorlton,Chorlton Place,2018,June,23,Saturday,09 Jun 2018,06:00,3,4,7,3,4,7,No Group
Manchester City Council - Chorlton,Chorlton Place,2018,June,23,Saturday,09 Jun 2018,07:00,11,18,29,11,18,29,No Group
Manchester City Council - Chorlton,Chorlton Place,2018,June,23,Saturday,09 Jun 2018,08:00,56,59,115,56,59,115,No Group
Manchester City Council - Chorlton,Chorlton Place,2018,June,23,Saturday,09 Jun 2018,09:00,118,129,247,118,129,247,No Group
Manchester City Council - Chorlton,Chorlton Place,2018,June,23,Saturday,09 Jun 2018,10:00,170,212,382,170,212,382,No Group
Manchester City Council - Chorlton,Chorlton Place,2018,June,23,Saturday,09 Jun 2018,11:00,207,240,447,207,240,447,No Group
Manchester City Council - Chorlton,Chorlton Place,2018,June,23,Saturday,09 Jun 2018,12:00,259,274,533,259,274,533,No Group
Manchester City Council - Chorlton,Chorlton Place,2018,June,23,Saturday,09 Jun 2018,13:00,254,249,503,254,249,503,No Group
Manchester City Council - Chorlton,Chorlton Place,2018,June,23,Saturday,09 Jun 2018,14:00,228,292,520,228,292,520,No Group
Manchester City Council - Chorlton,Chorlton Place,2018,June,23,Saturday,09 Jun 2018,15:00,235,231,466,235,231,466,No Group
Manchester City Council - Chorlton,Chorlton Place,2018,June,23,Saturday,09 Jun 2018,16:00,180,175,355,180,175,355,No Group
Manchester City Council - Chorlton,Chorlton Place,2018,June,23,Saturday,09 Jun 2018,17:00,107,103,210,107,103,210,No Group
Manchester City Council - Chorlton,Chorlton Place,2018,June,23,Saturday,09 Jun 2018,18:00,99,124,223,99,124,223,No Group
Manchester City Council - Chorlton,Chorlton Place,2018,June,23,Saturday,09 Jun 2018,19:00,97,90,187,97,90,187,No Group
Manchester City Council - Chorlton,Chorlton Place,2018,June,23,Saturday,09 Jun 2018,20:00,89,64,153,89,64,153,No Group
Manchester City Council - Chorlton,Chorlton Place,2018,June,23,Saturday,09 Jun 2018,21:00,75,72,147,75,72,147,No Group
Manchester City Council - Chorlton,Chorlton Place,2018,June,23,Saturday,09 Jun 2018,22:00,42,62,104,42,62,104,No Group
Manchester City Council - Chorlton,Chorlton Place,2018,June,23,Saturday,09 Jun 2018,23:00,38,87,125,38,87,125,No Group
Manchester City Council - Chorlton,Chorlton Place,2018,June,23,Sunday,10 Jun 2018,00:00,61,41,102,61,41,102,No Group
Manchester City Council - Chorlton,Chorlton Place,2018,June,23,Sunday,10 Jun 2018,01:00,39,28,67,39,28,67,No Group
Manchester City Council - Chorlton,Chorlton Place,2018,June,23,Sunday,10 Jun 2018,02:00,23,17,40,23,17,40,No Group
Manchester City Council - Chorlton,Chorlton Place,2018,June,23,Sunday,10 Jun 2018,03:00,2,2,4,2,2,4,No Group
Manchester City Council - Chorlton,Chorlton Place,2018,June,23,Sunday,10 Jun 2018,04:00,0,4,4,0,4,4,No Group
Manchester City Council - Chorlton,Chorlton Place,2018,June,23,Sunday,10 Jun 2018,05:00,1,4,5,1,4,5,No Group
Manchester City Council - Chorlton,Chorlton Place,2018,June,23,Sunday,10 Jun 2018,06:00,2,5,7,2,5,7,No Group
Manchester City Council - Chorlton,Chorlton Place,2018,June,23,Sunday,10 Jun 2018,07:00,4,12,16,4,12,16,No Group
Manchester City Council - Chorlton,Chorlton Place,2018,June,23,Sunday,10 Jun 2018,08:00,30,31,61,30,31,61,No Group
Manchester City Council - Chorlton,Chorlton Place,2018,June,23,Sunday,10 Jun 2018,09:00,30,41,71,30,41,71,No Group
Manchester City Council - Chorlton,Chorlton Place,2018,June,23,Sunday,10 Jun 2018,10:00,62,89,151,62,89,151,No Group
Manchester City Council - Chorlton,Chorlton Place,2018,June,23,Sunday,10 Jun 2018,11:00,96,123,219,96,123,219,No Group
Manchester City Council - Chorlton,Chorlton Place,2018,June,23,Sunday,10 Jun 2018,12:00,159,140,299,159,140,299,No Group
Manchester City Council - Chorlton,Chorlton Place,2018,June,23,Sunday,10 Jun 2018,13:00,156,179,335,156,179,335,No Group
Manchester City Council - Chorlton,Chorlton Place,2018,June,23,Sunday,10 Jun 2018,14:00,193,216,409,193,216,409,No Group
Manchester City Council - Chorlton,Chorlton Place,2018,June,23,Sunday,10 Jun 2018,15:00,131,149,280,131,149,280,No Group
Manchester City Council - Chorlton,Chorlton Place,2018,June,23,Sunday,10 Jun 2018,16:00,78,128,206,78,128,206,No Group
Manchester City Council - Chorlton,Chorlton Place,2018,June,23,Sunday,10 Jun 2018,17:00,80,81,161,80,81,161,No Group
Manchester City Council - Chorlton,Chorlton Place,2018,June,23,Sunday,10 Jun 2018,18:00,67,70,137,67,70,137,No Group
Manchester City Council - Chorlton,Chorlton Place,2018,June,23,Sunday,10 Jun 2018,19:00,46,39,85,46,39,85,No Group
Manchester City Council - Chorlton,Chorlton Place,2018,June,23,Sunday,10 Jun 2018,20:00,25,21,46,25,21,46,No Group
Manchester City Council - Chorlton,Chorlton Place,2018,June,23,Sunday,10 Jun 2018,21:00,27,23,50,27,23,50,No Group
Manchester City Council - Chorlton,Chorlton Place,2018,June,23,Sunday,10 Jun 2018,22:00,3,16,19,3,16,19,No Group
Manchester City Council - Chorlton,Chorlton Place,2018,June,23,Sunday,10 Jun 2018,23:00,4,8,12,4,8,12,No Group
Manchester City Council - Chorlton,Chorlton Place,2018,June,24,Monday,11 Jun 2018,00:00,8,16,24,8,16,24,No Group
Manchester City Council - Chorlton,Chorlton Place,2018,June,24,Monday,11 Jun 2018,01:00,0,0,0,0,0,0,No Group
Manchester City Council - Chorlton,Chorlton Place,2018,June,24,Monday,11 Jun 2018,02:00,0,0,0,0,0,0,No Group
Manchester City Council - Chorlton,Chorlton Place,2018,June,24,Monday,11 Jun 2018,03:00,2,7,9,2,7,9,No Group
Manchester City Council - Chorlton,Chorlton Place,2018,June,24,Monday,11 Jun 2018,04:00,1,6,7,1,6,7,No Group
Manchester City Council - Chorlton,Chorlton Place,2018,June,24,Monday,11 Jun 2018,05:00,5,5,10,5,5,10,No Group
Manchester City Council - Chorlton,Chorlton Place,2018,June,24,Monday,11 Jun 2018,06:00,6,26,32,6,26,32,No Group
Manchester City Council - Chorlton,Chorlton Place,2018,June,24,Monday,11 Jun 2018,07:00,20,75,95,20,75,95,No Group
Manchester City Council - Chorlton,Chorlton Place,2018,June,24,Monday,11 Jun 2018,08:00,32,116,148,32,116,148,No Group
Manchester City Council - Chorlton,Chorlton Place,2018,June,24,Monday,11 Jun 2018,09:00,80,130,210,80,130,210,No Group
Manchester City Council - Chorlton,Chorlton Place,2018,June,24,Monday,11 Jun 2018,10:00,99,118,217,99,118,217,No Group
Manchester City Council - Chorlton,Chorlton Place,2018,June,24,Monday,11 Jun 2018,11:00,158,203,361,158,203,361,No Group
Manchester City Council - Chorlton,Chorlton Place,2018,June,24,Monday,11 Jun 2018,12:00,183,192,375,183,192,375,No Group
Manchester City Council - Chorlton,Chorlton Place,2018,June,24,Monday,11 Jun 2018,13:00,198,243,441,198,243,441,No Group
Manchester City Council - Chorlton,Chorlton Place,2018,June,24,Monday,11 Jun 2018,14:00,184,197,381,184,197,381,No Group
Manchester City Council - Chorlton,Chorlton Place,2018,June,24,Monday,11 Jun 2018,15:00,196,170,366,196,170,366,No Group
Manchester City Council - Chorlton,Chorlton Place,2018,June,24,Monday,11 Jun 2018,16:00,164,146,310,164,146,310,No Group
Manchester City Council - Chorlton,Chorlton Place,2018,June,24,Monday,11 Jun 2018,17:00,133,105,238,133,105,238,No Group
Manchester City Council - Chorlton,Chorlton Place,2018,June,24,Monday,11 Jun 2018,18:00,99,84,183,99,84,183,No Group
Manchester City Council - Chorlton,Chorlton Place,2018,June,24,Monday,11 Jun 2018,19:00,70,65,135,70,65,135,No Group
Manchester City Council - Chorlton,Chorlton Place,2018,June,24,Monday,11 Jun 2018,20:00,52,39,91,52,39,91,No Group
Manchester City Council - Chorlton,Chorlton Place,2018,June,24,Monday,11 Jun 2018,21:00,33,45,78,33,45,78,No Group
Manchester City Council - Chorlton,Chorlton Place,2018,June,24,Monday,11 Jun 2018,22:00,21,16,37,21,16,37,No Group
Manchester City Council - Chorlton,Chorlton Place,2018,June,24,Monday,11 Jun 2018,23:00,17,5,22,17,5,22,No Group
Manchester City Council - Chorlton,Chorlton Place,2018,June,24,Tuesday,12 Jun 2018,00:00,9,5,14,9,5,14,No Group
Manchester City Council - Chorlton,Chorlton Place,2018,June,24,Tuesday,12 Jun 2018,01:00,3,0,3,3,0,3,No Group
Manchester City Council - Chorlton,Chorlton Place,2018,June,24,Tuesday,12 Jun 2018,02:00,5,4,9,5,4,9,No Group
Manchester City Council - Chorlton,Chorlton Place,2018,June,24,Tuesday,12 Jun 2018,03:00,2,4,6,2,4,6,No Group
Manchester City Council - Chorlton,Chorlton Place,2018,June,24,Tuesday,12 Jun 2018,04:00,1,7,8,1,7,8,No Group
Manchester City Council - Chorlton,Chorlton Place,2018,June,24,Tuesday,12 Jun 2018,05:00,2,3,5,2,3,5,No Group
Manchester City Council - Chorlton,Chorlton Place,2018,June,24,Tuesday,12 Jun 2018,06:00,4,15,19,4,15,19,No Group
Manchester City Council - Chorlton,Chorlton Place,2018,June,24,Tuesday,12 Jun 2018,07:00,23,86,109,23,86,109,No Group
Manchester City Council - Chorlton,Chorlton Place,2018,June,24,Tuesday,12 Jun 2018,08:00,41,124,165,41,124,165,No Group
Manchester City Council - Chorlton,Chorlton Place,2018,June,24,Tuesday,12 Jun 2018,09:00,95,128,223,95,128,223,No Group
Manchester City Council - Chorlton,Chorlton Place,2018,June,24,Tuesday,12 Jun 2018,10:00,101,148,249,101,148,249,No Group
Manchester City Council - Chorlton,Chorlton Place,2018,June,24,Tuesday,12 Jun 2018,11:00,144,165,309,144,165,309,No Group
Manchester City Council - Chorlton,Chorlton Place,2018,June,24,Tuesday,12 Jun 2018,12:00,180,189,369,180,189,369,No Group
Manchester City Council - Chorlton,Chorlton Place,2018,June,24,Tuesday,12 Jun 2018,13:00,198,266,464,198,266,464,No Group
Manchester City Council - Chorlton,Chorlton Place,2018,June,24,Tuesday,12 Jun 2018,14:00,224,239,463,224,239,463,No Group
Manchester City Council - Chorlton,Chorlton Place,2018,June,24,Tuesday,12 Jun 2018,15:00,163,199,362,163,199,362,No Group
Manchester City Council - Chorlton,Chorlton Place,2018,June,24,Tuesday,12 Jun 2018,16:00,163,152,315,163,152,315,No Group
Manchester City Council - Chorlton,Chorlton Place,2018,June,24,Tuesday,12 Jun 2018,17:00,119,108,227,119,108,227,No Group
Manchester City Council - Chorlton,Chorlton Place,2018,June,24,Tuesday,12 Jun 2018,18:00,112,85,197,112,85,197,No Group
Manchester City Council - Chorlton,Chorlton Place,2018,June,24,Tuesday,12 Jun 2018,19:00,70,49,119,70,49,119,No Group
Manchester City Council - Chorlton,Chorlton Place,2018,June,24,Tuesday,12 Jun 2018,20:00,66,64,130,66,64,130,No Group
Manchester City Council - Chorlton,Chorlton Place,2018,June,24,Tuesday,12 Jun 2018,21:00,45,41,86,45,41,86,No Group
Manchester City Council - Chorlton,Chorlton Place,2018,June,24,Tuesday,12 Jun 2018,22:00,19,19,38,19,19,38,No Group
Manchester City Council - Chorlton,Chorlton Place,2018,June,24,Tuesday,12 Jun 2018,23:00,18,11,29,18,11,29,No Group
Manchester City Council - Chorlton,Chorlton Place,2018,June,24,Wednesday,13 Jun 2018,00:00,7,3,10,7,3,10,No Group
Manchester City Council - Chorlton,Chorlton Place,2018,June,24,Wednesday,13 Jun 2018,01:00,10,14,24,10,14,24,No Group
Manchester City Council - Chorlton,Chorlton Place,2018,June,24,Wednesday,13 Jun 2018,02:00,2,0,2,2,0,2,No Group
Manchester City Council - Chorlton,Chorlton Place,2018,June,24,Wednesday,13 Jun 2018,03:00,2,4,6,2,4,6,No Group
Manchester City Council - Chorlton,Chorlton Place,2018,June,24,Wednesday,13 Jun 2018,04:00,0,2,2,0,2,2,No Group
Manchester City Council - Chorlton,Chorlton Place,2018,June,24,Wednesday,13 Jun 2018,05:00,0,5,5,0,5,5,No Group
Manchester City Council - Chorlton,Chorlton Place,2018,June,24,Wednesday,13 Jun 2018,06:00,10,23,33,10,23,33,No Group
Manchester City Council - Chorlton,Chorlton Place,2018,June,24,Wednesday,13 Jun 2018,07:00,18,89,107,18,89,107,No Group
Manchester City Council - Chorlton,Chorlton Place,2018,June,24,Wednesday,13 Jun 2018,08:00,41,135,176,41,135,176,No Group
Manchester City Council - Chorlton,Chorlton Place,2018,June,24,Wednesday,13 Jun 2018,09:00,95,134,229,95,134,229,No Group
Manchester City Council - Chorlton,Chorlton Place,2018,June,24,Wednesday,13 Jun 2018,10:00,114,148,262,114,148,262,No Group
Manchester City Council - Chorlton,Chorlton Place,2018,June,24,Wednesday,13 Jun 2018,11:00,136,161,297,136,161,297,No Group
Manchester City Council - Chorlton,Chorlton Place,2018,June,24,Wednesday,13 Jun 2018,12:00,153,179,332,153,179,332,No Group
Manchester City Council - Chorlton,Chorlton Place,2018,June,24,Wednesday,13 Jun 2018,13:00,193,242,435,193,242,435,No Group
Manchester City Council - Chorlton,Chorlton Place,2018,June,24,Wednesday,13 Jun 2018,14:00,153,161,314,153,161,314,No Group
Manchester City Council - Chorlton,Chorlton Place,2018,June,24,Wednesday,13 Jun 2018,15:00,171,162,333,171,162,333,No Group
Manchester City Council - Chorlton,Chorlton Place,2018,June,24,Wednesday,13 Jun 2018,16:00,145,151,296,145,151,296,No Group
Manchester City Council - Chorlton,Chorlton Place,2018,June,24,Wednesday,13 Jun 2018,17:00,121,86,207,121,86,207,No Group
Manchester City Council - Chorlton,Chorlton Place,2018,June,24,Wednesday,13 Jun 2018,18:00,122,92,214,122,92,214,No Group
Manchester City Council - Chorlton,Chorlton Place,2018,June,24,Wednesday,13 Jun 2018,19:00,94,62,156,94,62,156,No Group
Manchester City Council - Chorlton,Chorlton Place,2018,June,24,Wednesday,13 Jun 2018,20:00,69,66,135,69,66,135,No Group
Manchester City Council - Chorlton,Chorlton Place,2018,June,24,Wednesday,13 Jun 2018,21:00,37,50,87,37,50,87,No Group
Manchester City Council - Chorlton,Chorlton Place,2018,June,24,Wednesday,13 Jun 2018,22:00,19,35,54,19,35,54,No Group
Manchester City Council - Chorlton,Chorlton Place,2018,June,24,Wednesday,13 Jun 2018,23:00,8,43,51,8,43,51,No Group
Manchester City Council - Chorlton,Chorlton Place,2018,June,24,Thursday,14 Jun 2018,00:00,5,7,12,5,7,12,No Group
Manchester City Council - Chorlton,Chorlton Place,2018,June,24,Thursday,14 Jun 2018,01:00,2,5,7,2,5,7,No Group
Manchester City Council - Chorlton,Chorlton Place,2018,June,24,Thursday,14 Jun 2018,02:00,1,3,4,1,3,4,No Group
Manchester City Council - Chorlton,Chorlton Place,2018,June,24,Thursday,14 Jun 2018,03:00,0,3,3,0,3,3,No Group
Manchester City Council - Chorlton,Chorlton Place,2018,June,24,Thursday,14 Jun 2018,04:00,0,2,2,0,2,2,No Group
Manchester City Council - Chorlton,Chorlton Place,2018,June,24,Thursday,14 Jun 2018,05:00,2,13,15,2,13,15,No Group
Manchester City Council - Chorlton,Chorlton Place,2018,June,24,Thursday,14 Jun 2018,06:00,10,18,28,10,18,28,No Group
Manchester City Council - Chorlton,Chorlton Place,2018,June,24,Thursday,14 Jun 2018,07:00,24,90,114,24,90,114,No Group
Manchester City Council - Chorlton,Chorlton Place,2018,June,24,Thursday,14 Jun 2018,08:00,44,130,174,44,130,174,No Group
Manchester City Council - Chorlton,Chorlton Place,2018,June,24,Thursday,14 Jun 2018,09:00,80,119,199,80,119,199,No Group
Manchester City Council - Chorlton,Chorlton Place,2018,June,24,Thursday,14 Jun 2018,10:00,116,129,245,116,129,245,No Group
Manchester City Council - Chorlton,Chorlton Place,2018,June,24,Thursday,14 Jun 2018,11:00,144,144,288,144,144,288,No Group
Manchester City Council - Chorlton,Chorlton Place,2018,June,24,Thursday,14 Jun 2018,12:00,149,167,316,149,167,316,No Group
Manchester City Council - Chorlton,Chorlton Place,2018,June,24,Thursday,14 Jun 2018,13:00,166,205,371,166,205,371,No Group
Manchester City Council - Chorlton,Chorlton Place,2018,June,24,Thursday,14 Jun 2018,14:00,191,186,377,191,186,377,No Group
Manchester City Council - Chorlton,Chorlton Place,2018,June,24,Thursday,14 Jun 2018,15:00,181,193,374,181,193,374,No Group
Manchester City Council - Chorlton,Chorlton Place,2018,June,24,Thursday,14 Jun 2018,16:00,137,137,274,137,137,274,No Group
Manchester City Council - Chorlton,Chorlton Place,2018,June,24,Thursday,14 Jun 2018,17:00,120,92,212,120,92,212,No Group
Manchester City Council - Chorlton,Chorlton Place,2018,June,24,Thursday,14 Jun 2018,18:00,84,88,172,84,88,172,No Group
Manchester City Council - Chorlton,Chorlton Place,2018,June,24,Thursday,14 Jun 2018,19:00,68,63,131,68,63,131,No Group
Manchester City Council - Chorlton,Chorlton Place,2018,June,24,Thursday,14 Jun 2018,20:00,51,40,91,51,40,91,No Group
Manchester City Council - Chorlton,Chorlton Place,2018,June,24,Thursday,14 Jun 2018,21:00,43,40,83,43,40,83,No Group
Manchester City Council - Chorlton,Chorlton Place,2018,June,24,Thursday,14 Jun 2018,22:00,19,31,50,19,31,50,No Group
Manchester City Council - Chorlton,Chorlton Place,2018,June,24,Thursday,14 Jun 2018,23:00,18,15,33,18,15,33,No Group
Manchester City Council - Chorlton,Chorlton Place,2018,June,24,Friday,15 Jun 2018,00:00,10,4,14,10,4,14,No Group
Manchester City Council - Chorlton,Chorlton Place,2018,June,24,Friday,15 Jun 2018,01:00,1,2,3,1,2,3,No Group
Manchester City Council - Chorlton,Chorlton Place,2018,June,24,Friday,15 Jun 2018,02:00,1,1,2,1,1,2,No Group
Manchester City Council - Chorlton,Chorlton Place,2018,June,24,Friday,15 Jun 2018,03:00,14,18,32,14,18,32,No Group
Manchester City Council - Chorlton,Chorlton Place,2018,June,24,Friday,15 Jun 2018,04:00,10,2,12,10,2,12,No Group
Manchester City Council - Chorlton,Chorlton Place,2018,June,24,Friday,15 Jun 2018,05:00,5,10,15,5,10,15,No Group
Manchester City Council - Chorlton,Chorlton Place,2018,June,24,Friday,15 Jun 2018,06:00,12,24,36,12,24,36,No Group
Manchester City Council - Chorlton,Chorlton Place,2018,June,24,Friday,15 Jun 2018,07:00,35,89,124,35,89,124,No Group
Manchester City Council - Chorlton,Chorlton Place,2018,June,24,Friday,15 Jun 2018,08:00,30,130,160,30,130,160,No Group
Manchester City Council - Chorlton,Chorlton Place,2018,June,24,Friday,15 Jun 2018,09:00,85,119,204,85,119,204,No Group
Manchester City Council - Chorlton,Chorlton Place,2018,June,24,Friday,15 Jun 2018,10:00,135,146,281,135,146,281,No Group
Manchester City Council - Chorlton,Chorlton Place,2018,June,24,Friday,15 Jun 2018,11:00,176,217,393,176,217,393,No Group
Manchester City Council - Chorlton,Chorlton Place,2018,June,24,Friday,15 Jun 2018,12:00,173,184,357,173,184,357,No Group
Manchester City Council - Chorlton,Chorlton Place,2018,June,24,Friday,15 Jun 2018,13:00,195,181,376,195,181,376,No Group
Manchester City Council - Chorlton,Chorlton Place,2018,June,24,Friday,15 Jun 2018,14:00,162,161,323,162,161,323,No Group
Manchester City Council - Chorlton,Chorlton Place,2018,June,24,Friday,15 Jun 2018,15:00,201,181,382,201,181,382,No Group
Manchester City Council - Chorlton,Chorlton Place,2018,June,24,Friday,15 Jun 2018,16:00,164,162,326,164,162,326,No Group
Manchester City Council - Chorlton,Chorlton Place,2018,June,24,Friday,15 Jun 2018,17:00,111,117,228,111,117,228,No Group
Manchester City Council - Chorlton,Chorlton Place,2018,June,24,Friday,15 Jun 2018,18:00,122,102,224,122,102,224,No Group
Manchester City Council - Chorlton,Chorlton Place,2018,June,24,Friday,15 Jun 2018,19:00,88,75,163,88,75,163,No Group
Manchester City Council - Chorlton,Chorlton Place,2018,June,24,Friday,15 Jun 2018,20:00,62,61,123,62,61,123,No Group
Manchester City Council - Chorlton,Chorlton Place,2018,June,24,Friday,15 Jun 2018,21:00,54,37,91,54,37,91,No Group
Manchester City Council - Chorlton,Chorlton Place,2018,June,24,Friday,15 Jun 2018,22:00,41,61,102,41,61,102,No Group
Manchester City Council - Chorlton,Chorlton Place,2018,June,24,Friday,15 Jun 2018,23:00,35,41,76,35,41,76,No Group
Manchester City Council - Chorlton,Chorlton Place,2018,June,24,Saturday,16 Jun 2018,00:00,20,26,46,20,26,46,No Group
Manchester City Council - Chorlton,Chorlton Place,2018,June,24,Saturday,16 Jun 2018,01:00,10,4,14,10,4,14,No Group
Manchester City Council - Chorlton,Chorlton Place,2018,June,24,Saturday,16 Jun 2018,02:00,7,2,9,7,2,9,No Group
Manchester City Council - Chorlton,Chorlton Place,2018,June,24,Saturday,16 Jun 2018,03:00,5,8,13,5,8,13,No Group
Manchester City Council - Chorlton,Chorlton Place,2018,June,24,Saturday,16 Jun 2018,04:00,2,2,4,2,2,4,No Group
Manchester City Council - Chorlton,Chorlton Place,2018,June,24,Saturday,16 Jun 2018,05:00,9,13,22,9,13,22,No Group
Manchester City Council - Chorlton,Chorlton Place,2018,June,24,Saturday,16 Jun 2018,06:00,5,5,10,5,5,10,No Group
Manchester City Council - Chorlton,Chorlton Place,2018,June,24,Saturday,16 Jun 2018,07:00,10,9,19,10,9,19,No Group
Manchester City Council - Chorlton,Chorlton Place,2018,June,24,Saturday,16 Jun 2018,08:00,46,60,106,46,60,106,No Group
Manchester City Council - Chorlton,Chorlton Place,2018,June,24,Saturday,16 Jun 2018,09:00,137,170,307,137,170,307,No Group
Manchester City Council - Chorlton,Chorlton Place,2018,June,24,Saturday,16 Jun 2018,10:00,199,219,418,199,219,418,No Group
Manchester City Council - Chorlton,Chorlton Place,2018,June,24,Saturday,16 Jun 2018,11:00,223,269,492,223,269,492,No Group
Manchester City Council - Chorlton,Chorlton Place,2018,June,24,Saturday,16 Jun 2018,12:00,234,272,506,234,272,506,No Group
Manchester City Council - Chorlton,Chorlton Place,2018,June,24,Saturday,16 Jun 2018,13:00,260,309,569,260,309,569,No Group
Manchester City Council - Chorlton,Chorlton Place,2018,June,24,Saturday,16 Jun 2018,14:00,251,278,529,251,278,529,No Group
Manchester City Council - Chorlton,Chorlton Place,2018,June,24,Saturday,16 Jun 2018,15:00,235,265,500,235,265,500,No Group
Manchester City Council - Chorlton,Chorlton Place,2018,June,24,Saturday,16 Jun 2018,16:00,189,240,429,189,240,429,No Group
Manchester City Council - Chorlton,Chorlton Place,2018,June,24,Saturday,16 Jun 2018,17:00,86,110,196,86,110,196,No Group
Manchester City Council - Chorlton,Chorlton Place,2018,June,24,Saturday,16 Jun 2018,18:00,76,94,170,76,94,170,No Group
Manchester City Council - Chorlton,Chorlton Place,2018,June,24,Saturday,16 Jun 2018,19:00,91,80,171,91,80,171,No Group
Manchester City Council - Chorlton,Chorlton Place,2018,June,24,Saturday,16 Jun 2018,20:00,63,69,132,63,69,132,No Group
Manchester City Council - Chorlton,Chorlton Place,2018,June,24,Saturday,16 Jun 2018,21:00,41,62,103,41,62,103,No Group
Manchester City Council - Chorlton,Chorlton Place,2018,June,24,Saturday,16 Jun 2018,22:00,40,53,93,40,53,93,No Group
Manchester City Council - Chorlton,Chorlton Place,2018,June,24,Saturday,16 Jun 2018,23:00,47,50,97,47,50,97,No Group
Manchester City Council - Chorlton,Chorlton Place,2018,June,24,Sunday,17 Jun 2018,00:00,22,39,61,22,39,61,No Group
Manchester City Council - Chorlton,Chorlton Place,2018,June,24,Sunday,17 Jun 2018,01:00,18,21,39,18,21,39,No Group
Manchester City Council - Chorlton,Chorlton Place,2018,June,24,Sunday,17 Jun 2018,02:00,8,3,11,8,3,11,No Group
Manchester City Council - Chorlton,Chorlton Place,2018,June,24,Sunday,17 Jun 2018,03:00,9,18,27,9,18,27,No Group
Manchester City Council - Chorlton,Chorlton Place,2018,June,24,Sunday,17 Jun 2018,04:00,3,3,6,3,3,6,No Group
Manchester City Council - Chorlton,Chorlton Place,2018,June,24,Sunday,17 Jun 2018,05:00,0,4,4,0,4,4,No Group
Manchester City Council - Chorlton,Chorlton Place,2018,June,24,Sunday,17 Jun 2018,06:00,4,3,7,4,3,7,No Group
Manchester City Council - Chorlton,Chorlton Place,2018,June,24,Sunday,17 Jun 2018,07:00,4,11,15,4,11,15,No Group
Manchester City Council - Chorlton,Chorlton Place,2018,June,24,Sunday,17 Jun 2018,08:00,16,16,32,16,16,32,No Group
Manchester City Council - Chorlton,Chorlton Place,2018,June,24,Sunday,17 Jun 2018,09:00,18,39,57,18,39,57,No Group
Manchester City Council - Chorlton,Chorlton Place,2018,June,24,Sunday,17 Jun 2018,10:00,74,78,152,74,78,152,No Group
Manchester City Council - Chorlton,Chorlton Place,2018,June,24,Sunday,17 Jun 2018,11:00,91,109,200,91,109,200,No Group
Manchester City Council - Chorlton,Chorlton Place,2018,June,24,Sunday,17 Jun 2018,12:00,94,121,215,94,121,215,No Group
Manchester City Council - Chorlton,Chorlton Place,2018,June,24,Sunday,17 Jun 2018,13:00,110,120,230,110,120,230,No Group
Manchester City Council - Chorlton,Chorlton Place,2018,June,24,Sunday,17 Jun 2018,14:00,123,120,243,123,120,243,No Group
Manchester City Council - Chorlton,Chorlton Place,2018,June,24,Sunday,17 Jun 2018,15:00,133,148,281,133,148,281,No Group
Manchester City Council - Chorlton,Chorlton Place,2018,June,24,Sunday,17 Jun 2018,16:00,67,86,153,67,86,153,No Group
Manchester City Council - Chorlton,Chorlton Place,2018,June,24,Sunday,17 Jun 2018,17:00,80,76,156,80,76,156,No Group
Manchester City Council - Chorlton,Chorlton Place,2018,June,24,Sunday,17 Jun 2018,18:00,64,75,139,64,75,139,No Group
Manchester City Council - Chorlton,Chorlton Place,2018,June,24,Sunday,17 Jun 2018,19:00,52,58,110,52,58,110,No Group
Manchester City Council - Chorlton,Chorlton Place,2018,June,24,Sunday,17 Jun 2018,20:00,52,51,103,52,51,103,No Group
Manchester City Council - Chorlton,Chorlton Place,2018,June,24,Sunday,17 Jun 2018,21:00,24,26,50,24,26,50,No Group
Manchester City Council - Chorlton,Chorlton Place,2018,June,24,Sunday,17 Jun 2018,22:00,14,18,32,14,18,32,No Group
Manchester City Council - Chorlton,Chorlton Place,2018,June,24,Sunday,17 Jun 2018,23:00,20,20,40,20,20,40,No Group
Manchester City Council - Chorlton,Chorlton Place,2018,June,25,Monday,18 Jun 2018,00:00,8,4,12,8,4,12,No Group
Manchester City Council - Chorlton,Chorlton Place,2018,June,25,Monday,18 Jun 2018,01:00,6,0,6,6,0,6,No Group
Manchester City Council - Chorlton,Chorlton Place,2018,June,25,Monday,18 Jun 2018,02:00,1,2,3,1,2,3,No Group
Manchester City Council - Chorlton,Chorlton Place,2018,June,25,Monday,18 Jun 2018,03:00,0,2,2,0,2,2,No Group
Manchester City Council - Chorlton,Chorlton Place,2018,June,25,Monday,18 Jun 2018,04:00,2,12,14,2,12,14,No Group
Manchester City Council - Chorlton,Chorlton Place,2018,June,25,Monday,18 Jun 2018,05:00,5,10,15,5,10,15,No Group
Manchester City Council - Chorlton,Chorlton Place,2018,June,25,Monday,18 Jun 2018,06:00,5,24,29,5,24,29,No Group
Manchester City Council - Chorlton,Chorlton Place,2018,June,25,Monday,18 Jun 2018,07:00,23,73,96,23,73,96,No Group
Manchester City Council - Chorlton,Chorlton Place,2018,June,25,Monday,18 Jun 2018,08:00,24,101,125,24,101,125,No Group
Manchester City Council - Chorlton,Chorlton Place,2018,June,25,Monday,18 Jun 2018,09:00,75,128,203,75,128,203,No Group
Manchester City Council - Chorlton,Chorlton Place,2018,June,25,Monday,18 Jun 2018,10:00,122,133,255,122,133,255,No Group
Manchester City Council - Chorlton,Chorlton Place,2018,June,25,Monday,18 Jun 2018,11:00,134,157,291,134,157,291,No Group
Manchester City Council - Chorlton,Chorlton Place,2018,June,25,Monday,18 Jun 2018,12:00,164,167,331,164,167,331,No Group
Manchester City Council - Chorlton,Chorlton Place,2018,June,25,Monday,18 Jun 2018,13:00,136,171,307,136,171,307,No Group
Manchester City Council - Chorlton,Chorlton Place,2018,June,25,Monday,18 Jun 2018,14:00,144,173,317,144,173,317,No Group
Manchester City Council - Chorlton,Chorlton Place,2018,June,25,Monday,18 Jun 2018,15:00,166,151,317,166,151,317,No Group
Manchester City Council - Chorlton,Chorlton Place,2018,June,25,Monday,18 Jun 2018,16:00,147,121,268,147,121,268,No Group
Manchester City Council - Chorlton,Chorlton Place,2018,June,25,Monday,18 Jun 2018,17:00,120,103,223,120,103,223,No Group
Manchester City Council - Chorlton,Chorlton Place,2018,June,25,Monday,18 Jun 2018,18:00,163,110,273,163,110,273,No Group
Manchester City Council - Chorlton,Chorlton Place,2018,June,25,Monday,18 Jun 2018,19:00,69,51,120,69,51,120,No Group
Manchester City Council - Chorlton,Chorlton Place,2018,June,25,Monday,18 Jun 2018,20:00,50,38,88,50,38,88,No Group
Manchester City Council - Chorlton,Chorlton Place,2018,June,25,Monday,18 Jun 2018,21:00,67,65,132,67,65,132,No Group
Manchester City Council - Chorlton,Chorlton Place,2018,June,25,Monday,18 Jun 2018,22:00,26,33,59,26,33,59,No Group
Manchester City Council - Chorlton,Chorlton Place,2018,June,25,Monday,18 Jun 2018,23:00,11,22,33,11,22,33,No Group
Manchester City Council - Chorlton,Chorlton Place,2018,June,25,Tuesday,19 Jun 2018,00:00,4,23,27,4,23,27,No Group
Manchester City Council - Chorlton,Chorlton Place,2018,June,25,Tuesday,19 Jun 2018,01:00,5,1,6,5,1,6,No Group
Manchester City Council - Chorlton,Chorlton Place,2018,June,25,Tuesday,19 Jun 2018,02:00,9,5,14,9,5,14,No Group
Manchester City Council - Chorlton,Chorlton Place,2018,June,25,Tuesday,19 Jun 2018,03:00,1,4,5,1,4,5,No Group
Manchester City Council - Chorlton,Chorlton Place,2018,June,25,Tuesday,19 Jun 2018,04:00,0,3,3,0,3,3,No Group
Manchester City Council - Chorlton,Chorlton Place,2018,June,25,Tuesday,19 Jun 2018,05:00,0,6,6,0,6,6,No Group
Manchester City Council - Chorlton,Chorlton Place,2018,June,25,Tuesday,19 Jun 2018,06:00,6,28,34,6,28,34,No Group
Manchester City Council - Chorlton,Chorlton Place,2018,June,25,Tuesday,19 Jun 2018,07:00,26,83,109,26,83,109,No Group
Manchester City Council - Chorlton,Chorlton Place,2018,June,25,Tuesday,19 Jun 2018,08:00,46,123,169,46,123,169,No Group
Manchester City Council - Chorlton,Chorlton Place,2018,June,25,Tuesday,19 Jun 2018,09:00,96,130,226,96,130,226,No Group
Manchester City Council - Chorlton,Chorlton Place,2018,June,25,Tuesday,19 Jun 2018,10:00,115,141,256,115,141,256,No Group
Manchester City Council - Chorlton,Chorlton Place,2018,June,25,Tuesday,19 Jun 2018,11:00,135,159,294,135,159,294,No Group
Manchester City Council - Chorlton,Chorlton Place,2018,June,25,Tuesday,19 Jun 2018,12:00,165,186,351,165,186,351,No Group
Manchester City Council - Chorlton,Chorlton Place,2018,June,25,Tuesday,19 Jun 2018,13:00,169,189,358,169,189,358,No Group
Manchester City Council - Chorlton,Chorlton Place,2018,June,25,Tuesday,19 Jun 2018,14:00,146,171,317,146,171,317,No Group
Manchester City Council - Chorlton,Chorlton Place,2018,June,25,Tuesday,19 Jun 2018,15:00,165,187,352,165,187,352,No Group
Manchester City Council - Chorlton,Chorlton Place,2018,June,25,Tuesday,19 Jun 2018,16:00,158,132,290,158,132,290,No Group
Manchester City Council - Chorlton,Chorlton Place,2018,June,25,Tuesday,19 Jun 2018,17:00,113,109,222,113,109,222,No Group
Manchester City Council - Chorlton,Chorlton Place,2018,June,25,Tuesday,19 Jun 2018,18:00,103,89,192,103,89,192,No Group
Manchester City Council - Chorlton,Chorlton Place,2018,June,25,Tuesday,19 Jun 2018,19:00,71,53,124,71,53,124,No Group
Manchester City Council - Chorlton,Chorlton Place,2018,June,25,Tuesday,19 Jun 2018,20:00,54,49,103,54,49,103,No Group
Manchester City Council - Chorlton,Chorlton Place,2018,June,25,Tuesday,19 Jun 2018,21:00,32,43,75,32,43,75,No Group
Manchester City Council - Chorlton,Chorlton Place,2018,June,25,Tuesday,19 Jun 2018,22:00,27,20,47,27,20,47,No Group
Manchester City Council - Chorlton,Chorlton Place,2018,June,25,Tuesday,19 Jun 2018,23:00,21,13,34,21,13,34,No Group
Manchester City Council - Chorlton,Chorlton Place,2018,June,25,Wednesday,20 Jun 2018,00:00,13,6,19,13,6,19,No Group
Manchester City Council - Chorlton,Chorlton Place,2018,June,25,Wednesday,20 Jun 2018,01:00,12,10,22,12,10,22,No Group
Manchester City Council - Chorlton,Chorlton Place,2018,June,25,Wednesday,20 Jun 2018,02:00,0,0,0,0,0,0,No Group
Manchester City Council - Chorlton,Chorlton Place,2018,June,25,Wednesday,20 Jun 2018,03:00,2,10,12,2,10,12,No Group
Manchester City Council - Chorlton,Chorlton Place,2018,June,25,Wednesday,20 Jun 2018,04:00,0,1,1,0,1,1,No Group
Manchester City Council - Chorlton,Chorlton Place,2018,June,25,Wednesday,20 Jun 2018,05:00,2,10,12,2,10,12,No Group
Manchester City Council - Chorlton,Chorlton Place,2018,June,25,Wednesday,20 Jun 2018,06:00,5,21,26,5,21,26,No Group
Manchester City Council - Chorlton,Chorlton Place,2018,June,25,Wednesday,20 Jun 2018,07:00,25,85,110,25,85,110,No Group
Manchester City Council - Chorlton,Chorlton Place,2018,June,25,Wednesday,20 Jun 2018,08:00,37,125,162,37,125,162,No Group
Manchester City Council - Chorlton,Chorlton Place,2018,June,25,Wednesday,20 Jun 2018,09:00,104,155,259,104,155,259,No Group
Manchester City Council - Chorlton,Chorlton Place,2018,June,25,Wednesday,20 Jun 2018,10:00,105,124,229,105,124,229,No Group
Manchester City Council - Chorlton,Chorlton Place,2018,June,25,Wednesday,20 Jun 2018,11:00,109,140,249,109,140,249,No Group
Manchester City Council - Chorlton,Chorlton Place,2018,June,25,Wednesday,20 Jun 2018,12:00,160,151,311,160,151,311,No Group
Manchester City Council - Chorlton,Chorlton Place,2018,June,25,Wednesday,20 Jun 2018,13:00,158,148,306,158,148,306,No Group
Manchester City Council - Chorlton,Chorlton Place,2018,June,25,Wednesday,20 Jun 2018,14:00,158,155,313,158,155,313,No Group
Manchester City Council - Chorlton,Chorlton Place,2018,June,25,Wednesday,20 Jun 2018,15:00,148,165,313,148,165,313,No Group
Manchester City Council - Chorlton,Chorlton Place,2018,June,25,Wednesday,20 Jun 2018,16:00,163,189,352,163,189,352,No Group
Manchester City Council - Chorlton,Chorlton Place,2018,June,25,Wednesday,20 Jun 2018,17:00,131,104,235,131,104,235,No Group
Manchester City Council - Chorlton,Chorlton Place,2018,June,25,Wednesday,20 Jun 2018,18:00,110,93,203,110,93,203,No Group
Manchester City Council - Chorlton,Chorlton Place,2018,June,25,Wednesday,20 Jun 2018,19:00,77,61,138,77,61,138,No Group
Manchester City Council - Chorlton,Chorlton Place,2018,June,25,Wednesday,20 Jun 2018,20:00,58,43,101,58,43,101,No Group
Manchester City Council - Chorlton,Chorlton Place,2018,June,25,Wednesday,20 Jun 2018,21:00,32,25,57,32,25,57,No Group
Manchester City Council - Chorlton,Chorlton Place,2018,June,25,Wednesday,20 Jun 2018,22:00,18,25,43,18,25,43,No Group
Manchester City Council - Chorlton,Chorlton Place,2018,June,25,Wednesday,20 Jun 2018,23:00,18,26,44,18,26,44,No Group
Manchester City Council - Chorlton,Chorlton Place,2018,June,25,Thursday,21 Jun 2018,00:00,7,4,11,7,4,11,No Group
Manchester City Council - Chorlton,Chorlton Place,2018,June,25,Thursday,21 Jun 2018,01:00,2,4,6,2,4,6,No Group
Manchester City Council - Chorlton,Chorlton Place,2018,June,25,Thursday,21 Jun 2018,02:00,0,0,0,0,0,0,No Group
Manchester City Council - Chorlton,Chorlton Place,2018,June,25,Thursday,21 Jun 2018,03:00,1,5,6,1,5,6,No Group
Manchester City Council - Chorlton,Chorlton Place,2018,June,25,Thursday,21 Jun 2018,04:00,0,2,2,0,2,2,No Group
Manchester City Council - Chorlton,Chorlton Place,2018,June,25,Thursday,21 Jun 2018,05:00,4,13,17,4,13,17,No Group
Manchester City Council - Chorlton,Chorlton Place,2018,June,25,Thursday,21 Jun 2018,06:00,8,20,28,8,20,28,No Group
Manchester City Council - Chorlton,Chorlton Place,2018,June,25,Thursday,21 Jun 2018,07:00,25,83,108,25,83,108,No Group
Manchester City Council - Chorlton,Chorlton Place,2018,June,25,Thursday,21 Jun 2018,08:00,37,122,159,37,122,159,No Group
Manchester City Council - Chorlton,Chorlton Place,2018,June,25,Thursday,21 Jun 2018,09:00,81,145,226,81,145,226,No Group
Manchester City Council - Chorlton,Chorlton Place,2018,June,25,Thursday,21 Jun 2018,10:00,141,159,300,141,159,300,No Group
Manchester City Council - Chorlton,Chorlton Place,2018,June,25,Thursday,21 Jun 2018,11:00,143,156,299,143,156,299,No Group
Manchester City Council - Chorlton,Chorlton Place,2018,June,25,Thursday,21 Jun 2018,12:00,192,249,441,192,249,441,No Group
Manchester City Council - Chorlton,Chorlton Place,2018,June,25,Thursday,21 Jun 2018,13:00,231,229,460,231,229,460,No Group
Manchester City Council - Chorlton,Chorlton Place,2018,June,25,Thursday,21 Jun 2018,14:00,147,170,317,147,170,317,No Group
Manchester City Council - Chorlton,Chorlton Place,2018,June,25,Thursday,21 Jun 2018,15:00,175,190,365,175,190,365,No Group
Manchester City Council - Chorlton,Chorlton Place,2018,June,25,Thursday,21 Jun 2018,16:00,166,160,326,166,160,326,No Group
Manchester City Council - Chorlton,Chorlton Place,2018,June,25,Thursday,21 Jun 2018,17:00,144,112,256,144,112,256,No Group
Manchester City Council - Chorlton,Chorlton Place,2018,June,25,Thursday,21 Jun 2018,18:00,99,99,198,99,99,198,No Group
Manchester City Council - Chorlton,Chorlton Place,2018,June,25,Thursday,21 Jun 2018,19:00,72,83,155,72,83,155,No Group
Manchester City Council - Chorlton,Chorlton Place,2018,June,25,Thursday,21 Jun 2018,20:00,65,67,132,65,67,132,No Group
Manchester City Council - Chorlton,Chorlton Place,2018,June,25,Thursday,21 Jun 2018,21:00,38,52,90,38,52,90,No Group
Manchester City Council - Chorlton,Chorlton Place,2018,June,25,Thursday,21 Jun 2018,22:00,27,18,45,27,18,45,No Group
Manchester City Council - Chorlton,Chorlton Place,2018,June,25,Thursday,21 Jun 2018,23:00,29,18,47,29,18,47,No Group
Manchester City Council - Chorlton,Chorlton Place,2018,June,25,Friday,22 Jun 2018,00:00,14,6,20,14,6,20,No Group
Manchester City Council - Chorlton,Chorlton Place,2018,June,25,Friday,22 Jun 2018,01:00,3,0,3,3,0,3,No Group
Manchester City Council - Chorlton,Chorlton Place,2018,June,25,Friday,22 Jun 2018,02:00,2,2,4,2,2,4,No Group
Manchester City Council - Chorlton,Chorlton Place,2018,June,25,Friday,22 Jun 2018,03:00,1,4,5,1,4,5,No Group
Manchester City Council - Chorlton,Chorlton Place,2018,June,25,Friday,22 Jun 2018,04:00,8,11,19,8,11,19,No Group
Manchester City Council - Chorlton,Chorlton Place,2018,June,25,Friday,22 Jun 2018,05:00,3,5,8,3,5,8,No Group
Manchester City Council - Chorlton,Chorlton Place,2018,June,25,Friday,22 Jun 2018,06:00,11,28,39,11,28,39,No Group
Manchester City Council - Chorlton,Chorlton Place,2018,June,25,Friday,22 Jun 2018,07:00,33,86,119,33,86,119,No Group
Manchester City Council - Chorlton,Chorlton Place,2018,June,25,Friday,22 Jun 2018,08:00,34,116,150,34,116,150,No Group
Manchester City Council - Chorlton,Chorlton Place,2018,June,25,Friday,22 Jun 2018,09:00,123,150,273,123,150,273,No Group
Manchester City Council - Chorlton,Chorlton Place,2018,June,25,Friday,22 Jun 2018,10:00,151,154,305,151,154,305,No Group
Manchester City Council - Chorlton,Chorlton Place,2018,June,25,Friday,22 Jun 2018,11:00,171,192,363,171,192,363,No Group
Manchester City Council - Chorlton,Chorlton Place,2018,June,25,Friday,22 Jun 2018,12:00,246,218,464,246,218,464,No Group
Manchester City Council - Chorlton,Chorlton Place,2018,June,25,Friday,22 Jun 2018,13:00,198,243,441,198,243,441,No Group
Manchester City Council - Chorlton,Chorlton Place,2018,June,25,Friday,22 Jun 2018,14:00,214,224,438,214,224,438,No Group
Manchester City Council - Chorlton,Chorlton Place,2018,June,25,Friday,22 Jun 2018,15:00,193,213,406,193,213,406,No Group
Manchester City Council - Chorlton,Chorlton Place,2018,June,25,Friday,22 Jun 2018,16:00,163,175,338,163,175,338,No Group
Manchester City Council - Chorlton,Chorlton Place,2018,June,25,Friday,22 Jun 2018,17:00,116,120,236,116,120,236,No Group
Manchester City Council - Chorlton,Chorlton Place,2018,June,25,Friday,22 Jun 2018,18:00,97,91,188,97,91,188,No Group
Manchester City Council - Chorlton,Chorlton Place,2018,June,25,Friday,22 Jun 2018,19:00,92,108,200,92,108,200,No Group
Manchester City Council - Chorlton,Chorlton Place,2018,June,25,Friday,22 Jun 2018,20:00,78,58,136,78,58,136,No Group
Manchester City Council - Chorlton,Chorlton Place,2018,June,25,Friday,22 Jun 2018,21:00,41,60,101,41,60,101,No Group
Manchester City Council - Chorlton,Chorlton Place,2018,June,25,Friday,22 Jun 2018,22:00,52,53,105,52,53,105,No Group
Manchester City Council - Chorlton,Chorlton Place,2018,June,25,Friday,22 Jun 2018,23:00,36,54,90,36,54,90,No Group
Manchester City Council - Chorlton,Chorlton Place,2018,June,25,Saturday,23 Jun 2018,00:00,26,42,68,26,42,68,No Group
Manchester City Council - Chorlton,Chorlton Place,2018,June,25,Saturday,23 Jun 2018,01:00,8,6,14,8,6,14,No Group
Manchester City Council - Chorlton,Chorlton Place,2018,June,25,Saturday,23 Jun 2018,02:00,4,1,5,4,1,5,No Group
Manchester City Council - Chorlton,Chorlton Place,2018,June,25,Saturday,23 Jun 2018,03:00,2,3,5,2,3,5,No Group
Manchester City Council - Chorlton,Chorlton Place,2018,June,25,Saturday,23 Jun 2018,04:00,2,2,4,2,2,4,No Group
Manchester City Council - Chorlton,Chorlton Place,2018,June,25,Saturday,23 Jun 2018,05:00,30,52,82,30,52,82,No Group
Manchester City Council - Chorlton,Chorlton Place,2018,June,25,Saturday,23 Jun 2018,06:00,5,8,13,5,8,13,No Group
Manchester City Council - Chorlton,Chorlton Place,2018,June,25,Saturday,23 Jun 2018,07:00,10,27,37,10,27,37,No Group
Manchester City Council - Chorlton,Chorlton Place,2018,June,25,Saturday,23 Jun 2018,08:00,44,55,99,44,55,99,No Group
Manchester City Council - Chorlton,Chorlton Place,2018,June,25,Saturday,23 Jun 2018,09:00,114,147,261,114,147,261,No Group
Manchester City Council - Chorlton,Chorlton Place,2018,June,25,Saturday,23 Jun 2018,10:00,174,206,380,174,206,380,No Group
Manchester City Council - Chorlton,Chorlton Place,2018,June,25,Saturday,23 Jun 2018,11:00,228,286,514,228,286,514,No Group
Manchester City Council - Chorlton,Chorlton Place,2018,June,25,Saturday,23 Jun 2018,12:00,306,344,650,306,344,650,No Group
Manchester City Council - Chorlton,Chorlton Place,2018,June,25,Saturday,23 Jun 2018,13:00,300,326,626,300,326,626,No Group
Manchester City Council - Chorlton,Chorlton Place,2018,June,25,Saturday,23 Jun 2018,14:00,280,270,550,280,270,550,No Group
Manchester City Council - Chorlton,Chorlton Place,2018,June,25,Saturday,23 Jun 2018,15:00,302,314,616,302,314,616,No Group
Manchester City Council - Chorlton,Chorlton Place,2018,June,25,Saturday,23 Jun 2018,16:00,228,226,454,228,226,454,No Group
Manchester City Council - Chorlton,Chorlton Place,2018,June,25,Saturday,23 Jun 2018,17:00,123,131,254,123,131,254,No Group
Manchester City Council - Chorlton,Chorlton Place,2018,June,25,Saturday,23 Jun 2018,18:00,105,108,213,105,108,213,No Group
Manchester City Council - Chorlton,Chorlton Place,2018,June,25,Saturday,23 Jun 2018,19:00,101,77,178,101,77,178,No Group
Manchester City Council - Chorlton,Chorlton Place,2018,June,25,Saturday,23 Jun 2018,20:00,49,61,110,49,61,110,No Group
Manchester City Council - Chorlton,Chorlton Place,2018,June,25,Saturday,23 Jun 2018,21:00,69,83,152,69,83,152,No Group
Manchester City Council - Chorlton,Chorlton Place,2018,June,25,Saturday,23 Jun 2018,22:00,46,60,106,46,60,106,No Group
Manchester City Council - Chorlton,Chorlton Place,2018,June,25,Saturday,23 Jun 2018,23:00,43,59,102,43,59,102,No Group
Manchester City Council - Chorlton,Chorlton Place,2018,June,25,Sunday,24 Jun 2018,00:00,20,46,66,20,46,66,No Group
Manchester City Council - Chorlton,Chorlton Place,2018,June,25,Sunday,24 Jun 2018,01:00,16,18,34,16,18,34,No Group
Manchester City Council - Chorlton,Chorlton Place,2018,June,25,Sunday,24 Jun 2018,02:00,8,2,10,8,2,10,No Group
Manchester City Council - Chorlton,Chorlton Place,2018,June,25,Sunday,24 Jun 2018,03:00,8,3,11,8,3,11,No Group
Manchester City Council - Chorlton,Chorlton Place,2018,June,25,Sunday,24 Jun 2018,04:00,6,3,9,6,3,9,No Group
Manchester City Council - Chorlton,Chorlton Place,2018,June,25,Sunday,24 Jun 2018,05:00,4,3,7,4,3,7,No Group
Manchester City Council - Chorlton,Chorlton Place,2018,June,25,Sunday,24 Jun 2018,06:00,9,6,15,9,6,15,No Group
Manchester City Council - Chorlton,Chorlton Place,2018,June,25,Sunday,24 Jun 2018,07:00,10,8,18,10,8,18,No Group
Manchester City Council - Chorlton,Chorlton Place,2018,June,25,Sunday,24 Jun 2018,08:00,11,20,31,11,20,31,No Group
Manchester City Council - Chorlton,Chorlton Place,2018,June,25,Sunday,24 Jun 2018,09:00,54,71,125,54,71,125,No Group
Manchester City Council - Chorlton,Chorlton Place,2018,June,25,Sunday,24 Jun 2018,10:00,87,96,183,87,96,183,No Group
Manchester City Council - Chorlton,Chorlton Place,2018,June,25,Sunday,24 Jun 2018,11:00,125,147,272,125,147,272,No Group
Manchester City Council - Chorlton,Chorlton Place,2018,June,25,Sunday,24 Jun 2018,12:00,218,182,400,218,182,400,No Group
Manchester City Council - Chorlton,Chorlton Place,2018,June,25,Sunday,24 Jun 2018,13:00,177,139,316,177,139,316,No Group
Manchester City Council - Chorlton,Chorlton Place,2018,June,25,Sunday,24 Jun 2018,14:00,138,171,309,138,171,309,No Group
Manchester City Council - Chorlton,Chorlton Place,2018,June,25,Sunday,24 Jun 2018,15:00,168,207,375,168,207,375,No Group
Manchester City Council - Chorlton,Chorlton Place,2018,June,25,Sunday,24 Jun 2018,16:00,96,136,232,96,136,232,No Group
Manchester City Council - Chorlton,Chorlton Place,2018,June,25,Sunday,24 Jun 2018,17:00,76,87,163,76,87,163,No Group
Manchester City Council - Chorlton,Chorlton Place,2018,June,25,Sunday,24 Jun 2018,18:00,59,67,126,59,67,126,No Group
Manchester City Council - Chorlton,Chorlton Place,2018,June,25,Sunday,24 Jun 2018,19:00,66,60,126,66,60,126,No Group
Manchester City Council - Chorlton,Chorlton Place,2018,June,25,Sunday,24 Jun 2018,20:00,36,69,105,36,69,105,No Group
Manchester City Council - Chorlton,Chorlton Place,2018,June,25,Sunday,24 Jun 2018,21:00,31,41,72,31,41,72,No Group
Manchester City Council - Chorlton,Chorlton Place,2018,June,25,Sunday,24 Jun 2018,22:00,29,30,59,29,30,59,No Group
Manchester City Council - Chorlton,Chorlton Place,2018,June,25,Sunday,24 Jun 2018,23:00,17,22,39,17,22,39,No Group
Manchester City Council - Chorlton,Chorlton Place,2018,June,26,Monday,25 Jun 2018,00:00,10,0,10,10,0,10,No Group
Manchester City Council - Chorlton,Chorlton Place,2018,June,26,Monday,25 Jun 2018,01:00,2,0,2,2,0,2,No Group
Manchester City Council - Chorlton,Chorlton Place,2018,June,26,Monday,25 Jun 2018,02:00,0,1,1,0,1,1,No Group
Manchester City Council - Chorlton,Chorlton Place,2018,June,26,Monday,25 Jun 2018,03:00,0,4,4,0,4,4,No Group
Manchester City Council - Chorlton,Chorlton Place,2018,June,26,Monday,25 Jun 2018,04:00,6,12,18,6,12,18,No Group
Manchester City Council - Chorlton,Chorlton Place,2018,June,26,Monday,25 Jun 2018,05:00,6,8,14,6,8,14,No Group
Manchester City Council - Chorlton,Chorlton Place,2018,June,26,Monday,25 Jun 2018,06:00,6,26,32,6,26,32,No Group
Manchester City Council - Chorlton,Chorlton Place,2018,June,26,Monday,25 Jun 2018,07:00,33,90,123,33,90,123,No Group
Manchester City Council - Chorlton,Chorlton Place,2018,June,26,Monday,25 Jun 2018,08:00,37,133,170,37,133,170,No Group
Manchester City Council - Chorlton,Chorlton Place,2018,June,26,Monday,25 Jun 2018,09:00,100,142,242,100,142,242,No Group
Manchester City Council - Chorlton,Chorlton Place,2018,June,26,Monday,25 Jun 2018,10:00,119,133,252,119,133,252,No Group
Manchester City Council - Chorlton,Chorlton Place,2018,June,26,Monday,25 Jun 2018,11:00,145,187,332,145,187,332,No Group
Manchester City Council - Chorlton,Chorlton Place,2018,June,26,Monday,25 Jun 2018,12:00,213,252,465,213,252,465,No Group
Manchester City Council - Chorlton,Chorlton Place,2018,June,26,Monday,25 Jun 2018,13:00,178,233,411,178,233,411,No Group
Manchester City Council - Chorlton,Chorlton Place,2018,June,26,Monday,25 Jun 2018,14:00,169,191,360,169,191,360,No Group
Manchester City Council - Chorlton,Chorlton Place,2018,June,26,Monday,25 Jun 2018,15:00,162,151,313,162,151,313,No Group
Manchester City Council - Chorlton,Chorlton Place,2018,June,26,Monday,25 Jun 2018,16:00,139,151,290,139,151,290,No Group
Manchester City Council - Chorlton,Chorlton Place,2018,June,26,Monday,25 Jun 2018,17:00,105,83,188,105,83,188,No Group
Manchester City Council - Chorlton,Chorlton Place,2018,June,26,Monday,25 Jun 2018,18:00,124,91,215,124,91,215,No Group
Manchester City Council - Chorlton,Chorlton Place,2018,June,26,Monday,25 Jun 2018,19:00,72,86,158,72,86,158,No Group
Manchester City Council - Chorlton,Chorlton Place,2018,June,26,Monday,25 Jun 2018,20:00,58,67,125,58,67,125,No Group
Manchester City Council - Chorlton,Chorlton Place,2018,June,26,Monday,25 Jun 2018,21:00,20,34,54,20,34,54,No Group
Manchester City Council - Chorlton,Chorlton Place,2018,June,26,Monday,25 Jun 2018,22:00,22,32,54,22,32,54,No Group
Manchester City Council - Chorlton,Chorlton Place,2018,June,26,Monday,25 Jun 2018,23:00,24,11,35,24,11,35,No Group
Manchester City Council - Chorlton,Chorlton Place,2018,June,26,Tuesday,26 Jun 2018,00:00,7,5,12,7,5,12,No Group
Manchester City Council - Chorlton,Chorlton Place,2018,June,26,Tuesday,26 Jun 2018,01:00,10,6,16,10,6,16,No Group
Manchester City Council - Chorlton,Chorlton Place,2018,June,26,Tuesday,26 Jun 2018,02:00,10,5,15,10,5,15,No Group
Manchester City Council - Chorlton,Chorlton Place,2018,June,26,Tuesday,26 Jun 2018,03:00,1,6,7,1,6,7,No Group
Manchester City Council - Chorlton,Chorlton Place,2018,June,26,Tuesday,26 Jun 2018,04:00,1,3,4,1,3,4,No Group
Manchester City Council - Chorlton,Chorlton Place,2018,June,26,Tuesday,26 Jun 2018,05:00,2,4,6,2,4,6,No Group
Manchester City Council - Chorlton,Chorlton Place,2018,June,26,Tuesday,26 Jun 2018,06:00,6,24,30,6,24,30,No Group
Manchester City Council - Chorlton,Chorlton Place,2018,June,26,Tuesday,26 Jun 2018,07:00,34,88,122,34,88,122,No Group
Manchester City Council - Chorlton,Chorlton Place,2018,June,26,Tuesday,26 Jun 2018,08:00,46,124,170,46,124,170,No Group
Manchester City Council - Chorlton,Chorlton Place,2018,June,26,Tuesday,26 Jun 2018,09:00,80,137,217,80,137,217,No Group
Manchester City Council - Chorlton,Chorlton Place,2018,June,26,Tuesday,26 Jun 2018,10:00,134,143,277,134,143,277,No Group
Manchester City Council - Chorlton,Chorlton Place,2018,June,26,Tuesday,26 Jun 2018,11:00,166,203,369,166,203,369,No Group
Manchester City Council - Chorlton,Chorlton Place,2018,June,26,Tuesday,26 Jun 2018,12:00,182,211,393,182,211,393,No Group
Manchester City Council - Chorlton,Chorlton Place,2018,June,26,Tuesday,26 Jun 2018,13:00,224,226,450,224,226,450,No Group
Manchester City Council - Chorlton,Chorlton Place,2018,June,26,Tuesday,26 Jun 2018,14:00,170,188,358,170,188,358,No Group
Manchester City Council - Chorlton,Chorlton Place,2018,June,26,Tuesday,26 Jun 2018,15:00,169,164,333,169,164,333,No Group
Manchester City Council - Chorlton,Chorlton Place,2018,June,26,Tuesday,26 Jun 2018,16:00,140,118,258,140,118,258,No Group
Manchester City Council - Chorlton,Chorlton Place,2018,June,26,Tuesday,26 Jun 2018,17:00,105,81,186,105,81,186,No Group
Manchester City Council - Chorlton,Chorlton Place,2018,June,26,Tuesday,26 Jun 2018,18:00,82,63,145,82,63,145,No Group
Manchester City Council - Chorlton,Chorlton Place,2018,June,26,Tuesday,26 Jun 2018,19:00,82,53,135,82,53,135,No Group
Manchester City Council - Chorlton,Chorlton Place,2018,June,26,Tuesday,26 Jun 2018,20:00,42,45,87,42,45,87,No Group
Manchester City Council - Chorlton,Chorlton Place,2018,June,26,Tuesday,26 Jun 2018,21:00,38,50,88,38,50,88,No Group
Manchester City Council - Chorlton,Chorlton Place,2018,June,26,Tuesday,26 Jun 2018,22:00,37,30,67,37,30,67,No Group
Manchester City Council - Chorlton,Chorlton Place,2018,June,26,Tuesday,26 Jun 2018,23:00,24,11,35,24,11,35,No Group
Manchester City Council - Chorlton,Chorlton Place,2018,June,26,Wednesday,27 Jun 2018,00:00,10,1,11,10,1,11,No Group
Manchester City Council - Chorlton,Chorlton Place,2018,June,26,Wednesday,27 Jun 2018,01:00,1,3,4,1,3,4,No Group
Manchester City Council - Chorlton,Chorlton Place,2018,June,26,Wednesday,27 Jun 2018,02:00,0,1,1,0,1,1,No Group
Manchester City Council - Chorlton,Chorlton Place,2018,June,26,Wednesday,27 Jun 2018,03:00,0,3,3,0,3,3,No Group
Manchester City Council - Chorlton,Chorlton Place,2018,June,26,Wednesday,27 Jun 2018,04:00,5,9,14,5,9,14,No Group
Manchester City Council - Chorlton,Chorlton Place,2018,June,26,Wednesday,27 Jun 2018,05:00,4,5,9,4,5,9,No Group
Manchester City Council - Chorlton,Chorlton Place,2018,June,26,Wednesday,27 Jun 2018,06:00,8,22,30,8,22,30,No Group
Manchester City Council - Chorlton,Chorlton Place,2018,June,26,Wednesday,27 Jun 2018,07:00,28,86,114,28,86,114,No Group
Manchester City Council - Chorlton,Chorlton Place,2018,June,26,Wednesday,27 Jun 2018,08:00,60,121,181,60,121,181,No Group
Manchester City Council - Chorlton,Chorlton Place,2018,June,26,Wednesday,27 Jun 2018,09:00,93,120,213,93,120,213,No Group
Manchester City Council - Chorlton,Chorlton Place,2018,June,26,Wednesday,27 Jun 2018,10:00,138,153,291,138,153,291,No Group
Manchester City Council - Chorlton,Chorlton Place,2018,June,26,Wednesday,27 Jun 2018,11:00,139,168,307,139,168,307,No Group
Manchester City Council - Chorlton,Chorlton Place,2018,June,26,Wednesday,27 Jun 2018,12:00,179,214,393,179,214,393,No Group
Manchester City Council - Chorlton,Chorlton Place,2018,June,26,Wednesday,27 Jun 2018,13:00,190,207,397,190,207,397,No Group
Manchester City Council - Chorlton,Chorlton Place,2018,June,26,Wednesday,27 Jun 2018,14:00,200,201,401,200,201,401,No Group
Manchester City Council - Chorlton,Chorlton Place,2018,June,26,Wednesday,27 Jun 2018,15:00,143,149,292,143,149,292,No Group
Manchester City Council - Chorlton,Chorlton Place,2018,June,26,Wednesday,27 Jun 2018,16:00,144,142,286,144,142,286,No Group
Manchester City Council - Chorlton,Chorlton Place,2018,June,26,Wednesday,27 Jun 2018,17:00,118,98,216,118,98,216,No Group
Manchester City Council - Chorlton,Chorlton Place,2018,June,26,Wednesday,27 Jun 2018,18:00,79,79,158,79,79,158,No Group
Manchester City Council - Chorlton,Chorlton Place,2018,June,26,Wednesday,27 Jun 2018,19:00,91,69,160,91,69,160,No Group
Manchester City Council - Chorlton,Chorlton Place,2018,June,26,Wednesday,27 Jun 2018,20:00,59,58,117,59,58,117,No Group
Manchester City Council - Chorlton,Chorlton Place,2018,June,26,Wednesday,27 Jun 2018,21:00,39,52,91,39,52,91,No Group
Manchester City Council - Chorlton,Chorlton Place,2018,June,26,Wednesday,27 Jun 2018,22:00,27,32,59,27,32,59,No Group
Manchester City Council - Chorlton,Chorlton Place,2018,June,26,Wednesday,27 Jun 2018,23:00,32,12,44,32,12,44,No Group
Manchester City Council - Chorlton,Chorlton Place,2018,June,26,Thursday,28 Jun 2018,00:00,12,9,21,12,9,21,No Group
Manchester City Council - Chorlton,Chorlton Place,2018,June,26,Thursday,28 Jun 2018,01:00,6,1,7,6,1,7,No Group
Manchester City Council - Chorlton,Chorlton Place,2018,June,26,Thursday,28 Jun 2018,02:00,0,1,1,0,1,1,No Group
Manchester City Council - Chorlton,Chorlton Place,2018,June,26,Thursday,28 Jun 2018,03:00,1,4,5,1,4,5,No Group
Manchester City Council - Chorlton,Chorlton Place,2018,June,26,Thursday,28 Jun 2018,04:00,6,12,18,6,12,18,No Group
Manchester City Council - Chorlton,Chorlton Place,2018,June,26,Thursday,28 Jun 2018,05:00,7,10,17,7,10,17,No Group
Manchester City Council - Chorlton,Chorlton Place,2018,June,26,Thursday,28 Jun 2018,06:00,18,26,44,18,26,44,No Group
Manchester City Council - Chorlton,Chorlton Place,2018,June,26,Thursday,28 Jun 2018,07:00,34,91,125,34,91,125,No Group
Manchester City Council - Chorlton,Chorlton Place,2018,June,26,Thursday,28 Jun 2018,08:00,41,132,173,41,132,173,No Group
Manchester City Council - Chorlton,Chorlton Place,2018,June,26,Thursday,28 Jun 2018,09:00,122,131,253,122,131,253,No Group
Manchester City Council - Chorlton,Chorlton Place,2018,June,26,Thursday,28 Jun 2018,10:00,143,169,312,143,169,312,No Group
Manchester City Council - Chorlton,Chorlton Place,2018,June,26,Thursday,28 Jun 2018,11:00,153,159,312,153,159,312,No Group
Manchester City Council - Chorlton,Chorlton Place,2018,June,26,Thursday,28 Jun 2018,12:00,261,306,567,261,306,567,No Group
Manchester City Council - Chorlton,Chorlton Place,2018,June,26,Thursday,28 Jun 2018,13:00,231,293,524,231,293,524,No Group
Manchester City Council - Chorlton,Chorlton Place,2018,June,26,Thursday,28 Jun 2018,14:00,183,212,395,183,212,395,No Group
Manchester City Council - Chorlton,Chorlton Place,2018,June,26,Thursday,28 Jun 2018,15:00,167,177,344,167,177,344,No Group
Manchester City Council - Chorlton,Chorlton Place,2018,June,26,Thursday,28 Jun 2018,16:00,190,179,369,190,179,369,No Group
Manchester City Council - Chorlton,Chorlton Place,2018,June,26,Thursday,28 Jun 2018,17:00,116,105,221,116,105,221,No Group
Manchester City Council - Chorlton,Chorlton Place,2018,June,26,Thursday,28 Jun 2018,18:00,162,111,273,162,111,273,No Group
Manchester City Council - Chorlton,Chorlton Place,2018,June,26,Thursday,28 Jun 2018,19:00,64,61,125,64,61,125,No Group
Manchester City Council - Chorlton,Chorlton Place,2018,June,26,Thursday,28 Jun 2018,20:00,40,76,116,40,76,116,No Group
Manchester City Council - Chorlton,Chorlton Place,2018,June,26,Thursday,28 Jun 2018,21:00,70,79,149,70,79,149,No Group
Manchester City Council - Chorlton,Chorlton Place,2018,June,26,Thursday,28 Jun 2018,22:00,49,49,98,49,49,98,No Group
Manchester City Council - Chorlton,Chorlton Place,2018,June,26,Thursday,28 Jun 2018,23:00,39,30,69,39,30,69,No Group
Manchester City Council - Chorlton,Chorlton Place,2018,June,26,Friday,29 Jun 2018,00:00,30,26,56,30,26,56,No Group
Manchester City Council - Chorlton,Chorlton Place,2018,June,26,Friday,29 Jun 2018,01:00,14,6,20,14,6,20,No Group
Manchester City Council - Chorlton,Chorlton Place,2018,June,26,Friday,29 Jun 2018,02:00,3,3,6,3,3,6,No Group
Manchester City Council - Chorlton,Chorlton Place,2018,June,26,Friday,29 Jun 2018,03:00,1,5,6,1,5,6,No Group
Manchester City Council - Chorlton,Chorlton Place,2018,June,26,Friday,29 Jun 2018,04:00,3,7,10,3,7,10,No Group
Manchester City Council - Chorlton,Chorlton Place,2018,June,26,Friday,29 Jun 2018,05:00,10,9,19,10,9,19,No Group
Manchester City Council - Chorlton,Chorlton Place,2018,June,26,Friday,29 Jun 2018,06:00,10,27,37,10,27,37,No Group
Manchester City Council - Chorlton,Chorlton Place,2018,June,26,Friday,29 Jun 2018,07:00,32,105,137,32,105,137,No Group
Manchester City Council - Chorlton,Chorlton Place,2018,June,26,Friday,29 Jun 2018,08:00,38,114,152,38,114,152,No Group
Manchester City Council - Chorlton,Chorlton Place,2018,June,26,Friday,29 Jun 2018,09:00,102,145,247,102,145,247,No Group
Manchester City Council - Chorlton,Chorlton Place,2018,June,26,Friday,29 Jun 2018,10:00,146,155,301,146,155,301,No Group
Manchester City Council - Chorlton,Chorlton Place,2018,June,26,Friday,29 Jun 2018,11:00,154,185,339,154,185,339,No Group
Manchester City Council - Chorlton,Chorlton Place,2018,June,26,Friday,29 Jun 2018,12:00,223,237,460,223,237,460,No Group
Manchester City Council - Chorlton,Chorlton Place,2018,June,26,Friday,29 Jun 2018,13:00,242,308,550,242,308,550,No Group
Manchester City Council - Chorlton,Chorlton Place,2018,June,26,Friday,29 Jun 2018,14:00,210,277,487,210,277,487,No Group
Manchester City Council - Chorlton,Chorlton Place,2018,June,26,Friday,29 Jun 2018,15:00,187,171,358,187,171,358,No Group
Manchester City Council - Chorlton,Chorlton Place,2018,June,26,Friday,29 Jun 2018,16:00,146,174,320,146,174,320,No Group
Manchester City Council - Chorlton,Chorlton Place,2018,June,26,Friday,29 Jun 2018,17:00,109,117,226,109,117,226,No Group
Manchester City Council - Chorlton,Chorlton Place,2018,June,26,Friday,29 Jun 2018,18:00,99,102,201,99,102,201,No Group
Manchester City Council - Chorlton,Chorlton Place,2018,June,26,Friday,29 Jun 2018,19:00,84,92,176,84,92,176,No Group
Manchester City Council - Chorlton,Chorlton Place,2018,June,26,Friday,29 Jun 2018,20:00,86,76,162,86,76,162,No Group
Manchester City Council - Chorlton,Chorlton Place,2018,June,26,Friday,29 Jun 2018,21:00,53,56,109,53,56,109,No Group
Manchester City Council - Chorlton,Chorlton Place,2018,June,26,Friday,29 Jun 2018,22:00,53,51,104,53,51,104,No Group
Manchester City Council - Chorlton,Chorlton Place,2018,June,26,Friday,29 Jun 2018,23:00,32,22,54,32,22,54,No Group
Manchester City Council - Chorlton,Chorlton Place,2018,June,26,Saturday,30 Jun 2018,00:00,23,15,38,23,15,38,No Group
Manchester City Council - Chorlton,Chorlton Place,2018,June,26,Saturday,30 Jun 2018,01:00,21,13,34,21,13,34,No Group
Manchester City Council - Chorlton,Chorlton Place,2018,June,26,Saturday,30 Jun 2018,02:00,7,4,11,7,4,11,No Group
Manchester City Council - Chorlton,Chorlton Place,2018,June,26,Saturday,30 Jun 2018,03:00,1,4,5,1,4,5,No Group
Manchester City Council - Chorlton,Chorlton Place,2018,June,26,Saturday,30 Jun 2018,04:00,3,7,10,3,7,10,No Group
Manchester City Council - Chorlton,Chorlton Place,2018,June,26,Saturday,30 Jun 2018,05:00,10,8,18,10,8,18,No Group
Manchester City Council - Chorlton,Chorlton Place,2018,June,26,Saturday,30 Jun 2018,06:00,7,9,16,7,9,16,No Group
Manchester City Council - Chorlton,Chorlton Place,2018,June,26,Saturday,30 Jun 2018,07:00,12,24,36,12,24,36,No Group
Manchester City Council - Chorlton,Chorlton Place,2018,June,26,Saturday,30 Jun 2018,08:00,52,69,121,52,69,121,No Group
Manchester City Council - Chorlton,Chorlton Place,2018,June,26,Saturday,30 Jun 2018,09:00,116,123,239,116,123,239,No Group
Manchester City Council - Chorlton,Chorlton Place,2018,June,26,Saturday,30 Jun 2018,10:00,201,231,432,201,231,432,No Group
Manchester City Council - Chorlton,Chorlton Place,2018,June,26,Saturday,30 Jun 2018,11:00,245,288,533,245,288,533,No Group
Manchester City Council - Chorlton,Chorlton Place,2018,June,26,Saturday,30 Jun 2018,12:00,329,390,719,329,390,719,No Group
Manchester City Council - Chorlton,Chorlton Place,2018,June,26,Saturday,30 Jun 2018,13:00,351,385,736,351,385,736,No Group
Manchester City Council - Chorlton,Chorlton Place,2018,June,26,Saturday,30 Jun 2018,14:00,326,403,729,326,403,729,No Group
Manchester City Council - Chorlton,Chorlton Place,2018,June,26,Saturday,30 Jun 2018,15:00,224,245,469,224,245,469,No Group
Manchester City Council - Chorlton,Chorlton Place,2018,June,26,Saturday,30 Jun 2018,16:00,141,157,298,141,157,298,No Group
Manchester City Council - Chorlton,Chorlton Place,2018,June,26,Saturday,30 Jun 2018,17:00,85,127,212,85,127,212,No Group
Manchester City Council - Chorlton,Chorlton Place,2018,June,26,Saturday,30 Jun 2018,18:00,81,89,170,81,89,170,No Group
Manchester City Council - Chorlton,Chorlton Place,2018,June,26,Saturday,30 Jun 2018,19:00,83,65,148,83,65,148,No Group
Manchester City Council - Chorlton,Chorlton Place,2018,June,26,Saturday,30 Jun 2018,20:00,55,60,115,55,60,115,No Group
Manchester City Council - Chorlton,Chorlton Place,2018,June,26,Saturday,30 Jun 2018,21:00,67,90,157,67,90,157,No Group
Manchester City Council - Chorlton,Chorlton Place,2018,June,26,Saturday,30 Jun 2018,22:00,57,67,124,57,67,124,No Group
Manchester City Council - Chorlton,Chorlton Place,2018,June,26,Saturday,30 Jun 2018,23:00,37,51,88,37,51,88,No Group
Manchester City Council - Chorlton,Chorlton Place,2018,June,26,Sunday,01 Jul 2018,00:00,34,41,75,34,41,75,No Group
Manchester City Council - Chorlton,Chorlton Place,2018,June,26,Sunday,01 Jul 2018,01:00,24,17,41,24,17,41,No Group
Manchester City Council - Chorlton,Chorlton Place,2018,June,26,Sunday,01 Jul 2018,02:00,6,1,7,6,1,7,No Group
Manchester City Council - Chorlton,Chorlton Place,2018,June,26,Sunday,01 Jul 2018,03:00,0,0,0,0,0,0,No Group
Manchester City Council - Chorlton,Chorlton Place,2018,June,26,Sunday,01 Jul 2018,04:00,0,1,1,0,1,1,No Group
Manchester City Council - Chorlton,Chorlton Place,2018,June,26,Sunday,01 Jul 2018,05:00,1,2,3,1,2,3,No Group
Manchester City Council - Chorlton,Chorlton Place,2018,June,26,Sunday,01 Jul 2018,06:00,3,6,9,3,6,9,No Group
Manchester City Council - Chorlton,Chorlton Place,2018,June,26,Sunday,01 Jul 2018,07:00,16,15,31,16,15,31,No Group
Manchester City Council - Chorlton,Chorlton Place,2018,June,26,Sunday,01 Jul 2018,08:00,22,26,48,22,26,48,No Group
Manchester City Council - Chorlton,Chorlton Place,2018,June,26,Sunday,01 Jul 2018,09:00,25,41,66,25,41,66,No Group
Manchester City Council - Chorlton,Chorlton Place,2018,June,26,Sunday,01 Jul 2018,10:00,67,103,170,67,103,170,No Group
Manchester City Council - Chorlton,Chorlton Place,2018,June,26,Sunday,01 Jul 2018,11:00,79,115,194,79,115,194,No Group
Manchester City Council - Chorlton,Chorlton Place,2018,June,26,Sunday,01 Jul 2018,12:00,139,155,294,139,155,294,No Group
Manchester City Council - Chorlton,Chorlton Place,2018,June,26,Sunday,01 Jul 2018,13:00,166,178,344,166,178,344,No Group
Manchester City Council - Chorlton,Chorlton Place,2018,June,26,Sunday,01 Jul 2018,14:00,136,189,325,136,189,325,No Group
Manchester City Council - Chorlton,Chorlton Place,2018,June,26,Sunday,01 Jul 2018,15:00,129,135,264,129,135,264,No Group
Manchester City Council - Chorlton,Chorlton Place,2018,June,26,Sunday,01 Jul 2018,16:00,79,85,164,79,85,164,No Group
Manchester City Council - Chorlton,Chorlton Place,2018,June,26,Sunday,01 Jul 2018,17:00,47,66,113,47,66,113,No Group
Manchester City Council - Chorlton,Chorlton Place,2018,June,26,Sunday,01 Jul 2018,18:00,63,58,121,63,58,121,No Group
Manchester City Council - Chorlton,Chorlton Place,2018,June,26,Sunday,01 Jul 2018,19:00,59,51,110,59,51,110,No Group
Manchester City Council - Chorlton,Chorlton Place,2018,June,26,Sunday,01 Jul 2018,20:00,43,41,84,43,41,84,No Group
Manchester City Council - Chorlton,Chorlton Place,2018,June,26,Sunday,01 Jul 2018,21:00,27,28,55,27,28,55,No Group
Manchester City Council - Chorlton,Chorlton Place,2018,June,26,Sunday,01 Jul 2018,22:00,29,40,69,29,40,69,No Group
Manchester City Council - Chorlton,Chorlton Place,2018,June,26,Sunday,01 Jul 2018,23:00,27,14,41,27,14,41,No Group
Manchester City Council - Chorlton,Chorlton Place,2018,July,27,Monday,02 Jul 2018,00:00,13,8,21,13,8,21,No Group
Manchester City Council - Chorlton,Chorlton Place,2018,July,27,Monday,02 Jul 2018,01:00,12,20,32,12,20,32,No Group
Manchester City Council - Chorlton,Chorlton Place,2018,July,27,Monday,02 Jul 2018,02:00,1,2,3,1,2,3,No Group
Manchester City Council - Chorlton,Chorlton Place,2018,July,27,Monday,02 Jul 2018,03:00,0,2,2,0,2,2,No Group
Manchester City Council - Chorlton,Chorlton Place,2018,July,27,Monday,02 Jul 2018,04:00,2,7,9,2,7,9,No Group
Manchester City Council - Chorlton,Chorlton Place,2018,July,27,Monday,02 Jul 2018,05:00,3,4,7,3,4,7,No Group
Manchester City Council - Chorlton,Chorlton Place,2018,July,27,Monday,02 Jul 2018,06:00,9,28,37,9,28,37,No Group
Manchester City Council - Chorlton,Chorlton Place,2018,July,27,Monday,02 Jul 2018,07:00,17,79,96,17,79,96,No Group
Manchester City Council - Chorlton,Chorlton Place,2018,July,27,Monday,02 Jul 2018,08:00,38,122,160,38,122,160,No Group
Manchester City Council - Chorlton,Chorlton Place,2018,July,27,Monday,02 Jul 2018,09:00,85,122,207,85,122,207,No Group
Manchester City Council - Chorlton,Chorlton Place,2018,July,27,Monday,02 Jul 2018,10:00,127,119,246,127,119,246,No Group
Manchester City Council - Chorlton,Chorlton Place,2018,July,27,Monday,02 Jul 2018,11:00,140,174,314,140,174,314,No Group
Manchester City Council - Chorlton,Chorlton Place,2018,July,27,Monday,02 Jul 2018,12:00,183,208,391,183,208,391,No Group
Manchester City Council - Chorlton,Chorlton Place,2018,July,27,Monday,02 Jul 2018,13:00,192,243,435,192,243,435,No Group
Manchester City Council - Chorlton,Chorlton Place,2018,July,27,Monday,02 Jul 2018,14:00,183,203,386,183,203,386,No Group
Manchester City Council - Chorlton,Chorlton Place,2018,July,27,Monday,02 Jul 2018,15:00,159,153,312,159,153,312,No Group
Manchester City Council - Chorlton,Chorlton Place,2018,July,27,Monday,02 Jul 2018,16:00,131,141,272,131,141,272,No Group
Manchester City Council - Chorlton,Chorlton Place,2018,July,27,Monday,02 Jul 2018,17:00,140,130,270,140,130,270,No Group
Manchester City Council - Chorlton,Chorlton Place,2018,July,27,Monday,02 Jul 2018,18:00,99,97,196,99,97,196,No Group
Manchester City Council - Chorlton,Chorlton Place,2018,July,27,Monday,02 Jul 2018,19:00,81,62,143,81,62,143,No Group
Manchester City Council - Chorlton,Chorlton Place,2018,July,27,Monday,02 Jul 2018,20:00,48,48,96,48,48,96,No Group
Manchester City Council - Chorlton,Chorlton Place,2018,July,27,Monday,02 Jul 2018,21:00,42,45,87,42,45,87,No Group
Manchester City Council - Chorlton,Chorlton Place,2018,July,27,Monday,02 Jul 2018,22:00,18,14,32,18,14,32,No Group
Manchester City Council - Chorlton,Chorlton Place,2018,July,27,Monday,02 Jul 2018,23:00,21,9,30,21,9,30,No Group
Manchester City Council - Chorlton,Chorlton Place,2018,July,27,Tuesday,03 Jul 2018,00:00,9,8,17,9,8,17,No Group
Manchester City Council - Chorlton,Chorlton Place,2018,July,27,Tuesday,03 Jul 2018,01:00,1,1,2,1,1,2,No Group
Manchester City Council - Chorlton,Chorlton Place,2018,July,27,Tuesday,03 Jul 2018,02:00,0,4,4,0,4,4,No Group
Manchester City Council - Chorlton,Chorlton Place,2018,July,27,Tuesday,03 Jul 2018,03:00,0,2,2,0,2,2,No Group
Manchester City Council - Chorlton,Chorlton Place,2018,July,27,Tuesday,03 Jul 2018,04:00,1,3,4,1,3,4,No Group
Manchester City Council - Chorlton,Chorlton Place,2018,July,27,Tuesday,03 Jul 2018,05:00,2,4,6,2,4,6,No Group
Manchester City Council - Chorlton,Chorlton Place,2018,July,27,Tuesday,03 Jul 2018,06:00,8,34,42,8,34,42,No Group
Manchester City Council - Chorlton,Chorlton Place,2018,July,27,Tuesday,03 Jul 2018,07:00,31,81,112,31,81,112,No Group
Manchester City Council - Chorlton,Chorlton Place,2018,July,27,Tuesday,03 Jul 2018,08:00,54,106,160,54,106,160,No Group
Manchester City Council - Chorlton,Chorlton Place,2018,July,27,Tuesday,03 Jul 2018,09:00,93,136,229,93,136,229,No Group
Manchester City Council - Chorlton,Chorlton Place,2018,July,27,Tuesday,03 Jul 2018,10:00,141,159,300,141,159,300,No Group
Manchester City Council - Chorlton,Chorlton Place,2018,July,27,Tuesday,03 Jul 2018,11:00,153,188,341,153,188,341,No Group
Manchester City Council - Chorlton,Chorlton Place,2018,July,27,Tuesday,03 Jul 2018,12:00,194,196,390,194,196,390,No Group
Manchester City Council - Chorlton,Chorlton Place,2018,July,27,Tuesday,03 Jul 2018,13:00,243,294,537,243,294,537,No Group
Manchester City Council - Chorlton,Chorlton Place,2018,July,27,Tuesday,03 Jul 2018,14:00,193,245,438,193,245,438,No Group
Manchester City Council - Chorlton,Chorlton Place,2018,July,27,Tuesday,03 Jul 2018,15:00,164,225,389,164,225,389,No Group
Manchester City Council - Chorlton,Chorlton Place,2018,July,27,Tuesday,03 Jul 2018,16:00,156,144,300,156,144,300,No Group
Manchester City Council - Chorlton,Chorlton Place,2018,July,27,Tuesday,03 Jul 2018,17:00,134,97,231,134,97,231,No Group
Manchester City Council - Chorlton,Chorlton Place,2018,July,27,Tuesday,03 Jul 2018,18:00,137,91,228,137,91,228,No Group
Manchester City Council - Chorlton,Chorlton Place,2018,July,27,Tuesday,03 Jul 2018,19:00,78,64,142,78,64,142,No Group
Manchester City Council - Chorlton,Chorlton Place,2018,July,27,Tuesday,03 Jul 2018,20:00,32,28,60,32,28,60,No Group
Manchester City Council - Chorlton,Chorlton Place,2018,July,27,Tuesday,03 Jul 2018,21:00,30,56,86,30,56,86,No Group
Manchester City Council - Chorlton,Chorlton Place,2018,July,27,Tuesday,03 Jul 2018,22:00,49,97,146,49,97,146,No Group
Manchester City Council - Chorlton,Chorlton Place,2018,July,27,Tuesday,03 Jul 2018,23:00,30,31,61,30,31,61,No Group
Manchester City Council - Chorlton,Chorlton Place,2018,July,27,Wednesday,04 Jul 2018,00:00,31,28,59,31,28,59,No Group
Manchester City Council - Chorlton,Chorlton Place,2018,July,27,Wednesday,04 Jul 2018,01:00,4,5,9,4,5,9,No Group
Manchester City Council - Chorlton,Chorlton Place,2018,July,27,Wednesday,04 Jul 2018,02:00,3,1,4,3,1,4,No Group
Manchester City Council - Chorlton,Chorlton Place,2018,July,27,Wednesday,04 Jul 2018,03:00,1,3,4,1,3,4,No Group
Manchester City Council - Chorlton,Chorlton Place,2018,July,27,Wednesday,04 Jul 2018,04:00,0,2,2,0,2,2,No Group
Manchester City Council - Chorlton,Chorlton Place,2018,July,27,Wednesday,04 Jul 2018,05:00,5,9,14,5,9,14,No Group
Manchester City Council - Chorlton,Chorlton Place,2018,July,27,Wednesday,04 Jul 2018,06:00,6,28,34,6,28,34,No Group
Manchester City Council - Chorlton,Chorlton Place,2018,July,27,Wednesday,04 Jul 2018,07:00,28,95,123,28,95,123,No Group
Manchester City Council - Chorlton,Chorlton Place,2018,July,27,Wednesday,04 Jul 2018,08:00,52,142,194,52,142,194,No Group
Manchester City Council - Chorlton,Chorlton Place,2018,July,27,Wednesday,04 Jul 2018,09:00,111,130,241,111,130,241,No Group
Manchester City Council - Chorlton,Chorlton Place,2018,July,27,Wednesday,04 Jul 2018,10:00,130,151,281,130,151,281,No Group
Manchester City Council - Chorlton,Chorlton Place,2018,July,27,Wednesday,04 Jul 2018,11:00,126,156,282,126,156,282,No Group
Manchester City Council - Chorlton,Chorlton Place,2018,July,27,Wednesday,04 Jul 2018,12:00,180,190,370,180,190,370,No Group
Manchester City Council - Chorlton,Chorlton Place,2018,July,27,Wednesday,04 Jul 2018,13:00,203,222,425,203,222,425,No Group
Manchester City Council - Chorlton,Chorlton Place,2018,July,27,Wednesday,04 Jul 2018,14:00,177,254,431,177,254,431,No Group
Manchester City Council - Chorlton,Chorlton Place,2018,July,27,Wednesday,04 Jul 2018,15:00,192,182,374,192,182,374,No Group
Manchester City Council - Chorlton,Chorlton Place,2018,July,27,Wednesday,04 Jul 2018,16:00,145,154,299,145,154,299,No Group
Manchester City Council - Chorlton,Chorlton Place,2018,July,27,Wednesday,04 Jul 2018,17:00,127,128,255,127,128,255,No Group
Manchester City Council - Chorlton,Chorlton Place,2018,July,27,Wednesday,04 Jul 2018,18:00,102,101,203,102,101,203,No Group
Manchester City Council - Chorlton,Chorlton Place,2018,July,27,Wednesday,04 Jul 2018,19:00,78,56,134,78,56,134,No Group
Manchester City Council - Chorlton,Chorlton Place,2018,July,27,Wednesday,04 Jul 2018,20:00,52,44,96,52,44,96,No Group
Manchester City Council - Chorlton,Chorlton Place,2018,July,27,Wednesday,04 Jul 2018,21:00,44,49,93,44,49,93,No Group
Manchester City Council - Chorlton,Chorlton Place,2018,July,27,Wednesday,04 Jul 2018,22:00,36,34,70,36,34,70,No Group
Manchester City Council - Chorlton,Chorlton Place,2018,July,27,Wednesday,04 Jul 2018,23:00,16,14,30,16,14,30,No Group
Manchester City Council - Chorlton,Chorlton Place,2018,July,27,Thursday,05 Jul 2018,00:00,7,1,8,7,1,8,No Group
Manchester City Council - Chorlton,Chorlton Place,2018,July,27,Thursday,05 Jul 2018,01:00,3,1,4,3,1,4,No Group
Manchester City Council - Chorlton,Chorlton Place,2018,July,27,Thursday,05 Jul 2018,02:00,0,4,4,0,4,4,No Group
Manchester City Council - Chorlton,Chorlton Place,2018,July,27,Thursday,05 Jul 2018,03:00,3,6,9,3,6,9,No Group
Manchester City Council - Chorlton,Chorlton Place,2018,July,27,Thursday,05 Jul 2018,04:00,1,3,4,1,3,4,No Group
Manchester City Council - Chorlton,Chorlton Place,2018,July,27,Thursday,05 Jul 2018,05:00,1,6,7,1,6,7,No Group
Manchester City Council - Chorlton,Chorlton Place,2018,July,27,Thursday,05 Jul 2018,06:00,9,25,34,9,25,34,No Group
Manchester City Council - Chorlton,Chorlton Place,2018,July,27,Thursday,05 Jul 2018,07:00,30,98,128,30,98,128,No Group
Manchester City Council - Chorlton,Chorlton Place,2018,July,27,Thursday,05 Jul 2018,08:00,42,125,167,42,125,167,No Group
Manchester City Council - Chorlton,Chorlton Place,2018,July,27,Thursday,05 Jul 2018,09:00,84,110,194,84,110,194,No Group
Manchester City Council - Chorlton,Chorlton Place,2018,July,27,Thursday,05 Jul 2018,10:00,145,160,305,145,160,305,No Group
Manchester City Council - Chorlton,Chorlton Place,2018,July,27,Thursday,05 Jul 2018,11:00,177,189,366,177,189,366,No Group
Manchester City Council - Chorlton,Chorlton Place,2018,July,27,Thursday,05 Jul 2018,12:00,187,222,409,187,222,409,No Group
Manchester City Council - Chorlton,Chorlton Place,2018,July,27,Thursday,05 Jul 2018,13:00,225,278,503,225,278,503,No Group
Manchester City Council - Chorlton,Chorlton Place,2018,July,27,Thursday,05 Jul 2018,14:00,175,232,407,175,232,407,No Group
Manchester City Council - Chorlton,Chorlton Place,2018,July,27,Thursday,05 Jul 2018,15:00,146,178,324,146,178,324,No Group
Manchester City Council - Chorlton,Chorlton Place,2018,July,27,Thursday,05 Jul 2018,16:00,142,152,294,142,152,294,No Group
Manchester City Council - Chorlton,Chorlton Place,2018,July,27,Thursday,05 Jul 2018,17:00,105,105,210,105,105,210,No Group
Manchester City Council - Chorlton,Chorlton Place,2018,July,27,Thursday,05 Jul 2018,18:00,125,69,194,125,69,194,No Group
Manchester City Council - Chorlton,Chorlton Place,2018,July,27,Thursday,05 Jul 2018,19:00,79,72,151,79,72,151,No Group
Manchester City Council - Chorlton,Chorlton Place,2018,July,27,Thursday,05 Jul 2018,20:00,51,71,122,51,71,122,No Group
Manchester City Council - Chorlton,Chorlton Place,2018,July,27,Thursday,05 Jul 2018,21:00,48,48,96,48,48,96,No Group
Manchester City Council - Chorlton,Chorlton Place,2018,July,27,Thursday,05 Jul 2018,22:00,26,27,53,26,27,53,No Group
Manchester City Council - Chorlton,Chorlton Place,2018,July,27,Thursday,05 Jul 2018,23:00,23,14,37,23,14,37,No Group
Manchester City Council - Chorlton,Chorlton Place,2018,July,27,Friday,06 Jul 2018,00:00,17,4,21,17,4,21,No Group
Manchester City Council - Chorlton,Chorlton Place,2018,July,27,Friday,06 Jul 2018,01:00,17,7,24,17,7,24,No Group
Manchester City Council - Chorlton,Chorlton Place,2018,July,27,Friday,06 Jul 2018,02:00,5,5,10,5,5,10,No Group
Manchester City Council - Chorlton,Chorlton Place,2018,July,27,Friday,06 Jul 2018,03:00,1,5,6,1,5,6,No Group
Manchester City Council - Chorlton,Chorlton Place,2018,July,27,Friday,06 Jul 2018,04:00,8,6,14,8,6,14,No Group
Manchester City Council - Chorlton,Chorlton Place,2018,July,27,Friday,06 Jul 2018,05:00,4,9,13,4,9,13,No Group
Manchester City Council - Chorlton,Chorlton Place,2018,July,27,Friday,06 Jul 2018,06:00,9,31,40,9,31,40,No Group
Manchester City Council - Chorlton,Chorlton Place,2018,July,27,Friday,06 Jul 2018,07:00,27,87,114,27,87,114,No Group
Manchester City Council - Chorlton,Chorlton Place,2018,July,27,Friday,06 Jul 2018,08:00,42,114,156,42,114,156,No Group
Manchester City Council - Chorlton,Chorlton Place,2018,July,27,Friday,06 Jul 2018,09:00,107,139,246,107,139,246,No Group
Manchester City Council - Chorlton,Chorlton Place,2018,July,27,Friday,06 Jul 2018,10:00,159,182,341,159,182,341,No Group
Manchester City Council - Chorlton,Chorlton Place,2018,July,27,Friday,06 Jul 2018,11:00,179,201,380,179,201,380,No Group
Manchester City Council - Chorlton,Chorlton Place,2018,July,27,Friday,06 Jul 2018,12:00,225,225,450,225,225,450,No Group
Manchester City Council - Chorlton,Chorlton Place,2018,July,27,Friday,06 Jul 2018,13:00,190,211,401,190,211,401,No Group
Manchester City Council - Chorlton,Chorlton Place,2018,July,27,Friday,06 Jul 2018,14:00,211,233,444,211,233,444,No Group
Manchester City Council - Chorlton,Chorlton Place,2018,July,27,Friday,06 Jul 2018,15:00,173,193,366,173,193,366,No Group
Manchester City Council - Chorlton,Chorlton Place,2018,July,27,Friday,06 Jul 2018,16:00,146,156,302,146,156,302,No Group
Manchester City Council - Chorlton,Chorlton Place,2018,July,27,Friday,06 Jul 2018,17:00,145,133,278,145,133,278,No Group
Manchester City Council - Chorlton,Chorlton Place,2018,July,27,Friday,06 Jul 2018,18:00,111,98,209,111,98,209,No Group
Manchester City Council - Chorlton,Chorlton Place,2018,July,27,Friday,06 Jul 2018,19:00,106,86,192,106,86,192,No Group
Manchester City Council - Chorlton,Chorlton Place,2018,July,27,Friday,06 Jul 2018,20:00,45,55,100,45,55,100,No Group
Manchester City Council - Chorlton,Chorlton Place,2018,July,27,Friday,06 Jul 2018,21:00,51,69,120,51,69,120,No Group
Manchester City Council - Chorlton,Chorlton Place,2018,July,27,Friday,06 Jul 2018,22:00,57,78,135,57,78,135,No Group
Manchester City Council - Chorlton,Chorlton Place,2018,July,27,Friday,06 Jul 2018,23:00,30,41,71,30,41,71,No Group
Manchester City Council - Chorlton,Chorlton Place,2018,July,27,Saturday,07 Jul 2018,00:00,16,26,42,16,26,42,No Group
Manchester City Council - Chorlton,Chorlton Place,2018,July,27,Saturday,07 Jul 2018,01:00,5,3,8,5,3,8,No Group
Manchester City Council - Chorlton,Chorlton Place,2018,July,27,Saturday,07 Jul 2018,02:00,8,3,11,8,3,11,No Group
Manchester City Council - Chorlton,Chorlton Place,2018,July,27,Saturday,07 Jul 2018,03:00,5,4,9,5,4,9,No Group
Manchester City Council - Chorlton,Chorlton Place,2018,July,27,Saturday,07 Jul 2018,04:00,2,1,3,2,1,3,No Group
Manchester City Council - Chorlton,Chorlton Place,2018,July,27,Saturday,07 Jul 2018,05:00,8,11,19,8,11,19,No Group
Manchester City Council - Chorlton,Chorlton Place,2018,July,27,Saturday,07 Jul 2018,06:00,6,12,18,6,12,18,No Group
Manchester City Council - Chorlton,Chorlton Place,2018,July,27,Saturday,07 Jul 2018,07:00,9,20,29,9,20,29,No Group
Manchester City Council - Chorlton,Chorlton Place,2018,July,27,Saturday,07 Jul 2018,08:00,57,72,129,57,72,129,No Group
Manchester City Council - Chorlton,Chorlton Place,2018,July,27,Saturday,07 Jul 2018,09:00,145,157,302,145,157,302,No Group
Manchester City Council - Chorlton,Chorlton Place,2018,July,27,Saturday,07 Jul 2018,10:00,188,215,403,188,215,403,No Group
Manchester City Council - Chorlton,Chorlton Place,2018,July,27,Saturday,07 Jul 2018,11:00,258,271,529,258,271,529,No Group
Manchester City Council - Chorlton,Chorlton Place,2018,July,27,Saturday,07 Jul 2018,12:00,287,339,626,287,339,626,No Group
Manchester City Council - Chorlton,Chorlton Place,2018,July,27,Saturday,07 Jul 2018,13:00,299,331,630,299,331,630,No Group
Manchester City Council - Chorlton,Chorlton Place,2018,July,27,Saturday,07 Jul 2018,14:00,297,216,513,297,216,513,No Group
Manchester City Council - Chorlton,Chorlton Place,2018,July,27,Saturday,07 Jul 2018,15:00,158,152,310,158,152,310,No Group
Manchester City Council - Chorlton,Chorlton Place,2018,July,27,Saturday,07 Jul 2018,16:00,130,127,257,130,127,257,No Group
Manchester City Council - Chorlton,Chorlton Place,2018,July,27,Saturday,07 Jul 2018,17:00,177,210,387,177,210,387,No Group
Manchester City Council - Chorlton,Chorlton Place,2018,July,27,Saturday,07 Jul 2018,18:00,106,115,221,106,115,221,No Group
Manchester City Council - Chorlton,Chorlton Place,2018,July,27,Saturday,07 Jul 2018,19:00,116,79,195,116,79,195,No Group
Manchester City Council - Chorlton,Chorlton Place,2018,July,27,Saturday,07 Jul 2018,20:00,74,85,159,74,85,159,No Group
Manchester City Council - Chorlton,Chorlton Place,2018,July,27,Saturday,07 Jul 2018,21:00,54,101,155,54,101,155,No Group
Manchester City Council - Chorlton,Chorlton Place,2018,July,27,Saturday,07 Jul 2018,22:00,54,72,126,54,72,126,No Group
Manchester City Council - Chorlton,Chorlton Place,2018,July,27,Saturday,07 Jul 2018,23:00,46,65,111,46,65,111,No Group
Manchester City Council - Chorlton,Chorlton Place,2018,July,27,Sunday,08 Jul 2018,00:00,36,37,73,36,37,73,No Group
Manchester City Council - Chorlton,Chorlton Place,2018,July,27,Sunday,08 Jul 2018,01:00,12,33,45,12,33,45,No Group
Manchester City Council - Chorlton,Chorlton Place,2018,July,27,Sunday,08 Jul 2018,02:00,6,3,9,6,3,9,No Group
Manchester City Council - Chorlton,Chorlton Place,2018,July,27,Sunday,08 Jul 2018,03:00,3,6,9,3,6,9,No Group
Manchester City Council - Chorlton,Chorlton Place,2018,July,27,Sunday,08 Jul 2018,04:00,2,2,4,2,2,4,No Group
Manchester City Council - Chorlton,Chorlton Place,2018,July,27,Sunday,08 Jul 2018,05:00,0,3,3,0,3,3,No Group
Manchester City Council - Chorlton,Chorlton Place,2018,July,27,Sunday,08 Jul 2018,06:00,3,5,8,3,5,8,No Group
Manchester City Council - Chorlton,Chorlton Place,2018,July,27,Sunday,08 Jul 2018,07:00,12,15,27,12,15,27,No Group
Manchester City Council - Chorlton,Chorlton Place,2018,July,27,Sunday,08 Jul 2018,08:00,16,17,33,16,17,33,No Group
Manchester City Council - Chorlton,Chorlton Place,2018,July,27,Sunday,08 Jul 2018,09:00,27,53,80,27,53,80,No Group
Manchester City Council - Chorlton,Chorlton Place,2018,July,27,Sunday,08 Jul 2018,10:00,49,71,120,49,71,120,No Group
Manchester City Council - Chorlton,Chorlton Place,2018,July,27,Sunday,08 Jul 2018,11:00,104,110,214,104,110,214,No Group
Manchester City Council - Chorlton,Chorlton Place,2018,July,27,Sunday,08 Jul 2018,12:00,108,116,224,108,116,224,No Group
Manchester City Council - Chorlton,Chorlton Place,2018,July,27,Sunday,08 Jul 2018,13:00,126,160,286,126,160,286,No Group
Manchester City Council - Chorlton,Chorlton Place,2018,July,27,Sunday,08 Jul 2018,14:00,126,160,286,126,160,286,No Group
Manchester City Council - Chorlton,Chorlton Place,2018,July,27,Sunday,08 Jul 2018,15:00,116,114,230,116,114,230,No Group
Manchester City Council - Chorlton,Chorlton Place,2018,July,27,Sunday,08 Jul 2018,16:00,64,87,151,64,87,151,No Group
Manchester City Council - Chorlton,Chorlton Place,2018,July,27,Sunday,08 Jul 2018,17:00,84,69,153,84,69,153,No Group
Manchester City Council - Chorlton,Chorlton Place,2018,July,27,Sunday,08 Jul 2018,18:00,62,62,124,62,62,124,No Group
Manchester City Council - Chorlton,Chorlton Place,2018,July,27,Sunday,08 Jul 2018,19:00,48,52,100,48,52,100,No Group
Manchester City Council - Chorlton,Chorlton Place,2018,July,27,Sunday,08 Jul 2018,20:00,37,36,73,37,36,73,No Group
Manchester City Council - Chorlton,Chorlton Place,2018,July,27,Sunday,08 Jul 2018,21:00,28,35,63,28,35,63,No Group
Manchester City Council - Chorlton,Chorlton Place,2018,July,27,Sunday,08 Jul 2018,22:00,26,20,46,26,20,46,No Group
Manchester City Council - Chorlton,Chorlton Place,2018,July,27,Sunday,08 Jul 2018,23:00,17,12,29,17,12,29,No Group
Manchester City Council - Chorlton,Chorlton Place,2018,July,28,Monday,09 Jul 2018,00:00,2,1,3,2,1,3,No Group
Manchester City Council - Chorlton,Chorlton Place,2018,July,28,Monday,09 Jul 2018,01:00,1,0,1,1,0,1,No Group
Manchester City Council - Chorlton,Chorlton Place,2018,July,28,Monday,09 Jul 2018,02:00,3,0,3,3,0,3,No Group
Manchester City Council - Chorlton,Chorlton Place,2018,July,28,Monday,09 Jul 2018,03:00,1,6,7,1,6,7,No Group
Manchester City Council - Chorlton,Chorlton Place,2018,July,28,Monday,09 Jul 2018,04:00,7,9,16,7,9,16,No Group
Manchester City Council - Chorlton,Chorlton Place,2018,July,28,Monday,09 Jul 2018,05:00,3,5,8,3,5,8,No Group
Manchester City Council - Chorlton,Chorlton Place,2018,July,28,Monday,09 Jul 2018,06:00,4,23,27,4,23,27,No Group
Manchester City Council - Chorlton,Chorlton Place,2018,July,28,Monday,09 Jul 2018,07:00,16,78,94,16,78,94,No Group
Manchester City Council - Chorlton,Chorlton Place,2018,July,28,Monday,09 Jul 2018,08:00,35,114,149,35,114,149,No Group
Manchester City Council - Chorlton,Chorlton Place,2018,July,28,Monday,09 Jul 2018,09:00,89,120,209,89,120,209,No Group
Manchester City Council - Chorlton,Chorlton Place,2018,July,28,Monday,09 Jul 2018,10:00,121,130,251,121,130,251,No Group
Manchester City Council - Chorlton,Chorlton Place,2018,July,28,Monday,09 Jul 2018,11:00,127,150,277,127,150,277,No Group
Manchester City Council - Chorlton,Chorlton Place,2018,July,28,Monday,09 Jul 2018,12:00,168,190,358,168,190,358,No Group
Manchester City Council - Chorlton,Chorlton Place,2018,July,28,Monday,09 Jul 2018,13:00,132,174,306,132,174,306,No Group
Manchester City Council - Chorlton,Chorlton Place,2018,July,28,Monday,09 Jul 2018,14:00,130,125,255,130,125,255,No Group
Manchester City Council - Chorlton,Chorlton Place,2018,July,28,Monday,09 Jul 2018,15:00,151,168,319,151,168,319,No Group
Manchester City Council - Chorlton,Chorlton Place,2018,July,28,Monday,09 Jul 2018,16:00,155,137,292,155,137,292,No Group
Manchester City Council - Chorlton,Chorlton Place,2018,July,28,Monday,09 Jul 2018,17:00,113,95,208,113,95,208,No Group
Manchester City Council - Chorlton,Chorlton Place,2018,July,28,Monday,09 Jul 2018,18:00,111,64,175,111,64,175,No Group
Manchester City Council - Chorlton,Chorlton Place,2018,July,28,Monday,09 Jul 2018,19:00,81,68,149,81,68,149,No Group
Manchester City Council - Chorlton,Chorlton Place,2018,July,28,Monday,09 Jul 2018,20:00,64,69,133,64,69,133,No Group
Manchester City Council - Chorlton,Chorlton Place,2018,July,28,Monday,09 Jul 2018,21:00,33,37,70,33,37,70,No Group
Manchester City Council - Chorlton,Chorlton Place,2018,July,28,Monday,09 Jul 2018,22:00,19,30,49,19,30,49,No Group
Manchester City Council - Chorlton,Chorlton Place,2018,July,28,Monday,09 Jul 2018,23:00,19,14,33,19,14,33,No Group
Manchester City Council - Chorlton,Chorlton Place,2018,July,28,Tuesday,10 Jul 2018,00:00,3,5,8,3,5,8,No Group
Manchester City Council - Chorlton,Chorlton Place,2018,July,28,Tuesday,10 Jul 2018,01:00,5,6,11,5,6,11,No Group
Manchester City Council - Chorlton,Chorlton Place,2018,July,28,Tuesday,10 Jul 2018,02:00,2,1,3,2,1,3,No Group
Manchester City Council - Chorlton,Chorlton Place,2018,July,28,Tuesday,10 Jul 2018,03:00,0,3,3,0,3,3,No Group
Manchester City Council - Chorlton,Chorlton Place,2018,July,28,Tuesday,10 Jul 2018,04:00,1,4,5,1,4,5,No Group
Manchester City Council - Chorlton,Chorlton Place,2018,July,28,Tuesday,10 Jul 2018,05:00,5,4,9,5,4,9,No Group
Manchester City Council - Chorlton,Chorlton Place,2018,July,28,Tuesday,10 Jul 2018,06:00,13,27,40,13,27,40,No Group
Manchester City Council - Chorlton,Chorlton Place,2018,July,28,Tuesday,10 Jul 2018,07:00,34,88,122,34,88,122,No Group
Manchester City Council - Chorlton,Chorlton Place,2018,July,28,Tuesday,10 Jul 2018,08:00,36,123,159,36,123,159,No Group
Manchester City Council - Chorlton,Chorlton Place,2018,July,28,Tuesday,10 Jul 2018,09:00,95,109,204,95,109,204,No Group
Manchester City Council - Chorlton,Chorlton Place,2018,July,28,Tuesday,10 Jul 2018,10:00,145,142,287,145,142,287,No Group
Manchester City Council - Chorlton,Chorlton Place,2018,July,28,Tuesday,10 Jul 2018,11:00,166,175,341,166,175,341,No Group
Manchester City Council - Chorlton,Chorlton Place,2018,July,28,Tuesday,10 Jul 2018,12:00,255,317,572,255,317,572,No Group
Manchester City Council - Chorlton,Chorlton Place,2018,July,28,Tuesday,10 Jul 2018,13:00,256,301,557,256,301,557,No Group
Manchester City Council - Chorlton,Chorlton Place,2018,July,28,Tuesday,10 Jul 2018,14:00,221,251,472,221,251,472,No Group
Manchester City Council - Chorlton,Chorlton Place,2018,July,28,Tuesday,10 Jul 2018,15:00,181,179,360,181,179,360,No Group
Manchester City Council - Chorlton,Chorlton Place,2018,July,28,Tuesday,10 Jul 2018,16:00,146,136,282,146,136,282,No Group
Manchester City Council - Chorlton,Chorlton Place,2018,July,28,Tuesday,10 Jul 2018,17:00,114,112,226,114,112,226,No Group
Manchester City Council - Chorlton,Chorlton Place,2018,July,28,Tuesday,10 Jul 2018,18:00,112,70,182,112,70,182,No Group
Manchester City Council - Chorlton,Chorlton Place,2018,July,28,Tuesday,10 Jul 2018,19:00,82,66,148,82,66,148,No Group
Manchester City Council - Chorlton,Chorlton Place,2018,July,28,Tuesday,10 Jul 2018,20:00,48,63,111,48,63,111,No Group
Manchester City Council - Chorlton,Chorlton Place,2018,July,28,Tuesday,10 Jul 2018,21:00,31,42,73,31,42,73,No Group
Manchester City Council - Chorlton,Chorlton Place,2018,July,28,Tuesday,10 Jul 2018,22:00,44,26,70,44,26,70,No Group
Manchester City Council - Chorlton,Chorlton Place,2018,July,28,Tuesday,10 Jul 2018,23:00,25,19,44,25,19,44,No Group
Manchester City Council - Chorlton,Chorlton Place,2018,July,28,Wednesday,11 Jul 2018,00:00,16,16,32,16,16,32,No Group
Manchester City Council - Chorlton,Chorlton Place,2018,July,28,Wednesday,11 Jul 2018,01:00,2,1,3,2,1,3,No Group
Manchester City Council - Chorlton,Chorlton Place,2018,July,28,Wednesday,11 Jul 2018,02:00,0,0,0,0,0,0,No Group
Manchester City Council - Chorlton,Chorlton Place,2018,July,28,Wednesday,11 Jul 2018,03:00,0,3,3,0,3,3,No Group
Manchester City Council - Chorlton,Chorlton Place,2018,July,28,Wednesday,11 Jul 2018,04:00,0,6,6,0,6,6,No Group
Manchester City Council - Chorlton,Chorlton Place,2018,July,28,Wednesday,11 Jul 2018,05:00,7,3,10,7,3,10,No Group
Manchester City Council - Chorlton,Chorlton Place,2018,July,28,Wednesday,11 Jul 2018,06:00,15,38,53,15,38,53,No Group
Manchester City Council - Chorlton,Chorlton Place,2018,July,28,Wednesday,11 Jul 2018,07:00,41,114,155,41,114,155,No Group
Manchester City Council - Chorlton,Chorlton Place,2018,July,28,Wednesday,11 Jul 2018,08:00,42,114,156,42,114,156,No Group
Manchester City Council - Chorlton,Chorlton Place,2018,July,28,Wednesday,11 Jul 2018,09:00,90,123,213,90,123,213,No Group
Manchester City Council - Chorlton,Chorlton Place,2018,July,28,Wednesday,11 Jul 2018,10:00,132,148,280,132,148,280,No Group
Manchester City Council - Chorlton,Chorlton Place,2018,July,28,Wednesday,11 Jul 2018,11:00,137,159,296,137,159,296,No Group
Manchester City Council - Chorlton,Chorlton Place,2018,July,28,Wednesday,11 Jul 2018,12:00,149,189,338,149,189,338,No Group
Manchester City Council - Chorlton,Chorlton Place,2018,July,28,Wednesday,11 Jul 2018,13:00,187,203,390,187,203,390,No Group
Manchester City Council - Chorlton,Chorlton Place,2018,July,28,Wednesday,11 Jul 2018,14:00,162,168,330,162,168,330,No Group
Manchester City Council - Chorlton,Chorlton Place,2018,July,28,Wednesday,11 Jul 2018,15:00,157,172,329,157,172,329,No Group
Manchester City Council - Chorlton,Chorlton Place,2018,July,28,Wednesday,11 Jul 2018,16:00,168,158,326,168,158,326,No Group
Manchester City Council - Chorlton,Chorlton Place,2018,July,28,Wednesday,11 Jul 2018,17:00,178,115,293,178,115,293,No Group
Manchester City Council - Chorlton,Chorlton Place,2018,July,28,Wednesday,11 Jul 2018,18:00,210,129,339,210,129,339,No Group
Manchester City Council - Chorlton,Chorlton Place,2018,July,28,Wednesday,11 Jul 2018,19:00,55,37,92,55,37,92,No Group
Manchester City Council - Chorlton,Chorlton Place,2018,July,28,Wednesday,11 Jul 2018,20:00,29,25,54,29,25,54,No Group
Manchester City Council - Chorlton,Chorlton Place,2018,July,28,Wednesday,11 Jul 2018,21:00,53,176,229,53,176,229,No Group
Manchester City Council - Chorlton,Chorlton Place,2018,July,28,Wednesday,11 Jul 2018,22:00,102,104,206,102,104,206,No Group
Manchester City Council - Chorlton,Chorlton Place,2018,July,28,Wednesday,11 Jul 2018,23:00,25,49,74,25,49,74,No Group
Manchester City Council - Chorlton,Chorlton Place,2018,July,28,Thursday,12 Jul 2018,00:00,13,25,38,13,25,38,No Group
Manchester City Council - Chorlton,Chorlton Place,2018,July,28,Thursday,12 Jul 2018,01:00,9,4,13,9,4,13,No Group
Manchester City Council - Chorlton,Chorlton Place,2018,July,28,Thursday,12 Jul 2018,02:00,3,1,4,3,1,4,No Group
Manchester City Council - Chorlton,Chorlton Place,2018,July,28,Thursday,12 Jul 2018,03:00,3,8,11,3,8,11,No Group
Manchester City Council - Chorlton,Chorlton Place,2018,July,28,Thursday,12 Jul 2018,04:00,0,1,1,0,1,1,No Group
Manchester City Council - Chorlton,Chorlton Place,2018,July,28,Thursday,12 Jul 2018,05:00,1,7,8,1,7,8,No Group
Manchester City Council - Chorlton,Chorlton Place,2018,July,28,Thursday,12 Jul 2018,06:00,6,19,25,6,19,25,No Group
Manchester City Council - Chorlton,Chorlton Place,2018,July,28,Thursday,12 Jul 2018,07:00,32,103,135,32,103,135,No Group
Manchester City Council - Chorlton,Chorlton Place,2018,July,28,Thursday,12 Jul 2018,08:00,61,123,184,61,123,184,No Group
Manchester City Council - Chorlton,Chorlton Place,2018,July,28,Thursday,12 Jul 2018,09:00,79,115,194,79,115,194,No Group
Manchester City Council - Chorlton,Chorlton Place,2018,July,28,Thursday,12 Jul 2018,10:00,94,117,211,94,117,211,No Group
Manchester City Council - Chorlton,Chorlton Place,2018,July,28,Thursday,12 Jul 2018,11:00,136,158,294,136,158,294,No Group
Manchester City Council - Chorlton,Chorlton Place,2018,July,28,Thursday,12 Jul 2018,12:00,196,213,409,196,213,409,No Group
Manchester City Council - Chorlton,Chorlton Place,2018,July,28,Thursday,12 Jul 2018,13:00,128,173,301,128,173,301,No Group
Manchester City Council - Chorlton,Chorlton Place,2018,July,28,Thursday,12 Jul 2018,14:00,143,152,295,143,152,295,No Group
Manchester City Council - Chorlton,Chorlton Place,2018,July,28,Thursday,12 Jul 2018,15:00,131,175,306,131,175,306,No Group
Manchester City Council - Chorlton,Chorlton Place,2018,July,28,Thursday,12 Jul 2018,16:00,137,136,273,137,136,273,No Group
Manchester City Council - Chorlton,Chorlton Place,2018,July,28,Thursday,12 Jul 2018,17:00,126,96,222,126,96,222,No Group
Manchester City Council - Chorlton,Chorlton Place,2018,July,28,Thursday,12 Jul 2018,18:00,118,93,211,118,93,211,No Group
Manchester City Council - Chorlton,Chorlton Place,2018,July,28,Thursday,12 Jul 2018,19:00,86,70,156,86,70,156,No Group
Manchester City Council - Chorlton,Chorlton Place,2018,July,28,Thursday,12 Jul 2018,20:00,58,44,102,58,44,102,No Group
Manchester City Council - Chorlton,Chorlton Place,2018,July,28,Thursday,12 Jul 2018,21:00,38,31,69,38,31,69,No Group
Manchester City Council - Chorlton,Chorlton Place,2018,July,28,Thursday,12 Jul 2018,22:00,8,48,56,8,48,56,No Group
Manchester City Council - Chorlton,Chorlton Place,2018,July,28,Thursday,12 Jul 2018,23:00,18,27,45,18,27,45,No Group
Manchester City Council - Chorlton,Chorlton Place,2018,July,28,Friday,13 Jul 2018,00:00,13,4,17,13,4,17,No Group
Manchester City Council - Chorlton,Chorlton Place,2018,July,28,Friday,13 Jul 2018,01:00,7,4,11,7,4,11,No Group
Manchester City Council - Chorlton,Chorlton Place,2018,July,28,Friday,13 Jul 2018,02:00,2,0,2,2,0,2,No Group
Manchester City Council - Chorlton,Chorlton Place,2018,July,28,Friday,13 Jul 2018,03:00,0,2,2,0,2,2,No Group
Manchester City Council - Chorlton,Chorlton Place,2018,July,28,Friday,13 Jul 2018,04:00,1,2,3,1,2,3,No Group
Manchester City Council - Chorlton,Chorlton Place,2018,July,28,Friday,13 Jul 2018,05:00,2,1,3,2,1,3,No Group
Manchester City Council - Chorlton,Chorlton Place,2018,July,28,Friday,13 Jul 2018,06:00,11,32,43,11,32,43,No Group
Manchester City Council - Chorlton,Chorlton Place,2018,July,28,Friday,13 Jul 2018,07:00,35,112,147,35,112,147,No Group
Manchester City Council - Chorlton,Chorlton Place,2018,July,28,Friday,13 Jul 2018,08:00,53,159,212,53,159,212,No Group
Manchester City Council - Chorlton,Chorlton Place,2018,July,28,Friday,13 Jul 2018,09:00,111,175,286,111,175,286,No Group
Manchester City Council - Chorlton,Chorlton Place,2018,July,28,Friday,13 Jul 2018,10:00,139,158,297,139,158,297,No Group
Manchester City Council - Chorlton,Chorlton Place,2018,July,28,Friday,13 Jul 2018,11:00,156,169,325,156,169,325,No Group
Manchester City Council - Chorlton,Chorlton Place,2018,July,28,Friday,13 Jul 2018,12:00,205,204,409,205,204,409,No Group
Manchester City Council - Chorlton,Chorlton Place,2018,July,28,Friday,13 Jul 2018,13:00,166,185,351,166,185,351,No Group
Manchester City Council - Chorlton,Chorlton Place,2018,July,28,Friday,13 Jul 2018,14:00,209,234,443,209,234,443,No Group
Manchester City Council - Chorlton,Chorlton Place,2018,July,28,Friday,13 Jul 2018,15:00,216,197,413,216,197,413,No Group
Manchester City Council - Chorlton,Chorlton Place,2018,July,28,Friday,13 Jul 2018,16:00,164,158,322,164,158,322,No Group
Manchester City Council - Chorlton,Chorlton Place,2018,July,28,Friday,13 Jul 2018,17:00,125,111,236,125,111,236,No Group
Manchester City Council - Chorlton,Chorlton Place,2018,July,28,Friday,13 Jul 2018,18:00,127,105,232,127,105,232,No Group
Manchester City Council - Chorlton,Chorlton Place,2018,July,28,Friday,13 Jul 2018,19:00,123,97,220,123,97,220,No Group
Manchester City Council - Chorlton,Chorlton Place,2018,July,28,Friday,13 Jul 2018,20:00,68,63,131,68,63,131,No Group
Manchester City Council - Chorlton,Chorlton Place,2018,July,28,Friday,13 Jul 2018,21:00,42,53,95,42,53,95,No Group
Manchester City Council - Chorlton,Chorlton Place,2018,July,28,Friday,13 Jul 2018,22:00,62,58,120,62,58,120,No Group
Manchester City Council - Chorlton,Chorlton Place,2018,July,28,Friday,13 Jul 2018,23:00,37,31,68,37,31,68,No Group
Manchester City Council - Chorlton,Chorlton Place,2018,July,28,Saturday,14 Jul 2018,00:00,26,35,61,26,35,61,No Group
Manchester City Council - Chorlton,Chorlton Place,2018,July,28,Saturday,14 Jul 2018,01:00,8,3,11,8,3,11,No Group
Manchester City Council - Chorlton,Chorlton Place,2018,July,28,Saturday,14 Jul 2018,02:00,7,6,13,7,6,13,No Group
Manchester City Council - Chorlton,Chorlton Place,2018,July,28,Saturday,14 Jul 2018,03:00,2,4,6,2,4,6,No Group
Manchester City Council - Chorlton,Chorlton Place,2018,July,28,Saturday,14 Jul 2018,04:00,1,1,2,1,1,2,No Group
Manchester City Council - Chorlton,Chorlton Place,2018,July,28,Saturday,14 Jul 2018,05:00,9,11,20,9,11,20,No Group
Manchester City Council - Chorlton,Chorlton Place,2018,July,28,Saturday,14 Jul 2018,06:00,7,11,18,7,11,18,No Group
Manchester City Council - Chorlton,Chorlton Place,2018,July,28,Saturday,14 Jul 2018,07:00,21,35,56,21,35,56,No Group
Manchester City Council - Chorlton,Chorlton Place,2018,July,28,Saturday,14 Jul 2018,08:00,60,70,130,60,70,130,No Group
Manchester City Council - Chorlton,Chorlton Place,2018,July,28,Saturday,14 Jul 2018,09:00,143,159,302,143,159,302,No Group
Manchester City Council - Chorlton,Chorlton Place,2018,July,28,Saturday,14 Jul 2018,10:00,198,222,420,198,222,420,No Group
Manchester City Council - Chorlton,Chorlton Place,2018,July,28,Saturday,14 Jul 2018,11:00,295,303,598,295,303,598,No Group
Manchester City Council - Chorlton,Chorlton Place,2018,July,28,Saturday,14 Jul 2018,12:00,315,330,645,315,330,645,No Group
Manchester City Council - Chorlton,Chorlton Place,2018,July,28,Saturday,14 Jul 2018,13:00,308,321,629,308,321,629,No Group
Manchester City Council - Chorlton,Chorlton Place,2018,July,28,Saturday,14 Jul 2018,14:00,319,281,600,319,281,600,No Group
Manchester City Council - Chorlton,Chorlton Place,2018,July,28,Saturday,14 Jul 2018,15:00,226,214,440,226,214,440,No Group
Manchester City Council - Chorlton,Chorlton Place,2018,July,28,Saturday,14 Jul 2018,16:00,143,183,326,143,183,326,No Group
Manchester City Council - Chorlton,Chorlton Place,2018,July,28,Saturday,14 Jul 2018,17:00,124,142,266,124,142,266,No Group
Manchester City Council - Chorlton,Chorlton Place,2018,July,28,Saturday,14 Jul 2018,18:00,98,108,206,98,108,206,No Group
Manchester City Council - Chorlton,Chorlton Place,2018,July,28,Saturday,14 Jul 2018,19:00,94,118,212,94,118,212,No Group
Manchester City Council - Chorlton,Chorlton Place,2018,July,28,Saturday,14 Jul 2018,20:00,64,89,153,64,89,153,No Group
Manchester City Council - Chorlton,Chorlton Place,2018,July,28,Saturday,14 Jul 2018,21:00,61,64,125,61,64,125,No Group
Manchester City Council - Chorlton,Chorlton Place,2018,July,28,Saturday,14 Jul 2018,22:00,50,71,121,50,71,121,No Group
Manchester City Council - Chorlton,Chorlton Place,2018,July,28,Saturday,14 Jul 2018,23:00,44,59,103,44,59,103,No Group
Manchester City Council - Chorlton,Chorlton Place,2018,July,28,Sunday,15 Jul 2018,00:00,39,28,67,39,28,67,No Group
Manchester City Council - Chorlton,Chorlton Place,2018,July,28,Sunday,15 Jul 2018,01:00,24,5,29,24,5,29,No Group
Manchester City Council - Chorlton,Chorlton Place,2018,July,28,Sunday,15 Jul 2018,02:00,14,7,21,14,7,21,No Group
Manchester City Council - Chorlton,Chorlton Place,2018,July,28,Sunday,15 Jul 2018,03:00,4,3,7,4,3,7,No Group
Manchester City Council - Chorlton,Chorlton Place,2018,July,28,Sunday,15 Jul 2018,04:00,2,0,2,2,0,2,No Group
Manchester City Council - Chorlton,Chorlton Place,2018,July,28,Sunday,15 Jul 2018,05:00,3,3,6,3,3,6,No Group
Manchester City Council - Chorlton,Chorlton Place,2018,July,28,Sunday,15 Jul 2018,06:00,6,3,9,6,3,9,No Group
Manchester City Council - Chorlton,Chorlton Place,2018,July,28,Sunday,15 Jul 2018,07:00,10,14,24,10,14,24,No Group
Manchester City Council - Chorlton,Chorlton Place,2018,July,28,Sunday,15 Jul 2018,08:00,15,21,36,15,21,36,No Group
Manchester City Council - Chorlton,Chorlton Place,2018,July,28,Sunday,15 Jul 2018,09:00,42,55,97,42,55,97,No Group
Manchester City Council - Chorlton,Chorlton Place,2018,July,28,Sunday,15 Jul 2018,10:00,56,90,146,56,90,146,No Group
Manchester City Council - Chorlton,Chorlton Place,2018,July,28,Sunday,15 Jul 2018,11:00,94,96,190,94,96,190,No Group
Manchester City Council - Chorlton,Chorlton Place,2018,July,28,Sunday,15 Jul 2018,12:00,143,149,292,143,149,292,No Group
Manchester City Council - Chorlton,Chorlton Place,2018,July,28,Sunday,15 Jul 2018,13:00,172,203,375,172,203,375,No Group
Manchester City Council - Chorlton,Chorlton Place,2018,July,28,Sunday,15 Jul 2018,14:00,147,173,320,147,173,320,No Group
Manchester City Council - Chorlton,Chorlton Place,2018,July,28,Sunday,15 Jul 2018,15:00,163,138,301,163,138,301,No Group
Manchester City Council - Chorlton,Chorlton Place,2018,July,28,Sunday,15 Jul 2018,16:00,72,110,182,72,110,182,No Group
Manchester City Council - Chorlton,Chorlton Place,2018,July,28,Sunday,15 Jul 2018,17:00,64,66,130,64,66,130,No Group
Manchester City Council - Chorlton,Chorlton Place,2018,July,28,Sunday,15 Jul 2018,18:00,71,87,158,71,87,158,No Group
Manchester City Council - Chorlton,Chorlton Place,2018,July,28,Sunday,15 Jul 2018,19:00,50,54,104,50,54,104,No Group
Manchester City Council - Chorlton,Chorlton Place,2018,July,28,Sunday,15 Jul 2018,20:00,48,37,85,48,37,85,No Group
Manchester City Council - Chorlton,Chorlton Place,2018,July,28,Sunday,15 Jul 2018,21:00,27,23,50,27,23,50,No Group
Manchester City Council - Chorlton,Chorlton Place,2018,July,28,Sunday,15 Jul 2018,22:00,27,32,59,27,32,59,No Group
Manchester City Council - Chorlton,Chorlton Place,2018,July,28,Sunday,15 Jul 2018,23:00,8,10,18,8,10,18,No Group
Manchester City Council - Chorlton,Chorlton Place,2018,July,29,Monday,16 Jul 2018,00:00,6,3,9,6,3,9,No Group
Manchester City Council - Chorlton,Chorlton Place,2018,July,29,Monday,16 Jul 2018,01:00,8,11,19,8,11,19,No Group
Manchester City Council - Chorlton,Chorlton Place,2018,July,29,Monday,16 Jul 2018,02:00,0,0,0,0,0,0,No Group
Manchester City Council - Chorlton,Chorlton Place,2018,July,29,Monday,16 Jul 2018,03:00,1,5,6,1,5,6,No Group
Manchester City Council - Chorlton,Chorlton Place,2018,July,29,Monday,16 Jul 2018,04:00,10,6,16,10,6,16,No Group
Manchester City Council - Chorlton,Chorlton Place,2018,July,29,Monday,16 Jul 2018,05:00,5,5,10,5,5,10,No Group
Manchester City Council - Chorlton,Chorlton Place,2018,July,29,Monday,16 Jul 2018,06:00,7,19,26,7,19,26,No Group
Manchester City Council - Chorlton,Chorlton Place,2018,July,29,Monday,16 Jul 2018,07:00,28,91,119,28,91,119,No Group
Manchester City Council - Chorlton,Chorlton Place,2018,July,29,Monday,16 Jul 2018,08:00,40,108,148,40,108,148,No Group
Manchester City Council - Chorlton,Chorlton Place,2018,July,29,Monday,16 Jul 2018,09:00,104,145,249,104,145,249,No Group
Manchester City Council - Chorlton,Chorlton Place,2018,July,29,Monday,16 Jul 2018,10:00,115,132,247,115,132,247,No Group
Manchester City Council - Chorlton,Chorlton Place,2018,July,29,Monday,16 Jul 2018,11:00,108,157,265,108,157,265,No Group
Manchester City Council - Chorlton,Chorlton Place,2018,July,29,Monday,16 Jul 2018,12:00,191,197,388,191,197,388,No Group
Manchester City Council - Chorlton,Chorlton Place,2018,July,29,Monday,16 Jul 2018,13:00,157,176,333,157,176,333,No Group
Manchester City Council - Chorlton,Chorlton Place,2018,July,29,Monday,16 Jul 2018,14:00,119,151,270,119,151,270,No Group
Manchester City Council - Chorlton,Chorlton Place,2018,July,29,Monday,16 Jul 2018,15:00,144,147,291,144,147,291,No Group
Manchester City Council - Chorlton,Chorlton Place,2018,July,29,Monday,16 Jul 2018,16:00,154,161,315,154,161,315,No Group
Manchester City Council - Chorlton,Chorlton Place,2018,July,29,Monday,16 Jul 2018,17:00,126,95,221,126,95,221,No Group
Manchester City Council - Chorlton,Chorlton Place,2018,July,29,Monday,16 Jul 2018,18:00,112,91,203,112,91,203,No Group
Manchester City Council - Chorlton,Chorlton Place,2018,July,29,Monday,16 Jul 2018,19:00,72,42,114,72,42,114,No Group
Manchester City Council - Chorlton,Chorlton Place,2018,July,29,Monday,16 Jul 2018,20:00,35,51,86,35,51,86,No Group
Manchester City Council - Chorlton,Chorlton Place,2018,July,29,Monday,16 Jul 2018,21:00,22,29,51,22,29,51,No Group
Manchester City Council - Chorlton,Chorlton Place,2018,July,29,Monday,16 Jul 2018,22:00,15,14,29,15,14,29,No Group
Manchester City Council - Chorlton,Chorlton Place,2018,July,29,Monday,16 Jul 2018,23:00,16,10,26,16,10,26,No Group
Manchester City Council - Chorlton,Chorlton Place,2018,July,29,Tuesday,17 Jul 2018,00:00,10,3,13,10,3,13,No Group
Manchester City Council - Chorlton,Chorlton Place,2018,July,29,Tuesday,17 Jul 2018,01:00,0,0,0,0,0,0,No Group
Manchester City Council - Chorlton,Chorlton Place,2018,July,29,Tuesday,17 Jul 2018,02:00,0,1,1,0,1,1,No Group
Manchester City Council - Chorlton,Chorlton Place,2018,July,29,Tuesday,17 Jul 2018,03:00,3,3,6,3,3,6,No Group
Manchester City Council - Chorlton,Chorlton Place,2018,July,29,Tuesday,17 Jul 2018,04:00,2,3,5,2,3,5,No Group
Manchester City Council - Chorlton,Chorlton Place,2018,July,29,Tuesday,17 Jul 2018,05:00,6,3,9,6,3,9,No Group
Manchester City Council - Chorlton,Chorlton Place,2018,July,29,Tuesday,17 Jul 2018,06:00,10,19,29,10,19,29,No Group
Manchester City Council - Chorlton,Chorlton Place,2018,July,29,Tuesday,17 Jul 2018,07:00,34,81,115,34,81,115,No Group
Manchester City Council - Chorlton,Chorlton Place,2018,July,29,Tuesday,17 Jul 2018,08:00,64,149,213,64,149,213,No Group
Manchester City Council - Chorlton,Chorlton Place,2018,July,29,Tuesday,17 Jul 2018,09:00,84,122,206,84,122,206,No Group
Manchester City Council - Chorlton,Chorlton Place,2018,July,29,Tuesday,17 Jul 2018,10:00,123,126,249,123,126,249,No Group
Manchester City Council - Chorlton,Chorlton Place,2018,July,29,Tuesday,17 Jul 2018,11:00,123,141,264,123,141,264,No Group
Manchester City Council - Chorlton,Chorlton Place,2018,July,29,Tuesday,17 Jul 2018,12:00,183,191,374,183,191,374,No Group
Manchester City Council - Chorlton,Chorlton Place,2018,July,29,Tuesday,17 Jul 2018,13:00,179,190,369,179,190,369,No Group
Manchester City Council - Chorlton,Chorlton Place,2018,July,29,Tuesday,17 Jul 2018,14:00,212,214,426,212,214,426,No Group
Manchester City Council - Chorlton,Chorlton Place,2018,July,29,Tuesday,17 Jul 2018,15:00,144,148,292,144,148,292,No Group
Manchester City Council - Chorlton,Chorlton Place,2018,July,29,Tuesday,17 Jul 2018,16:00,136,135,271,136,135,271,No Group
Manchester City Council - Chorlton,Chorlton Place,2018,July,29,Tuesday,17 Jul 2018,17:00,109,103,212,109,103,212,No Group
Manchester City Council - Chorlton,Chorlton Place,2018,July,29,Tuesday,17 Jul 2018,18:00,125,91,216,125,91,216,No Group
Manchester City Council - Chorlton,Chorlton Place,2018,July,29,Tuesday,17 Jul 2018,19:00,87,64,151,87,64,151,No Group
Manchester City Council - Chorlton,Chorlton Place,2018,July,29,Tuesday,17 Jul 2018,20:00,66,55,121,66,55,121,No Group
Manchester City Council - Chorlton,Chorlton Place,2018,July,29,Tuesday,17 Jul 2018,21:00,27,27,54,27,27,54,No Group
Manchester City Council - Chorlton,Chorlton Place,2018,July,29,Tuesday,17 Jul 2018,22:00,29,22,51,29,22,51,No Group
Manchester City Council - Chorlton,Chorlton Place,2018,July,29,Tuesday,17 Jul 2018,23:00,18,19,37,18,19,37,No Group
Manchester City Council - Chorlton,Chorlton Place,2018,July,29,Wednesday,18 Jul 2018,00:00,10,2,12,10,2,12,No Group
Manchester City Council - Chorlton,Chorlton Place,2018,July,29,Wednesday,18 Jul 2018,01:00,0,0,0,0,0,0,No Group
Manchester City Council - Chorlton,Chorlton Place,2018,July,29,Wednesday,18 Jul 2018,02:00,0,0,0,0,0,0,No Group
Manchester City Council - Chorlton,Chorlton Place,2018,July,29,Wednesday,18 Jul 2018,03:00,1,4,5,1,4,5,No Group
Manchester City Council - Chorlton,Chorlton Place,2018,July,29,Wednesday,18 Jul 2018,04:00,0,3,3,0,3,3,No Group
Manchester City Council - Chorlton,Chorlton Place,2018,July,29,Wednesday,18 Jul 2018,05:00,1,5,6,1,5,6,No Group
Manchester City Council - Chorlton,Chorlton Place,2018,July,29,Wednesday,18 Jul 2018,06:00,9,17,26,9,17,26,No Group
Manchester City Council - Chorlton,Chorlton Place,2018,July,29,Wednesday,18 Jul 2018,07:00,20,105,125,20,105,125,No Group
Manchester City Council - Chorlton,Chorlton Place,2018,July,29,Wednesday,18 Jul 2018,08:00,61,132,193,61,132,193,No Group
Manchester City Council - Chorlton,Chorlton Place,2018,July,29,Wednesday,18 Jul 2018,09:00,83,113,196,83,113,196,No Group
Manchester City Council - Chorlton,Chorlton Place,2018,July,29,Wednesday,18 Jul 2018,10:00,129,156,285,129,156,285,No Group
Manchester City Council - Chorlton,Chorlton Place,2018,July,29,Wednesday,18 Jul 2018,11:00,139,173,312,139,173,312,No Group
Manchester City Council - Chorlton,Chorlton Place,2018,July,29,Wednesday,18 Jul 2018,12:00,177,193,370,177,193,370,No Group
Manchester City Council - Chorlton,Chorlton Place,2018,July,29,Wednesday,18 Jul 2018,13:00,170,205,375,170,205,375,No Group
Manchester City Council - Chorlton,Chorlton Place,2018,July,29,Wednesday,18 Jul 2018,14:00,151,163,314,151,163,314,No Group
Manchester City Council - Chorlton,Chorlton Place,2018,July,29,Wednesday,18 Jul 2018,15:00,177,189,366,177,189,366,No Group
Manchester City Council - Chorlton,Chorlton Place,2018,July,29,Wednesday,18 Jul 2018,16:00,163,135,298,163,135,298,No Group
Manchester City Council - Chorlton,Chorlton Place,2018,July,29,Wednesday,18 Jul 2018,17:00,122,110,232,122,110,232,No Group
Manchester City Council - Chorlton,Chorlton Place,2018,July,29,Wednesday,18 Jul 2018,18:00,126,97,223,126,97,223,No Group
Manchester City Council - Chorlton,Chorlton Place,2018,July,29,Wednesday,18 Jul 2018,19:00,84,70,154,84,70,154,No Group
Manchester City Council - Chorlton,Chorlton Place,2018,July,29,Wednesday,18 Jul 2018,20:00,67,50,117,67,50,117,No Group
Manchester City Council - Chorlton,Chorlton Place,2018,July,29,Wednesday,18 Jul 2018,21:00,31,33,64,31,33,64,No Group
Manchester City Council - Chorlton,Chorlton Place,2018,July,29,Wednesday,18 Jul 2018,22:00,29,33,62,29,33,62,No Group
Manchester City Council - Chorlton,Chorlton Place,2018,July,29,Wednesday,18 Jul 2018,23:00,24,27,51,24,27,51,No Group
Manchester City Council - Chorlton,Chorlton Place,2018,July,29,Thursday,19 Jul 2018,00:00,11,12,23,11,12,23,No Group
Manchester City Council - Chorlton,Chorlton Place,2018,July,29,Thursday,19 Jul 2018,01:00,7,1,8,7,1,8,No Group
Manchester City Council - Chorlton,Chorlton Place,2018,July,29,Thursday,19 Jul 2018,02:00,1,0,1,1,0,1,No Group
Manchester City Council - Chorlton,Chorlton Place,2018,July,29,Thursday,19 Jul 2018,03:00,1,8,9,1,8,9,No Group
Manchester City Council - Chorlton,Chorlton Place,2018,July,29,Thursday,19 Jul 2018,04:00,0,2,2,0,2,2,No Group
Manchester City Council - Chorlton,Chorlton Place,2018,July,29,Thursday,19 Jul 2018,05:00,1,5,6,1,5,6,No Group
Manchester City Council - Chorlton,Chorlton Place,2018,July,29,Thursday,19 Jul 2018,06:00,13,29,42,13,29,42,No Group
Manchester City Council - Chorlton,Chorlton Place,2018,July,29,Thursday,19 Jul 2018,07:00,26,83,109,26,83,109,No Group
Manchester City Council - Chorlton,Chorlton Place,2018,July,29,Thursday,19 Jul 2018,08:00,50,140,190,50,140,190,No Group
Manchester City Council - Chorlton,Chorlton Place,2018,July,29,Thursday,19 Jul 2018,09:00,106,132,238,106,132,238,No Group
Manchester City Council - Chorlton,Chorlton Place,2018,July,29,Thursday,19 Jul 2018,10:00,101,114,215,101,114,215,No Group
Manchester City Council - Chorlton,Chorlton Place,2018,July,29,Thursday,19 Jul 2018,11:00,155,177,332,155,177,332,No Group
Manchester City Council - Chorlton,Chorlton Place,2018,July,29,Thursday,19 Jul 2018,12:00,160,211,371,160,211,371,No Group
Manchester City Council - Chorlton,Chorlton Place,2018,July,29,Thursday,19 Jul 2018,13:00,193,241,434,193,241,434,No Group
Manchester City Council - Chorlton,Chorlton Place,2018,July,29,Thursday,19 Jul 2018,14:00,204,198,402,204,198,402,No Group
Manchester City Council - Chorlton,Chorlton Place,2018,July,29,Thursday,19 Jul 2018,15:00,179,202,381,179,202,381,No Group
Manchester City Council - Chorlton,Chorlton Place,2018,July,29,Thursday,19 Jul 2018,16:00,157,156,313,157,156,313,No Group
Manchester City Council - Chorlton,Chorlton Place,2018,July,29,Thursday,19 Jul 2018,17:00,142,98,240,142,98,240,No Group
Manchester City Council - Chorlton,Chorlton Place,2018,July,29,Thursday,19 Jul 2018,18:00,110,103,213,110,103,213,No Group
Manchester City Council - Chorlton,Chorlton Place,2018,July,29,Thursday,19 Jul 2018,19:00,64,66,130,64,66,130,No Group
Manchester City Council - Chorlton,Chorlton Place,2018,July,29,Thursday,19 Jul 2018,20:00,70,65,135,70,65,135,No Group
Manchester City Council - Chorlton,Chorlton Place,2018,July,29,Thursday,19 Jul 2018,21:00,48,55,103,48,55,103,No Group
Manchester City Council - Chorlton,Chorlton Place,2018,July,29,Thursday,19 Jul 2018,22:00,29,19,48,29,19,48,No Group
Manchester City Council - Chorlton,Chorlton Place,2018,July,29,Thursday,19 Jul 2018,23:00,19,14,33,19,14,33,No Group
Manchester City Council - Chorlton,Chorlton Place,2018,July,29,Friday,20 Jul 2018,00:00,23,12,35,23,12,35,No Group
Manchester City Council - Chorlton,Chorlton Place,2018,July,29,Friday,20 Jul 2018,01:00,5,1,6,5,1,6,No Group
Manchester City Council - Chorlton,Chorlton Place,2018,July,29,Friday,20 Jul 2018,02:00,1,2,3,1,2,3,No Group
Manchester City Council - Chorlton,Chorlton Place,2018,July,29,Friday,20 Jul 2018,03:00,1,9,10,1,9,10,No Group
Manchester City Council - Chorlton,Chorlton Place,2018,July,29,Friday,20 Jul 2018,04:00,9,6,15,9,6,15,No Group
Manchester City Council - Chorlton,Chorlton Place,2018,July,29,Friday,20 Jul 2018,05:00,3,5,8,3,5,8,No Group
Manchester City Council - Chorlton,Chorlton Place,2018,July,29,Friday,20 Jul 2018,06:00,8,23,31,8,23,31,No Group
Manchester City Council - Chorlton,Chorlton Place,2018,July,29,Friday,20 Jul 2018,07:00,28,81,109,28,81,109,No Group
Manchester City Council - Chorlton,Chorlton Place,2018,July,29,Friday,20 Jul 2018,08:00,48,135,183,48,135,183,No Group
Manchester City Council - Chorlton,Chorlton Place,2018,July,29,Friday,20 Jul 2018,09:00,88,137,225,88,137,225,No Group
Manchester City Council - Chorlton,Chorlton Place,2018,July,29,Friday,20 Jul 2018,10:00,137,150,287,137,150,287,No Group
Manchester City Council - Chorlton,Chorlton Place,2018,July,29,Friday,20 Jul 2018,11:00,162,166,328,162,166,328,No Group
Manchester City Council - Chorlton,Chorlton Place,2018,July,29,Friday,20 Jul 2018,12:00,189,202,391,189,202,391,No Group
Manchester City Council - Chorlton,Chorlton Place,2018,July,29,Friday,20 Jul 2018,13:00,152,186,338,152,186,338,No Group
Manchester City Council - Chorlton,Chorlton Place,2018,July,29,Friday,20 Jul 2018,14:00,168,185,353,168,185,353,No Group
Manchester City Council - Chorlton,Chorlton Place,2018,July,29,Friday,20 Jul 2018,15:00,166,160,326,166,160,326,No Group
Manchester City Council - Chorlton,Chorlton Place,2018,July,29,Friday,20 Jul 2018,16:00,188,192,380,188,192,380,No Group
Manchester City Council - Chorlton,Chorlton Place,2018,July,29,Friday,20 Jul 2018,17:00,129,118,247,129,118,247,No Group
Manchester City Council - Chorlton,Chorlton Place,2018,July,29,Friday,20 Jul 2018,18:00,108,183,291,108,183,291,No Group
Manchester City Council - Chorlton,Chorlton Place,2018,July,29,Friday,20 Jul 2018,19:00,75,77,152,75,77,152,No Group
Manchester City Council - Chorlton,Chorlton Place,2018,July,29,Friday,20 Jul 2018,20:00,70,65,135,70,65,135,No Group
Manchester City Council - Chorlton,Chorlton Place,2018,July,29,Friday,20 Jul 2018,21:00,47,60,107,47,60,107,No Group
Manchester City Council - Chorlton,Chorlton Place,2018,July,29,Friday,20 Jul 2018,22:00,38,34,72,38,34,72,No Group
Manchester City Council - Chorlton,Chorlton Place,2018,July,29,Friday,20 Jul 2018,23:00,25,27,52,25,27,52,No Group
Manchester City Council - Chorlton,Chorlton Place,2018,July,29,Saturday,21 Jul 2018,00:00,26,18,44,26,18,44,No Group
Manchester City Council - Chorlton,Chorlton Place,2018,July,29,Saturday,21 Jul 2018,01:00,15,17,32,15,17,32,No Group
Manchester City Council - Chorlton,Chorlton Place,2018,July,29,Saturday,21 Jul 2018,02:00,8,4,12,8,4,12,No Group
Manchester City Council - Chorlton,Chorlton Place,2018,July,29,Saturday,21 Jul 2018,03:00,4,9,13,4,9,13,No Group
Manchester City Council - Chorlton,Chorlton Place,2018,July,29,Saturday,21 Jul 2018,04:00,2,5,7,2,5,7,No Group
Manchester City Council - Chorlton,Chorlton Place,2018,July,29,Saturday,21 Jul 2018,05:00,10,8,18,10,8,18,No Group
Manchester City Council - Chorlton,Chorlton Place,2018,July,29,Saturday,21 Jul 2018,06:00,7,5,12,7,5,12,No Group
Manchester City Council - Chorlton,Chorlton Place,2018,July,29,Saturday,21 Jul 2018,07:00,4,22,26,4,22,26,No Group
Manchester City Council - Chorlton,Chorlton Place,2018,July,29,Saturday,21 Jul 2018,08:00,35,58,93,35,58,93,No Group
Manchester City Council - Chorlton,Chorlton Place,2018,July,29,Saturday,21 Jul 2018,09:00,93,127,220,93,127,220,No Group
Manchester City Council - Chorlton,Chorlton Place,2018,July,29,Saturday,21 Jul 2018,10:00,177,227,404,177,227,404,No Group
Manchester City Council - Chorlton,Chorlton Place,2018,July,29,Saturday,21 Jul 2018,11:00,254,289,543,254,289,543,No Group
Manchester City Council - Chorlton,Chorlton Place,2018,July,29,Saturday,21 Jul 2018,12:00,250,252,502,250,252,502,No Group
Manchester City Council - Chorlton,Chorlton Place,2018,July,29,Saturday,21 Jul 2018,13:00,257,280,537,257,280,537,No Group
Manchester City Council - Chorlton,Chorlton Place,2018,July,29,Saturday,21 Jul 2018,14:00,214,229,443,214,229,443,No Group
Manchester City Council - Chorlton,Chorlton Place,2018,July,29,Saturday,21 Jul 2018,15:00,197,220,417,197,220,417,No Group
Manchester City Council - Chorlton,Chorlton Place,2018,July,29,Saturday,21 Jul 2018,16:00,152,155,307,152,155,307,No Group
Manchester City Council - Chorlton,Chorlton Place,2018,July,29,Saturday,21 Jul 2018,17:00,89,95,184,89,95,184,No Group
Manchester City Council - Chorlton,Chorlton Place,2018,July,29,Saturday,21 Jul 2018,18:00,73,77,150,73,77,150,No Group
Manchester City Council - Chorlton,Chorlton Place,2018,July,29,Saturday,21 Jul 2018,19:00,62,69,131,62,69,131,No Group
Manchester City Council - Chorlton,Chorlton Place,2018,July,29,Saturday,21 Jul 2018,20:00,73,59,132,73,59,132,No Group
Manchester City Council - Chorlton,Chorlton Place,2018,July,29,Saturday,21 Jul 2018,21:00,62,60,122,62,60,122,No Group
Manchester City Council - Chorlton,Chorlton Place,2018,July,29,Saturday,21 Jul 2018,22:00,35,64,99,35,64,99,No Group
Manchester City Council - Chorlton,Chorlton Place,2018,July,29,Saturday,21 Jul 2018,23:00,29,32,61,29,32,61,No Group
Manchester City Council - Chorlton,Chorlton Place,2018,July,29,Sunday,22 Jul 2018,00:00,15,14,29,15,14,29,No Group
Manchester City Council - Chorlton,Chorlton Place,2018,July,29,Sunday,22 Jul 2018,01:00,13,18,31,13,18,31,No Group
Manchester City Council - Chorlton,Chorlton Place,2018,July,29,Sunday,22 Jul 2018,02:00,15,5,20,15,5,20,No Group
Manchester City Council - Chorlton,Chorlton Place,2018,July,29,Sunday,22 Jul 2018,03:00,0,2,2,0,2,2,No Group
Manchester City Council - Chorlton,Chorlton Place,2018,July,29,Sunday,22 Jul 2018,04:00,1,4,5,1,4,5,No Group
Manchester City Council - Chorlton,Chorlton Place,2018,July,29,Sunday,22 Jul 2018,05:00,1,3,4,1,3,4,No Group
Manchester City Council - Chorlton,Chorlton Place,2018,July,29,Sunday,22 Jul 2018,06:00,4,9,13,4,9,13,No Group
Manchester City Council - Chorlton,Chorlton Place,2018,July,29,Sunday,22 Jul 2018,07:00,5,10,15,5,10,15,No Group
Manchester City Council - Chorlton,Chorlton Place,2018,July,29,Sunday,22 Jul 2018,08:00,11,15,26,11,15,26,No Group
Manchester City Council - Chorlton,Chorlton Place,2018,July,29,Sunday,22 Jul 2018,09:00,16,46,62,16,46,62,No Group
Manchester City Council - Chorlton,Chorlton Place,2018,July,29,Sunday,22 Jul 2018,10:00,56,62,118,56,62,118,No Group
Manchester City Council - Chorlton,Chorlton Place,2018,July,29,Sunday,22 Jul 2018,11:00,71,101,172,71,101,172,No Group
Manchester City Council - Chorlton,Chorlton Place,2018,July,29,Sunday,22 Jul 2018,12:00,88,104,192,88,104,192,No Group
Manchester City Council - Chorlton,Chorlton Place,2018,July,29,Sunday,22 Jul 2018,13:00,109,114,223,109,114,223,No Group
Manchester City Council - Chorlton,Chorlton Place,2018,July,29,Sunday,22 Jul 2018,14:00,129,112,241,129,112,241,No Group
Manchester City Council - Chorlton,Chorlton Place,2018,July,29,Sunday,22 Jul 2018,15:00,91,108,199,91,108,199,No Group
Manchester City Council - Chorlton,Chorlton Place,2018,July,29,Sunday,22 Jul 2018,16:00,83,108,191,83,108,191,No Group
Manchester City Council - Chorlton,Chorlton Place,2018,July,29,Sunday,22 Jul 2018,17:00,61,74,135,61,74,135,No Group
Manchester City Council - Chorlton,Chorlton Place,2018,July,29,Sunday,22 Jul 2018,18:00,62,92,154,62,92,154,No Group
Manchester City Council - Chorlton,Chorlton Place,2018,July,29,Sunday,22 Jul 2018,19:00,67,74,141,67,74,141,No Group
Manchester City Council - Chorlton,Chorlton Place,2018,July,29,Sunday,22 Jul 2018,20:00,39,55,94,39,55,94,No Group
Manchester City Council - Chorlton,Chorlton Place,2018,July,29,Sunday,22 Jul 2018,21:00,37,22,59,37,22,59,No Group
Manchester City Council - Chorlton,Chorlton Place,2018,July,29,Sunday,22 Jul 2018,22:00,17,25,42,17,25,42,No Group
Manchester City Council - Chorlton,Chorlton Place,2018,July,29,Sunday,22 Jul 2018,23:00,19,15,34,19,15,34,No Group
Manchester City Council - Chorlton,Chorlton Place,2018,July,30,Monday,23 Jul 2018,00:00,8,2,10,8,2,10,No Group
Manchester City Council - Chorlton,Chorlton Place,2018,July,30,Monday,23 Jul 2018,01:00,7,1,8,7,1,8,No Group
Manchester City Council - Chorlton,Chorlton Place,2018,July,30,Monday,23 Jul 2018,02:00,0,0,0,0,0,0,No Group
Manchester City Council - Chorlton,Chorlton Place,2018,July,30,Monday,23 Jul 2018,03:00,1,6,7,1,6,7,No Group
Manchester City Council - Chorlton,Chorlton Place,2018,July,30,Monday,23 Jul 2018,04:00,1,3,4,1,3,4,No Group
Manchester City Council - Chorlton,Chorlton Place,2018,July,30,Monday,23 Jul 2018,05:00,1,2,3,1,2,3,No Group
Manchester City Council - Chorlton,Chorlton Place,2018,July,30,Monday,23 Jul 2018,06:00,2,15,17,2,15,17,No Group
Manchester City Council - Chorlton,Chorlton Place,2018,July,30,Monday,23 Jul 2018,07:00,23,85,108,23,85,108,No Group
Manchester City Council - Chorlton,Chorlton Place,2018,July,30,Monday,23 Jul 2018,08:00,39,84,123,39,84,123,No Group
Manchester City Council - Chorlton,Chorlton Place,2018,July,30,Monday,23 Jul 2018,09:00,86,123,209,86,123,209,No Group
Manchester City Council - Chorlton,Chorlton Place,2018,July,30,Monday,23 Jul 2018,10:00,104,122,226,104,122,226,No Group
Manchester City Council - Chorlton,Chorlton Place,2018,July,30,Monday,23 Jul 2018,11:00,150,150,300,150,150,300,No Group
Manchester City Council - Chorlton,Chorlton Place,2018,July,30,Monday,23 Jul 2018,12:00,168,182,350,168,182,350,No Group
Manchester City Council - Chorlton,Chorlton Place,2018,July,30,Monday,23 Jul 2018,13:00,146,171,317,146,171,317,No Group
Manchester City Council - Chorlton,Chorlton Place,2018,July,30,Monday,23 Jul 2018,14:00,151,169,320,151,169,320,No Group
Manchester City Council - Chorlton,Chorlton Place,2018,July,30,Monday,23 Jul 2018,15:00,150,162,312,150,162,312,No Group
Manchester City Council - Chorlton,Chorlton Place,2018,July,30,Monday,23 Jul 2018,16:00,155,131,286,155,131,286,No Group
Manchester City Council - Chorlton,Chorlton Place,2018,July,30,Monday,23 Jul 2018,17:00,119,102,221,119,102,221,No Group
Manchester City Council - Chorlton,Chorlton Place,2018,July,30,Monday,23 Jul 2018,18:00,100,69,169,100,69,169,No Group
Manchester City Council - Chorlton,Chorlton Place,2018,July,30,Monday,23 Jul 2018,19:00,68,66,134,68,66,134,No Group
Manchester City Council - Chorlton,Chorlton Place,2018,July,30,Monday,23 Jul 2018,20:00,33,51,84,33,51,84,No Group
Manchester City Council - Chorlton,Chorlton Place,2018,July,30,Monday,23 Jul 2018,21:00,38,36,74,38,36,74,No Group
Manchester City Council - Chorlton,Chorlton Place,2018,July,30,Monday,23 Jul 2018,22:00,19,21,40,19,21,40,No Group
Manchester City Council - Chorlton,Chorlton Place,2018,July,30,Monday,23 Jul 2018,23:00,13,22,35,13,22,35,No Group
Manchester City Council - Chorlton,Chorlton Place,2018,July,30,Tuesday,24 Jul 2018,00:00,8,12,20,8,12,20,No Group
Manchester City Council - Chorlton,Chorlton Place,2018,July,30,Tuesday,24 Jul 2018,01:00,1,0,1,1,0,1,No Group
Manchester City Council - Chorlton,Chorlton Place,2018,July,30,Tuesday,24 Jul 2018,02:00,2,4,6,2,4,6,No Group
Manchester City Council - Chorlton,Chorlton Place,2018,July,30,Tuesday,24 Jul 2018,03:00,1,6,7,1,6,7,No Group
Manchester City Council - Chorlton,Chorlton Place,2018,July,30,Tuesday,24 Jul 2018,04:00,1,3,4,1,3,4,No Group
Manchester City Council - Chorlton,Chorlton Place,2018,July,30,Tuesday,24 Jul 2018,05:00,5,3,8,5,3,8,No Group
Manchester City Council - Chorlton,Chorlton Place,2018,July,30,Tuesday,24 Jul 2018,06:00,5,20,25,5,20,25,No Group
Manchester City Council - Chorlton,Chorlton Place,2018,July,30,Tuesday,24 Jul 2018,07:00,14,82,96,14,82,96,No Group
Manchester City Council - Chorlton,Chorlton Place,2018,July,30,Tuesday,24 Jul 2018,08:00,37,105,142,37,105,142,No Group
Manchester City Council - Chorlton,Chorlton Place,2018,July,30,Tuesday,24 Jul 2018,09:00,74,99,173,74,99,173,No Group
Manchester City Council - Chorlton,Chorlton Place,2018,July,30,Tuesday,24 Jul 2018,10:00,110,126,236,110,126,236,No Group
Manchester City Council - Chorlton,Chorlton Place,2018,July,30,Tuesday,24 Jul 2018,11:00,127,152,279,127,152,279,No Group
Manchester City Council - Chorlton,Chorlton Place,2018,July,30,Tuesday,24 Jul 2018,12:00,173,158,331,173,158,331,No Group
Manchester City Council - Chorlton,Chorlton Place,2018,July,30,Tuesday,24 Jul 2018,13:00,168,195,363,168,195,363,No Group
Manchester City Council - Chorlton,Chorlton Place,2018,July,30,Tuesday,24 Jul 2018,14:00,145,172,317,145,172,317,No Group
Manchester City Council - Chorlton,Chorlton Place,2018,July,30,Tuesday,24 Jul 2018,15:00,167,142,309,167,142,309,No Group
Manchester City Council - Chorlton,Chorlton Place,2018,July,30,Tuesday,24 Jul 2018,16:00,162,162,324,162,162,324,No Group
Manchester City Council - Chorlton,Chorlton Place,2018,July,30,Tuesday,24 Jul 2018,17:00,143,86,229,143,86,229,No Group
Manchester City Council - Chorlton,Chorlton Place,2018,July,30,Tuesday,24 Jul 2018,18:00,95,89,184,95,89,184,No Group
Manchester City Council - Chorlton,Chorlton Place,2018,July,30,Tuesday,24 Jul 2018,19:00,62,39,101,62,39,101,No Group
Manchester City Council - Chorlton,Chorlton Place,2018,July,30,Tuesday,24 Jul 2018,20:00,42,48,90,42,48,90,No Group
Manchester City Council - Chorlton,Chorlton Place,2018,July,30,Tuesday,24 Jul 2018,21:00,38,35,73,38,35,73,No Group
Manchester City Council - Chorlton,Chorlton Place,2018,July,30,Tuesday,24 Jul 2018,22:00,24,19,43,24,19,43,No Group
Manchester City Council - Chorlton,Chorlton Place,2018,July,30,Tuesday,24 Jul 2018,23:00,13,16,29,13,16,29,No Group
Manchester City Council - Chorlton,Chorlton Place,2018,July,30,Wednesday,25 Jul 2018,00:00,7,0,7,7,0,7,No Group
Manchester City Council - Chorlton,Chorlton Place,2018,July,30,Wednesday,25 Jul 2018,01:00,0,0,0,0,0,0,No Group
Manchester City Council - Chorlton,Chorlton Place,2018,July,30,Wednesday,25 Jul 2018,02:00,0,1,1,0,1,1,No Group
Manchester City Council - Chorlton,Chorlton Place,2018,July,30,Wednesday,25 Jul 2018,03:00,1,5,6,1,5,6,No Group
Manchester City Council - Chorlton,Chorlton Place,2018,July,30,Wednesday,25 Jul 2018,04:00,1,3,4,1,3,4,No Group
Manchester City Council - Chorlton,Chorlton Place,2018,July,30,Wednesday,25 Jul 2018,05:00,0,1,1,0,1,1,No Group
Manchester City Council - Chorlton,Chorlton Place,2018,July,30,Wednesday,25 Jul 2018,06:00,7,23,30,7,23,30,No Group
Manchester City Council - Chorlton,Chorlton Place,2018,July,30,Wednesday,25 Jul 2018,07:00,20,85,105,20,85,105,No Group
Manchester City Council - Chorlton,Chorlton Place,2018,July,30,Wednesday,25 Jul 2018,08:00,55,126,181,55,126,181,No Group
Manchester City Council - Chorlton,Chorlton Place,2018,July,30,Wednesday,25 Jul 2018,09:00,90,110,200,90,110,200,No Group
Manchester City Council - Chorlton,Chorlton Place,2018,July,30,Wednesday,25 Jul 2018,10:00,124,152,276,124,152,276,No Group
Manchester City Council - Chorlton,Chorlton Place,2018,July,30,Wednesday,25 Jul 2018,11:00,133,165,298,133,165,298,No Group
Manchester City Council - Chorlton,Chorlton Place,2018,July,30,Wednesday,25 Jul 2018,12:00,208,222,430,208,222,430,No Group
Manchester City Council - Chorlton,Chorlton Place,2018,July,30,Wednesday,25 Jul 2018,13:00,296,312,608,296,312,608,No Group
Manchester City Council - Chorlton,Chorlton Place,2018,July,30,Wednesday,25 Jul 2018,14:00,219,237,456,219,237,456,No Group
Manchester City Council - Chorlton,Chorlton Place,2018,July,30,Wednesday,25 Jul 2018,15:00,140,204,344,140,204,344,No Group
Manchester City Council - Chorlton,Chorlton Place,2018,July,30,Wednesday,25 Jul 2018,16:00,138,136,274,138,136,274,No Group
Manchester City Council - Chorlton,Chorlton Place,2018,July,30,Wednesday,25 Jul 2018,17:00,108,100,208,108,100,208,No Group
Manchester City Council - Chorlton,Chorlton Place,2018,July,30,Wednesday,25 Jul 2018,18:00,103,81,184,103,81,184,No Group
Manchester City Council - Chorlton,Chorlton Place,2018,July,30,Wednesday,25 Jul 2018,19:00,105,74,179,105,74,179,No Group
Manchester City Council - Chorlton,Chorlton Place,2018,July,30,Wednesday,25 Jul 2018,20:00,61,67,128,61,67,128,No Group
Manchester City Council - Chorlton,Chorlton Place,2018,July,30,Wednesday,25 Jul 2018,21:00,49,56,105,49,56,105,No Group
Manchester City Council - Chorlton,Chorlton Place,2018,July,30,Wednesday,25 Jul 2018,22:00,34,25,59,34,25,59,No Group
Manchester City Council - Chorlton,Chorlton Place,2018,July,30,Wednesday,25 Jul 2018,23:00,27,25,52,27,25,52,No Group
Manchester City Council - Chorlton,Chorlton Place,2018,July,30,Thursday,26 Jul 2018,00:00,14,5,19,14,5,19,No Group
Manchester City Council - Chorlton,Chorlton Place,2018,July,30,Thursday,26 Jul 2018,01:00,5,2,7,5,2,7,No Group
Manchester City Council - Chorlton,Chorlton Place,2018,July,30,Thursday,26 Jul 2018,02:00,3,3,6,3,3,6,No Group
Manchester City Council - Chorlton,Chorlton Place,2018,July,30,Thursday,26 Jul 2018,03:00,2,7,9,2,7,9,No Group
Manchester City Council - Chorlton,Chorlton Place,2018,July,30,Thursday,26 Jul 2018,04:00,1,2,3,1,2,3,No Group
Manchester City Council - Chorlton,Chorlton Place,2018,July,30,Thursday,26 Jul 2018,05:00,6,11,17,6,11,17,No Group
Manchester City Council - Chorlton,Chorlton Place,2018,July,30,Thursday,26 Jul 2018,06:00,8,28,36,8,28,36,No Group
Manchester City Council - Chorlton,Chorlton Place,2018,July,30,Thursday,26 Jul 2018,07:00,33,99,132,33,99,132,No Group
Manchester City Council - Chorlton,Chorlton Place,2018,July,30,Thursday,26 Jul 2018,08:00,40,123,163,40,123,163,No Group
Manchester City Council - Chorlton,Chorlton Place,2018,July,30,Thursday,26 Jul 2018,09:00,80,103,183,80,103,183,No Group
Manchester City Council - Chorlton,Chorlton Place,2018,July,30,Thursday,26 Jul 2018,10:00,99,124,223,99,124,223,No Group
Manchester City Council - Chorlton,Chorlton Place,2018,July,30,Thursday,26 Jul 2018,11:00,154,177,331,154,177,331,No Group
Manchester City Council - Chorlton,Chorlton Place,2018,July,30,Thursday,26 Jul 2018,12:00,178,209,387,178,209,387,No Group
Manchester City Council - Chorlton,Chorlton Place,2018,July,30,Thursday,26 Jul 2018,13:00,167,201,368,167,201,368,No Group
Manchester City Council - Chorlton,Chorlton Place,2018,July,30,Thursday,26 Jul 2018,14:00,168,175,343,168,175,343,No Group
Manchester City Council - Chorlton,Chorlton Place,2018,July,30,Thursday,26 Jul 2018,15:00,168,189,357,168,189,357,No Group
Manchester City Council - Chorlton,Chorlton Place,2018,July,30,Thursday,26 Jul 2018,16:00,176,156,332,176,156,332,No Group
Manchester City Council - Chorlton,Chorlton Place,2018,July,30,Thursday,26 Jul 2018,17:00,120,92,212,120,92,212,No Group
Manchester City Council - Chorlton,Chorlton Place,2018,July,30,Thursday,26 Jul 2018,18:00,99,79,178,99,79,178,No Group
Manchester City Council - Chorlton,Chorlton Place,2018,July,30,Thursday,26 Jul 2018,19:00,72,45,117,72,45,117,No Group
Manchester City Council - Chorlton,Chorlton Place,2018,July,30,Thursday,26 Jul 2018,20:00,56,56,112,56,56,112,No Group
Manchester City Council - Chorlton,Chorlton Place,2018,July,30,Thursday,26 Jul 2018,21:00,56,65,121,56,65,121,No Group
Manchester City Council - Chorlton,Chorlton Place,2018,July,30,Thursday,26 Jul 2018,22:00,34,38,72,34,38,72,No Group
Manchester City Council - Chorlton,Chorlton Place,2018,July,30,Thursday,26 Jul 2018,23:00,25,28,53,25,28,53,No Group
Manchester City Council - Chorlton,Chorlton Place,2018,July,30,Friday,27 Jul 2018,00:00,22,5,27,22,5,27,No Group
Manchester City Council - Chorlton,Chorlton Place,2018,July,30,Friday,27 Jul 2018,01:00,16,4,20,16,4,20,No Group
Manchester City Council - Chorlton,Chorlton Place,2018,July,30,Friday,27 Jul 2018,02:00,4,2,6,4,2,6,No Group
Manchester City Council - Chorlton,Chorlton Place,2018,July,30,Friday,27 Jul 2018,03:00,0,6,6,0,6,6,No Group
Manchester City Council - Chorlton,Chorlton Place,2018,July,30,Friday,27 Jul 2018,04:00,5,3,8,5,3,8,No Group
Manchester City Council - Chorlton,Chorlton Place,2018,July,30,Friday,27 Jul 2018,05:00,5,4,9,5,4,9,No Group
Manchester City Council - Chorlton,Chorlton Place,2018,July,30,Friday,27 Jul 2018,06:00,5,25,30,5,25,30,No Group
Manchester City Council - Chorlton,Chorlton Place,2018,July,30,Friday,27 Jul 2018,07:00,22,76,98,22,76,98,No Group
Manchester City Council - Chorlton,Chorlton Place,2018,July,30,Friday,27 Jul 2018,08:00,46,115,161,46,115,161,No Group
Manchester City Council - Chorlton,Chorlton Place,2018,July,30,Friday,27 Jul 2018,09:00,99,133,232,99,133,232,No Group
Manchester City Council - Chorlton,Chorlton Place,2018,July,30,Friday,27 Jul 2018,10:00,141,160,301,141,160,301,No Group
Manchester City Council - Chorlton,Chorlton Place,2018,July,30,Friday,27 Jul 2018,11:00,197,221,418,197,221,418,No Group
Manchester City Council - Chorlton,Chorlton Place,2018,July,30,Friday,27 Jul 2018,12:00,192,198,390,192,198,390,No Group
Manchester City Council - Chorlton,Chorlton Place,2018,July,30,Friday,27 Jul 2018,13:00,241,293,534,241,293,534,No Group
Manchester City Council - Chorlton,Chorlton Place,2018,July,30,Friday,27 Jul 2018,14:00,164,245,409,164,245,409,No Group
Manchester City Council - Chorlton,Chorlton Place,2018,July,30,Friday,27 Jul 2018,15:00,180,158,338,180,158,338,No Group
Manchester City Council - Chorlton,Chorlton Place,2018,July,30,Friday,27 Jul 2018,16:00,166,151,317,166,151,317,No Group
Manchester City Council - Chorlton,Chorlton Place,2018,July,30,Friday,27 Jul 2018,17:00,131,122,253,131,122,253,No Group
Manchester City Council - Chorlton,Chorlton Place,2018,July,30,Friday,27 Jul 2018,18:00,119,98,217,119,98,217,No Group
Manchester City Council - Chorlton,Chorlton Place,2018,July,30,Friday,27 Jul 2018,19:00,77,78,155,77,78,155,No Group
Manchester City Council - Chorlton,Chorlton Place,2018,July,30,Friday,27 Jul 2018,20:00,71,80,151,71,80,151,No Group
Manchester City Council - Chorlton,Chorlton Place,2018,July,30,Friday,27 Jul 2018,21:00,54,54,108,54,54,108,No Group
Manchester City Council - Chorlton,Chorlton Place,2018,July,30,Friday,27 Jul 2018,22:00,51,41,92,51,41,92,No Group
Manchester City Council - Chorlton,Chorlton Place,2018,July,30,Friday,27 Jul 2018,23:00,34,50,84,34,50,84,No Group
Manchester City Council - Chorlton,Chorlton Place,2018,July,30,Saturday,28 Jul 2018,00:00,29,19,48,29,19,48,No Group
Manchester City Council - Chorlton,Chorlton Place,2018,July,30,Saturday,28 Jul 2018,01:00,16,12,28,16,12,28,No Group
Manchester City Council - Chorlton,Chorlton Place,2018,July,30,Saturday,28 Jul 2018,02:00,15,11,26,15,11,26,No Group
Manchester City Council - Chorlton,Chorlton Place,2018,July,30,Saturday,28 Jul 2018,03:00,2,4,6,2,4,6,No Group
Manchester City Council - Chorlton,Chorlton Place,2018,July,30,Saturday,28 Jul 2018,04:00,1,0,1,1,0,1,No Group
Manchester City Council - Chorlton,Chorlton Place,2018,July,30,Saturday,28 Jul 2018,05:00,4,4,8,4,4,8,No Group
Manchester City Council - Chorlton,Chorlton Place,2018,July,30,Saturday,28 Jul 2018,06:00,4,8,12,4,8,12,No Group
Manchester City Council - Chorlton,Chorlton Place,2018,July,30,Saturday,28 Jul 2018,07:00,13,18,31,13,18,31,No Group
Manchester City Council - Chorlton,Chorlton Place,2018,July,30,Saturday,28 Jul 2018,08:00,27,39,66,27,39,66,No Group
Manchester City Council - Chorlton,Chorlton Place,2018,July,30,Saturday,28 Jul 2018,09:00,97,116,213,97,116,213,No Group
Manchester City Council - Chorlton,Chorlton Place,2018,July,30,Saturday,28 Jul 2018,10:00,160,190,350,160,190,350,No Group
Manchester City Council - Chorlton,Chorlton Place,2018,July,30,Saturday,28 Jul 2018,11:00,216,208,424,216,208,424,No Group
Manchester City Council - Chorlton,Chorlton Place,2018,July,30,Saturday,28 Jul 2018,12:00,255,286,541,255,286,541,No Group
Manchester City Council - Chorlton,Chorlton Place,2018,July,30,Saturday,28 Jul 2018,13:00,269,326,595,269,326,595,No Group
Manchester City Council - Chorlton,Chorlton Place,2018,July,30,Saturday,28 Jul 2018,14:00,222,223,445,222,223,445,No Group
Manchester City Council - Chorlton,Chorlton Place,2018,July,30,Saturday,28 Jul 2018,15:00,181,210,391,181,210,391,No Group
Manchester City Council - Chorlton,Chorlton Place,2018,July,30,Saturday,28 Jul 2018,16:00,198,205,403,198,205,403,No Group
Manchester City Council - Chorlton,Chorlton Place,2018,July,30,Saturday,28 Jul 2018,17:00,89,92,181,89,92,181,No Group
Manchester City Council - Chorlton,Chorlton Place,2018,July,30,Saturday,28 Jul 2018,18:00,72,70,142,72,70,142,No Group
Manchester City Council - Chorlton,Chorlton Place,2018,July,30,Saturday,28 Jul 2018,19:00,89,88,177,89,88,177,No Group
Manchester City Council - Chorlton,Chorlton Place,2018,July,30,Saturday,28 Jul 2018,20:00,68,52,120,68,52,120,No Group
Manchester City Council - Chorlton,Chorlton Place,2018,July,30,Saturday,28 Jul 2018,21:00,68,65,133,68,65,133,No Group
Manchester City Council - Chorlton,Chorlton Place,2018,July,30,Saturday,28 Jul 2018,22:00,56,47,103,56,47,103,No Group
Manchester City Council - Chorlton,Chorlton Place,2018,July,30,Saturday,28 Jul 2018,23:00,35,72,107,35,72,107,No Group
Manchester City Council - Chorlton,Chorlton Place,2018,July,30,Sunday,29 Jul 2018,00:00,19,41,60,19,41,60,No Group
Manchester City Council - Chorlton,Chorlton Place,2018,July,30,Sunday,29 Jul 2018,01:00,11,9,20,11,9,20,No Group
Manchester City Council - Chorlton,Chorlton Place,2018,July,30,Sunday,29 Jul 2018,02:00,11,9,20,11,9,20,No Group
Manchester City Council - Chorlton,Chorlton Place,2018,July,30,Sunday,29 Jul 2018,03:00,6,0,6,6,0,6,No Group
Manchester City Council - Chorlton,Chorlton Place,2018,July,30,Sunday,29 Jul 2018,04:00,2,2,4,2,2,4,No Group
Manchester City Council - Chorlton,Chorlton Place,2018,July,30,Sunday,29 Jul 2018,05:00,13,4,17,13,4,17,No Group
Manchester City Council - Chorlton,Chorlton Place,2018,July,30,Sunday,29 Jul 2018,06:00,30,28,58,30,28,58,No Group
Manchester City Council - Chorlton,Chorlton Place,2018,July,30,Sunday,29 Jul 2018,07:00,15,25,40,15,25,40,No Group
Manchester City Council - Chorlton,Chorlton Place,2018,July,30,Sunday,29 Jul 2018,08:00,18,40,58,18,40,58,No Group
Manchester City Council - Chorlton,Chorlton Place,2018,July,30,Sunday,29 Jul 2018,09:00,62,119,181,62,119,181,No Group
Manchester City Council - Chorlton,Chorlton Place,2018,July,30,Sunday,29 Jul 2018,10:00,74,93,167,74,93,167,No Group
Manchester City Council - Chorlton,Chorlton Place,2018,July,30,Sunday,29 Jul 2018,11:00,89,102,191,89,102,191,No Group
Manchester City Council - Chorlton,Chorlton Place,2018,July,30,Sunday,29 Jul 2018,12:00,97,110,207,97,110,207,No Group
Manchester City Council - Chorlton,Chorlton Place,2018,July,30,Sunday,29 Jul 2018,13:00,129,147,276,129,147,276,No Group
Manchester City Council - Chorlton,Chorlton Place,2018,July,30,Sunday,29 Jul 2018,14:00,132,163,295,132,163,295,No Group
Manchester City Council - Chorlton,Chorlton Place,2018,July,30,Sunday,29 Jul 2018,15:00,120,140,260,120,140,260,No Group
Manchester City Council - Chorlton,Chorlton Place,2018,July,30,Sunday,29 Jul 2018,16:00,73,90,163,73,90,163,No Group
Manchester City Council - Chorlton,Chorlton Place,2018,July,30,Sunday,29 Jul 2018,17:00,60,52,112,60,52,112,No Group
Manchester City Council - Chorlton,Chorlton Place,2018,July,30,Sunday,29 Jul 2018,18:00,61,62,123,61,62,123,No Group
Manchester City Council - Chorlton,Chorlton Place,2018,July,30,Sunday,29 Jul 2018,19:00,38,40,78,38,40,78,No Group
Manchester City Council - Chorlton,Chorlton Place,2018,July,30,Sunday,29 Jul 2018,20:00,21,34,55,21,34,55,No Group
Manchester City Council - Chorlton,Chorlton Place,2018,July,30,Sunday,29 Jul 2018,21:00,23,34,57,23,34,57,No Group
Manchester City Council - Chorlton,Chorlton Place,2018,July,30,Sunday,29 Jul 2018,22:00,13,26,39,13,26,39,No Group
Manchester City Council - Chorlton,Chorlton Place,2018,July,30,Sunday,29 Jul 2018,23:00,9,10,19,9,10,19,No Group
Manchester City Council - Chorlton,Chorlton Place,2018,August,31,Monday,30 Jul 2018,00:00,9,0,9,9,0,9,No Group
Manchester City Council - Chorlton,Chorlton Place,2018,August,31,Monday,30 Jul 2018,01:00,1,0,1,1,0,1,No Group
Manchester City Council - Chorlton,Chorlton Place,2018,August,31,Monday,30 Jul 2018,02:00,0,0,0,0,0,0,No Group
Manchester City Council - Chorlton,Chorlton Place,2018,August,31,Monday,30 Jul 2018,03:00,0,1,1,0,1,1,No Group
Manchester City Council - Chorlton,Chorlton Place,2018,August,31,Monday,30 Jul 2018,04:00,3,7,10,3,7,10,No Group
Manchester City Council - Chorlton,Chorlton Place,2018,August,31,Monday,30 Jul 2018,05:00,2,5,7,2,5,7,No Group
Manchester City Council - Chorlton,Chorlton Place,2018,August,31,Monday,30 Jul 2018,06:00,3,19,22,3,19,22,No Group
Manchester City Council - Chorlton,Chorlton Place,2018,August,31,Monday,30 Jul 2018,07:00,23,78,101,23,78,101,No Group
Manchester City Council - Chorlton,Chorlton Place,2018,August,31,Monday,30 Jul 2018,08:00,31,114,145,31,114,145,No Group
Manchester City Council - Chorlton,Chorlton Place,2018,August,31,Monday,30 Jul 2018,09:00,73,107,180,73,107,180,No Group
Manchester City Council - Chorlton,Chorlton Place,2018,August,31,Monday,30 Jul 2018,10:00,126,125,251,126,125,251,No Group
Manchester City Council - Chorlton,Chorlton Place,2018,August,31,Monday,30 Jul 2018,11:00,136,138,274,136,138,274,No Group
Manchester City Council - Chorlton,Chorlton Place,2018,August,31,Monday,30 Jul 2018,12:00,202,218,420,202,218,420,No Group
Manchester City Council - Chorlton,Chorlton Place,2018,August,31,Monday,30 Jul 2018,13:00,178,230,408,178,230,408,No Group
Manchester City Council - Chorlton,Chorlton Place,2018,August,31,Monday,30 Jul 2018,14:00,195,224,419,195,224,419,No Group
Manchester City Council - Chorlton,Chorlton Place,2018,August,31,Monday,30 Jul 2018,15:00,134,172,306,134,172,306,No Group
Manchester City Council - Chorlton,Chorlton Place,2018,August,31,Monday,30 Jul 2018,16:00,143,127,270,143,127,270,No Group
Manchester City Council - Chorlton,Chorlton Place,2018,August,31,Monday,30 Jul 2018,17:00,109,105,214,109,105,214,No Group
Manchester City Council - Chorlton,Chorlton Place,2018,August,31,Monday,30 Jul 2018,18:00,75,54,129,75,54,129,No Group
Manchester City Council - Chorlton,Chorlton Place,2018,August,31,Monday,30 Jul 2018,19:00,60,53,113,60,53,113,No Group
Manchester City Council - Chorlton,Chorlton Place,2018,August,31,Monday,30 Jul 2018,20:00,47,54,101,47,54,101,No Group
Manchester City Council - Chorlton,Chorlton Place,2018,August,31,Monday,30 Jul 2018,21:00,33,31,64,33,31,64,No Group
Manchester City Council - Chorlton,Chorlton Place,2018,August,31,Monday,30 Jul 2018,22:00,21,24,45,21,24,45,No Group
Manchester City Council - Chorlton,Chorlton Place,2018,August,31,Monday,30 Jul 2018,23:00,14,14,28,14,14,28,No Group
Manchester City Council - Chorlton,Chorlton Place,2018,August,31,Tuesday,31 Jul 2018,00:00,4,1,5,4,1,5,No Group
Manchester City Council - Chorlton,Chorlton Place,2018,August,31,Tuesday,31 Jul 2018,01:00,5,5,10,5,5,10,No Group
Manchester City Council - Chorlton,Chorlton Place,2018,August,31,Tuesday,31 Jul 2018,02:00,0,1,1,0,1,1,No Group
Manchester City Council - Chorlton,Chorlton Place,2018,August,31,Tuesday,31 Jul 2018,03:00,1,4,5,1,4,5,No Group
Manchester City Council - Chorlton,Chorlton Place,2018,August,31,Tuesday,31 Jul 2018,04:00,0,2,2,0,2,2,No Group
Manchester City Council - Chorlton,Chorlton Place,2018,August,31,Tuesday,31 Jul 2018,05:00,1,2,3,1,2,3,No Group
Manchester City Council - Chorlton,Chorlton Place,2018,August,31,Tuesday,31 Jul 2018,06:00,3,22,25,3,22,25,No Group
Manchester City Council - Chorlton,Chorlton Place,2018,August,31,Tuesday,31 Jul 2018,07:00,9,82,91,9,82,91,No Group
Manchester City Council - Chorlton,Chorlton Place,2018,August,31,Tuesday,31 Jul 2018,08:00,48,100,148,48,100,148,No Group
Manchester City Council - Chorlton,Chorlton Place,2018,August,31,Tuesday,31 Jul 2018,09:00,72,102,174,72,102,174,No Group
Manchester City Council - Chorlton,Chorlton Place,2018,August,31,Tuesday,31 Jul 2018,10:00,131,150,281,131,150,281,No Group
Manchester City Council - Chorlton,Chorlton Place,2018,August,31,Tuesday,31 Jul 2018,11:00,137,161,298,137,161,298,No Group
Manchester City Council - Chorlton,Chorlton Place,2018,August,31,Tuesday,31 Jul 2018,12:00,186,181,367,186,181,367,No Group
Manchester City Council - Chorlton,Chorlton Place,2018,August,31,Tuesday,31 Jul 2018,13:00,188,241,429,188,241,429,No Group
Manchester City Council - Chorlton,Chorlton Place,2018,August,31,Tuesday,31 Jul 2018,14:00,139,134,273,139,134,273,No Group
Manchester City Council - Chorlton,Chorlton Place,2018,August,31,Tuesday,31 Jul 2018,15:00,173,208,381,173,208,381,No Group
Manchester City Council - Chorlton,Chorlton Place,2018,August,31,Tuesday,31 Jul 2018,16:00,152,186,338,152,186,338,No Group
Manchester City Council - Chorlton,Chorlton Place,2018,August,31,Tuesday,31 Jul 2018,17:00,121,103,224,121,103,224,No Group
Manchester City Council - Chorlton,Chorlton Place,2018,August,31,Tuesday,31 Jul 2018,18:00,92,79,171,92,79,171,No Group
Manchester City Council - Chorlton,Chorlton Place,2018,August,31,Tuesday,31 Jul 2018,19:00,76,60,136,76,60,136,No Group
Manchester City Council - Chorlton,Chorlton Place,2018,August,31,Tuesday,31 Jul 2018,20:00,53,50,103,53,50,103,No Group
Manchester City Council - Chorlton,Chorlton Place,2018,August,31,Tuesday,31 Jul 2018,21:00,34,26,60,34,26,60,No Group
Manchester City Council - Chorlton,Chorlton Place,2018,August,31,Tuesday,31 Jul 2018,22:00,20,20,40,20,20,40,No Group
Manchester City Council - Chorlton,Chorlton Place,2018,August,31,Tuesday,31 Jul 2018,23:00,19,12,31,19,12,31,No Group
Manchester City Council - Chorlton,Chorlton Place,2018,August,31,Wednesday,01 Aug 2018,00:00,5,7,12,5,7,12,No Group
Manchester City Council - Chorlton,Chorlton Place,2018,August,31,Wednesday,01 Aug 2018,01:00,1,1,2,1,1,2,No Group
Manchester City Council - Chorlton,Chorlton Place,2018,August,31,Wednesday,01 Aug 2018,02:00,0,3,3,0,3,3,No Group
Manchester City Council - Chorlton,Chorlton Place,2018,August,31,Wednesday,01 Aug 2018,03:00,1,4,5,1,4,5,No Group
Manchester City Council - Chorlton,Chorlton Place,2018,August,31,Wednesday,01 Aug 2018,04:00,0,4,4,0,4,4,No Group
Manchester City Council - Chorlton,Chorlton Place,2018,August,31,Wednesday,01 Aug 2018,05:00,3,6,9,3,6,9,No Group
Manchester City Council - Chorlton,Chorlton Place,2018,August,31,Wednesday,01 Aug 2018,06:00,5,16,21,5,16,21,No Group
Manchester City Council - Chorlton,Chorlton Place,2018,August,31,Wednesday,01 Aug 2018,07:00,25,75,100,25,75,100,No Group
Manchester City Council - Chorlton,Chorlton Place,2018,August,31,Wednesday,01 Aug 2018,08:00,35,106,141,35,106,141,No Group
Manchester City Council - Chorlton,Chorlton Place,2018,August,31,Wednesday,01 Aug 2018,09:00,117,144,261,117,144,261,No Group
Manchester City Council - Chorlton,Chorlton Place,2018,August,31,Wednesday,01 Aug 2018,10:00,125,149,274,125,149,274,No Group
Manchester City Council - Chorlton,Chorlton Place,2018,August,31,Wednesday,01 Aug 2018,11:00,129,149,278,129,149,278,No Group
Manchester City Council - Chorlton,Chorlton Place,2018,August,31,Wednesday,01 Aug 2018,12:00,150,184,334,150,184,334,No Group
Manchester City Council - Chorlton,Chorlton Place,2018,August,31,Wednesday,01 Aug 2018,13:00,182,198,380,182,198,380,No Group
Manchester City Council - Chorlton,Chorlton Place,2018,August,31,Wednesday,01 Aug 2018,14:00,185,185,370,185,185,370,No Group
Manchester City Council - Chorlton,Chorlton Place,2018,August,31,Wednesday,01 Aug 2018,15:00,155,164,319,155,164,319,No Group
Manchester City Council - Chorlton,Chorlton Place,2018,August,31,Wednesday,01 Aug 2018,16:00,155,143,298,155,143,298,No Group
Manchester City Council - Chorlton,Chorlton Place,2018,August,31,Wednesday,01 Aug 2018,17:00,117,100,217,117,100,217,No Group
Manchester City Council - Chorlton,Chorlton Place,2018,August,31,Wednesday,01 Aug 2018,18:00,101,87,188,101,87,188,No Group
Manchester City Council - Chorlton,Chorlton Place,2018,August,31,Wednesday,01 Aug 2018,19:00,86,62,148,86,62,148,No Group
Manchester City Council - Chorlton,Chorlton Place,2018,August,31,Wednesday,01 Aug 2018,20:00,53,62,115,53,62,115,No Group
Manchester City Council - Chorlton,Chorlton Place,2018,August,31,Wednesday,01 Aug 2018,21:00,29,29,58,29,29,58,No Group
Manchester City Council - Chorlton,Chorlton Place,2018,August,31,Wednesday,01 Aug 2018,22:00,33,28,61,33,28,61,No Group
Manchester City Council - Chorlton,Chorlton Place,2018,August,31,Wednesday,01 Aug 2018,23:00,10,24,34,10,24,34,No Group
Manchester City Council - Chorlton,Chorlton Place,2018,August,31,Thursday,02 Aug 2018,00:00,11,6,17,11,6,17,No Group
Manchester City Council - Chorlton,Chorlton Place,2018,August,31,Thursday,02 Aug 2018,01:00,6,1,7,6,1,7,No Group
Manchester City Council - Chorlton,Chorlton Place,2018,August,31,Thursday,02 Aug 2018,02:00,0,2,2,0,2,2,No Group
Manchester City Council - Chorlton,Chorlton Place,2018,August,31,Thursday,02 Aug 2018,03:00,0,4,4,0,4,4,No Group
Manchester City Council - Chorlton,Chorlton Place,2018,August,31,Thursday,02 Aug 2018,04:00,0,1,1,0,1,1,No Group
Manchester City Council - Chorlton,Chorlton Place,2018,August,31,Thursday,02 Aug 2018,05:00,1,6,7,1,6,7,No Group
Manchester City Council - Chorlton,Chorlton Place,2018,August,31,Thursday,02 Aug 2018,06:00,6,22,28,6,22,28,No Group
Manchester City Council - Chorlton,Chorlton Place,2018,August,31,Thursday,02 Aug 2018,07:00,19,78,97,19,78,97,No Group
Manchester City Council - Chorlton,Chorlton Place,2018,August,31,Thursday,02 Aug 2018,08:00,54,122,176,54,122,176,No Group
Manchester City Council - Chorlton,Chorlton Place,2018,August,31,Thursday,02 Aug 2018,09:00,90,110,200,90,110,200,No Group
Manchester City Council - Chorlton,Chorlton Place,2018,August,31,Thursday,02 Aug 2018,10:00,136,126,262,136,126,262,No Group
Manchester City Council - Chorlton,Chorlton Place,2018,August,31,Thursday,02 Aug 2018,11:00,173,177,350,173,177,350,No Group
Manchester City Council - Chorlton,Chorlton Place,2018,August,31,Thursday,02 Aug 2018,12:00,161,173,334,161,173,334,No Group
Manchester City Council - Chorlton,Chorlton Place,2018,August,31,Thursday,02 Aug 2018,13:00,189,207,396,189,207,396,No Group
Manchester City Council - Chorlton,Chorlton Place,2018,August,31,Thursday,02 Aug 2018,14:00,182,228,410,182,228,410,No Group
Manchester City Council - Chorlton,Chorlton Place,2018,August,31,Thursday,02 Aug 2018,15:00,184,193,377,184,193,377,No Group
Manchester City Council - Chorlton,Chorlton Place,2018,August,31,Thursday,02 Aug 2018,16:00,170,179,349,170,179,349,No Group
Manchester City Council - Chorlton,Chorlton Place,2018,August,31,Thursday,02 Aug 2018,17:00,120,99,219,120,99,219,No Group
Manchester City Council - Chorlton,Chorlton Place,2018,August,31,Thursday,02 Aug 2018,18:00,82,93,175,82,93,175,No Group
Manchester City Council - Chorlton,Chorlton Place,2018,August,31,Thursday,02 Aug 2018,19:00,83,55,138,83,55,138,No Group
Manchester City Council - Chorlton,Chorlton Place,2018,August,31,Thursday,02 Aug 2018,20:00,56,60,116,56,60,116,No Group
Manchester City Council - Chorlton,Chorlton Place,2018,August,31,Thursday,02 Aug 2018,21:00,46,41,87,46,41,87,No Group
Manchester City Council - Chorlton,Chorlton Place,2018,August,31,Thursday,02 Aug 2018,22:00,28,25,53,28,25,53,No Group
Manchester City Council - Chorlton,Chorlton Place,2018,August,31,Thursday,02 Aug 2018,23:00,25,18,43,25,18,43,No Group
Manchester City Council - Chorlton,Chorlton Place,2018,August,31,Friday,03 Aug 2018,00:00,11,4,15,11,4,15,No Group
Manchester City Council - Chorlton,Chorlton Place,2018,August,31,Friday,03 Aug 2018,01:00,12,9,21,12,9,21,No Group
Manchester City Council - Chorlton,Chorlton Place,2018,August,31,Friday,03 Aug 2018,02:00,0,3,3,0,3,3,No Group
Manchester City Council - Chorlton,Chorlton Place,2018,August,31,Friday,03 Aug 2018,03:00,2,5,7,2,5,7,No Group
Manchester City Council - Chorlton,Chorlton Place,2018,August,31,Friday,03 Aug 2018,04:00,2,1,3,2,1,3,No Group
Manchester City Council - Chorlton,Chorlton Place,2018,August,31,Friday,03 Aug 2018,05:00,4,7,11,4,7,11,No Group
Manchester City Council - Chorlton,Chorlton Place,2018,August,31,Friday,03 Aug 2018,06:00,4,18,22,4,18,22,No Group
Manchester City Council - Chorlton,Chorlton Place,2018,August,31,Friday,03 Aug 2018,07:00,24,80,104,24,80,104,No Group
Manchester City Council - Chorlton,Chorlton Place,2018,August,31,Friday,03 Aug 2018,08:00,34,117,151,34,117,151,No Group
Manchester City Council - Chorlton,Chorlton Place,2018,August,31,Friday,03 Aug 2018,09:00,86,109,195,86,109,195,No Group
Manchester City Council - Chorlton,Chorlton Place,2018,August,31,Friday,03 Aug 2018,10:00,153,159,312,153,159,312,No Group
Manchester City Council - Chorlton,Chorlton Place,2018,August,31,Friday,03 Aug 2018,11:00,186,188,374,186,188,374,No Group
Manchester City Council - Chorlton,Chorlton Place,2018,August,31,Friday,03 Aug 2018,12:00,153,194,347,153,194,347,No Group
Manchester City Council - Chorlton,Chorlton Place,2018,August,31,Friday,03 Aug 2018,13:00,159,157,316,159,157,316,No Group
Manchester City Council - Chorlton,Chorlton Place,2018,August,31,Friday,03 Aug 2018,14:00,186,185,371,186,185,371,No Group
Manchester City Council - Chorlton,Chorlton Place,2018,August,31,Friday,03 Aug 2018,15:00,201,194,395,201,194,395,No Group
Manchester City Council - Chorlton,Chorlton Place,2018,August,31,Friday,03 Aug 2018,16:00,149,144,293,149,144,293,No Group
Manchester City Council - Chorlton,Chorlton Place,2018,August,31,Friday,03 Aug 2018,17:00,124,95,219,124,95,219,No Group
Manchester City Council - Chorlton,Chorlton Place,2018,August,31,Friday,03 Aug 2018,18:00,101,101,202,101,101,202,No Group
Manchester City Council - Chorlton,Chorlton Place,2018,August,31,Friday,03 Aug 2018,19:00,115,96,211,115,96,211,No Group
Manchester City Council - Chorlton,Chorlton Place,2018,August,31,Friday,03 Aug 2018,20:00,59,79,138,59,79,138,No Group
Manchester City Council - Chorlton,Chorlton Place,2018,August,31,Friday,03 Aug 2018,21:00,85,55,140,85,55,140,No Group
Manchester City Council - Chorlton,Chorlton Place,2018,August,31,Friday,03 Aug 2018,22:00,60,87,147,60,87,147,No Group
Manchester City Council - Chorlton,Chorlton Place,2018,August,31,Friday,03 Aug 2018,23:00,53,81,134,53,81,134,No Group
Manchester City Council - Chorlton,Chorlton Place,2018,August,31,Saturday,04 Aug 2018,00:00,23,51,74,23,51,74,No Group
Manchester City Council - Chorlton,Chorlton Place,2018,August,31,Saturday,04 Aug 2018,01:00,16,11,27,16,11,27,No Group
Manchester City Council - Chorlton,Chorlton Place,2018,August,31,Saturday,04 Aug 2018,02:00,12,8,20,12,8,20,No Group
Manchester City Council - Chorlton,Chorlton Place,2018,August,31,Saturday,04 Aug 2018,03:00,1,3,4,1,3,4,No Group
Manchester City Council - Chorlton,Chorlton Place,2018,August,31,Saturday,04 Aug 2018,04:00,0,1,1,0,1,1,No Group
Manchester City Council - Chorlton,Chorlton Place,2018,August,31,Saturday,04 Aug 2018,05:00,7,9,16,7,9,16,No Group
Manchester City Council - Chorlton,Chorlton Place,2018,August,31,Saturday,04 Aug 2018,06:00,3,8,11,3,8,11,No Group
Manchester City Council - Chorlton,Chorlton Place,2018,August,31,Saturday,04 Aug 2018,07:00,15,16,31,15,16,31,No Group
Manchester City Council - Chorlton,Chorlton Place,2018,August,31,Saturday,04 Aug 2018,08:00,39,50,89,39,50,89,No Group
Manchester City Council - Chorlton,Chorlton Place,2018,August,31,Saturday,04 Aug 2018,09:00,96,115,211,96,115,211,No Group
Manchester City Council - Chorlton,Chorlton Place,2018,August,31,Saturday,04 Aug 2018,10:00,148,181,329,148,181,329,No Group
Manchester City Council - Chorlton,Chorlton Place,2018,August,31,Saturday,04 Aug 2018,11:00,237,246,483,237,246,483,No Group
Manchester City Council - Chorlton,Chorlton Place,2018,August,31,Saturday,04 Aug 2018,12:00,334,352,686,334,352,686,No Group
Manchester City Council - Chorlton,Chorlton Place,2018,August,31,Saturday,04 Aug 2018,13:00,345,384,729,345,384,729,No Group
Manchester City Council - Chorlton,Chorlton Place,2018,August,31,Saturday,04 Aug 2018,14:00,296,292,588,296,292,588,No Group
Manchester City Council - Chorlton,Chorlton Place,2018,August,31,Saturday,04 Aug 2018,15:00,231,204,435,231,204,435,No Group
Manchester City Council - Chorlton,Chorlton Place,2018,August,31,Saturday,04 Aug 2018,16:00,179,165,344,179,165,344,No Group
Manchester City Council - Chorlton,Chorlton Place,2018,August,31,Saturday,04 Aug 2018,17:00,98,97,195,98,97,195,No Group
Manchester City Council - Chorlton,Chorlton Place,2018,August,31,Saturday,04 Aug 2018,18:00,85,108,193,85,108,193,No Group
Manchester City Council - Chorlton,Chorlton Place,2018,August,31,Saturday,04 Aug 2018,19:00,88,71,159,88,71,159,No Group
Manchester City Council - Chorlton,Chorlton Place,2018,August,31,Saturday,04 Aug 2018,20:00,76,81,157,76,81,157,No Group
Manchester City Council - Chorlton,Chorlton Place,2018,August,31,Saturday,04 Aug 2018,21:00,79,61,140,79,61,140,No Group
Manchester City Council - Chorlton,Chorlton Place,2018,August,31,Saturday,04 Aug 2018,22:00,29,61,90,29,61,90,No Group
Manchester City Council - Chorlton,Chorlton Place,2018,August,31,Saturday,04 Aug 2018,23:00,44,40,84,44,40,84,No Group
Manchester City Council - Chorlton,Chorlton Place,2018,August,31,Sunday,05 Aug 2018,00:00,31,62,93,31,62,93,No Group
Manchester City Council - Chorlton,Chorlton Place,2018,August,31,Sunday,05 Aug 2018,01:00,17,6,23,17,6,23,No Group
Manchester City Council - Chorlton,Chorlton Place,2018,August,31,Sunday,05 Aug 2018,02:00,11,7,18,11,7,18,No Group
Manchester City Council - Chorlton,Chorlton Place,2018,August,31,Sunday,05 Aug 2018,03:00,2,1,3,2,1,3,No Group
Manchester City Council - Chorlton,Chorlton Place,2018,August,31,Sunday,05 Aug 2018,04:00,1,0,1,1,0,1,No Group
Manchester City Council - Chorlton,Chorlton Place,2018,August,31,Sunday,05 Aug 2018,05:00,2,1,3,2,1,3,No Group
Manchester City Council - Chorlton,Chorlton Place,2018,August,31,Sunday,05 Aug 2018,06:00,2,3,5,2,3,5,No Group
Manchester City Council - Chorlton,Chorlton Place,2018,August,31,Sunday,05 Aug 2018,07:00,4,8,12,4,8,12,No Group
Manchester City Council - Chorlton,Chorlton Place,2018,August,31,Sunday,05 Aug 2018,08:00,12,25,37,12,25,37,No Group
Manchester City Council - Chorlton,Chorlton Place,2018,August,31,Sunday,05 Aug 2018,09:00,49,68,117,49,68,117,No Group
Manchester City Council - Chorlton,Chorlton Place,2018,August,31,Sunday,05 Aug 2018,10:00,77,74,151,77,74,151,No Group
Manchester City Council - Chorlton,Chorlton Place,2018,August,31,Sunday,05 Aug 2018,11:00,119,146,265,119,146,265,No Group
Manchester City Council - Chorlton,Chorlton Place,2018,August,31,Sunday,05 Aug 2018,12:00,140,155,295,140,155,295,No Group
Manchester City Council - Chorlton,Chorlton Place,2018,August,31,Sunday,05 Aug 2018,13:00,187,196,383,187,196,383,No Group
Manchester City Council - Chorlton,Chorlton Place,2018,August,31,Sunday,05 Aug 2018,14:00,135,133,268,135,133,268,No Group
Manchester City Council - Chorlton,Chorlton Place,2018,August,31,Sunday,05 Aug 2018,15:00,124,111,235,124,111,235,No Group
Manchester City Council - Chorlton,Chorlton Place,2018,August,31,Sunday,05 Aug 2018,16:00,70,67,137,70,67,137,No Group
Manchester City Council - Chorlton,Chorlton Place,2018,August,31,Sunday,05 Aug 2018,17:00,61,77,138,61,77,138,No Group
Manchester City Council - Chorlton,Chorlton Place,2018,August,31,Sunday,05 Aug 2018,18:00,34,51,85,34,51,85,No Group
Manchester City Council - Chorlton,Chorlton Place,2018,August,31,Sunday,05 Aug 2018,19:00,42,43,85,42,43,85,No Group
Manchester City Council - Chorlton,Chorlton Place,2018,August,31,Sunday,05 Aug 2018,20:00,32,38,70,32,38,70,No Group
Manchester City Council - Chorlton,Chorlton Place,2018,August,31,Sunday,05 Aug 2018,21:00,31,30,61,31,30,61,No Group
Manchester City Council - Chorlton,Chorlton Place,2018,August,31,Sunday,05 Aug 2018,22:00,26,22,48,26,22,48,No Group
Manchester City Council - Chorlton,Chorlton Place,2018,August,31,Sunday,05 Aug 2018,23:00,11,7,18,11,7,18,No Group
Manchester City Council - Chorlton,Chorlton Place,2018,August,32,Monday,06 Aug 2018,00:00,4,3,7,4,3,7,No Group
Manchester City Council - Chorlton,Chorlton Place,2018,August,32,Monday,06 Aug 2018,01:00,3,5,8,3,5,8,No Group
Manchester City Council - Chorlton,Chorlton Place,2018,August,32,Monday,06 Aug 2018,02:00,1,3,4,1,3,4,No Group
Manchester City Council - Chorlton,Chorlton Place,2018,August,32,Monday,06 Aug 2018,03:00,0,2,2,0,2,2,No Group
Manchester City Council - Chorlton,Chorlton Place,2018,August,32,Monday,06 Aug 2018,04:00,3,4,7,3,4,7,No Group
Manchester City Council - Chorlton,Chorlton Place,2018,August,32,Monday,06 Aug 2018,05:00,2,4,6,2,4,6,No Group
Manchester City Council - Chorlton,Chorlton Place,2018,August,32,Monday,06 Aug 2018,06:00,8,18,26,8,18,26,No Group
Manchester City Council - Chorlton,Chorlton Place,2018,August,32,Monday,06 Aug 2018,07:00,17,75,92,17,75,92,No Group
Manchester City Council - Chorlton,Chorlton Place,2018,August,32,Monday,06 Aug 2018,08:00,24,99,123,24,99,123,No Group
Manchester City Council - Chorlton,Chorlton Place,2018,August,32,Monday,06 Aug 2018,09:00,65,97,162,65,97,162,No Group
Manchester City Council - Chorlton,Chorlton Place,2018,August,32,Monday,06 Aug 2018,10:00,78,83,161,78,83,161,No Group
Manchester City Council - Chorlton,Chorlton Place,2018,August,32,Monday,06 Aug 2018,11:00,158,165,323,158,165,323,No Group
Manchester City Council - Chorlton,Chorlton Place,2018,August,32,Monday,06 Aug 2018,12:00,165,159,324,165,159,324,No Group
Manchester City Council - Chorlton,Chorlton Place,2018,August,32,Monday,06 Aug 2018,13:00,190,222,412,190,222,412,No Group
Manchester City Council - Chorlton,Chorlton Place,2018,August,32,Monday,06 Aug 2018,14:00,173,208,381,173,208,381,No Group
Manchester City Council - Chorlton,Chorlton Place,2018,August,32,Monday,06 Aug 2018,15:00,161,180,341,161,180,341,No Group
Manchester City Council - Chorlton,Chorlton Place,2018,August,32,Monday,06 Aug 2018,16:00,155,159,314,155,159,314,No Group
Manchester City Council - Chorlton,Chorlton Place,2018,August,32,Monday,06 Aug 2018,17:00,131,99,230,131,99,230,No Group
Manchester City Council - Chorlton,Chorlton Place,2018,August,32,Monday,06 Aug 2018,18:00,93,69,162,93,69,162,No Group
Manchester City Council - Chorlton,Chorlton Place,2018,August,32,Monday,06 Aug 2018,19:00,86,52,138,86,52,138,No Group
Manchester City Council - Chorlton,Chorlton Place,2018,August,32,Monday,06 Aug 2018,20:00,34,47,81,34,47,81,No Group
Manchester City Council - Chorlton,Chorlton Place,2018,August,32,Monday,06 Aug 2018,21:00,27,39,66,27,39,66,No Group
Manchester City Council - Chorlton,Chorlton Place,2018,August,32,Monday,06 Aug 2018,22:00,27,23,50,27,23,50,No Group
Manchester City Council - Chorlton,Chorlton Place,2018,August,32,Monday,06 Aug 2018,23:00,11,10,21,11,10,21,No Group
Manchester City Council - Chorlton,Chorlton Place,2018,August,32,Tuesday,07 Aug 2018,00:00,8,4,12,8,4,12,No Group
Manchester City Council - Chorlton,Chorlton Place,2018,August,32,Tuesday,07 Aug 2018,01:00,3,2,5,3,2,5,No Group
Manchester City Council - Chorlton,Chorlton Place,2018,August,32,Tuesday,07 Aug 2018,02:00,1,5,6,1,5,6,No Group
Manchester City Council - Chorlton,Chorlton Place,2018,August,32,Tuesday,07 Aug 2018,03:00,0,2,2,0,2,2,No Group
Manchester City Council - Chorlton,Chorlton Place,2018,August,32,Tuesday,07 Aug 2018,04:00,2,6,8,2,6,8,No Group
Manchester City Council - Chorlton,Chorlton Place,2018,August,32,Tuesday,07 Aug 2018,05:00,2,4,6,2,4,6,No Group
Manchester City Council - Chorlton,Chorlton Place,2018,August,32,Tuesday,07 Aug 2018,06:00,6,21,27,6,21,27,No Group
Manchester City Council - Chorlton,Chorlton Place,2018,August,32,Tuesday,07 Aug 2018,07:00,19,70,89,19,70,89,No Group
Manchester City Council - Chorlton,Chorlton Place,2018,August,32,Tuesday,07 Aug 2018,08:00,41,130,171,41,130,171,No Group
Manchester City Council - Chorlton,Chorlton Place,2018,August,32,Tuesday,07 Aug 2018,09:00,89,109,198,89,109,198,No Group
Manchester City Council - Chorlton,Chorlton Place,2018,August,32,Tuesday,07 Aug 2018,10:00,117,145,262,117,145,262,No Group
Manchester City Council - Chorlton,Chorlton Place,2018,August,32,Tuesday,07 Aug 2018,11:00,148,159,307,148,159,307,No Group
Manchester City Council - Chorlton,Chorlton Place,2018,August,32,Tuesday,07 Aug 2018,12:00,190,187,377,190,187,377,No Group
Manchester City Council - Chorlton,Chorlton Place,2018,August,32,Tuesday,07 Aug 2018,13:00,187,161,348,187,161,348,No Group
Manchester City Council - Chorlton,Chorlton Place,2018,August,32,Tuesday,07 Aug 2018,14:00,186,233,419,186,233,419,No Group
Manchester City Council - Chorlton,Chorlton Place,2018,August,32,Tuesday,07 Aug 2018,15:00,143,156,299,143,156,299,No Group
Manchester City Council - Chorlton,Chorlton Place,2018,August,32,Tuesday,07 Aug 2018,16:00,130,140,270,130,140,270,No Group
Manchester City Council - Chorlton,Chorlton Place,2018,August,32,Tuesday,07 Aug 2018,17:00,122,130,252,122,130,252,No Group
Manchester City Council - Chorlton,Chorlton Place,2018,August,32,Tuesday,07 Aug 2018,18:00,97,71,168,97,71,168,No Group
Manchester City Council - Chorlton,Chorlton Place,2018,August,32,Tuesday,07 Aug 2018,19:00,90,66,156,90,66,156,No Group
Manchester City Council - Chorlton,Chorlton Place,2018,August,32,Tuesday,07 Aug 2018,20:00,45,44,89,45,44,89,No Group
Manchester City Council - Chorlton,Chorlton Place,2018,August,32,Tuesday,07 Aug 2018,21:00,38,26,64,38,26,64,No Group
Manchester City Council - Chorlton,Chorlton Place,2018,August,32,Tuesday,07 Aug 2018,22:00,22,24,46,22,24,46,No Group
Manchester City Council - Chorlton,Chorlton Place,2018,August,32,Tuesday,07 Aug 2018,23:00,20,17,37,20,17,37,No Group
Manchester City Council - Chorlton,Chorlton Place,2018,August,32,Wednesday,08 Aug 2018,00:00,7,4,11,7,4,11,No Group
Manchester City Council - Chorlton,Chorlton Place,2018,August,32,Wednesday,08 Aug 2018,01:00,1,1,2,1,1,2,No Group
Manchester City Council - Chorlton,Chorlton Place,2018,August,32,Wednesday,08 Aug 2018,02:00,1,6,7,1,6,7,No Group
Manchester City Council - Chorlton,Chorlton Place,2018,August,32,Wednesday,08 Aug 2018,03:00,0,3,3,0,3,3,No Group
Manchester City Council - Chorlton,Chorlton Place,2018,August,32,Wednesday,08 Aug 2018,04:00,2,2,4,2,2,4,No Group
Manchester City Council - Chorlton,Chorlton Place,2018,August,32,Wednesday,08 Aug 2018,05:00,2,4,6,2,4,6,No Group
Manchester City Council - Chorlton,Chorlton Place,2018,August,32,Wednesday,08 Aug 2018,06:00,3,18,21,3,18,21,No Group
Manchester City Council - Chorlton,Chorlton Place,2018,August,32,Wednesday,08 Aug 2018,07:00,21,65,86,21,65,86,No Group
Manchester City Council - Chorlton,Chorlton Place,2018,August,32,Wednesday,08 Aug 2018,08:00,41,118,159,41,118,159,No Group
Manchester City Council - Chorlton,Chorlton Place,2018,August,32,Wednesday,08 Aug 2018,09:00,57,103,160,57,103,160,No Group
Manchester City Council - Chorlton,Chorlton Place,2018,August,32,Wednesday,08 Aug 2018,10:00,127,142,269,127,142,269,No Group
Manchester City Council - Chorlton,Chorlton Place,2018,August,32,Wednesday,08 Aug 2018,11:00,153,181,334,153,181,334,No Group
Manchester City Council - Chorlton,Chorlton Place,2018,August,32,Wednesday,08 Aug 2018,12:00,165,182,347,165,182,347,No Group
Manchester City Council - Chorlton,Chorlton Place,2018,August,32,Wednesday,08 Aug 2018,13:00,161,164,325,161,164,325,No Group
Manchester City Council - Chorlton,Chorlton Place,2018,August,32,Wednesday,08 Aug 2018,14:00,166,181,347,166,181,347,No Group
Manchester City Council - Chorlton,Chorlton Place,2018,August,32,Wednesday,08 Aug 2018,15:00,158,164,322,158,164,322,No Group
Manchester City Council - Chorlton,Chorlton Place,2018,August,32,Wednesday,08 Aug 2018,16:00,121,126,247,121,126,247,No Group
Manchester City Council - Chorlton,Chorlton Place,2018,August,32,Wednesday,08 Aug 2018,17:00,120,112,232,120,112,232,No Group
Manchester City Council - Chorlton,Chorlton Place,2018,August,32,Wednesday,08 Aug 2018,18:00,114,80,194,114,80,194,No Group
Manchester City Council - Chorlton,Chorlton Place,2018,August,32,Wednesday,08 Aug 2018,19:00,68,68,136,68,68,136,No Group
Manchester City Council - Chorlton,Chorlton Place,2018,August,32,Wednesday,08 Aug 2018,20:00,50,41,91,50,41,91,No Group
Manchester City Council - Chorlton,Chorlton Place,2018,August,32,Wednesday,08 Aug 2018,21:00,37,29,66,37,29,66,No Group
Manchester City Council - Chorlton,Chorlton Place,2018,August,32,Wednesday,08 Aug 2018,22:00,27,37,64,27,37,64,No Group
Manchester City Council - Chorlton,Chorlton Place,2018,August,32,Wednesday,08 Aug 2018,23:00,16,27,43,16,27,43,No Group
Manchester City Council - Chorlton,Chorlton Place,2018,August,32,Thursday,09 Aug 2018,00:00,7,11,18,7,11,18,No Group
Manchester City Council - Chorlton,Chorlton Place,2018,August,32,Thursday,09 Aug 2018,01:00,3,2,5,3,2,5,No Group
Manchester City Council - Chorlton,Chorlton Place,2018,August,32,Thursday,09 Aug 2018,02:00,4,5,9,4,5,9,No Group
Manchester City Council - Chorlton,Chorlton Place,2018,August,32,Thursday,09 Aug 2018,03:00,0,2,2,0,2,2,No Group
Manchester City Council - Chorlton,Chorlton Place,2018,August,32,Thursday,09 Aug 2018,04:00,1,4,5,1,4,5,No Group
Manchester City Council - Chorlton,Chorlton Place,2018,August,32,Thursday,09 Aug 2018,05:00,1,3,4,1,3,4,No Group
Manchester City Council - Chorlton,Chorlton Place,2018,August,32,Thursday,09 Aug 2018,06:00,7,20,27,7,20,27,No Group
Manchester City Council - Chorlton,Chorlton Place,2018,August,32,Thursday,09 Aug 2018,07:00,26,84,110,26,84,110,No Group
Manchester City Council - Chorlton,Chorlton Place,2018,August,32,Thursday,09 Aug 2018,08:00,52,102,154,52,102,154,No Group
Manchester City Council - Chorlton,Chorlton Place,2018,August,32,Thursday,09 Aug 2018,09:00,61,97,158,61,97,158,No Group
Manchester City Council - Chorlton,Chorlton Place,2018,August,32,Thursday,09 Aug 2018,10:00,121,152,273,121,152,273,No Group
Manchester City Council - Chorlton,Chorlton Place,2018,August,32,Thursday,09 Aug 2018,11:00,151,181,332,151,181,332,No Group
Manchester City Council - Chorlton,Chorlton Place,2018,August,32,Thursday,09 Aug 2018,12:00,200,218,418,200,218,418,No Group
Manchester City Council - Chorlton,Chorlton Place,2018,August,32,Thursday,09 Aug 2018,13:00,237,281,518,237,281,518,No Group
Manchester City Council - Chorlton,Chorlton Place,2018,August,32,Thursday,09 Aug 2018,14:00,220,262,482,220,262,482,No Group
Manchester City Council - Chorlton,Chorlton Place,2018,August,32,Thursday,09 Aug 2018,15:00,170,167,337,170,167,337,No Group
Manchester City Council - Chorlton,Chorlton Place,2018,August,32,Thursday,09 Aug 2018,16:00,155,164,319,155,164,319,No Group
Manchester City Council - Chorlton,Chorlton Place,2018,August,32,Thursday,09 Aug 2018,17:00,127,116,243,127,116,243,No Group
Manchester City Council - Chorlton,Chorlton Place,2018,August,32,Thursday,09 Aug 2018,18:00,120,114,234,120,114,234,No Group
Manchester City Council - Chorlton,Chorlton Place,2018,August,32,Thursday,09 Aug 2018,19:00,72,60,132,72,60,132,No Group
Manchester City Council - Chorlton,Chorlton Place,2018,August,32,Thursday,09 Aug 2018,20:00,61,37,98,61,37,98,No Group
Manchester City Council - Chorlton,Chorlton Place,2018,August,32,Thursday,09 Aug 2018,21:00,35,41,76,35,41,76,No Group
Manchester City Council - Chorlton,Chorlton Place,2018,August,32,Thursday,09 Aug 2018,22:00,37,29,66,37,29,66,No Group
Manchester City Council - Chorlton,Chorlton Place,2018,August,32,Thursday,09 Aug 2018,23:00,21,15,36,21,15,36,No Group
Manchester City Council - Chorlton,Chorlton Place,2018,August,32,Friday,10 Aug 2018,00:00,12,4,16,12,4,16,No Group
Manchester City Council - Chorlton,Chorlton Place,2018,August,32,Friday,10 Aug 2018,01:00,8,1,9,8,1,9,No Group
Manchester City Council - Chorlton,Chorlton Place,2018,August,32,Friday,10 Aug 2018,02:00,3,7,10,3,7,10,No Group
Manchester City Council - Chorlton,Chorlton Place,2018,August,32,Friday,10 Aug 2018,03:00,0,2,2,0,2,2,No Group
Manchester City Council - Chorlton,Chorlton Place,2018,August,32,Friday,10 Aug 2018,04:00,5,10,15,5,10,15,No Group
Manchester City Council - Chorlton,Chorlton Place,2018,August,32,Friday,10 Aug 2018,05:00,2,4,6,2,4,6,No Group
Manchester City Council - Chorlton,Chorlton Place,2018,August,32,Friday,10 Aug 2018,06:00,5,20,25,5,20,25,No Group
Manchester City Council - Chorlton,Chorlton Place,2018,August,32,Friday,10 Aug 2018,07:00,24,71,95,24,71,95,No Group
Manchester City Council - Chorlton,Chorlton Place,2018,August,32,Friday,10 Aug 2018,08:00,31,97,128,31,97,128,No Group
Manchester City Council - Chorlton,Chorlton Place,2018,August,32,Friday,10 Aug 2018,09:00,93,128,221,93,128,221,No Group
Manchester City Council - Chorlton,Chorlton Place,2018,August,32,Friday,10 Aug 2018,10:00,142,170,312,142,170,312,No Group
Manchester City Council - Chorlton,Chorlton Place,2018,August,32,Friday,10 Aug 2018,11:00,137,162,299,137,162,299,No Group
Manchester City Council - Chorlton,Chorlton Place,2018,August,32,Friday,10 Aug 2018,12:00,168,179,347,168,179,347,No Group
Manchester City Council - Chorlton,Chorlton Place,2018,August,32,Friday,10 Aug 2018,13:00,184,201,385,184,201,385,No Group
Manchester City Council - Chorlton,Chorlton Place,2018,August,32,Friday,10 Aug 2018,14:00,247,233,480,247,233,480,No Group
Manchester City Council - Chorlton,Chorlton Place,2018,August,32,Friday,10 Aug 2018,15:00,198,235,433,198,235,433,No Group
Manchester City Council - Chorlton,Chorlton Place,2018,August,32,Friday,10 Aug 2018,16:00,187,189,376,187,189,376,No Group
Manchester City Council - Chorlton,Chorlton Place,2018,August,32,Friday,10 Aug 2018,17:00,146,115,261,146,115,261,No Group
Manchester City Council - Chorlton,Chorlton Place,2018,August,32,Friday,10 Aug 2018,18:00,103,108,211,103,108,211,No Group
Manchester City Council - Chorlton,Chorlton Place,2018,August,32,Friday,10 Aug 2018,19:00,114,97,211,114,97,211,No Group
Manchester City Council - Chorlton,Chorlton Place,2018,August,32,Friday,10 Aug 2018,20:00,95,65,160,95,65,160,No Group
Manchester City Council - Chorlton,Chorlton Place,2018,August,32,Friday,10 Aug 2018,21:00,42,81,123,42,81,123,No Group
Manchester City Council - Chorlton,Chorlton Place,2018,August,32,Friday,10 Aug 2018,22:00,34,87,121,34,87,121,No Group
Manchester City Council - Chorlton,Chorlton Place,2018,August,32,Friday,10 Aug 2018,23:00,31,40,71,31,40,71,No Group
Manchester City Council - Chorlton,Chorlton Place,2018,August,32,Saturday,11 Aug 2018,00:00,23,32,55,23,32,55,No Group
Manchester City Council - Chorlton,Chorlton Place,2018,August,32,Saturday,11 Aug 2018,01:00,17,7,24,17,7,24,No Group
Manchester City Council - Chorlton,Chorlton Place,2018,August,32,Saturday,11 Aug 2018,02:00,10,11,21,10,11,21,No Group
Manchester City Council - Chorlton,Chorlton Place,2018,August,32,Saturday,11 Aug 2018,03:00,4,4,8,4,4,8,No Group
Manchester City Council - Chorlton,Chorlton Place,2018,August,32,Saturday,11 Aug 2018,04:00,1,0,1,1,0,1,No Group
Manchester City Council - Chorlton,Chorlton Place,2018,August,32,Saturday,11 Aug 2018,05:00,6,8,14,6,8,14,No Group
Manchester City Council - Chorlton,Chorlton Place,2018,August,32,Saturday,11 Aug 2018,06:00,2,5,7,2,5,7,No Group
Manchester City Council - Chorlton,Chorlton Place,2018,August,32,Saturday,11 Aug 2018,07:00,11,18,29,11,18,29,No Group
Manchester City Council - Chorlton,Chorlton Place,2018,August,32,Saturday,11 Aug 2018,08:00,47,58,105,47,58,105,No Group
Manchester City Council - Chorlton,Chorlton Place,2018,August,32,Saturday,11 Aug 2018,09:00,102,134,236,102,134,236,No Group
Manchester City Council - Chorlton,Chorlton Place,2018,August,32,Saturday,11 Aug 2018,10:00,166,177,343,166,177,343,No Group
Manchester City Council - Chorlton,Chorlton Place,2018,August,32,Saturday,11 Aug 2018,11:00,277,307,584,277,307,584,No Group
Manchester City Council - Chorlton,Chorlton Place,2018,August,32,Saturday,11 Aug 2018,12:00,326,354,680,326,354,680,No Group
Manchester City Council - Chorlton,Chorlton Place,2018,August,32,Saturday,11 Aug 2018,13:00,420,414,834,420,414,834,No Group
Manchester City Council - Chorlton,Chorlton Place,2018,August,32,Saturday,11 Aug 2018,14:00,273,272,545,273,272,545,No Group
Manchester City Council - Chorlton,Chorlton Place,2018,August,32,Saturday,11 Aug 2018,15:00,211,196,407,211,196,407,No Group
Manchester City Council - Chorlton,Chorlton Place,2018,August,32,Saturday,11 Aug 2018,16:00,149,200,349,149,200,349,No Group
Manchester City Council - Chorlton,Chorlton Place,2018,August,32,Saturday,11 Aug 2018,17:00,110,83,193,110,83,193,No Group
Manchester City Council - Chorlton,Chorlton Place,2018,August,32,Saturday,11 Aug 2018,18:00,80,71,151,80,71,151,No Group
Manchester City Council - Chorlton,Chorlton Place,2018,August,32,Saturday,11 Aug 2018,19:00,82,74,156,82,74,156,No Group
Manchester City Council - Chorlton,Chorlton Place,2018,August,32,Saturday,11 Aug 2018,20:00,75,78,153,75,78,153,No Group
Manchester City Council - Chorlton,Chorlton Place,2018,August,32,Saturday,11 Aug 2018,21:00,52,76,128,52,76,128,No Group
Manchester City Council - Chorlton,Chorlton Place,2018,August,32,Saturday,11 Aug 2018,22:00,39,46,85,39,46,85,No Group
Manchester City Council - Chorlton,Chorlton Place,2018,August,32,Saturday,11 Aug 2018,23:00,36,31,67,36,31,67,No Group
Manchester City Council - Chorlton,Chorlton Place,2018,August,32,Sunday,12 Aug 2018,00:00,11,35,46,11,35,46,No Group
Manchester City Council - Chorlton,Chorlton Place,2018,August,32,Sunday,12 Aug 2018,01:00,4,11,15,4,11,15,No Group
Manchester City Council - Chorlton,Chorlton Place,2018,August,32,Sunday,12 Aug 2018,02:00,3,4,7,3,4,7,No Group
Manchester City Council - Chorlton,Chorlton Place,2018,August,32,Sunday,12 Aug 2018,03:00,0,8,8,0,8,8,No Group
Manchester City Council - Chorlton,Chorlton Place,2018,August,32,Sunday,12 Aug 2018,04:00,3,14,17,3,14,17,No Group
Manchester City Council - Chorlton,Chorlton Place,2018,August,32,Sunday,12 Aug 2018,05:00,0,9,9,0,9,9,No Group
Manchester City Council - Chorlton,Chorlton Place,2018,August,32,Sunday,12 Aug 2018,06:00,15,12,27,15,12,27,No Group
Manchester City Council - Chorlton,Chorlton Place,2018,August,32,Sunday,12 Aug 2018,07:00,3,5,8,3,5,8,No Group
Manchester City Council - Chorlton,Chorlton Place,2018,August,32,Sunday,12 Aug 2018,08:00,13,32,45,13,32,45,No Group
Manchester City Council - Chorlton,Chorlton Place,2018,August,32,Sunday,12 Aug 2018,09:00,36,45,81,36,45,81,No Group
Manchester City Council - Chorlton,Chorlton Place,2018,August,32,Sunday,12 Aug 2018,10:00,52,62,114,52,62,114,No Group
Manchester City Council - Chorlton,Chorlton Place,2018,August,32,Sunday,12 Aug 2018,11:00,81,101,182,81,101,182,No Group
Manchester City Council - Chorlton,Chorlton Place,2018,August,32,Sunday,12 Aug 2018,12:00,112,133,245,112,133,245,No Group
Manchester City Council - Chorlton,Chorlton Place,2018,August,32,Sunday,12 Aug 2018,13:00,127,154,281,127,154,281,No Group
Manchester City Council - Chorlton,Chorlton Place,2018,August,32,Sunday,12 Aug 2018,14:00,124,150,274,124,150,274,No Group
Manchester City Council - Chorlton,Chorlton Place,2018,August,32,Sunday,12 Aug 2018,15:00,148,145,293,148,145,293,No Group
Manchester City Council - Chorlton,Chorlton Place,2018,August,32,Sunday,12 Aug 2018,16:00,104,101,205,104,101,205,No Group
Manchester City Council - Chorlton,Chorlton Place,2018,August,32,Sunday,12 Aug 2018,17:00,56,71,127,56,71,127,No Group
Manchester City Council - Chorlton,Chorlton Place,2018,August,32,Sunday,12 Aug 2018,18:00,64,81,145,64,81,145,No Group
Manchester City Council - Chorlton,Chorlton Place,2018,August,32,Sunday,12 Aug 2018,19:00,53,54,107,53,54,107,No Group
Manchester City Council - Chorlton,Chorlton Place,2018,August,32,Sunday,12 Aug 2018,20:00,28,28,56,28,28,56,No Group
Manchester City Council - Chorlton,Chorlton Place,2018,August,32,Sunday,12 Aug 2018,21:00,22,23,45,22,23,45,No Group
Manchester City Council - Chorlton,Chorlton Place,2018,August,32,Sunday,12 Aug 2018,22:00,19,24,43,19,24,43,No Group
Manchester City Council - Chorlton,Chorlton Place,2018,August,32,Sunday,12 Aug 2018,23:00,9,9,18,9,9,18,No Group
Manchester City Council - Chorlton,Chorlton Place,2018,August,33,Monday,13 Aug 2018,00:00,5,2,7,5,2,7,No Group
Manchester City Council - Chorlton,Chorlton Place,2018,August,33,Monday,13 Aug 2018,01:00,2,2,4,2,2,4,No Group
Manchester City Council - Chorlton,Chorlton Place,2018,August,33,Monday,13 Aug 2018,02:00,1,2,3,1,2,3,No Group
Manchester City Council - Chorlton,Chorlton Place,2018,August,33,Monday,13 Aug 2018,03:00,0,2,2,0,2,2,No Group
Manchester City Council - Chorlton,Chorlton Place,2018,August,33,Monday,13 Aug 2018,04:00,3,5,8,3,5,8,No Group
Manchester City Council - Chorlton,Chorlton Place,2018,August,33,Monday,13 Aug 2018,05:00,0,3,3,0,3,3,No Group
Manchester City Council - Chorlton,Chorlton Place,2018,August,33,Monday,13 Aug 2018,06:00,5,14,19,5,14,19,No Group
Manchester City Council - Chorlton,Chorlton Place,2018,August,33,Monday,13 Aug 2018,07:00,19,63,82,19,63,82,No Group
Manchester City Council - Chorlton,Chorlton Place,2018,August,33,Monday,13 Aug 2018,08:00,43,107,150,43,107,150,No Group
Manchester City Council - Chorlton,Chorlton Place,2018,August,33,Monday,13 Aug 2018,09:00,69,100,169,69,100,169,No Group
Manchester City Council - Chorlton,Chorlton Place,2018,August,33,Monday,13 Aug 2018,10:00,115,129,244,115,129,244,No Group
Manchester City Council - Chorlton,Chorlton Place,2018,August,33,Monday,13 Aug 2018,11:00,124,142,266,124,142,266,No Group
Manchester City Council - Chorlton,Chorlton Place,2018,August,33,Monday,13 Aug 2018,12:00,163,169,332,163,169,332,No Group
Manchester City Council - Chorlton,Chorlton Place,2018,August,33,Monday,13 Aug 2018,13:00,272,278,550,272,278,550,No Group
Manchester City Council - Chorlton,Chorlton Place,2018,August,33,Monday,13 Aug 2018,14:00,396,319,715,396,319,715,No Group
Manchester City Council - Chorlton,Chorlton Place,2018,August,33,Monday,13 Aug 2018,15:00,229,203,432,229,203,432,No Group
Manchester City Council - Chorlton,Chorlton Place,2018,August,33,Monday,13 Aug 2018,16:00,153,146,299,153,146,299,No Group
Manchester City Council - Chorlton,Chorlton Place,2018,August,33,Monday,13 Aug 2018,17:00,109,84,193,109,84,193,No Group
Manchester City Council - Chorlton,Chorlton Place,2018,August,33,Monday,13 Aug 2018,18:00,117,79,196,117,79,196,No Group
Manchester City Council - Chorlton,Chorlton Place,2018,August,33,Monday,13 Aug 2018,19:00,66,49,115,66,49,115,No Group
Manchester City Council - Chorlton,Chorlton Place,2018,August,33,Monday,13 Aug 2018,20:00,46,44,90,46,44,90,No Group
Manchester City Council - Chorlton,Chorlton Place,2018,August,33,Monday,13 Aug 2018,21:00,41,39,80,41,39,80,No Group
Manchester City Council - Chorlton,Chorlton Place,2018,August,33,Monday,13 Aug 2018,22:00,23,14,37,23,14,37,No Group
Manchester City Council - Chorlton,Chorlton Place,2018,August,33,Monday,13 Aug 2018,23:00,18,12,30,18,12,30,No Group
Manchester City Council - Chorlton,Chorlton Place,2018,August,33,Tuesday,14 Aug 2018,00:00,3,2,5,3,2,5,No Group
Manchester City Council - Chorlton,Chorlton Place,2018,August,33,Tuesday,14 Aug 2018,01:00,3,4,7,3,4,7,No Group
Manchester City Council - Chorlton,Chorlton Place,2018,August,33,Tuesday,14 Aug 2018,02:00,1,0,1,1,0,1,No Group
Manchester City Council - Chorlton,Chorlton Place,2018,August,33,Tuesday,14 Aug 2018,03:00,0,4,4,0,4,4,No Group
Manchester City Council - Chorlton,Chorlton Place,2018,August,33,Tuesday,14 Aug 2018,04:00,2,7,9,2,7,9,No Group
Manchester City Council - Chorlton,Chorlton Place,2018,August,33,Tuesday,14 Aug 2018,05:00,1,3,4,1,3,4,No Group
Manchester City Council - Chorlton,Chorlton Place,2018,August,33,Tuesday,14 Aug 2018,06:00,4,24,28,4,24,28,No Group
Manchester City Council - Chorlton,Chorlton Place,2018,August,33,Tuesday,14 Aug 2018,07:00,22,69,91,22,69,91,No Group
Manchester City Council - Chorlton,Chorlton Place,2018,August,33,Tuesday,14 Aug 2018,08:00,23,112,135,23,112,135,No Group
Manchester City Council - Chorlton,Chorlton Place,2018,August,33,Tuesday,14 Aug 2018,09:00,75,90,165,75,90,165,No Group
Manchester City Council - Chorlton,Chorlton Place,2018,August,33,Tuesday,14 Aug 2018,10:00,122,137,259,122,137,259,No Group
Manchester City Council - Chorlton,Chorlton Place,2018,August,33,Tuesday,14 Aug 2018,11:00,147,166,313,147,166,313,No Group
Manchester City Council - Chorlton,Chorlton Place,2018,August,33,Tuesday,14 Aug 2018,12:00,149,198,347,149,198,347,No Group
Manchester City Council - Chorlton,Chorlton Place,2018,August,33,Tuesday,14 Aug 2018,13:00,175,190,365,175,190,365,No Group
Manchester City Council - Chorlton,Chorlton Place,2018,August,33,Tuesday,14 Aug 2018,14:00,157,158,315,157,158,315,No Group
Manchester City Council - Chorlton,Chorlton Place,2018,August,33,Tuesday,14 Aug 2018,15:00,180,186,366,180,186,366,No Group
Manchester City Council - Chorlton,Chorlton Place,2018,August,33,Tuesday,14 Aug 2018,16:00,142,142,284,142,142,284,No Group
Manchester City Council - Chorlton,Chorlton Place,2018,August,33,Tuesday,14 Aug 2018,17:00,114,99,213,114,99,213,No Group
Manchester City Council - Chorlton,Chorlton Place,2018,August,33,Tuesday,14 Aug 2018,18:00,109,92,201,109,92,201,No Group
Manchester City Council - Chorlton,Chorlton Place,2018,August,33,Tuesday,14 Aug 2018,19:00,61,40,101,61,40,101,No Group
Manchester City Council - Chorlton,Chorlton Place,2018,August,33,Tuesday,14 Aug 2018,20:00,55,35,90,55,35,90,No Group
Manchester City Council - Chorlton,Chorlton Place,2018,August,33,Tuesday,14 Aug 2018,21:00,33,48,81,33,48,81,No Group
Manchester City Council - Chorlton,Chorlton Place,2018,August,33,Tuesday,14 Aug 2018,22:00,21,13,34,21,13,34,No Group
Manchester City Council - Chorlton,Chorlton Place,2018,August,33,Tuesday,14 Aug 2018,23:00,21,20,41,21,20,41,No Group
Manchester City Council - Chorlton,Chorlton Place,2018,August,33,Wednesday,15 Aug 2018,00:00,9,0,9,9,0,9,No Group
Manchester City Council - Chorlton,Chorlton Place,2018,August,33,Wednesday,15 Aug 2018,01:00,0,1,1,0,1,1,No Group
Manchester City Council - Chorlton,Chorlton Place,2018,August,33,Wednesday,15 Aug 2018,02:00,0,0,0,0,0,0,No Group
Manchester City Council - Chorlton,Chorlton Place,2018,August,33,Wednesday,15 Aug 2018,03:00,1,6,7,1,6,7,No Group
Manchester City Council - Chorlton,Chorlton Place,2018,August,33,Wednesday,15 Aug 2018,04:00,0,4,4,0,4,4,No Group
Manchester City Council - Chorlton,Chorlton Place,2018,August,33,Wednesday,15 Aug 2018,05:00,1,5,6,1,5,6,No Group
Manchester City Council - Chorlton,Chorlton Place,2018,August,33,Wednesday,15 Aug 2018,06:00,9,22,31,9,22,31,No Group
Manchester City Council - Chorlton,Chorlton Place,2018,August,33,Wednesday,15 Aug 2018,07:00,20,80,100,20,80,100,No Group
Manchester City Council - Chorlton,Chorlton Place,2018,August,33,Wednesday,15 Aug 2018,08:00,27,77,104,27,77,104,No Group
Manchester City Council - Chorlton,Chorlton Place,2018,August,33,Wednesday,15 Aug 2018,09:00,84,118,202,84,118,202,No Group
Manchester City Council - Chorlton,Chorlton Place,2018,August,33,Wednesday,15 Aug 2018,10:00,131,159,290,131,159,290,No Group
Manchester City Council - Chorlton,Chorlton Place,2018,August,33,Wednesday,15 Aug 2018,11:00,129,133,262,129,133,262,No Group
Manchester City Council - Chorlton,Chorlton Place,2018,August,33,Wednesday,15 Aug 2018,12:00,175,202,377,175,202,377,No Group
Manchester City Council - Chorlton,Chorlton Place,2018,August,33,Wednesday,15 Aug 2018,13:00,159,180,339,159,180,339,No Group
Manchester City Council - Chorlton,Chorlton Place,2018,August,33,Wednesday,15 Aug 2018,14:00,156,175,331,156,175,331,No Group
Manchester City Council - Chorlton,Chorlton Place,2018,August,33,Wednesday,15 Aug 2018,15:00,152,162,314,152,162,314,No Group
Manchester City Council - Chorlton,Chorlton Place,2018,August,33,Wednesday,15 Aug 2018,16:00,130,119,249,130,119,249,No Group
Manchester City Council - Chorlton,Chorlton Place,2018,August,33,Wednesday,15 Aug 2018,17:00,115,93,208,115,93,208,No Group
Manchester City Council - Chorlton,Chorlton Place,2018,August,33,Wednesday,15 Aug 2018,18:00,135,105,240,135,105,240,No Group
Manchester City Council - Chorlton,Chorlton Place,2018,August,33,Wednesday,15 Aug 2018,19:00,36,42,78,36,42,78,No Group
Manchester City Council - Chorlton,Chorlton Place,2018,August,33,Wednesday,15 Aug 2018,20:00,42,8,50,42,8,50,No Group
Manchester City Council - Chorlton,Chorlton Place,2018,August,33,Wednesday,15 Aug 2018,21:00,6,15,21,6,15,21,No Group
Manchester City Council - Chorlton,Chorlton Place,2018,August,33,Wednesday,15 Aug 2018,22:00,24,21,45,24,21,45,No Group
Manchester City Council - Chorlton,Chorlton Place,2018,August,33,Wednesday,15 Aug 2018,23:00,19,21,40,19,21,40,No Group
Manchester City Council - Chorlton,Chorlton Place,2018,August,33,Thursday,16 Aug 2018,00:00,10,4,14,10,4,14,No Group
Manchester City Council - Chorlton,Chorlton Place,2018,August,33,Thursday,16 Aug 2018,01:00,0,0,0,0,0,0,No Group
Manchester City Council - Chorlton,Chorlton Place,2018,August,33,Thursday,16 Aug 2018,02:00,1,9,10,1,9,10,No Group
Manchester City Council - Chorlton,Chorlton Place,2018,August,33,Thursday,16 Aug 2018,03:00,2,110,112,2,110,112,No Group
Manchester City Council - Chorlton,Chorlton Place,2018,August,33,Thursday,16 Aug 2018,04:00,0,2,2,0,2,2,No Group
Manchester City Council - Chorlton,Chorlton Place,2018,August,33,Thursday,16 Aug 2018,05:00,1,17,18,1,17,18,No Group
Manchester City Council - Chorlton,Chorlton Place,2018,August,33,Thursday,16 Aug 2018,06:00,6,14,20,6,14,20,No Group
Manchester City Council - Chorlton,Chorlton Place,2018,August,33,Thursday,16 Aug 2018,07:00,25,79,104,25,79,104,No Group
Manchester City Council - Chorlton,Chorlton Place,2018,August,33,Thursday,16 Aug 2018,08:00,36,130,166,36,130,166,No Group
Manchester City Council - Chorlton,Chorlton Place,2018,August,33,Thursday,16 Aug 2018,09:00,75,87,162,75,87,162,No Group
Manchester City Council - Chorlton,Chorlton Place,2018,August,33,Thursday,16 Aug 2018,10:00,139,167,306,139,167,306,No Group
Manchester City Council - Chorlton,Chorlton Place,2018,August,33,Thursday,16 Aug 2018,11:00,158,187,345,158,187,345,No Group
Manchester City Council - Chorlton,Chorlton Place,2018,August,33,Thursday,16 Aug 2018,12:00,164,233,397,164,233,397,No Group
Manchester City Council - Chorlton,Chorlton Place,2018,August,33,Thursday,16 Aug 2018,13:00,223,261,484,223,261,484,No Group
Manchester City Council - Chorlton,Chorlton Place,2018,August,33,Thursday,16 Aug 2018,14:00,160,180,340,160,180,340,No Group
Manchester City Council - Chorlton,Chorlton Place,2018,August,33,Thursday,16 Aug 2018,15:00,132,179,311,132,179,311,No Group
Manchester City Council - Chorlton,Chorlton Place,2018,August,33,Thursday,16 Aug 2018,16:00,146,126,272,146,126,272,No Group
Manchester City Council - Chorlton,Chorlton Place,2018,August,33,Thursday,16 Aug 2018,17:00,127,114,241,127,114,241,No Group
Manchester City Council - Chorlton,Chorlton Place,2018,August,33,Thursday,16 Aug 2018,18:00,113,79,192,113,79,192,No Group
Manchester City Council - Chorlton,Chorlton Place,2018,August,33,Thursday,16 Aug 2018,19:00,66,64,130,66,64,130,No Group
Manchester City Council - Chorlton,Chorlton Place,2018,August,33,Thursday,16 Aug 2018,20:00,72,53,125,72,53,125,No Group
Manchester City Council - Chorlton,Chorlton Place,2018,August,33,Thursday,16 Aug 2018,21:00,40,58,98,40,58,98,No Group
Manchester City Council - Chorlton,Chorlton Place,2018,August,33,Thursday,16 Aug 2018,22:00,26,34,60,26,34,60,No Group
Manchester City Council - Chorlton,Chorlton Place,2018,August,33,Thursday,16 Aug 2018,23:00,13,4,17,13,4,17,No Group
Manchester City Council - Chorlton,Chorlton Place,2018,August,33,Friday,17 Aug 2018,00:00,6,2,8,6,2,8,No Group
Manchester City Council - Chorlton,Chorlton Place,2018,August,33,Friday,17 Aug 2018,01:00,4,1,5,4,1,5,No Group
Manchester City Council - Chorlton,Chorlton Place,2018,August,33,Friday,17 Aug 2018,02:00,0,0,0,0,0,0,No Group
Manchester City Council - Chorlton,Chorlton Place,2018,August,33,Friday,17 Aug 2018,03:00,1,6,7,1,6,7,No Group
Manchester City Council - Chorlton,Chorlton Place,2018,August,33,Friday,17 Aug 2018,04:00,8,6,14,8,6,14,No Group
Manchester City Council - Chorlton,Chorlton Place,2018,August,33,Friday,17 Aug 2018,05:00,1,2,3,1,2,3,No Group
Manchester City Council - Chorlton,Chorlton Place,2018,August,33,Friday,17 Aug 2018,06:00,8,21,29,8,21,29,No Group
Manchester City Council - Chorlton,Chorlton Place,2018,August,33,Friday,17 Aug 2018,07:00,24,80,104,24,80,104,No Group
Manchester City Council - Chorlton,Chorlton Place,2018,August,33,Friday,17 Aug 2018,08:00,37,119,156,37,119,156,No Group
Manchester City Council - Chorlton,Chorlton Place,2018,August,33,Friday,17 Aug 2018,09:00,63,83,146,63,83,146,No Group
Manchester City Council - Chorlton,Chorlton Place,2018,August,33,Friday,17 Aug 2018,10:00,173,168,341,173,168,341,No Group
Manchester City Council - Chorlton,Chorlton Place,2018,August,33,Friday,17 Aug 2018,11:00,178,186,364,178,186,364,No Group
Manchester City Council - Chorlton,Chorlton Place,2018,August,33,Friday,17 Aug 2018,12:00,191,220,411,191,220,411,No Group
Manchester City Council - Chorlton,Chorlton Place,2018,August,33,Friday,17 Aug 2018,13:00,188,204,392,188,204,392,No Group
Manchester City Council - Chorlton,Chorlton Place,2018,August,33,Friday,17 Aug 2018,14:00,173,207,380,173,207,380,No Group
Manchester City Council - Chorlton,Chorlton Place,2018,August,33,Friday,17 Aug 2018,15:00,173,178,351,173,178,351,No Group
Manchester City Council - Chorlton,Chorlton Place,2018,August,33,Friday,17 Aug 2018,16:00,166,150,316,166,150,316,No Group
Manchester City Council - Chorlton,Chorlton Place,2018,August,33,Friday,17 Aug 2018,17:00,116,110,226,116,110,226,No Group
Manchester City Council - Chorlton,Chorlton Place,2018,August,33,Friday,17 Aug 2018,18:00,88,70,158,88,70,158,No Group
Manchester City Council - Chorlton,Chorlton Place,2018,August,33,Friday,17 Aug 2018,19:00,72,70,142,72,70,142,No Group
Manchester City Council - Chorlton,Chorlton Place,2018,August,33,Friday,17 Aug 2018,20:00,54,69,123,54,69,123,No Group
Manchester City Council - Chorlton,Chorlton Place,2018,August,33,Friday,17 Aug 2018,21:00,37,41,78,37,41,78,No Group
Manchester City Council - Chorlton,Chorlton Place,2018,August,33,Friday,17 Aug 2018,22:00,36,37,73,36,37,73,No Group
Manchester City Council - Chorlton,Chorlton Place,2018,August,33,Friday,17 Aug 2018,23:00,31,37,68,31,37,68,No Group
Manchester City Council - Chorlton,Chorlton Place,2018,August,33,Saturday,18 Aug 2018,00:00,17,45,62,17,45,62,No Group
Manchester City Council - Chorlton,Chorlton Place,2018,August,33,Saturday,18 Aug 2018,01:00,14,5,19,14,5,19,No Group
Manchester City Council - Chorlton,Chorlton Place,2018,August,33,Saturday,18 Aug 2018,02:00,8,2,10,8,2,10,No Group
Manchester City Council - Chorlton,Chorlton Place,2018,August,33,Saturday,18 Aug 2018,03:00,3,3,6,3,3,6,No Group
Manchester City Council - Chorlton,Chorlton Place,2018,August,33,Saturday,18 Aug 2018,04:00,3,3,6,3,3,6,No Group
Manchester City Council - Chorlton,Chorlton Place,2018,August,33,Saturday,18 Aug 2018,05:00,1,9,10,1,9,10,No Group
Manchester City Council - Chorlton,Chorlton Place,2018,August,33,Saturday,18 Aug 2018,06:00,6,13,19,6,13,19,No Group
Manchester City Council - Chorlton,Chorlton Place,2018,August,33,Saturday,18 Aug 2018,07:00,17,31,48,17,31,48,No Group
Manchester City Council - Chorlton,Chorlton Place,2018,August,33,Saturday,18 Aug 2018,08:00,55,64,119,55,64,119,No Group
Manchester City Council - Chorlton,Chorlton Place,2018,August,33,Saturday,18 Aug 2018,09:00,86,110,196,86,110,196,No Group
Manchester City Council - Chorlton,Chorlton Place,2018,August,33,Saturday,18 Aug 2018,10:00,174,191,365,174,191,365,No Group
Manchester City Council - Chorlton,Chorlton Place,2018,August,33,Saturday,18 Aug 2018,11:00,237,257,494,237,257,494,No Group
Manchester City Council - Chorlton,Chorlton Place,2018,August,33,Saturday,18 Aug 2018,12:00,192,243,435,192,243,435,No Group
Manchester City Council - Chorlton,Chorlton Place,2018,August,33,Saturday,18 Aug 2018,13:00,244,274,518,244,274,518,No Group
Manchester City Council - Chorlton,Chorlton Place,2018,August,33,Saturday,18 Aug 2018,14:00,312,304,616,312,304,616,No Group
Manchester City Council - Chorlton,Chorlton Place,2018,August,33,Saturday,18 Aug 2018,15:00,218,240,458,218,240,458,No Group
Manchester City Council - Chorlton,Chorlton Place,2018,August,33,Saturday,18 Aug 2018,16:00,197,186,383,197,186,383,No Group
Manchester City Council - Chorlton,Chorlton Place,2018,August,33,Saturday,18 Aug 2018,17:00,120,129,249,120,129,249,No Group
Manchester City Council - Chorlton,Chorlton Place,2018,August,33,Saturday,18 Aug 2018,18:00,76,87,163,76,87,163,No Group
Manchester City Council - Chorlton,Chorlton Place,2018,August,33,Saturday,18 Aug 2018,19:00,65,96,161,65,96,161,No Group
Manchester City Council - Chorlton,Chorlton Place,2018,August,33,Saturday,18 Aug 2018,20:00,72,89,161,72,89,161,No Group
Manchester City Council - Chorlton,Chorlton Place,2018,August,33,Saturday,18 Aug 2018,21:00,63,52,115,63,52,115,No Group
Manchester City Council - Chorlton,Chorlton Place,2018,August,33,Saturday,18 Aug 2018,22:00,46,42,88,46,42,88,No Group
Manchester City Council - Chorlton,Chorlton Place,2018,August,33,Saturday,18 Aug 2018,23:00,39,54,93,39,54,93,No Group
Manchester City Council - Chorlton,Chorlton Place,2018,August,33,Sunday,19 Aug 2018,00:00,23,46,69,23,46,69,No Group
Manchester City Council - Chorlton,Chorlton Place,2018,August,33,Sunday,19 Aug 2018,01:00,19,24,43,19,24,43,No Group
Manchester City Council - Chorlton,Chorlton Place,2018,August,33,Sunday,19 Aug 2018,02:00,5,8,13,5,8,13,No Group
Manchester City Council - Chorlton,Chorlton Place,2018,August,33,Sunday,19 Aug 2018,03:00,1,0,1,1,0,1,No Group
Manchester City Council - Chorlton,Chorlton Place,2018,August,33,Sunday,19 Aug 2018,04:00,2,1,3,2,1,3,No Group
Manchester City Council - Chorlton,Chorlton Place,2018,August,33,Sunday,19 Aug 2018,05:00,2,0,2,2,0,2,No Group
Manchester City Council - Chorlton,Chorlton Place,2018,August,33,Sunday,19 Aug 2018,06:00,4,3,7,4,3,7,No Group
Manchester City Council - Chorlton,Chorlton Place,2018,August,33,Sunday,19 Aug 2018,07:00,8,16,24,8,16,24,No Group
Manchester City Council - Chorlton,Chorlton Place,2018,August,33,Sunday,19 Aug 2018,08:00,25,28,53,25,28,53,No Group
Manchester City Council - Chorlton,Chorlton Place,2018,August,33,Sunday,19 Aug 2018,09:00,43,55,98,43,55,98,No Group
Manchester City Council - Chorlton,Chorlton Place,2018,August,33,Sunday,19 Aug 2018,10:00,67,104,171,67,104,171,No Group
Manchester City Council - Chorlton,Chorlton Place,2018,August,33,Sunday,19 Aug 2018,11:00,73,86,159,73,86,159,No Group
Manchester City Council - Chorlton,Chorlton Place,2018,August,33,Sunday,19 Aug 2018,12:00,91,132,223,91,132,223,No Group
Manchester City Council - Chorlton,Chorlton Place,2018,August,33,Sunday,19 Aug 2018,13:00,104,109,213,104,109,213,No Group
Manchester City Council - Chorlton,Chorlton Place,2018,August,33,Sunday,19 Aug 2018,14:00,102,117,219,102,117,219,No Group
Manchester City Council - Chorlton,Chorlton Place,2018,August,33,Sunday,19 Aug 2018,15:00,107,106,213,107,106,213,No Group
Manchester City Council - Chorlton,Chorlton Place,2018,August,33,Sunday,19 Aug 2018,16:00,72,69,141,72,69,141,No Group
Manchester City Council - Chorlton,Chorlton Place,2018,August,33,Sunday,19 Aug 2018,17:00,80,88,168,80,88,168,No Group
Manchester City Council - Chorlton,Chorlton Place,2018,August,33,Sunday,19 Aug 2018,18:00,51,75,126,51,75,126,No Group
Manchester City Council - Chorlton,Chorlton Place,2018,August,33,Sunday,19 Aug 2018,19:00,39,55,94,39,55,94,No Group
Manchester City Council - Chorlton,Chorlton Place,2018,August,33,Sunday,19 Aug 2018,20:00,37,25,62,37,25,62,No Group
Manchester City Council - Chorlton,Chorlton Place,2018,August,33,Sunday,19 Aug 2018,21:00,29,23,52,29,23,52,No Group
Manchester City Council - Chorlton,Chorlton Place,2018,August,33,Sunday,19 Aug 2018,22:00,30,26,56,30,26,56,No Group
Manchester City Council - Chorlton,Chorlton Place,2018,August,33,Sunday,19 Aug 2018,23:00,24,14,38,24,14,38,No Group
Manchester City Council - Chorlton,Chorlton Place,2018,August,34,Monday,20 Aug 2018,00:00,10,11,21,10,11,21,No Group
Manchester City Council - Chorlton,Chorlton Place,2018,August,34,Monday,20 Aug 2018,01:00,6,3,9,6,3,9,No Group
Manchester City Council - Chorlton,Chorlton Place,2018,August,34,Monday,20 Aug 2018,02:00,0,1,1,0,1,1,No Group
Manchester City Council - Chorlton,Chorlton Place,2018,August,34,Monday,20 Aug 2018,03:00,4,7,11,4,7,11,No Group
Manchester City Council - Chorlton,Chorlton Place,2018,August,34,Monday,20 Aug 2018,04:00,0,5,5,0,5,5,No Group
Manchester City Council - Chorlton,Chorlton Place,2018,August,34,Monday,20 Aug 2018,05:00,1,4,5,1,4,5,No Group
Manchester City Council - Chorlton,Chorlton Place,2018,August,34,Monday,20 Aug 2018,06:00,4,14,18,4,14,18,No Group
Manchester City Council - Chorlton,Chorlton Place,2018,August,34,Monday,20 Aug 2018,07:00,13,79,92,13,79,92,No Group
Manchester City Council - Chorlton,Chorlton Place,2018,August,34,Monday,20 Aug 2018,08:00,38,105,143,38,105,143,No Group
Manchester City Council - Chorlton,Chorlton Place,2018,August,34,Monday,20 Aug 2018,09:00,57,93,150,57,93,150,No Group
Manchester City Council - Chorlton,Chorlton Place,2018,August,34,Monday,20 Aug 2018,10:00,121,119,240,121,119,240,No Group
Manchester City Council - Chorlton,Chorlton Place,2018,August,34,Monday,20 Aug 2018,11:00,134,133,267,134,133,267,No Group
Manchester City Council - Chorlton,Chorlton Place,2018,August,34,Monday,20 Aug 2018,12:00,156,152,308,156,152,308,No Group
Manchester City Council - Chorlton,Chorlton Place,2018,August,34,Monday,20 Aug 2018,13:00,153,179,332,153,179,332,No Group
Manchester City Council - Chorlton,Chorlton Place,2018,August,34,Monday,20 Aug 2018,14:00,149,162,311,149,162,311,No Group
Manchester City Council - Chorlton,Chorlton Place,2018,August,34,Monday,20 Aug 2018,15:00,130,129,259,130,129,259,No Group
Manchester City Council - Chorlton,Chorlton Place,2018,August,34,Monday,20 Aug 2018,16:00,128,127,255,128,127,255,No Group
Manchester City Council - Chorlton,Chorlton Place,2018,August,34,Monday,20 Aug 2018,17:00,129,77,206,129,77,206,No Group
Manchester City Council - Chorlton,Chorlton Place,2018,August,34,Monday,20 Aug 2018,18:00,104,84,188,104,84,188,No Group
Manchester City Council - Chorlton,Chorlton Place,2018,August,34,Monday,20 Aug 2018,19:00,68,54,122,68,54,122,No Group
Manchester City Council - Chorlton,Chorlton Place,2018,August,34,Monday,20 Aug 2018,20:00,54,50,104,54,50,104,No Group
Manchester City Council - Chorlton,Chorlton Place,2018,August,34,Monday,20 Aug 2018,21:00,25,41,66,25,41,66,No Group
Manchester City Council - Chorlton,Chorlton Place,2018,August,34,Monday,20 Aug 2018,22:00,20,29,49,20,29,49,No Group
Manchester City Council - Chorlton,Chorlton Place,2018,August,34,Monday,20 Aug 2018,23:00,28,23,51,28,23,51,No Group
Manchester City Council - Chorlton,Chorlton Place,2018,August,34,Tuesday,21 Aug 2018,00:00,13,9,22,13,9,22,No Group
Manchester City Council - Chorlton,Chorlton Place,2018,August,34,Tuesday,21 Aug 2018,01:00,9,6,15,9,6,15,No Group
Manchester City Council - Chorlton,Chorlton Place,2018,August,34,Tuesday,21 Aug 2018,02:00,1,1,2,1,1,2,No Group
Manchester City Council - Chorlton,Chorlton Place,2018,August,34,Tuesday,21 Aug 2018,03:00,0,5,5,0,5,5,No Group
Manchester City Council - Chorlton,Chorlton Place,2018,August,34,Tuesday,21 Aug 2018,04:00,1,5,6,1,5,6,No Group
Manchester City Council - Chorlton,Chorlton Place,2018,August,34,Tuesday,21 Aug 2018,05:00,0,3,3,0,3,3,No Group
Manchester City Council - Chorlton,Chorlton Place,2018,August,34,Tuesday,21 Aug 2018,06:00,7,19,26,7,19,26,No Group
Manchester City Council - Chorlton,Chorlton Place,2018,August,34,Tuesday,21 Aug 2018,07:00,13,72,85,13,72,85,No Group
Manchester City Council - Chorlton,Chorlton Place,2018,August,34,Tuesday,21 Aug 2018,08:00,30,102,132,30,102,132,No Group
Manchester City Council - Chorlton,Chorlton Place,2018,August,34,Tuesday,21 Aug 2018,09:00,76,131,207,76,131,207,No Group
Manchester City Council - Chorlton,Chorlton Place,2018,August,34,Tuesday,21 Aug 2018,10:00,122,115,237,122,115,237,No Group
Manchester City Council - Chorlton,Chorlton Place,2018,August,34,Tuesday,21 Aug 2018,11:00,151,200,351,151,200,351,No Group
Manchester City Council - Chorlton,Chorlton Place,2018,August,34,Tuesday,21 Aug 2018,12:00,204,231,435,204,231,435,No Group
Manchester City Council - Chorlton,Chorlton Place,2018,August,34,Tuesday,21 Aug 2018,13:00,149,184,333,149,184,333,No Group
Manchester City Council - Chorlton,Chorlton Place,2018,August,34,Tuesday,21 Aug 2018,14:00,163,165,328,163,165,328,No Group
Manchester City Council - Chorlton,Chorlton Place,2018,August,34,Tuesday,21 Aug 2018,15:00,145,157,302,145,157,302,No Group
Manchester City Council - Chorlton,Chorlton Place,2018,August,34,Tuesday,21 Aug 2018,16:00,148,134,282,148,134,282,No Group
Manchester City Council - Chorlton,Chorlton Place,2018,August,34,Tuesday,21 Aug 2018,17:00,138,100,238,138,100,238,No Group
Manchester City Council - Chorlton,Chorlton Place,2018,August,34,Tuesday,21 Aug 2018,18:00,99,72,171,99,72,171,No Group
Manchester City Council - Chorlton,Chorlton Place,2018,August,34,Tuesday,21 Aug 2018,19:00,74,46,120,74,46,120,No Group
Manchester City Council - Chorlton,Chorlton Place,2018,August,34,Tuesday,21 Aug 2018,20:00,44,50,94,44,50,94,No Group
Manchester City Council - Chorlton,Chorlton Place,2018,August,34,Tuesday,21 Aug 2018,21:00,42,32,74,42,32,74,No Group
Manchester City Council - Chorlton,Chorlton Place,2018,August,34,Tuesday,21 Aug 2018,22:00,26,26,52,26,26,52,No Group
Manchester City Council - Chorlton,Chorlton Place,2018,August,34,Tuesday,21 Aug 2018,23:00,16,18,34,16,18,34,No Group
Manchester City Council - Chorlton,Chorlton Place,2018,August,34,Wednesday,22 Aug 2018,00:00,7,3,10,7,3,10,No Group
Manchester City Council - Chorlton,Chorlton Place,2018,August,34,Wednesday,22 Aug 2018,01:00,3,2,5,3,2,5,No Group
Manchester City Council - Chorlton,Chorlton Place,2018,August,34,Wednesday,22 Aug 2018,02:00,1,0,1,1,0,1,No Group
Manchester City Council - Chorlton,Chorlton Place,2018,August,34,Wednesday,22 Aug 2018,03:00,1,6,7,1,6,7,No Group
Manchester City Council - Chorlton,Chorlton Place,2018,August,34,Wednesday,22 Aug 2018,04:00,3,8,11,3,8,11,No Group
Manchester City Council - Chorlton,Chorlton Place,2018,August,34,Wednesday,22 Aug 2018,05:00,1,5,6,1,5,6,No Group
Manchester City Council - Chorlton,Chorlton Place,2018,August,34,Wednesday,22 Aug 2018,06:00,5,18,23,5,18,23,No Group
Manchester City Council - Chorlton,Chorlton Place,2018,August,34,Wednesday,22 Aug 2018,07:00,23,70,93,23,70,93,No Group
Manchester City Council - Chorlton,Chorlton Place,2018,August,34,Wednesday,22 Aug 2018,08:00,37,105,142,37,105,142,No Group
Manchester City Council - Chorlton,Chorlton Place,2018,August,34,Wednesday,22 Aug 2018,09:00,74,101,175,74,101,175,No Group
Manchester City Council - Chorlton,Chorlton Place,2018,August,34,Wednesday,22 Aug 2018,10:00,121,156,277,121,156,277,No Group
Manchester City Council - Chorlton,Chorlton Place,2018,August,34,Wednesday,22 Aug 2018,11:00,139,148,287,139,148,287,No Group
Manchester City Council - Chorlton,Chorlton Place,2018,August,34,Wednesday,22 Aug 2018,12:00,142,186,328,142,186,328,No Group
Manchester City Council - Chorlton,Chorlton Place,2018,August,34,Wednesday,22 Aug 2018,13:00,157,169,326,157,169,326,No Group
Manchester City Council - Chorlton,Chorlton Place,2018,August,34,Wednesday,22 Aug 2018,14:00,169,173,342,169,173,342,No Group
Manchester City Council - Chorlton,Chorlton Place,2018,August,34,Wednesday,22 Aug 2018,15:00,151,161,312,151,161,312,No Group
Manchester City Council - Chorlton,Chorlton Place,2018,August,34,Wednesday,22 Aug 2018,16:00,192,185,377,192,185,377,No Group
Manchester City Council - Chorlton,Chorlton Place,2018,August,34,Wednesday,22 Aug 2018,17:00,147,152,299,147,152,299,No Group
Manchester City Council - Chorlton,Chorlton Place,2018,August,34,Wednesday,22 Aug 2018,18:00,134,59,193,134,59,193,No Group
Manchester City Council - Chorlton,Chorlton Place,2018,August,34,Wednesday,22 Aug 2018,19:00,93,85,178,93,85,178,No Group
Manchester City Council - Chorlton,Chorlton Place,2018,August,34,Wednesday,22 Aug 2018,20:00,51,49,100,51,49,100,No Group
Manchester City Council - Chorlton,Chorlton Place,2018,August,34,Wednesday,22 Aug 2018,21:00,11,34,45,11,34,45,No Group
Manchester City Council - Chorlton,Chorlton Place,2018,August,34,Wednesday,22 Aug 2018,22:00,16,60,76,16,60,76,No Group
Manchester City Council - Chorlton,Chorlton Place,2018,August,34,Wednesday,22 Aug 2018,23:00,15,10,25,15,10,25,No Group
Manchester City Council - Chorlton,Chorlton Place,2018,August,34,Thursday,23 Aug 2018,00:00,4,3,7,4,3,7,No Group
Manchester City Council - Chorlton,Chorlton Place,2018,August,34,Thursday,23 Aug 2018,01:00,6,2,8,6,2,8,No Group
Manchester City Council - Chorlton,Chorlton Place,2018,August,34,Thursday,23 Aug 2018,02:00,0,1,1,0,1,1,No Group
Manchester City Council - Chorlton,Chorlton Place,2018,August,34,Thursday,23 Aug 2018,03:00,1,5,6,1,5,6,No Group
Manchester City Council - Chorlton,Chorlton Place,2018,August,34,Thursday,23 Aug 2018,04:00,0,2,2,0,2,2,No Group
Manchester City Council - Chorlton,Chorlton Place,2018,August,34,Thursday,23 Aug 2018,05:00,1,3,4,1,3,4,No Group
Manchester City Council - Chorlton,Chorlton Place,2018,August,34,Thursday,23 Aug 2018,06:00,2,18,20,2,18,20,No Group
Manchester City Council - Chorlton,Chorlton Place,2018,August,34,Thursday,23 Aug 2018,07:00,13,90,103,13,90,103,No Group
Manchester City Council - Chorlton,Chorlton Place,2018,August,34,Thursday,23 Aug 2018,08:00,33,117,150,33,117,150,No Group
Manchester City Council - Chorlton,Chorlton Place,2018,August,34,Thursday,23 Aug 2018,09:00,64,109,173,64,109,173,No Group
Manchester City Council - Chorlton,Chorlton Place,2018,August,34,Thursday,23 Aug 2018,10:00,143,147,290,143,147,290,No Group
Manchester City Council - Chorlton,Chorlton Place,2018,August,34,Thursday,23 Aug 2018,11:00,129,158,287,129,158,287,No Group
Manchester City Council - Chorlton,Chorlton Place,2018,August,34,Thursday,23 Aug 2018,12:00,176,181,357,176,181,357,No Group
Manchester City Council - Chorlton,Chorlton Place,2018,August,34,Thursday,23 Aug 2018,13:00,149,197,346,149,197,346,No Group
Manchester City Council - Chorlton,Chorlton Place,2018,August,34,Thursday,23 Aug 2018,14:00,169,198,367,169,198,367,No Group
Manchester City Council - Chorlton,Chorlton Place,2018,August,34,Thursday,23 Aug 2018,15:00,156,190,346,156,190,346,No Group
Manchester City Council - Chorlton,Chorlton Place,2018,August,34,Thursday,23 Aug 2018,16:00,218,172,390,218,172,390,No Group
Manchester City Council - Chorlton,Chorlton Place,2018,August,34,Thursday,23 Aug 2018,17:00,157,101,258,157,101,258,No Group
Manchester City Council - Chorlton,Chorlton Place,2018,August,34,Thursday,23 Aug 2018,18:00,137,81,218,137,81,218,No Group
Manchester City Council - Chorlton,Chorlton Place,2018,August,34,Thursday,23 Aug 2018,19:00,72,79,151,72,79,151,No Group
Manchester City Council - Chorlton,Chorlton Place,2018,August,34,Thursday,23 Aug 2018,20:00,53,63,116,53,63,116,No Group
Manchester City Council - Chorlton,Chorlton Place,2018,August,34,Thursday,23 Aug 2018,21:00,43,32,75,43,32,75,No Group
Manchester City Council - Chorlton,Chorlton Place,2018,August,34,Thursday,23 Aug 2018,22:00,19,86,105,19,86,105,No Group
Manchester City Council - Chorlton,Chorlton Place,2018,August,34,Thursday,23 Aug 2018,23:00,17,32,49,17,32,49,No Group
Manchester City Council - Chorlton,Chorlton Place,2018,August,34,Friday,24 Aug 2018,00:00,9,3,12,9,3,12,No Group
Manchester City Council - Chorlton,Chorlton Place,2018,August,34,Friday,24 Aug 2018,01:00,40,42,82,40,42,82,No Group
Manchester City Council - Chorlton,Chorlton Place,2018,August,34,Friday,24 Aug 2018,02:00,0,1,1,0,1,1,No Group
Manchester City Council - Chorlton,Chorlton Place,2018,August,34,Friday,24 Aug 2018,03:00,2,6,8,2,6,8,No Group
Manchester City Council - Chorlton,Chorlton Place,2018,August,34,Friday,24 Aug 2018,04:00,12,5,17,12,5,17,No Group
Manchester City Council - Chorlton,Chorlton Place,2018,August,34,Friday,24 Aug 2018,05:00,9,9,18,9,9,18,No Group
Manchester City Council - Chorlton,Chorlton Place,2018,August,34,Friday,24 Aug 2018,06:00,7,19,26,7,19,26,No Group
Manchester City Council - Chorlton,Chorlton Place,2018,August,34,Friday,24 Aug 2018,07:00,22,80,102,22,80,102,No Group
Manchester City Council - Chorlton,Chorlton Place,2018,August,34,Friday,24 Aug 2018,08:00,51,135,186,51,135,186,No Group
Manchester City Council - Chorlton,Chorlton Place,2018,August,34,Friday,24 Aug 2018,09:00,106,163,269,106,163,269,No Group
Manchester City Council - Chorlton,Chorlton Place,2018,August,34,Friday,24 Aug 2018,10:00,177,159,336,177,159,336,No Group
Manchester City Council - Chorlton,Chorlton Place,2018,August,34,Friday,24 Aug 2018,11:00,218,217,435,218,217,435,No Group
Manchester City Council - Chorlton,Chorlton Place,2018,August,34,Friday,24 Aug 2018,12:00,263,324,587,263,324,587,No Group
Manchester City Council - Chorlton,Chorlton Place,2018,August,34,Friday,24 Aug 2018,13:00,256,272,528,256,272,528,No Group
Manchester City Council - Chorlton,Chorlton Place,2018,August,34,Friday,24 Aug 2018,14:00,292,283,575,292,283,575,No Group
Manchester City Council - Chorlton,Chorlton Place,2018,August,34,Friday,24 Aug 2018,15:00,184,194,378,184,194,378,No Group
Manchester City Council - Chorlton,Chorlton Place,2018,August,34,Friday,24 Aug 2018,16:00,199,171,370,199,171,370,No Group
Manchester City Council - Chorlton,Chorlton Place,2018,August,34,Friday,24 Aug 2018,17:00,124,84,208,124,84,208,No Group
Manchester City Council - Chorlton,Chorlton Place,2018,August,34,Friday,24 Aug 2018,18:00,112,106,218,112,106,218,No Group
Manchester City Council - Chorlton,Chorlton Place,2018,August,34,Friday,24 Aug 2018,19:00,89,75,164,89,75,164,No Group
Manchester City Council - Chorlton,Chorlton Place,2018,August,34,Friday,24 Aug 2018,20:00,69,51,120,69,51,120,No Group
Manchester City Council - Chorlton,Chorlton Place,2018,August,34,Friday,24 Aug 2018,21:00,41,74,115,41,74,115,No Group
Manchester City Council - Chorlton,Chorlton Place,2018,August,34,Friday,24 Aug 2018,22:00,29,38,67,29,38,67,No Group
Manchester City Council - Chorlton,Chorlton Place,2018,August,34,Friday,24 Aug 2018,23:00,18,35,53,18,35,53,No Group
Manchester City Council - Chorlton,Chorlton Place,2018,August,34,Saturday,25 Aug 2018,00:00,12,19,31,12,19,31,No Group
Manchester City Council - Chorlton,Chorlton Place,2018,August,34,Saturday,25 Aug 2018,01:00,3,6,9,3,6,9,No Group
Manchester City Council - Chorlton,Chorlton Place,2018,August,34,Saturday,25 Aug 2018,02:00,2,3,5,2,3,5,No Group
Manchester City Council - Chorlton,Chorlton Place,2018,August,34,Saturday,25 Aug 2018,03:00,0,2,2,0,2,2,No Group
Manchester City Council - Chorlton,Chorlton Place,2018,August,34,Saturday,25 Aug 2018,04:00,0,0,0,0,0,0,No Group
Manchester City Council - Chorlton,Chorlton Place,2018,August,34,Saturday,25 Aug 2018,05:00,4,5,9,4,5,9,No Group
Manchester City Council - Chorlton,Chorlton Place,2018,August,34,Saturday,25 Aug 2018,06:00,3,6,9,3,6,9,No Group
Manchester City Council - Chorlton,Chorlton Place,2018,August,34,Saturday,25 Aug 2018,07:00,29,21,50,29,21,50,No Group
Manchester City Council - Chorlton,Chorlton Place,2018,August,34,Saturday,25 Aug 2018,08:00,38,48,86,38,48,86,No Group
Manchester City Council - Chorlton,Chorlton Place,2018,August,34,Saturday,25 Aug 2018,09:00,97,138,235,97,138,235,No Group
Manchester City Council - Chorlton,Chorlton Place,2018,August,34,Saturday,25 Aug 2018,10:00,174,217,391,174,217,391,No Group
Manchester City Council - Chorlton,Chorlton Place,2018,August,34,Saturday,25 Aug 2018,11:00,261,280,541,261,280,541,No Group
Manchester City Council - Chorlton,Chorlton Place,2018,August,34,Saturday,25 Aug 2018,12:00,341,342,683,341,342,683,No Group
Manchester City Council - Chorlton,Chorlton Place,2018,August,34,Saturday,25 Aug 2018,13:00,399,382,781,399,382,781,No Group
Manchester City Council - Chorlton,Chorlton Place,2018,August,34,Saturday,25 Aug 2018,14:00,243,280,523,243,280,523,No Group
Manchester City Council - Chorlton,Chorlton Place,2018,August,34,Saturday,25 Aug 2018,15:00,225,236,461,225,236,461,No Group
Manchester City Council - Chorlton,Chorlton Place,2018,August,34,Saturday,25 Aug 2018,16:00,162,183,345,162,183,345,No Group
Manchester City Council - Chorlton,Chorlton Place,2018,August,34,Saturday,25 Aug 2018,17:00,98,94,192,98,94,192,No Group
Manchester City Council - Chorlton,Chorlton Place,2018,August,34,Saturday,25 Aug 2018,18:00,83,77,160,83,77,160,No Group
Manchester City Council - Chorlton,Chorlton Place,2018,August,34,Saturday,25 Aug 2018,19:00,64,79,143,64,79,143,No Group
Manchester City Council - Chorlton,Chorlton Place,2018,August,34,Saturday,25 Aug 2018,20:00,69,85,154,69,85,154,No Group
Manchester City Council - Chorlton,Chorlton Place,2018,August,34,Saturday,25 Aug 2018,21:00,55,57,112,55,57,112,No Group
Manchester City Council - Chorlton,Chorlton Place,2018,August,34,Saturday,25 Aug 2018,22:00,49,41,90,49,41,90,No Group
Manchester City Council - Chorlton,Chorlton Place,2018,August,34,Saturday,25 Aug 2018,23:00,42,40,82,42,40,82,No Group
Manchester City Council - Chorlton,Chorlton Place,2018,August,34,Sunday,26 Aug 2018,00:00,28,44,72,28,44,72,No Group
Manchester City Council - Chorlton,Chorlton Place,2018,August,34,Sunday,26 Aug 2018,01:00,25,14,39,25,14,39,No Group
Manchester City Council - Chorlton,Chorlton Place,2018,August,34,Sunday,26 Aug 2018,02:00,6,4,10,6,4,10,No Group
Manchester City Council - Chorlton,Chorlton Place,2018,August,34,Sunday,26 Aug 2018,03:00,1,0,1,1,0,1,No Group
Manchester City Council - Chorlton,Chorlton Place,2018,August,34,Sunday,26 Aug 2018,04:00,1,2,3,1,2,3,No Group
Manchester City Council - Chorlton,Chorlton Place,2018,August,34,Sunday,26 Aug 2018,05:00,1,0,1,1,0,1,No Group
Manchester City Council - Chorlton,Chorlton Place,2018,August,34,Sunday,26 Aug 2018,06:00,9,6,15,9,6,15,No Group
Manchester City Council - Chorlton,Chorlton Place,2018,August,34,Sunday,26 Aug 2018,07:00,10,7,17,10,7,17,No Group
Manchester City Council - Chorlton,Chorlton Place,2018,August,34,Sunday,26 Aug 2018,08:00,10,21,31,10,21,31,No Group
Manchester City Council - Chorlton,Chorlton Place,2018,August,34,Sunday,26 Aug 2018,09:00,51,62,113,51,62,113,No Group
Manchester City Council - Chorlton,Chorlton Place,2018,August,34,Sunday,26 Aug 2018,10:00,92,107,199,92,107,199,No Group
Manchester City Council - Chorlton,Chorlton Place,2018,August,34,Sunday,26 Aug 2018,11:00,144,137,281,144,137,281,No Group
Manchester City Council - Chorlton,Chorlton Place,2018,August,34,Sunday,26 Aug 2018,12:00,101,148,249,101,148,249,No Group
Manchester City Council - Chorlton,Chorlton Place,2018,August,34,Sunday,26 Aug 2018,13:00,120,155,275,120,155,275,No Group
Manchester City Council - Chorlton,Chorlton Place,2018,August,34,Sunday,26 Aug 2018,14:00,186,374,560,186,374,560,No Group
Manchester City Council - Chorlton,Chorlton Place,2018,August,34,Sunday,26 Aug 2018,15:00,109,129,238,109,129,238,No Group
Manchester City Council - Chorlton,Chorlton Place,2018,August,34,Sunday,26 Aug 2018,16:00,64,105,169,64,105,169,No Group
Manchester City Council - Chorlton,Chorlton Place,2018,August,34,Sunday,26 Aug 2018,17:00,65,59,124,65,59,124,No Group
Manchester City Council - Chorlton,Chorlton Place,2018,August,34,Sunday,26 Aug 2018,18:00,60,83,143,60,83,143,No Group
Manchester City Council - Chorlton,Chorlton Place,2018,August,34,Sunday,26 Aug 2018,19:00,45,58,103,45,58,103,No Group
Manchester City Council - Chorlton,Chorlton Place,2018,August,34,Sunday,26 Aug 2018,20:00,36,47,83,36,47,83,No Group
Manchester City Council - Chorlton,Chorlton Place,2018,August,34,Sunday,26 Aug 2018,21:00,17,30,47,17,30,47,No Group
Manchester City Council - Chorlton,Chorlton Place,2018,August,34,Sunday,26 Aug 2018,22:00,15,17,32,15,17,32,No Group
Manchester City Council - Chorlton,Chorlton Place,2018,August,34,Sunday,26 Aug 2018,23:00,18,9,27,18,9,27,No Group
Manchester City Council - Chorlton,Chorlton Place,2018,September,35,Monday,27 Aug 2018,00:00,16,8,24,16,8,24,No Group
Manchester City Council - Chorlton,Chorlton Place,2018,September,35,Monday,27 Aug 2018,01:00,5,2,7,5,2,7,No Group
Manchester City Council - Chorlton,Chorlton Place,2018,September,35,Monday,27 Aug 2018,02:00,2,1,3,2,1,3,No Group
Manchester City Council - Chorlton,Chorlton Place,2018,September,35,Monday,27 Aug 2018,03:00,6,2,8,6,2,8,No Group
Manchester City Council - Chorlton,Chorlton Place,2018,September,35,Monday,27 Aug 2018,04:00,2,3,5,2,3,5,No Group
Manchester City Council - Chorlton,Chorlton Place,2018,September,35,Monday,27 Aug 2018,05:00,3,1,4,3,1,4,No Group
Manchester City Council - Chorlton,Chorlton Place,2018,September,35,Monday,27 Aug 2018,06:00,7,4,11,7,4,11,No Group
Manchester City Council - Chorlton,Chorlton Place,2018,September,35,Monday,27 Aug 2018,07:00,13,30,43,13,30,43,No Group
Manchester City Council - Chorlton,Chorlton Place,2018,September,35,Monday,27 Aug 2018,08:00,20,44,64,20,44,64,No Group
Manchester City Council - Chorlton,Chorlton Place,2018,September,35,Monday,27 Aug 2018,09:00,42,51,93,42,51,93,No Group
Manchester City Council - Chorlton,Chorlton Place,2018,September,35,Monday,27 Aug 2018,10:00,103,99,202,103,99,202,No Group
Manchester City Council - Chorlton,Chorlton Place,2018,September,35,Monday,27 Aug 2018,11:00,66,69,135,66,69,135,No Group
Manchester City Council - Chorlton,Chorlton Place,2018,September,35,Monday,27 Aug 2018,12:00,65,138,203,65,138,203,No Group
Manchester City Council - Chorlton,Chorlton Place,2018,September,35,Monday,27 Aug 2018,13:00,107,104,211,107,104,211,No Group
Manchester City Council - Chorlton,Chorlton Place,2018,September,35,Monday,27 Aug 2018,14:00,141,169,310,141,169,310,No Group
Manchester City Council - Chorlton,Chorlton Place,2018,September,35,Monday,27 Aug 2018,15:00,109,130,239,109,130,239,No Group
Manchester City Council - Chorlton,Chorlton Place,2018,September,35,Monday,27 Aug 2018,16:00,62,97,159,62,97,159,No Group
Manchester City Council - Chorlton,Chorlton Place,2018,September,35,Monday,27 Aug 2018,17:00,87,81,168,87,81,168,No Group
Manchester City Council - Chorlton,Chorlton Place,2018,September,35,Monday,27 Aug 2018,18:00,66,65,131,66,65,131,No Group
Manchester City Council - Chorlton,Chorlton Place,2018,September,35,Monday,27 Aug 2018,19:00,67,83,150,67,83,150,No Group
Manchester City Council - Chorlton,Chorlton Place,2018,September,35,Monday,27 Aug 2018,20:00,32,36,68,32,36,68,No Group
Manchester City Council - Chorlton,Chorlton Place,2018,September,35,Monday,27 Aug 2018,21:00,21,39,60,21,39,60,No Group
Manchester City Council - Chorlton,Chorlton Place,2018,September,35,Monday,27 Aug 2018,22:00,30,35,65,30,35,65,No Group
Manchester City Council - Chorlton,Chorlton Place,2018,September,35,Monday,27 Aug 2018,23:00,21,13,34,21,13,34,No Group
Manchester City Council - Chorlton,Chorlton Place,2018,September,35,Tuesday,28 Aug 2018,00:00,13,6,19,13,6,19,No Group
Manchester City Council - Chorlton,Chorlton Place,2018,September,35,Tuesday,28 Aug 2018,01:00,5,0,5,5,0,5,No Group
Manchester City Council - Chorlton,Chorlton Place,2018,September,35,Tuesday,28 Aug 2018,02:00,2,2,4,2,2,4,No Group
Manchester City Council - Chorlton,Chorlton Place,2018,September,35,Tuesday,28 Aug 2018,03:00,2,3,5,2,3,5,No Group
Manchester City Council - Chorlton,Chorlton Place,2018,September,35,Tuesday,28 Aug 2018,04:00,5,9,14,5,9,14,No Group
Manchester City Council - Chorlton,Chorlton Place,2018,September,35,Tuesday,28 Aug 2018,05:00,4,6,10,4,6,10,No Group
Manchester City Council - Chorlton,Chorlton Place,2018,September,35,Tuesday,28 Aug 2018,06:00,13,32,45,13,32,45,No Group
Manchester City Council - Chorlton,Chorlton Place,2018,September,35,Tuesday,28 Aug 2018,07:00,15,71,86,15,71,86,No Group
Manchester City Council - Chorlton,Chorlton Place,2018,September,35,Tuesday,28 Aug 2018,08:00,30,122,152,30,122,152,No Group
Manchester City Council - Chorlton,Chorlton Place,2018,September,35,Tuesday,28 Aug 2018,09:00,114,133,247,114,133,247,No Group
Manchester City Council - Chorlton,Chorlton Place,2018,September,35,Tuesday,28 Aug 2018,10:00,138,150,288,138,150,288,No Group
Manchester City Council - Chorlton,Chorlton Place,2018,September,35,Tuesday,28 Aug 2018,11:00,134,159,293,134,159,293,No Group
Manchester City Council - Chorlton,Chorlton Place,2018,September,35,Tuesday,28 Aug 2018,12:00,138,206,344,138,206,344,No Group
Manchester City Council - Chorlton,Chorlton Place,2018,September,35,Tuesday,28 Aug 2018,13:00,160,158,318,160,158,318,No Group
Manchester City Council - Chorlton,Chorlton Place,2018,September,35,Tuesday,28 Aug 2018,14:00,198,193,391,198,193,391,No Group
Manchester City Council - Chorlton,Chorlton Place,2018,September,35,Tuesday,28 Aug 2018,15:00,181,199,380,181,199,380,No Group
Manchester City Council - Chorlton,Chorlton Place,2018,September,35,Tuesday,28 Aug 2018,16:00,197,183,380,197,183,380,No Group
Manchester City Council - Chorlton,Chorlton Place,2018,September,35,Tuesday,28 Aug 2018,17:00,101,95,196,101,95,196,No Group
Manchester City Council - Chorlton,Chorlton Place,2018,September,35,Tuesday,28 Aug 2018,18:00,112,74,186,112,74,186,No Group
Manchester City Council - Chorlton,Chorlton Place,2018,September,35,Tuesday,28 Aug 2018,19:00,60,71,131,60,71,131,No Group
Manchester City Council - Chorlton,Chorlton Place,2018,September,35,Tuesday,28 Aug 2018,20:00,41,44,85,41,44,85,No Group
Manchester City Council - Chorlton,Chorlton Place,2018,September,35,Tuesday,28 Aug 2018,21:00,41,30,71,41,30,71,No Group
Manchester City Council - Chorlton,Chorlton Place,2018,September,35,Tuesday,28 Aug 2018,22:00,22,21,43,22,21,43,No Group
Manchester City Council - Chorlton,Chorlton Place,2018,September,35,Tuesday,28 Aug 2018,23:00,15,12,27,15,12,27,No Group
Manchester City Council - Chorlton,Chorlton Place,2018,September,35,Wednesday,29 Aug 2018,00:00,6,0,6,6,0,6,No Group
Manchester City Council - Chorlton,Chorlton Place,2018,September,35,Wednesday,29 Aug 2018,01:00,12,2,14,12,2,14,No Group
Manchester City Council - Chorlton,Chorlton Place,2018,September,35,Wednesday,29 Aug 2018,02:00,0,0,0,0,0,0,No Group
Manchester City Council - Chorlton,Chorlton Place,2018,September,35,Wednesday,29 Aug 2018,03:00,1,5,6,1,5,6,No Group
Manchester City Council - Chorlton,Chorlton Place,2018,September,35,Wednesday,29 Aug 2018,04:00,4,4,8,4,4,8,No Group
Manchester City Council - Chorlton,Chorlton Place,2018,September,35,Wednesday,29 Aug 2018,05:00,2,4,6,2,4,6,No Group
Manchester City Council - Chorlton,Chorlton Place,2018,September,35,Wednesday,29 Aug 2018,06:00,5,19,24,5,19,24,No Group
Manchester City Council - Chorlton,Chorlton Place,2018,September,35,Wednesday,29 Aug 2018,07:00,11,83,94,11,83,94,No Group
Manchester City Council - Chorlton,Chorlton Place,2018,September,35,Wednesday,29 Aug 2018,08:00,41,113,154,41,113,154,No Group
Manchester City Council - Chorlton,Chorlton Place,2018,September,35,Wednesday,29 Aug 2018,09:00,87,123,210,87,123,210,No Group
Manchester City Council - Chorlton,Chorlton Place,2018,September,35,Wednesday,29 Aug 2018,10:00,132,107,239,132,107,239,No Group
Manchester City Council - Chorlton,Chorlton Place,2018,September,35,Wednesday,29 Aug 2018,11:00,159,170,329,159,170,329,No Group
Manchester City Council - Chorlton,Chorlton Place,2018,September,35,Wednesday,29 Aug 2018,12:00,153,200,353,153,200,353,No Group
Manchester City Council - Chorlton,Chorlton Place,2018,September,35,Wednesday,29 Aug 2018,13:00,179,177,356,179,177,356,No Group
Manchester City Council - Chorlton,Chorlton Place,2018,September,35,Wednesday,29 Aug 2018,14:00,176,208,384,176,208,384,No Group
Manchester City Council - Chorlton,Chorlton Place,2018,September,35,Wednesday,29 Aug 2018,15:00,169,171,340,169,171,340,No Group
Manchester City Council - Chorlton,Chorlton Place,2018,September,35,Wednesday,29 Aug 2018,16:00,176,163,339,176,163,339,No Group
Manchester City Council - Chorlton,Chorlton Place,2018,September,35,Wednesday,29 Aug 2018,17:00,126,114,240,126,114,240,No Group
Manchester City Council - Chorlton,Chorlton Place,2018,September,35,Wednesday,29 Aug 2018,18:00,106,78,184,106,78,184,No Group
Manchester City Council - Chorlton,Chorlton Place,2018,September,35,Wednesday,29 Aug 2018,19:00,80,58,138,80,58,138,No Group
Manchester City Council - Chorlton,Chorlton Place,2018,September,35,Wednesday,29 Aug 2018,20:00,61,50,111,61,50,111,No Group
Manchester City Council - Chorlton,Chorlton Place,2018,September,35,Wednesday,29 Aug 2018,21:00,30,49,79,30,49,79,No Group
Manchester City Council - Chorlton,Chorlton Place,2018,September,35,Wednesday,29 Aug 2018,22:00,11,18,29,11,18,29,No Group
Manchester City Council - Chorlton,Chorlton Place,2018,September,35,Wednesday,29 Aug 2018,23:00,19,14,33,19,14,33,No Group
Manchester City Council - Chorlton,Chorlton Place,2018,September,35,Thursday,30 Aug 2018,00:00,11,2,13,11,2,13,No Group
Manchester City Council - Chorlton,Chorlton Place,2018,September,35,Thursday,30 Aug 2018,01:00,5,1,6,5,1,6,No Group
Manchester City Council - Chorlton,Chorlton Place,2018,September,35,Thursday,30 Aug 2018,02:00,2,0,2,2,0,2,No Group
Manchester City Council - Chorlton,Chorlton Place,2018,September,35,Thursday,30 Aug 2018,03:00,1,6,7,1,6,7,No Group
Manchester City Council - Chorlton,Chorlton Place,2018,September,35,Thursday,30 Aug 2018,04:00,1,3,4,1,3,4,No Group
Manchester City Council - Chorlton,Chorlton Place,2018,September,35,Thursday,30 Aug 2018,05:00,2,1,3,2,1,3,No Group
Manchester City Council - Chorlton,Chorlton Place,2018,September,35,Thursday,30 Aug 2018,06:00,7,18,25,7,18,25,No Group
Manchester City Council - Chorlton,Chorlton Place,2018,September,35,Thursday,30 Aug 2018,07:00,21,81,102,21,81,102,No Group
Manchester City Council - Chorlton,Chorlton Place,2018,September,35,Thursday,30 Aug 2018,08:00,48,116,164,48,116,164,No Group
Manchester City Council - Chorlton,Chorlton Place,2018,September,35,Thursday,30 Aug 2018,09:00,77,108,185,77,108,185,No Group
Manchester City Council - Chorlton,Chorlton Place,2018,September,35,Thursday,30 Aug 2018,10:00,104,114,218,104,114,218,No Group
Manchester City Council - Chorlton,Chorlton Place,2018,September,35,Thursday,30 Aug 2018,11:00,174,203,377,174,203,377,No Group
Manchester City Council - Chorlton,Chorlton Place,2018,September,35,Thursday,30 Aug 2018,12:00,240,317,557,240,317,557,No Group
Manchester City Council - Chorlton,Chorlton Place,2018,September,35,Thursday,30 Aug 2018,13:00,229,278,507,229,278,507,No Group
Manchester City Council - Chorlton,Chorlton Place,2018,September,35,Thursday,30 Aug 2018,14:00,176,191,367,176,191,367,No Group
Manchester City Council - Chorlton,Chorlton Place,2018,September,35,Thursday,30 Aug 2018,15:00,170,184,354,170,184,354,No Group
Manchester City Council - Chorlton,Chorlton Place,2018,September,35,Thursday,30 Aug 2018,16:00,178,162,340,178,162,340,No Group
Manchester City Council - Chorlton,Chorlton Place,2018,September,35,Thursday,30 Aug 2018,17:00,124,112,236,124,112,236,No Group
Manchester City Council - Chorlton,Chorlton Place,2018,September,35,Thursday,30 Aug 2018,18:00,128,81,209,128,81,209,No Group
Manchester City Council - Chorlton,Chorlton Place,2018,September,35,Thursday,30 Aug 2018,19:00,78,64,142,78,64,142,No Group
Manchester City Council - Chorlton,Chorlton Place,2018,September,35,Thursday,30 Aug 2018,20:00,46,49,95,46,49,95,No Group
Manchester City Council - Chorlton,Chorlton Place,2018,September,35,Thursday,30 Aug 2018,21:00,29,40,69,29,40,69,No Group
Manchester City Council - Chorlton,Chorlton Place,2018,September,35,Thursday,30 Aug 2018,22:00,29,44,73,29,44,73,No Group
Manchester City Council - Chorlton,Chorlton Place,2018,September,35,Thursday,30 Aug 2018,23:00,24,14,38,24,14,38,No Group
Manchester City Council - Chorlton,Chorlton Place,2018,September,35,Friday,31 Aug 2018,00:00,8,8,16,8,8,16,No Group
Manchester City Council - Chorlton,Chorlton Place,2018,September,35,Friday,31 Aug 2018,01:00,11,3,14,11,3,14,No Group
Manchester City Council - Chorlton,Chorlton Place,2018,September,35,Friday,31 Aug 2018,02:00,0,0,0,0,0,0,No Group
Manchester City Council - Chorlton,Chorlton Place,2018,September,35,Friday,31 Aug 2018,03:00,0,4,4,0,4,4,No Group
Manchester City Council - Chorlton,Chorlton Place,2018,September,35,Friday,31 Aug 2018,04:00,6,7,13,6,7,13,No Group
Manchester City Council - Chorlton,Chorlton Place,2018,September,35,Friday,31 Aug 2018,05:00,3,3,6,3,3,6,No Group
Manchester City Council - Chorlton,Chorlton Place,2018,September,35,Friday,31 Aug 2018,06:00,5,14,19,5,14,19,No Group
Manchester City Council - Chorlton,Chorlton Place,2018,September,35,Friday,31 Aug 2018,07:00,21,83,104,21,83,104,No Group
Manchester City Council - Chorlton,Chorlton Place,2018,September,35,Friday,31 Aug 2018,08:00,38,119,157,38,119,157,No Group
Manchester City Council - Chorlton,Chorlton Place,2018,September,35,Friday,31 Aug 2018,09:00,84,122,206,84,122,206,No Group
Manchester City Council - Chorlton,Chorlton Place,2018,September,35,Friday,31 Aug 2018,10:00,162,185,347,162,185,347,No Group
Manchester City Council - Chorlton,Chorlton Place,2018,September,35,Friday,31 Aug 2018,11:00,200,207,407,200,207,407,No Group
Manchester City Council - Chorlton,Chorlton Place,2018,September,35,Friday,31 Aug 2018,12:00,309,340,649,309,340,649,No Group
Manchester City Council - Chorlton,Chorlton Place,2018,September,35,Friday,31 Aug 2018,13:00,266,289,555,266,289,555,No Group
Manchester City Council - Chorlton,Chorlton Place,2018,September,35,Friday,31 Aug 2018,14:00,190,237,427,190,237,427,No Group
Manchester City Council - Chorlton,Chorlton Place,2018,September,35,Friday,31 Aug 2018,15:00,204,215,419,204,215,419,No Group
Manchester City Council - Chorlton,Chorlton Place,2018,September,35,Friday,31 Aug 2018,16:00,201,165,366,201,165,366,No Group
Manchester City Council - Chorlton,Chorlton Place,2018,September,35,Friday,31 Aug 2018,17:00,136,135,271,136,135,271,No Group
Manchester City Council - Chorlton,Chorlton Place,2018,September,35,Friday,31 Aug 2018,18:00,101,115,216,101,115,216,No Group
Manchester City Council - Chorlton,Chorlton Place,2018,September,35,Friday,31 Aug 2018,19:00,100,86,186,100,86,186,No Group
Manchester City Council - Chorlton,Chorlton Place,2018,September,35,Friday,31 Aug 2018,20:00,82,79,161,82,79,161,No Group
Manchester City Council - Chorlton,Chorlton Place,2018,September,35,Friday,31 Aug 2018,21:00,88,47,135,88,47,135,No Group
Manchester City Council - Chorlton,Chorlton Place,2018,September,35,Friday,31 Aug 2018,22:00,42,63,105,42,63,105,No Group
Manchester City Council - Chorlton,Chorlton Place,2018,September,35,Friday,31 Aug 2018,23:00,36,42,78,36,42,78,No Group
Manchester City Council - Chorlton,Chorlton Place,2018,September,35,Saturday,01 Sep 2018,00:00,25,53,78,25,53,78,No Group
Manchester City Council - Chorlton,Chorlton Place,2018,September,35,Saturday,01 Sep 2018,01:00,17,16,33,17,16,33,No Group
Manchester City Council - Chorlton,Chorlton Place,2018,September,35,Saturday,01 Sep 2018,02:00,6,1,7,6,1,7,No Group
Manchester City Council - Chorlton,Chorlton Place,2018,September,35,Saturday,01 Sep 2018,03:00,1,5,6,1,5,6,No Group
Manchester City Council - Chorlton,Chorlton Place,2018,September,35,Saturday,01 Sep 2018,04:00,2,2,4,2,2,4,No Group
Manchester City Council - Chorlton,Chorlton Place,2018,September,35,Saturday,01 Sep 2018,05:00,7,10,17,7,10,17,No Group
Manchester City Council - Chorlton,Chorlton Place,2018,September,35,Saturday,01 Sep 2018,06:00,1,12,13,1,12,13,No Group
Manchester City Council - Chorlton,Chorlton Place,2018,September,35,Saturday,01 Sep 2018,07:00,12,21,33,12,21,33,No Group
Manchester City Council - Chorlton,Chorlton Place,2018,September,35,Saturday,01 Sep 2018,08:00,46,57,103,46,57,103,No Group
Manchester City Council - Chorlton,Chorlton Place,2018,September,35,Saturday,01 Sep 2018,09:00,86,110,196,86,110,196,No Group
Manchester City Council - Chorlton,Chorlton Place,2018,September,35,Saturday,01 Sep 2018,10:00,188,213,401,188,213,401,No Group
Manchester City Council - Chorlton,Chorlton Place,2018,September,35,Saturday,01 Sep 2018,11:00,266,287,553,266,287,553,No Group
Manchester City Council - Chorlton,Chorlton Place,2018,September,35,Saturday,01 Sep 2018,12:00,428,480,908,428,480,908,No Group
Manchester City Council - Chorlton,Chorlton Place,2018,September,35,Saturday,01 Sep 2018,13:00,326,384,710,326,384,710,No Group
Manchester City Council - Chorlton,Chorlton Place,2018,September,35,Saturday,01 Sep 2018,14:00,262,279,541,262,279,541,No Group
Manchester City Council - Chorlton,Chorlton Place,2018,September,35,Saturday,01 Sep 2018,15:00,246,276,522,246,276,522,No Group
Manchester City Council - Chorlton,Chorlton Place,2018,September,35,Saturday,01 Sep 2018,16:00,168,205,373,168,205,373,No Group
Manchester City Council - Chorlton,Chorlton Place,2018,September,35,Saturday,01 Sep 2018,17:00,135,126,261,135,126,261,No Group
Manchester City Council - Chorlton,Chorlton Place,2018,September,35,Saturday,01 Sep 2018,18:00,79,69,148,79,69,148,No Group
Manchester City Council - Chorlton,Chorlton Place,2018,September,35,Saturday,01 Sep 2018,19:00,89,82,171,89,82,171,No Group
Manchester City Council - Chorlton,Chorlton Place,2018,September,35,Saturday,01 Sep 2018,20:00,77,68,145,77,68,145,No Group
Manchester City Council - Chorlton,Chorlton Place,2018,September,35,Saturday,01 Sep 2018,21:00,59,57,116,59,57,116,No Group
Manchester City Council - Chorlton,Chorlton Place,2018,September,35,Saturday,01 Sep 2018,22:00,44,33,77,44,33,77,No Group
Manchester City Council - Chorlton,Chorlton Place,2018,September,35,Saturday,01 Sep 2018,23:00,36,27,63,36,27,63,No Group
Manchester City Council - Chorlton,Chorlton Place,2018,September,35,Sunday,02 Sep 2018,00:00,29,42,71,29,42,71,No Group
Manchester City Council - Chorlton,Chorlton Place,2018,September,35,Sunday,02 Sep 2018,01:00,20,12,32,20,12,32,No Group
Manchester City Council - Chorlton,Chorlton Place,2018,September,35,Sunday,02 Sep 2018,02:00,4,1,5,4,1,5,No Group
Manchester City Council - Chorlton,Chorlton Place,2018,September,35,Sunday,02 Sep 2018,03:00,6,0,6,6,0,6,No Group
Manchester City Council - Chorlton,Chorlton Place,2018,September,35,Sunday,02 Sep 2018,04:00,2,0,2,2,0,2,No Group
Manchester City Council - Chorlton,Chorlton Place,2018,September,35,Sunday,02 Sep 2018,05:00,1,2,3,1,2,3,No Group
Manchester City Council - Chorlton,Chorlton Place,2018,September,35,Sunday,02 Sep 2018,06:00,4,5,9,4,5,9,No Group
Manchester City Council - Chorlton,Chorlton Place,2018,September,35,Sunday,02 Sep 2018,07:00,4,11,15,4,11,15,No Group
Manchester City Council - Chorlton,Chorlton Place,2018,September,35,Sunday,02 Sep 2018,08:00,16,24,40,16,24,40,No Group
Manchester City Council - Chorlton,Chorlton Place,2018,September,35,Sunday,02 Sep 2018,09:00,33,55,88,33,55,88,No Group
Manchester City Council - Chorlton,Chorlton Place,2018,September,35,Sunday,02 Sep 2018,10:00,61,72,133,61,72,133,No Group
Manchester City Council - Chorlton,Chorlton Place,2018,September,35,Sunday,02 Sep 2018,11:00,76,119,195,76,119,195,No Group
Manchester City Council - Chorlton,Chorlton Place,2018,September,35,Sunday,02 Sep 2018,12:00,141,178,319,141,178,319,No Group
Manchester City Council - Chorlton,Chorlton Place,2018,September,35,Sunday,02 Sep 2018,13:00,184,242,426,184,242,426,No Group
Manchester City Council - Chorlton,Chorlton Place,2018,September,35,Sunday,02 Sep 2018,14:00,121,156,277,121,156,277,No Group
Manchester City Council - Chorlton,Chorlton Place,2018,September,35,Sunday,02 Sep 2018,15:00,157,139,296,157,139,296,No Group
Manchester City Council - Chorlton,Chorlton Place,2018,September,35,Sunday,02 Sep 2018,16:00,90,95,185,90,95,185,No Group
Manchester City Council - Chorlton,Chorlton Place,2018,September,35,Sunday,02 Sep 2018,17:00,77,108,185,77,108,185,No Group
Manchester City Council - Chorlton,Chorlton Place,2018,September,35,Sunday,02 Sep 2018,18:00,69,86,155,69,86,155,No Group
Manchester City Council - Chorlton,Chorlton Place,2018,September,35,Sunday,02 Sep 2018,19:00,51,73,124,51,73,124,No Group
Manchester City Council - Chorlton,Chorlton Place,2018,September,35,Sunday,02 Sep 2018,20:00,42,35,77,42,35,77,No Group
Manchester City Council - Chorlton,Chorlton Place,2018,September,35,Sunday,02 Sep 2018,21:00,22,34,56,22,34,56,No Group
Manchester City Council - Chorlton,Chorlton Place,2018,September,35,Sunday,02 Sep 2018,22:00,7,17,24,7,17,24,No Group
Manchester City Council - Chorlton,Chorlton Place,2018,September,35,Sunday,02 Sep 2018,23:00,15,13,28,15,13,28,No Group
Manchester City Council - Chorlton,Chorlton Place,2018,September,36,Monday,03 Sep 2018,00:00,5,0,5,5,0,5,No Group
Manchester City Council - Chorlton,Chorlton Place,2018,September,36,Monday,03 Sep 2018,01:00,4,2,6,4,2,6,No Group
Manchester City Council - Chorlton,Chorlton Place,2018,September,36,Monday,03 Sep 2018,02:00,0,0,0,0,0,0,No Group
Manchester City Council - Chorlton,Chorlton Place,2018,September,36,Monday,03 Sep 2018,03:00,0,4,4,0,4,4,No Group
Manchester City Council - Chorlton,Chorlton Place,2018,September,36,Monday,03 Sep 2018,04:00,4,7,11,4,7,11,No Group
Manchester City Council - Chorlton,Chorlton Place,2018,September,36,Monday,03 Sep 2018,05:00,1,1,2,1,1,2,No Group
Manchester City Council - Chorlton,Chorlton Place,2018,September,36,Monday,03 Sep 2018,06:00,7,9,16,7,9,16,No Group
Manchester City Council - Chorlton,Chorlton Place,2018,September,36,Monday,03 Sep 2018,07:00,21,89,110,21,89,110,No Group
Manchester City Council - Chorlton,Chorlton Place,2018,September,36,Monday,03 Sep 2018,08:00,42,104,146,42,104,146,No Group
Manchester City Council - Chorlton,Chorlton Place,2018,September,36,Monday,03 Sep 2018,09:00,102,120,222,102,120,222,No Group
Manchester City Council - Chorlton,Chorlton Place,2018,September,36,Monday,03 Sep 2018,10:00,92,127,219,92,127,219,No Group
Manchester City Council - Chorlton,Chorlton Place,2018,September,36,Monday,03 Sep 2018,11:00,124,142,266,124,142,266,No Group
Manchester City Council - Chorlton,Chorlton Place,2018,September,36,Monday,03 Sep 2018,12:00,164,205,369,164,205,369,No Group
Manchester City Council - Chorlton,Chorlton Place,2018,September,36,Monday,03 Sep 2018,13:00,174,160,334,174,160,334,No Group
Manchester City Council - Chorlton,Chorlton Place,2018,September,36,Monday,03 Sep 2018,14:00,158,214,372,158,214,372,No Group
Manchester City Council - Chorlton,Chorlton Place,2018,September,36,Monday,03 Sep 2018,15:00,158,181,339,158,181,339,No Group
Manchester City Council - Chorlton,Chorlton Place,2018,September,36,Monday,03 Sep 2018,16:00,176,157,333,176,157,333,No Group
Manchester City Council - Chorlton,Chorlton Place,2018,September,36,Monday,03 Sep 2018,17:00,129,90,219,129,90,219,No Group
Manchester City Council - Chorlton,Chorlton Place,2018,September,36,Monday,03 Sep 2018,18:00,115,75,190,115,75,190,No Group
Manchester City Council - Chorlton,Chorlton Place,2018,September,36,Monday,03 Sep 2018,19:00,51,52,103,51,52,103,No Group
Manchester City Council - Chorlton,Chorlton Place,2018,September,36,Monday,03 Sep 2018,20:00,52,36,88,52,36,88,No Group
Manchester City Council - Chorlton,Chorlton Place,2018,September,36,Monday,03 Sep 2018,21:00,33,43,76,33,43,76,No Group
Manchester City Council - Chorlton,Chorlton Place,2018,September,36,Monday,03 Sep 2018,22:00,21,20,41,21,20,41,No Group
Manchester City Council - Chorlton,Chorlton Place,2018,September,36,Monday,03 Sep 2018,23:00,10,6,16,10,6,16,No Group
Manchester City Council - Chorlton,Chorlton Place,2018,September,36,Tuesday,04 Sep 2018,00:00,10,7,17,10,7,17,No Group
Manchester City Council - Chorlton,Chorlton Place,2018,September,36,Tuesday,04 Sep 2018,01:00,0,0,0,0,0,0,No Group
Manchester City Council - Chorlton,Chorlton Place,2018,September,36,Tuesday,04 Sep 2018,02:00,1,2,3,1,2,3,No Group
Manchester City Council - Chorlton,Chorlton Place,2018,September,36,Tuesday,04 Sep 2018,03:00,1,2,3,1,2,3,No Group
Manchester City Council - Chorlton,Chorlton Place,2018,September,36,Tuesday,04 Sep 2018,04:00,0,5,5,0,5,5,No Group
Manchester City Council - Chorlton,Chorlton Place,2018,September,36,Tuesday,04 Sep 2018,05:00,0,2,2,0,2,2,No Group
Manchester City Council - Chorlton,Chorlton Place,2018,September,36,Tuesday,04 Sep 2018,06:00,12,25,37,12,25,37,No Group
Manchester City Council - Chorlton,Chorlton Place,2018,September,36,Tuesday,04 Sep 2018,07:00,22,96,118,22,96,118,No Group
Manchester City Council - Chorlton,Chorlton Place,2018,September,36,Tuesday,04 Sep 2018,08:00,37,122,159,37,122,159,No Group
Manchester City Council - Chorlton,Chorlton Place,2018,September,36,Tuesday,04 Sep 2018,09:00,106,123,229,106,123,229,No Group
Manchester City Council - Chorlton,Chorlton Place,2018,September,36,Tuesday,04 Sep 2018,10:00,122,162,284,122,162,284,No Group
Manchester City Council - Chorlton,Chorlton Place,2018,September,36,Tuesday,04 Sep 2018,11:00,152,180,332,152,180,332,No Group
Manchester City Council - Chorlton,Chorlton Place,2018,September,36,Tuesday,04 Sep 2018,12:00,184,207,391,184,207,391,No Group
Manchester City Council - Chorlton,Chorlton Place,2018,September,36,Tuesday,04 Sep 2018,13:00,176,186,362,176,186,362,No Group
Manchester City Council - Chorlton,Chorlton Place,2018,September,36,Tuesday,04 Sep 2018,14:00,227,220,447,227,220,447,No Group
Manchester City Council - Chorlton,Chorlton Place,2018,September,36,Tuesday,04 Sep 2018,15:00,171,191,362,171,191,362,No Group
Manchester City Council - Chorlton,Chorlton Place,2018,September,36,Tuesday,04 Sep 2018,16:00,192,175,367,192,175,367,No Group
Manchester City Council - Chorlton,Chorlton Place,2018,September,36,Tuesday,04 Sep 2018,17:00,146,109,255,146,109,255,No Group
Manchester City Council - Chorlton,Chorlton Place,2018,September,36,Tuesday,04 Sep 2018,18:00,126,75,201,126,75,201,No Group
Manchester City Council - Chorlton,Chorlton Place,2018,September,36,Tuesday,04 Sep 2018,19:00,83,69,152,83,69,152,No Group
Manchester City Council - Chorlton,Chorlton Place,2018,September,36,Tuesday,04 Sep 2018,20:00,67,48,115,67,48,115,No Group
Manchester City Council - Chorlton,Chorlton Place,2018,September,36,Tuesday,04 Sep 2018,21:00,36,40,76,36,40,76,No Group
Manchester City Council - Chorlton,Chorlton Place,2018,September,36,Tuesday,04 Sep 2018,22:00,22,14,36,22,14,36,No Group
Manchester City Council - Chorlton,Chorlton Place,2018,September,36,Tuesday,04 Sep 2018,23:00,16,25,41,16,25,41,No Group
Manchester City Council - Chorlton,Chorlton Place,2018,September,36,Wednesday,05 Sep 2018,00:00,1,5,6,1,5,6,No Group
Manchester City Council - Chorlton,Chorlton Place,2018,September,36,Wednesday,05 Sep 2018,01:00,11,16,27,11,16,27,No Group
Manchester City Council - Chorlton,Chorlton Place,2018,September,36,Wednesday,05 Sep 2018,02:00,3,2,5,3,2,5,No Group
Manchester City Council - Chorlton,Chorlton Place,2018,September,36,Wednesday,05 Sep 2018,03:00,2,2,4,2,2,4,No Group
Manchester City Council - Chorlton,Chorlton Place,2018,September,36,Wednesday,05 Sep 2018,04:00,3,3,6,3,3,6,No Group
Manchester City Council - Chorlton,Chorlton Place,2018,September,36,Wednesday,05 Sep 2018,05:00,3,3,6,3,3,6,No Group
Manchester City Council - Chorlton,Chorlton Place,2018,September,36,Wednesday,05 Sep 2018,06:00,12,20,32,12,20,32,No Group
Manchester City Council - Chorlton,Chorlton Place,2018,September,36,Wednesday,05 Sep 2018,07:00,34,98,132,34,98,132,No Group
Manchester City Council - Chorlton,Chorlton Place,2018,September,36,Wednesday,05 Sep 2018,08:00,46,128,174,46,128,174,No Group
Manchester City Council - Chorlton,Chorlton Place,2018,September,36,Wednesday,05 Sep 2018,09:00,94,174,268,94,174,268,No Group
Manchester City Council - Chorlton,Chorlton Place,2018,September,36,Wednesday,05 Sep 2018,10:00,140,158,298,140,158,298,No Group
Manchester City Council - Chorlton,Chorlton Place,2018,September,36,Wednesday,05 Sep 2018,11:00,199,237,436,199,237,436,No Group
Manchester City Council - Chorlton,Chorlton Place,2018,September,36,Wednesday,05 Sep 2018,12:00,222,277,499,222,277,499,No Group
Manchester City Council - Chorlton,Chorlton Place,2018,September,36,Wednesday,05 Sep 2018,13:00,203,249,452,203,249,452,No Group
Manchester City Council - Chorlton,Chorlton Place,2018,September,36,Wednesday,05 Sep 2018,14:00,130,150,280,130,150,280,No Group
Manchester City Council - Chorlton,Chorlton Place,2018,September,36,Wednesday,05 Sep 2018,15:00,169,191,360,169,191,360,No Group
Manchester City Council - Chorlton,Chorlton Place,2018,September,36,Wednesday,05 Sep 2018,16:00,136,147,283,136,147,283,No Group
Manchester City Council - Chorlton,Chorlton Place,2018,September,36,Wednesday,05 Sep 2018,17:00,120,107,227,120,107,227,No Group
Manchester City Council - Chorlton,Chorlton Place,2018,September,36,Wednesday,05 Sep 2018,18:00,114,99,213,114,99,213,No Group
Manchester City Council - Chorlton,Chorlton Place,2018,September,36,Wednesday,05 Sep 2018,19:00,66,58,124,66,58,124,No Group
Manchester City Council - Chorlton,Chorlton Place,2018,September,36,Wednesday,05 Sep 2018,20:00,57,39,96,57,39,96,No Group
Manchester City Council - Chorlton,Chorlton Place,2018,September,36,Wednesday,05 Sep 2018,21:00,39,35,74,39,35,74,No Group
Manchester City Council - Chorlton,Chorlton Place,2018,September,36,Wednesday,05 Sep 2018,22:00,21,22,43,21,22,43,No Group
Manchester City Council - Chorlton,Chorlton Place,2018,September,36,Wednesday,05 Sep 2018,23:00,15,15,30,15,15,30,No Group
Manchester City Council - Chorlton,Chorlton Place,2018,September,36,Thursday,06 Sep 2018,00:00,8,1,9,8,1,9,No Group
Manchester City Council - Chorlton,Chorlton Place,2018,September,36,Thursday,06 Sep 2018,01:00,6,4,10,6,4,10,No Group
Manchester City Council - Chorlton,Chorlton Place,2018,September,36,Thursday,06 Sep 2018,02:00,1,4,5,1,4,5,No Group
Manchester City Council - Chorlton,Chorlton Place,2018,September,36,Thursday,06 Sep 2018,03:00,0,4,4,0,4,4,No Group
Manchester City Council - Chorlton,Chorlton Place,2018,September,36,Thursday,06 Sep 2018,04:00,4,2,6,4,2,6,No Group
Manchester City Council - Chorlton,Chorlton Place,2018,September,36,Thursday,06 Sep 2018,05:00,2,2,4,2,2,4,No Group
Manchester City Council - Chorlton,Chorlton Place,2018,September,36,Thursday,06 Sep 2018,06:00,8,22,30,8,22,30,No Group
Manchester City Council - Chorlton,Chorlton Place,2018,September,36,Thursday,06 Sep 2018,07:00,27,80,107,27,80,107,No Group
Manchester City Council - Chorlton,Chorlton Place,2018,September,36,Thursday,06 Sep 2018,08:00,45,123,168,45,123,168,No Group
Manchester City Council - Chorlton,Chorlton Place,2018,September,36,Thursday,06 Sep 2018,09:00,91,144,235,91,144,235,No Group
Manchester City Council - Chorlton,Chorlton Place,2018,September,36,Thursday,06 Sep 2018,10:00,119,137,256,119,137,256,No Group
Manchester City Council - Chorlton,Chorlton Place,2018,September,36,Thursday,06 Sep 2018,11:00,144,153,297,144,153,297,No Group
Manchester City Council - Chorlton,Chorlton Place,2018,September,36,Thursday,06 Sep 2018,12:00,158,180,338,158,180,338,No Group
Manchester City Council - Chorlton,Chorlton Place,2018,September,36,Thursday,06 Sep 2018,13:00,151,206,357,151,206,357,No Group
Manchester City Council - Chorlton,Chorlton Place,2018,September,36,Thursday,06 Sep 2018,14:00,179,184,363,179,184,363,No Group
Manchester City Council - Chorlton,Chorlton Place,2018,September,36,Thursday,06 Sep 2018,15:00,161,176,337,161,176,337,No Group
Manchester City Council - Chorlton,Chorlton Place,2018,September,36,Thursday,06 Sep 2018,16:00,140,137,277,140,137,277,No Group
Manchester City Council - Chorlton,Chorlton Place,2018,September,36,Thursday,06 Sep 2018,17:00,120,105,225,120,105,225,No Group
Manchester City Council - Chorlton,Chorlton Place,2018,September,36,Thursday,06 Sep 2018,18:00,99,66,165,99,66,165,No Group
Manchester City Council - Chorlton,Chorlton Place,2018,September,36,Thursday,06 Sep 2018,19:00,83,49,132,83,49,132,No Group
Manchester City Council - Chorlton,Chorlton Place,2018,September,36,Thursday,06 Sep 2018,20:00,45,45,90,45,45,90,No Group
Manchester City Council - Chorlton,Chorlton Place,2018,September,36,Thursday,06 Sep 2018,21:00,27,27,54,27,27,54,No Group
Manchester City Council - Chorlton,Chorlton Place,2018,September,36,Thursday,06 Sep 2018,22:00,24,33,57,24,33,57,No Group
Manchester City Council - Chorlton,Chorlton Place,2018,September,36,Thursday,06 Sep 2018,23:00,15,8,23,15,8,23,No Group
Manchester City Council - Chorlton,Chorlton Place,2018,September,36,Friday,07 Sep 2018,00:00,13,4,17,13,4,17,No Group
Manchester City Council - Chorlton,Chorlton Place,2018,September,36,Friday,07 Sep 2018,01:00,3,1,4,3,1,4,No Group
Manchester City Council - Chorlton,Chorlton Place,2018,September,36,Friday,07 Sep 2018,02:00,1,1,2,1,1,2,No Group
Manchester City Council - Chorlton,Chorlton Place,2018,September,36,Friday,07 Sep 2018,03:00,4,7,11,4,7,11,No Group
Manchester City Council - Chorlton,Chorlton Place,2018,September,36,Friday,07 Sep 2018,04:00,3,5,8,3,5,8,No Group
Manchester City Council - Chorlton,Chorlton Place,2018,September,36,Friday,07 Sep 2018,05:00,1,3,4,1,3,4,No Group
Manchester City Council - Chorlton,Chorlton Place,2018,September,36,Friday,07 Sep 2018,06:00,7,20,27,7,20,27,No Group
Manchester City Council - Chorlton,Chorlton Place,2018,September,36,Friday,07 Sep 2018,07:00,38,122,160,38,122,160,No Group
Manchester City Council - Chorlton,Chorlton Place,2018,September,36,Friday,07 Sep 2018,08:00,51,124,175,51,124,175,No Group
Manchester City Council - Chorlton,Chorlton Place,2018,September,36,Friday,07 Sep 2018,09:00,107,151,258,107,151,258,No Group
Manchester City Council - Chorlton,Chorlton Place,2018,September,36,Friday,07 Sep 2018,10:00,132,186,318,132,186,318,No Group
Manchester City Council - Chorlton,Chorlton Place,2018,September,36,Friday,07 Sep 2018,11:00,168,180,348,168,180,348,No Group
Manchester City Council - Chorlton,Chorlton Place,2018,September,36,Friday,07 Sep 2018,12:00,156,183,339,156,183,339,No Group
Manchester City Council - Chorlton,Chorlton Place,2018,September,36,Friday,07 Sep 2018,13:00,160,163,323,160,163,323,No Group
Manchester City Council - Chorlton,Chorlton Place,2018,September,36,Friday,07 Sep 2018,14:00,155,184,339,155,184,339,No Group
Manchester City Council - Chorlton,Chorlton Place,2018,September,36,Friday,07 Sep 2018,15:00,153,181,334,153,181,334,No Group
Manchester City Council - Chorlton,Chorlton Place,2018,September,36,Friday,07 Sep 2018,16:00,167,148,315,167,148,315,No Group
Manchester City Council - Chorlton,Chorlton Place,2018,September,36,Friday,07 Sep 2018,17:00,113,106,219,113,106,219,No Group
Manchester City Council - Chorlton,Chorlton Place,2018,September,36,Friday,07 Sep 2018,18:00,111,97,208,111,97,208,No Group
Manchester City Council - Chorlton,Chorlton Place,2018,September,36,Friday,07 Sep 2018,19:00,78,59,137,78,59,137,No Group
Manchester City Council - Chorlton,Chorlton Place,2018,September,36,Friday,07 Sep 2018,20:00,64,62,126,64,62,126,No Group
Manchester City Council - Chorlton,Chorlton Place,2018,September,36,Friday,07 Sep 2018,21:00,44,50,94,44,50,94,No Group
Manchester City Council - Chorlton,Chorlton Place,2018,September,36,Friday,07 Sep 2018,22:00,35,40,75,35,40,75,No Group
Manchester City Council - Chorlton,Chorlton Place,2018,September,36,Friday,07 Sep 2018,23:00,29,28,57,29,28,57,No Group
Manchester City Council - Chorlton,Chorlton Place,2018,September,36,Saturday,08 Sep 2018,00:00,12,16,28,12,16,28,No Group
Manchester City Council - Chorlton,Chorlton Place,2018,September,36,Saturday,08 Sep 2018,01:00,17,11,28,17,11,28,No Group
Manchester City Council - Chorlton,Chorlton Place,2018,September,36,Saturday,08 Sep 2018,02:00,2,1,3,2,1,3,No Group
Manchester City Council - Chorlton,Chorlton Place,2018,September,36,Saturday,08 Sep 2018,03:00,4,3,7,4,3,7,No Group
Manchester City Council - Chorlton,Chorlton Place,2018,September,36,Saturday,08 Sep 2018,04:00,0,1,1,0,1,1,No Group
Manchester City Council - Chorlton,Chorlton Place,2018,September,36,Saturday,08 Sep 2018,05:00,8,9,17,8,9,17,No Group
Manchester City Council - Chorlton,Chorlton Place,2018,September,36,Saturday,08 Sep 2018,06:00,4,15,19,4,15,19,No Group
Manchester City Council - Chorlton,Chorlton Place,2018,September,36,Saturday,08 Sep 2018,07:00,16,30,46,16,30,46,No Group
Manchester City Council - Chorlton,Chorlton Place,2018,September,36,Saturday,08 Sep 2018,08:00,35,60,95,35,60,95,No Group
Manchester City Council - Chorlton,Chorlton Place,2018,September,36,Saturday,08 Sep 2018,09:00,144,133,277,144,133,277,No Group
Manchester City Council - Chorlton,Chorlton Place,2018,September,36,Saturday,08 Sep 2018,10:00,173,206,379,173,206,379,No Group
Manchester City Council - Chorlton,Chorlton Place,2018,September,36,Saturday,08 Sep 2018,11:00,255,318,573,255,318,573,No Group
Manchester City Council - Chorlton,Chorlton Place,2018,September,36,Saturday,08 Sep 2018,12:00,260,295,555,260,295,555,No Group
Manchester City Council - Chorlton,Chorlton Place,2018,September,36,Saturday,08 Sep 2018,13:00,271,324,595,271,324,595,No Group
Manchester City Council - Chorlton,Chorlton Place,2018,September,36,Saturday,08 Sep 2018,14:00,217,239,456,217,239,456,No Group
Manchester City Council - Chorlton,Chorlton Place,2018,September,36,Saturday,08 Sep 2018,15:00,195,232,427,195,232,427,No Group
Manchester City Council - Chorlton,Chorlton Place,2018,September,36,Saturday,08 Sep 2018,16:00,219,250,469,219,250,469,No Group
Manchester City Council - Chorlton,Chorlton Place,2018,September,36,Saturday,08 Sep 2018,17:00,178,145,323,178,145,323,No Group
Manchester City Council - Chorlton,Chorlton Place,2018,September,36,Saturday,08 Sep 2018,18:00,105,98,203,105,98,203,No Group
Manchester City Council - Chorlton,Chorlton Place,2018,September,36,Saturday,08 Sep 2018,19:00,86,85,171,86,85,171,No Group
Manchester City Council - Chorlton,Chorlton Place,2018,September,36,Saturday,08 Sep 2018,20:00,52,84,136,52,84,136,No Group
Manchester City Council - Chorlton,Chorlton Place,2018,September,36,Saturday,08 Sep 2018,21:00,40,89,129,40,89,129,No Group
Manchester City Council - Chorlton,Chorlton Place,2018,September,36,Saturday,08 Sep 2018,22:00,52,59,111,52,59,111,No Group
Manchester City Council - Chorlton,Chorlton Place,2018,September,36,Saturday,08 Sep 2018,23:00,41,42,83,41,42,83,No Group
Manchester City Council - Chorlton,Chorlton Place,2018,September,36,Sunday,09 Sep 2018,00:00,15,26,41,15,26,41,No Group
Manchester City Council - Chorlton,Chorlton Place,2018,September,36,Sunday,09 Sep 2018,01:00,18,13,31,18,13,31,No Group
Manchester City Council - Chorlton,Chorlton Place,2018,September,36,Sunday,09 Sep 2018,02:00,15,11,26,15,11,26,No Group
Manchester City Council - Chorlton,Chorlton Place,2018,September,36,Sunday,09 Sep 2018,03:00,0,0,0,0,0,0,No Group
Manchester City Council - Chorlton,Chorlton Place,2018,September,36,Sunday,09 Sep 2018,04:00,0,0,0,0,0,0,No Group
Manchester City Council - Chorlton,Chorlton Place,2018,September,36,Sunday,09 Sep 2018,05:00,2,5,7,2,5,7,No Group
Manchester City Council - Chorlton,Chorlton Place,2018,September,36,Sunday,09 Sep 2018,06:00,3,3,6,3,3,6,No Group
Manchester City Council - Chorlton,Chorlton Place,2018,September,36,Sunday,09 Sep 2018,07:00,10,11,21,10,11,21,No Group
Manchester City Council - Chorlton,Chorlton Place,2018,September,36,Sunday,09 Sep 2018,08:00,18,20,38,18,20,38,No Group
Manchester City Council - Chorlton,Chorlton Place,2018,September,36,Sunday,09 Sep 2018,09:00,23,43,66,23,43,66,No Group
Manchester City Council - Chorlton,Chorlton Place,2018,September,36,Sunday,09 Sep 2018,10:00,68,65,133,68,65,133,No Group
Manchester City Council - Chorlton,Chorlton Place,2018,September,36,Sunday,09 Sep 2018,11:00,100,128,228,100,128,228,No Group
Manchester City Council - Chorlton,Chorlton Place,2018,September,36,Sunday,09 Sep 2018,12:00,135,153,288,135,153,288,No Group
Manchester City Council - Chorlton,Chorlton Place,2018,September,36,Sunday,09 Sep 2018,13:00,143,141,284,143,141,284,No Group
Manchester City Council - Chorlton,Chorlton Place,2018,September,36,Sunday,09 Sep 2018,14:00,118,133,251,118,133,251,No Group
Manchester City Council - Chorlton,Chorlton Place,2018,September,36,Sunday,09 Sep 2018,15:00,96,114,210,96,114,210,No Group
Manchester City Council - Chorlton,Chorlton Place,2018,September,36,Sunday,09 Sep 2018,16:00,87,102,189,87,102,189,No Group
Manchester City Council - Chorlton,Chorlton Place,2018,September,36,Sunday,09 Sep 2018,17:00,66,64,130,66,64,130,No Group
Manchester City Council - Chorlton,Chorlton Place,2018,September,36,Sunday,09 Sep 2018,18:00,55,70,125,55,70,125,No Group
Manchester City Council - Chorlton,Chorlton Place,2018,September,36,Sunday,09 Sep 2018,19:00,50,41,91,50,41,91,No Group
Manchester City Council - Chorlton,Chorlton Place,2018,September,36,Sunday,09 Sep 2018,20:00,27,29,56,27,29,56,No Group
Manchester City Council - Chorlton,Chorlton Place,2018,September,36,Sunday,09 Sep 2018,21:00,23,20,43,23,20,43,No Group
Manchester City Council - Chorlton,Chorlton Place,2018,September,36,Sunday,09 Sep 2018,22:00,14,22,36,14,22,36,No Group
Manchester City Council - Chorlton,Chorlton Place,2018,September,36,Sunday,09 Sep 2018,23:00,5,9,14,5,9,14,No Group
Manchester City Council - Chorlton,Chorlton Place,2018,September,37,Monday,10 Sep 2018,00:00,6,3,9,6,3,9,No Group
Manchester City Council - Chorlton,Chorlton Place,2018,September,37,Monday,10 Sep 2018,01:00,2,0,2,2,0,2,No Group
Manchester City Council - Chorlton,Chorlton Place,2018,September,37,Monday,10 Sep 2018,02:00,0,0,0,0,0,0,No Group
Manchester City Council - Chorlton,Chorlton Place,2018,September,37,Monday,10 Sep 2018,03:00,2,6,8,2,6,8,No Group
Manchester City Council - Chorlton,Chorlton Place,2018,September,37,Monday,10 Sep 2018,04:00,5,5,10,5,5,10,No Group
Manchester City Council - Chorlton,Chorlton Place,2018,September,37,Monday,10 Sep 2018,05:00,0,4,4,0,4,4,No Group
Manchester City Council - Chorlton,Chorlton Place,2018,September,37,Monday,10 Sep 2018,06:00,8,20,28,8,20,28,No Group
Manchester City Council - Chorlton,Chorlton Place,2018,September,37,Monday,10 Sep 2018,07:00,25,71,96,25,71,96,No Group
Manchester City Council - Chorlton,Chorlton Place,2018,September,37,Monday,10 Sep 2018,08:00,38,112,150,38,112,150,No Group
Manchester City Council - Chorlton,Chorlton Place,2018,September,37,Monday,10 Sep 2018,09:00,77,139,216,77,139,216,No Group
Manchester City Council - Chorlton,Chorlton Place,2018,September,37,Monday,10 Sep 2018,10:00,127,139,266,127,139,266,No Group
Manchester City Council - Chorlton,Chorlton Place,2018,September,37,Monday,10 Sep 2018,11:00,157,180,337,157,180,337,No Group
Manchester City Council - Chorlton,Chorlton Place,2018,September,37,Monday,10 Sep 2018,12:00,135,157,292,135,157,292,No Group
Manchester City Council - Chorlton,Chorlton Place,2018,September,37,Monday,10 Sep 2018,13:00,135,155,290,135,155,290,No Group
Manchester City Council - Chorlton,Chorlton Place,2018,September,37,Monday,10 Sep 2018,14:00,140,162,302,140,162,302,No Group
Manchester City Council - Chorlton,Chorlton Place,2018,September,37,Monday,10 Sep 2018,15:00,203,248,451,203,248,451,No Group
Manchester City Council - Chorlton,Chorlton Place,2018,September,37,Monday,10 Sep 2018,16:00,156,112,268,156,112,268,No Group
Manchester City Council - Chorlton,Chorlton Place,2018,September,37,Monday,10 Sep 2018,17:00,112,91,203,112,91,203,No Group
Manchester City Council - Chorlton,Chorlton Place,2018,September,37,Monday,10 Sep 2018,18:00,89,69,158,89,69,158,No Group
Manchester City Council - Chorlton,Chorlton Place,2018,September,37,Monday,10 Sep 2018,19:00,67,56,123,67,56,123,No Group
Manchester City Council - Chorlton,Chorlton Place,2018,September,37,Monday,10 Sep 2018,20:00,38,40,78,38,40,78,No Group
Manchester City Council - Chorlton,Chorlton Place,2018,September,37,Monday,10 Sep 2018,21:00,27,22,49,27,22,49,No Group
Manchester City Council - Chorlton,Chorlton Place,2018,September,37,Monday,10 Sep 2018,22:00,18,9,27,18,9,27,No Group
Manchester City Council - Chorlton,Chorlton Place,2018,September,37,Monday,10 Sep 2018,23:00,16,11,27,16,11,27,No Group
Manchester City Council - Chorlton,Chorlton Place,2018,September,37,Tuesday,11 Sep 2018,00:00,7,3,10,7,3,10,No Group
Manchester City Council - Chorlton,Chorlton Place,2018,September,37,Tuesday,11 Sep 2018,01:00,1,5,6,1,5,6,No Group
Manchester City Council - Chorlton,Chorlton Place,2018,September,37,Tuesday,11 Sep 2018,02:00,0,1,1,0,1,1,No Group
Manchester City Council - Chorlton,Chorlton Place,2018,September,37,Tuesday,11 Sep 2018,03:00,0,7,7,0,7,7,No Group
Manchester City Council - Chorlton,Chorlton Place,2018,September,37,Tuesday,11 Sep 2018,04:00,4,6,10,4,6,10,No Group
Manchester City Council - Chorlton,Chorlton Place,2018,September,37,Tuesday,11 Sep 2018,05:00,3,14,17,3,14,17,No Group
Manchester City Council - Chorlton,Chorlton Place,2018,September,37,Tuesday,11 Sep 2018,06:00,13,45,58,13,45,58,No Group
Manchester City Council - Chorlton,Chorlton Place,2018,September,37,Tuesday,11 Sep 2018,07:00,36,120,156,36,120,156,No Group
Manchester City Council - Chorlton,Chorlton Place,2018,September,37,Tuesday,11 Sep 2018,08:00,31,143,174,31,143,174,No Group
Manchester City Council - Chorlton,Chorlton Place,2018,September,37,Tuesday,11 Sep 2018,09:00,98,129,227,98,129,227,No Group
Manchester City Council - Chorlton,Chorlton Place,2018,September,37,Tuesday,11 Sep 2018,10:00,127,142,269,127,142,269,No Group
Manchester City Council - Chorlton,Chorlton Place,2018,September,37,Tuesday,11 Sep 2018,11:00,145,179,324,145,179,324,No Group
Manchester City Council - Chorlton,Chorlton Place,2018,September,37,Tuesday,11 Sep 2018,12:00,157,166,323,157,166,323,No Group
Manchester City Council - Chorlton,Chorlton Place,2018,September,37,Tuesday,11 Sep 2018,13:00,172,194,366,172,194,366,No Group
Manchester City Council - Chorlton,Chorlton Place,2018,September,37,Tuesday,11 Sep 2018,14:00,171,183,354,171,183,354,No Group
Manchester City Council - Chorlton,Chorlton Place,2018,September,37,Tuesday,11 Sep 2018,15:00,175,183,358,175,183,358,No Group
Manchester City Council - Chorlton,Chorlton Place,2018,September,37,Tuesday,11 Sep 2018,16:00,139,148,287,139,148,287,No Group
Manchester City Council - Chorlton,Chorlton Place,2018,September,37,Tuesday,11 Sep 2018,17:00,113,88,201,113,88,201,No Group
Manchester City Council - Chorlton,Chorlton Place,2018,September,37,Tuesday,11 Sep 2018,18:00,93,75,168,93,75,168,No Group
Manchester City Council - Chorlton,Chorlton Place,2018,September,37,Tuesday,11 Sep 2018,19:00,76,52,128,76,52,128,No Group
Manchester City Council - Chorlton,Chorlton Place,2018,September,37,Tuesday,11 Sep 2018,20:00,35,41,76,35,41,76,No Group
Manchester City Council - Chorlton,Chorlton Place,2018,September,37,Tuesday,11 Sep 2018,21:00,22,22,44,22,22,44,No Group
Manchester City Council - Chorlton,Chorlton Place,2018,September,37,Tuesday,11 Sep 2018,22:00,35,22,57,35,22,57,No Group
Manchester City Council - Chorlton,Chorlton Place,2018,September,37,Tuesday,11 Sep 2018,23:00,10,5,15,10,5,15,No Group
Manchester City Council - Chorlton,Chorlton Place,2018,September,37,Wednesday,12 Sep 2018,00:00,5,2,7,5,2,7,No Group
Manchester City Council - Chorlton,Chorlton Place,2018,September,37,Wednesday,12 Sep 2018,01:00,1,7,8,1,7,8,No Group
Manchester City Council - Chorlton,Chorlton Place,2018,September,37,Wednesday,12 Sep 2018,02:00,2,9,11,2,9,11,No Group
Manchester City Council - Chorlton,Chorlton Place,2018,September,37,Wednesday,12 Sep 2018,03:00,0,3,3,0,3,3,No Group
Manchester City Council - Chorlton,Chorlton Place,2018,September,37,Wednesday,12 Sep 2018,04:00,0,7,7,0,7,7,No Group
Manchester City Council - Chorlton,Chorlton Place,2018,September,37,Wednesday,12 Sep 2018,05:00,3,2,5,3,2,5,No Group
Manchester City Council - Chorlton,Chorlton Place,2018,September,37,Wednesday,12 Sep 2018,06:00,5,24,29,5,24,29,No Group
Manchester City Council - Chorlton,Chorlton Place,2018,September,37,Wednesday,12 Sep 2018,07:00,27,93,120,27,93,120,No Group
Manchester City Council - Chorlton,Chorlton Place,2018,September,37,Wednesday,12 Sep 2018,08:00,36,130,166,36,130,166,No Group
Manchester City Council - Chorlton,Chorlton Place,2018,September,37,Wednesday,12 Sep 2018,09:00,74,118,192,74,118,192,No Group
Manchester City Council - Chorlton,Chorlton Place,2018,September,37,Wednesday,12 Sep 2018,10:00,135,182,317,135,182,317,No Group
Manchester City Council - Chorlton,Chorlton Place,2018,September,37,Wednesday,12 Sep 2018,11:00,124,182,306,124,182,306,No Group
Manchester City Council - Chorlton,Chorlton Place,2018,September,37,Wednesday,12 Sep 2018,12:00,226,272,498,226,272,498,No Group
Manchester City Council - Chorlton,Chorlton Place,2018,September,37,Wednesday,12 Sep 2018,13:00,176,215,391,176,215,391,No Group
Manchester City Council - Chorlton,Chorlton Place,2018,September,37,Wednesday,12 Sep 2018,14:00,158,166,324,158,166,324,No Group
Manchester City Council - Chorlton,Chorlton Place,2018,September,37,Wednesday,12 Sep 2018,15:00,167,158,325,167,158,325,No Group
Manchester City Council - Chorlton,Chorlton Place,2018,September,37,Wednesday,12 Sep 2018,16:00,150,137,287,150,137,287,No Group
Manchester City Council - Chorlton,Chorlton Place,2018,September,37,Wednesday,12 Sep 2018,17:00,139,129,268,139,129,268,No Group
Manchester City Council - Chorlton,Chorlton Place,2018,September,37,Wednesday,12 Sep 2018,18:00,105,85,190,105,85,190,No Group
Manchester City Council - Chorlton,Chorlton Place,2018,September,37,Wednesday,12 Sep 2018,19:00,73,76,149,73,76,149,No Group
Manchester City Council - Chorlton,Chorlton Place,2018,September,37,Wednesday,12 Sep 2018,20:00,64,58,122,64,58,122,No Group
Manchester City Council - Chorlton,Chorlton Place,2018,September,37,Wednesday,12 Sep 2018,21:00,18,43,61,18,43,61,No Group
Manchester City Council - Chorlton,Chorlton Place,2018,September,37,Wednesday,12 Sep 2018,22:00,21,19,40,21,19,40,No Group
Manchester City Council - Chorlton,Chorlton Place,2018,September,37,Wednesday,12 Sep 2018,23:00,20,13,33,20,13,33,No Group
Manchester City Council - Chorlton,Chorlton Place,2018,September,37,Thursday,13 Sep 2018,00:00,10,5,15,10,5,15,No Group
Manchester City Council - Chorlton,Chorlton Place,2018,September,37,Thursday,13 Sep 2018,01:00,3,0,3,3,0,3,No Group
Manchester City Council - Chorlton,Chorlton Place,2018,September,37,Thursday,13 Sep 2018,02:00,0,0,0,0,0,0,No Group
Manchester City Council - Chorlton,Chorlton Place,2018,September,37,Thursday,13 Sep 2018,03:00,0,6,6,0,6,6,No Group
Manchester City Council - Chorlton,Chorlton Place,2018,September,37,Thursday,13 Sep 2018,04:00,0,2,2,0,2,2,No Group
Manchester City Council - Chorlton,Chorlton Place,2018,September,37,Thursday,13 Sep 2018,05:00,2,2,4,2,2,4,No Group
Manchester City Council - Chorlton,Chorlton Place,2018,September,37,Thursday,13 Sep 2018,06:00,4,24,28,4,24,28,No Group
Manchester City Council - Chorlton,Chorlton Place,2018,September,37,Thursday,13 Sep 2018,07:00,25,95,120,25,95,120,No Group
Manchester City Council - Chorlton,Chorlton Place,2018,September,37,Thursday,13 Sep 2018,08:00,51,153,204,51,153,204,No Group
Manchester City Council - Chorlton,Chorlton Place,2018,September,37,Thursday,13 Sep 2018,09:00,114,170,284,114,170,284,No Group
Manchester City Council - Chorlton,Chorlton Place,2018,September,37,Thursday,13 Sep 2018,10:00,103,141,244,103,141,244,No Group
Manchester City Council - Chorlton,Chorlton Place,2018,September,37,Thursday,13 Sep 2018,11:00,136,188,324,136,188,324,No Group
Manchester City Council - Chorlton,Chorlton Place,2018,September,37,Thursday,13 Sep 2018,12:00,243,319,562,243,319,562,No Group
Manchester City Council - Chorlton,Chorlton Place,2018,September,37,Thursday,13 Sep 2018,13:00,201,223,424,201,223,424,No Group
Manchester City Council - Chorlton,Chorlton Place,2018,September,37,Thursday,13 Sep 2018,14:00,147,152,299,147,152,299,No Group
Manchester City Council - Chorlton,Chorlton Place,2018,September,37,Thursday,13 Sep 2018,15:00,161,169,330,161,169,330,No Group
Manchester City Council - Chorlton,Chorlton Place,2018,September,37,Thursday,13 Sep 2018,16:00,155,131,286,155,131,286,No Group
Manchester City Council - Chorlton,Chorlton Place,2018,September,37,Thursday,13 Sep 2018,17:00,103,111,214,103,111,214,No Group
Manchester City Council - Chorlton,Chorlton Place,2018,September,37,Thursday,13 Sep 2018,18:00,121,73,194,121,73,194,No Group
Manchester City Council - Chorlton,Chorlton Place,2018,September,37,Thursday,13 Sep 2018,19:00,68,62,130,68,62,130,No Group
Manchester City Council - Chorlton,Chorlton Place,2018,September,37,Thursday,13 Sep 2018,20:00,51,42,93,51,42,93,No Group
Manchester City Council - Chorlton,Chorlton Place,2018,September,37,Thursday,13 Sep 2018,21:00,24,31,55,24,31,55,No Group
Manchester City Council - Chorlton,Chorlton Place,2018,September,37,Thursday,13 Sep 2018,22:00,15,19,34,15,19,34,No Group
Manchester City Council - Chorlton,Chorlton Place,2018,September,37,Thursday,13 Sep 2018,23:00,23,10,33,23,10,33,No Group
Manchester City Council - Chorlton,Chorlton Place,2018,September,37,Friday,14 Sep 2018,00:00,24,11,35,24,11,35,No Group
Manchester City Council - Chorlton,Chorlton Place,2018,September,37,Friday,14 Sep 2018,01:00,6,1,7,6,1,7,No Group
Manchester City Council - Chorlton,Chorlton Place,2018,September,37,Friday,14 Sep 2018,02:00,1,0,1,1,0,1,No Group
Manchester City Council - Chorlton,Chorlton Place,2018,September,37,Friday,14 Sep 2018,03:00,1,5,6,1,5,6,No Group
Manchester City Council - Chorlton,Chorlton Place,2018,September,37,Friday,14 Sep 2018,04:00,3,4,7,3,4,7,No Group
Manchester City Council - Chorlton,Chorlton Place,2018,September,37,Friday,14 Sep 2018,05:00,0,3,3,0,3,3,No Group
Manchester City Council - Chorlton,Chorlton Place,2018,September,37,Friday,14 Sep 2018,06:00,8,25,33,8,25,33,No Group
Manchester City Council - Chorlton,Chorlton Place,2018,September,37,Friday,14 Sep 2018,07:00,29,85,114,29,85,114,No Group
Manchester City Council - Chorlton,Chorlton Place,2018,September,37,Friday,14 Sep 2018,08:00,40,148,188,40,148,188,No Group
Manchester City Council - Chorlton,Chorlton Place,2018,September,37,Friday,14 Sep 2018,09:00,78,138,216,78,138,216,No Group
Manchester City Council - Chorlton,Chorlton Place,2018,September,37,Friday,14 Sep 2018,10:00,161,171,332,161,171,332,No Group
Manchester City Council - Chorlton,Chorlton Place,2018,September,37,Friday,14 Sep 2018,11:00,141,184,325,141,184,325,No Group
Manchester City Council - Chorlton,Chorlton Place,2018,September,37,Friday,14 Sep 2018,12:00,201,204,405,201,204,405,No Group
Manchester City Council - Chorlton,Chorlton Place,2018,September,37,Friday,14 Sep 2018,13:00,189,185,374,189,185,374,No Group
Manchester City Council - Chorlton,Chorlton Place,2018,September,37,Friday,14 Sep 2018,14:00,179,252,431,179,252,431,No Group
Manchester City Council - Chorlton,Chorlton Place,2018,September,37,Friday,14 Sep 2018,15:00,170,173,343,170,173,343,No Group
Manchester City Council - Chorlton,Chorlton Place,2018,September,37,Friday,14 Sep 2018,16:00,155,185,340,155,185,340,No Group
Manchester City Council - Chorlton,Chorlton Place,2018,September,37,Friday,14 Sep 2018,17:00,145,124,269,145,124,269,No Group
Manchester City Council - Chorlton,Chorlton Place,2018,September,37,Friday,14 Sep 2018,18:00,107,86,193,107,86,193,No Group
Manchester City Council - Chorlton,Chorlton Place,2018,September,37,Friday,14 Sep 2018,19:00,88,92,180,88,92,180,No Group
Manchester City Council - Chorlton,Chorlton Place,2018,September,37,Friday,14 Sep 2018,20:00,68,72,140,68,72,140,No Group
Manchester City Council - Chorlton,Chorlton Place,2018,September,37,Friday,14 Sep 2018,21:00,53,45,98,53,45,98,No Group
Manchester City Council - Chorlton,Chorlton Place,2018,September,37,Friday,14 Sep 2018,22:00,55,71,126,55,71,126,No Group
Manchester City Council - Chorlton,Chorlton Place,2018,September,37,Friday,14 Sep 2018,23:00,35,35,70,35,35,70,No Group
Manchester City Council - Chorlton,Chorlton Place,2018,September,37,Saturday,15 Sep 2018,00:00,29,43,72,29,43,72,No Group
Manchester City Council - Chorlton,Chorlton Place,2018,September,37,Saturday,15 Sep 2018,01:00,15,12,27,15,12,27,No Group
Manchester City Council - Chorlton,Chorlton Place,2018,September,37,Saturday,15 Sep 2018,02:00,2,6,8,2,6,8,No Group
Manchester City Council - Chorlton,Chorlton Place,2018,September,37,Saturday,15 Sep 2018,03:00,0,3,3,0,3,3,No Group
Manchester City Council - Chorlton,Chorlton Place,2018,September,37,Saturday,15 Sep 2018,04:00,2,4,6,2,4,6,No Group
Manchester City Council - Chorlton,Chorlton Place,2018,September,37,Saturday,15 Sep 2018,05:00,2,2,4,2,2,4,No Group
Manchester City Council - Chorlton,Chorlton Place,2018,September,37,Saturday,15 Sep 2018,06:00,10,9,19,10,9,19,No Group
Manchester City Council - Chorlton,Chorlton Place,2018,September,37,Saturday,15 Sep 2018,07:00,14,39,53,14,39,53,No Group
Manchester City Council - Chorlton,Chorlton Place,2018,September,37,Saturday,15 Sep 2018,08:00,90,98,188,90,98,188,No Group
Manchester City Council - Chorlton,Chorlton Place,2018,September,37,Saturday,15 Sep 2018,09:00,125,169,294,125,169,294,No Group
Manchester City Council - Chorlton,Chorlton Place,2018,September,37,Saturday,15 Sep 2018,10:00,169,210,379,169,210,379,No Group
Manchester City Council - Chorlton,Chorlton Place,2018,September,37,Saturday,15 Sep 2018,11:00,256,273,529,256,273,529,No Group
Manchester City Council - Chorlton,Chorlton Place,2018,September,37,Saturday,15 Sep 2018,12:00,264,311,575,264,311,575,No Group
Manchester City Council - Chorlton,Chorlton Place,2018,September,37,Saturday,15 Sep 2018,13:00,260,291,551,260,291,551,No Group
Manchester City Council - Chorlton,Chorlton Place,2018,September,37,Saturday,15 Sep 2018,14:00,259,259,518,259,259,518,No Group
Manchester City Council - Chorlton,Chorlton Place,2018,September,37,Saturday,15 Sep 2018,15:00,229,221,450,229,221,450,No Group
Manchester City Council - Chorlton,Chorlton Place,2018,September,37,Saturday,15 Sep 2018,16:00,183,168,351,183,168,351,No Group
Manchester City Council - Chorlton,Chorlton Place,2018,September,37,Saturday,15 Sep 2018,17:00,138,153,291,138,153,291,No Group
Manchester City Council - Chorlton,Chorlton Place,2018,September,37,Saturday,15 Sep 2018,18:00,130,137,267,130,137,267,No Group
Manchester City Council - Chorlton,Chorlton Place,2018,September,37,Saturday,15 Sep 2018,19:00,115,95,210,115,95,210,No Group
Manchester City Council - Chorlton,Chorlton Place,2018,September,37,Saturday,15 Sep 2018,20:00,85,108,193,85,108,193,No Group
Manchester City Council - Chorlton,Chorlton Place,2018,September,37,Saturday,15 Sep 2018,21:00,64,75,139,64,75,139,No Group
Manchester City Council - Chorlton,Chorlton Place,2018,September,37,Saturday,15 Sep 2018,22:00,48,56,104,48,56,104,No Group
Manchester City Council - Chorlton,Chorlton Place,2018,September,37,Saturday,15 Sep 2018,23:00,41,30,71,41,30,71,No Group
Manchester City Council - Chorlton,Chorlton Place,2018,September,37,Sunday,16 Sep 2018,00:00,27,47,74,27,47,74,No Group
Manchester City Council - Chorlton,Chorlton Place,2018,September,37,Sunday,16 Sep 2018,01:00,16,6,22,16,6,22,No Group
Manchester City Council - Chorlton,Chorlton Place,2018,September,37,Sunday,16 Sep 2018,02:00,9,5,14,9,5,14,No Group
Manchester City Council - Chorlton,Chorlton Place,2018,September,37,Sunday,16 Sep 2018,03:00,2,0,2,2,0,2,No Group
Manchester City Council - Chorlton,Chorlton Place,2018,September,37,Sunday,16 Sep 2018,04:00,1,0,1,1,0,1,No Group
Manchester City Council - Chorlton,Chorlton Place,2018,September,37,Sunday,16 Sep 2018,05:00,1,1,2,1,1,2,No Group
Manchester City Council - Chorlton,Chorlton Place,2018,September,37,Sunday,16 Sep 2018,06:00,6,6,12,6,6,12,No Group
Manchester City Council - Chorlton,Chorlton Place,2018,September,37,Sunday,16 Sep 2018,07:00,4,8,12,4,8,12,No Group
Manchester City Council - Chorlton,Chorlton Place,2018,September,37,Sunday,16 Sep 2018,08:00,27,36,63,27,36,63,No Group
Manchester City Council - Chorlton,Chorlton Place,2018,September,37,Sunday,16 Sep 2018,09:00,27,41,68,27,41,68,No Group
Manchester City Council - Chorlton,Chorlton Place,2018,September,37,Sunday,16 Sep 2018,10:00,57,74,131,57,74,131,No Group
Manchester City Council - Chorlton,Chorlton Place,2018,September,37,Sunday,16 Sep 2018,11:00,136,163,299,136,163,299,No Group
Manchester City Council - Chorlton,Chorlton Place,2018,September,37,Sunday,16 Sep 2018,12:00,106,141,247,106,141,247,No Group
Manchester City Council - Chorlton,Chorlton Place,2018,September,37,Sunday,16 Sep 2018,13:00,152,154,306,152,154,306,No Group
Manchester City Council - Chorlton,Chorlton Place,2018,September,37,Sunday,16 Sep 2018,14:00,136,155,291,136,155,291,No Group
Manchester City Council - Chorlton,Chorlton Place,2018,September,37,Sunday,16 Sep 2018,15:00,153,162,315,153,162,315,No Group
Manchester City Council - Chorlton,Chorlton Place,2018,September,37,Sunday,16 Sep 2018,16:00,70,109,179,70,109,179,No Group
Manchester City Council - Chorlton,Chorlton Place,2018,September,37,Sunday,16 Sep 2018,17:00,67,81,148,67,81,148,No Group
Manchester City Council - Chorlton,Chorlton Place,2018,September,37,Sunday,16 Sep 2018,18:00,78,69,147,78,69,147,No Group
Manchester City Council - Chorlton,Chorlton Place,2018,September,37,Sunday,16 Sep 2018,19:00,35,56,91,35,56,91,No Group
Manchester City Council - Chorlton,Chorlton Place,2018,September,37,Sunday,16 Sep 2018,20:00,29,37,66,29,37,66,No Group
Manchester City Council - Chorlton,Chorlton Place,2018,September,37,Sunday,16 Sep 2018,21:00,26,23,49,26,23,49,No Group
Manchester City Council - Chorlton,Chorlton Place,2018,September,37,Sunday,16 Sep 2018,22:00,21,21,42,21,21,42,No Group
Manchester City Council - Chorlton,Chorlton Place,2018,September,37,Sunday,16 Sep 2018,23:00,9,6,15,9,6,15,No Group
Manchester City Council - Chorlton,Chorlton Place,2018,September,38,Monday,17 Sep 2018,00:00,4,3,7,4,3,7,No Group
Manchester City Council - Chorlton,Chorlton Place,2018,September,38,Monday,17 Sep 2018,01:00,0,3,3,0,3,3,No Group
Manchester City Council - Chorlton,Chorlton Place,2018,September,38,Monday,17 Sep 2018,02:00,2,0,2,2,0,2,No Group
Manchester City Council - Chorlton,Chorlton Place,2018,September,38,Monday,17 Sep 2018,03:00,1,2,3,1,2,3,No Group
Manchester City Council - Chorlton,Chorlton Place,2018,September,38,Monday,17 Sep 2018,04:00,0,8,8,0,8,8,No Group
Manchester City Council - Chorlton,Chorlton Place,2018,September,38,Monday,17 Sep 2018,05:00,5,1,6,5,1,6,No Group
Manchester City Council - Chorlton,Chorlton Place,2018,September,38,Monday,17 Sep 2018,06:00,9,17,26,9,17,26,No Group
Manchester City Council - Chorlton,Chorlton Place,2018,September,38,Monday,17 Sep 2018,07:00,26,86,112,26,86,112,No Group
Manchester City Council - Chorlton,Chorlton Place,2018,September,38,Monday,17 Sep 2018,08:00,45,173,218,45,173,218,No Group
Manchester City Council - Chorlton,Chorlton Place,2018,September,38,Monday,17 Sep 2018,09:00,80,140,220,80,140,220,No Group
Manchester City Council - Chorlton,Chorlton Place,2018,September,38,Monday,17 Sep 2018,10:00,145,162,307,145,162,307,No Group
Manchester City Council - Chorlton,Chorlton Place,2018,September,38,Monday,17 Sep 2018,11:00,177,244,421,177,244,421,No Group
Manchester City Council - Chorlton,Chorlton Place,2018,September,38,Monday,17 Sep 2018,12:00,271,326,597,271,326,597,No Group
Manchester City Council - Chorlton,Chorlton Place,2018,September,38,Monday,17 Sep 2018,13:00,162,200,362,162,200,362,No Group
Manchester City Council - Chorlton,Chorlton Place,2018,September,38,Monday,17 Sep 2018,14:00,143,158,301,143,158,301,No Group
Manchester City Council - Chorlton,Chorlton Place,2018,September,38,Monday,17 Sep 2018,15:00,169,165,334,169,165,334,No Group
Manchester City Council - Chorlton,Chorlton Place,2018,September,38,Monday,17 Sep 2018,16:00,153,127,280,153,127,280,No Group
Manchester City Council - Chorlton,Chorlton Place,2018,September,38,Monday,17 Sep 2018,17:00,107,101,208,107,101,208,No Group
Manchester City Council - Chorlton,Chorlton Place,2018,September,38,Monday,17 Sep 2018,18:00,111,79,190,111,79,190,No Group
Manchester City Council - Chorlton,Chorlton Place,2018,September,38,Monday,17 Sep 2018,19:00,71,51,122,71,51,122,No Group
Manchester City Council - Chorlton,Chorlton Place,2018,September,38,Monday,17 Sep 2018,20:00,37,42,79,37,42,79,No Group
Manchester City Council - Chorlton,Chorlton Place,2018,September,38,Monday,17 Sep 2018,21:00,31,26,57,31,26,57,No Group
Manchester City Council - Chorlton,Chorlton Place,2018,September,38,Monday,17 Sep 2018,22:00,18,14,32,18,14,32,No Group
Manchester City Council - Chorlton,Chorlton Place,2018,September,38,Monday,17 Sep 2018,23:00,9,7,16,9,7,16,No Group
Manchester City Council - Chorlton,Chorlton Place,2018,September,38,Tuesday,18 Sep 2018,00:00,4,5,9,4,5,9,No Group
Manchester City Council - Chorlton,Chorlton Place,2018,September,38,Tuesday,18 Sep 2018,01:00,0,2,2,0,2,2,No Group
Manchester City Council - Chorlton,Chorlton Place,2018,September,38,Tuesday,18 Sep 2018,02:00,5,3,8,5,3,8,No Group
Manchester City Council - Chorlton,Chorlton Place,2018,September,38,Tuesday,18 Sep 2018,03:00,0,3,3,0,3,3,No Group
Manchester City Council - Chorlton,Chorlton Place,2018,September,38,Tuesday,18 Sep 2018,04:00,1,3,4,1,3,4,No Group
Manchester City Council - Chorlton,Chorlton Place,2018,September,38,Tuesday,18 Sep 2018,05:00,4,2,6,4,2,6,No Group
Manchester City Council - Chorlton,Chorlton Place,2018,September,38,Tuesday,18 Sep 2018,06:00,5,18,23,5,18,23,No Group
Manchester City Council - Chorlton,Chorlton Place,2018,September,38,Tuesday,18 Sep 2018,07:00,21,75,96,21,75,96,No Group
Manchester City Council - Chorlton,Chorlton Place,2018,September,38,Tuesday,18 Sep 2018,08:00,33,107,140,33,107,140,No Group
Manchester City Council - Chorlton,Chorlton Place,2018,September,38,Tuesday,18 Sep 2018,09:00,90,129,219,90,129,219,No Group
Manchester City Council - Chorlton,Chorlton Place,2018,September,38,Tuesday,18 Sep 2018,10:00,111,154,265,111,154,265,No Group
Manchester City Council - Chorlton,Chorlton Place,2018,September,38,Tuesday,18 Sep 2018,11:00,209,271,480,209,271,480,No Group
Manchester City Council - Chorlton,Chorlton Place,2018,September,38,Tuesday,18 Sep 2018,12:00,289,375,664,289,375,664,No Group
Manchester City Council - Chorlton,Chorlton Place,2018,September,38,Tuesday,18 Sep 2018,13:00,180,225,405,180,225,405,No Group
Manchester City Council - Chorlton,Chorlton Place,2018,September,38,Tuesday,18 Sep 2018,14:00,150,158,308,150,158,308,No Group
Manchester City Council - Chorlton,Chorlton Place,2018,September,38,Tuesday,18 Sep 2018,15:00,156,152,308,156,152,308,No Group
Manchester City Council - Chorlton,Chorlton Place,2018,September,38,Tuesday,18 Sep 2018,16:00,146,141,287,146,141,287,No Group
Manchester City Council - Chorlton,Chorlton Place,2018,September,38,Tuesday,18 Sep 2018,17:00,132,89,221,132,89,221,No Group
Manchester City Council - Chorlton,Chorlton Place,2018,September,38,Tuesday,18 Sep 2018,18:00,105,75,180,105,75,180,No Group
Manchester City Council - Chorlton,Chorlton Place,2018,September,38,Tuesday,18 Sep 2018,19:00,71,51,122,71,51,122,No Group
Manchester City Council - Chorlton,Chorlton Place,2018,September,38,Tuesday,18 Sep 2018,20:00,28,37,65,28,37,65,No Group
Manchester City Council - Chorlton,Chorlton Place,2018,September,38,Tuesday,18 Sep 2018,21:00,21,42,63,21,42,63,No Group
Manchester City Council - Chorlton,Chorlton Place,2018,September,38,Tuesday,18 Sep 2018,22:00,18,21,39,18,21,39,No Group
Manchester City Council - Chorlton,Chorlton Place,2018,September,38,Tuesday,18 Sep 2018,23:00,10,8,18,10,8,18,No Group
Manchester City Council - Chorlton,Chorlton Place,2018,September,38,Wednesday,19 Sep 2018,00:00,7,7,14,7,7,14,No Group
Manchester City Council - Chorlton,Chorlton Place,2018,September,38,Wednesday,19 Sep 2018,01:00,4,1,5,4,1,5,No Group
Manchester City Council - Chorlton,Chorlton Place,2018,September,38,Wednesday,19 Sep 2018,02:00,2,0,2,2,0,2,No Group
Manchester City Council - Chorlton,Chorlton Place,2018,September,38,Wednesday,19 Sep 2018,03:00,0,5,5,0,5,5,No Group
Manchester City Council - Chorlton,Chorlton Place,2018,September,38,Wednesday,19 Sep 2018,04:00,2,2,4,2,2,4,No Group
Manchester City Council - Chorlton,Chorlton Place,2018,September,38,Wednesday,19 Sep 2018,05:00,2,6,8,2,6,8,No Group
Manchester City Council - Chorlton,Chorlton Place,2018,September,38,Wednesday,19 Sep 2018,06:00,7,23,30,7,23,30,No Group
Manchester City Council - Chorlton,Chorlton Place,2018,September,38,Wednesday,19 Sep 2018,07:00,43,99,142,43,99,142,No Group
Manchester City Council - Chorlton,Chorlton Place,2018,September,38,Wednesday,19 Sep 2018,08:00,62,142,204,62,142,204,No Group
Manchester City Council - Chorlton,Chorlton Place,2018,September,38,Wednesday,19 Sep 2018,09:00,103,154,257,103,154,257,No Group
Manchester City Council - Chorlton,Chorlton Place,2018,September,38,Wednesday,19 Sep 2018,10:00,127,153,280,127,153,280,No Group
Manchester City Council - Chorlton,Chorlton Place,2018,September,38,Wednesday,19 Sep 2018,11:00,109,173,282,109,173,282,No Group
Manchester City Council - Chorlton,Chorlton Place,2018,September,38,Wednesday,19 Sep 2018,12:00,152,152,304,152,152,304,No Group
Manchester City Council - Chorlton,Chorlton Place,2018,September,38,Wednesday,19 Sep 2018,13:00,153,167,320,153,167,320,No Group
Manchester City Council - Chorlton,Chorlton Place,2018,September,38,Wednesday,19 Sep 2018,14:00,120,158,278,120,158,278,No Group
Manchester City Council - Chorlton,Chorlton Place,2018,September,38,Wednesday,19 Sep 2018,15:00,128,162,290,128,162,290,No Group
Manchester City Council - Chorlton,Chorlton Place,2018,September,38,Wednesday,19 Sep 2018,16:00,149,146,295,149,146,295,No Group
Manchester City Council - Chorlton,Chorlton Place,2018,September,38,Wednesday,19 Sep 2018,17:00,123,111,234,123,111,234,No Group
Manchester City Council - Chorlton,Chorlton Place,2018,September,38,Wednesday,19 Sep 2018,18:00,116,85,201,116,85,201,No Group
Manchester City Council - Chorlton,Chorlton Place,2018,September,38,Wednesday,19 Sep 2018,19:00,67,51,118,67,51,118,No Group
Manchester City Council - Chorlton,Chorlton Place,2018,September,38,Wednesday,19 Sep 2018,20:00,55,52,107,55,52,107,No Group
Manchester City Council - Chorlton,Chorlton Place,2018,September,38,Wednesday,19 Sep 2018,21:00,25,41,66,25,41,66,No Group
Manchester City Council - Chorlton,Chorlton Place,2018,September,38,Wednesday,19 Sep 2018,22:00,34,30,64,34,30,64,No Group
Manchester City Council - Chorlton,Chorlton Place,2018,September,38,Wednesday,19 Sep 2018,23:00,21,15,36,21,15,36,No Group
Manchester City Council - Chorlton,Chorlton Place,2018,September,38,Thursday,20 Sep 2018,00:00,4,2,6,4,2,6,No Group
Manchester City Council - Chorlton,Chorlton Place,2018,September,38,Thursday,20 Sep 2018,01:00,0,1,1,0,1,1,No Group
Manchester City Council - Chorlton,Chorlton Place,2018,September,38,Thursday,20 Sep 2018,02:00,1,1,2,1,1,2,No Group
Manchester City Council - Chorlton,Chorlton Place,2018,September,38,Thursday,20 Sep 2018,03:00,0,4,4,0,4,4,No Group
Manchester City Council - Chorlton,Chorlton Place,2018,September,38,Thursday,20 Sep 2018,04:00,0,2,2,0,2,2,No Group
Manchester City Council - Chorlton,Chorlton Place,2018,September,38,Thursday,20 Sep 2018,05:00,2,3,5,2,3,5,No Group
Manchester City Council - Chorlton,Chorlton Place,2018,September,38,Thursday,20 Sep 2018,06:00,8,25,33,8,25,33,No Group
Manchester City Council - Chorlton,Chorlton Place,2018,September,38,Thursday,20 Sep 2018,07:00,34,94,128,34,94,128,No Group
Manchester City Council - Chorlton,Chorlton Place,2018,September,38,Thursday,20 Sep 2018,08:00,30,121,151,30,121,151,No Group
Manchester City Council - Chorlton,Chorlton Place,2018,September,38,Thursday,20 Sep 2018,09:00,115,133,248,115,133,248,No Group
Manchester City Council - Chorlton,Chorlton Place,2018,September,38,Thursday,20 Sep 2018,10:00,135,156,291,135,156,291,No Group
Manchester City Council - Chorlton,Chorlton Place,2018,September,38,Thursday,20 Sep 2018,11:00,114,148,262,114,148,262,No Group
Manchester City Council - Chorlton,Chorlton Place,2018,September,38,Thursday,20 Sep 2018,12:00,182,193,375,182,193,375,No Group
Manchester City Council - Chorlton,Chorlton Place,2018,September,38,Thursday,20 Sep 2018,13:00,140,166,306,140,166,306,No Group
Manchester City Council - Chorlton,Chorlton Place,2018,September,38,Thursday,20 Sep 2018,14:00,114,131,245,114,131,245,No Group
Manchester City Council - Chorlton,Chorlton Place,2018,September,38,Thursday,20 Sep 2018,15:00,164,143,307,164,143,307,No Group
Manchester City Council - Chorlton,Chorlton Place,2018,September,38,Thursday,20 Sep 2018,16:00,134,156,290,134,156,290,No Group
Manchester City Council - Chorlton,Chorlton Place,2018,September,38,Thursday,20 Sep 2018,17:00,105,94,199,105,94,199,No Group
Manchester City Council - Chorlton,Chorlton Place,2018,September,38,Thursday,20 Sep 2018,18:00,127,88,215,127,88,215,No Group
Manchester City Council - Chorlton,Chorlton Place,2018,September,38,Thursday,20 Sep 2018,19:00,73,68,141,73,68,141,No Group
Manchester City Council - Chorlton,Chorlton Place,2018,September,38,Thursday,20 Sep 2018,20:00,24,52,76,24,52,76,No Group
Manchester City Council - Chorlton,Chorlton Place,2018,September,38,Thursday,20 Sep 2018,21:00,27,26,53,27,26,53,No Group
Manchester City Council - Chorlton,Chorlton Place,2018,September,38,Thursday,20 Sep 2018,22:00,17,23,40,17,23,40,No Group
Manchester City Council - Chorlton,Chorlton Place,2018,September,38,Thursday,20 Sep 2018,23:00,8,8,16,8,8,16,No Group
Manchester City Council - Chorlton,Chorlton Place,2018,September,38,Friday,21 Sep 2018,00:00,6,6,12,6,6,12,No Group
Manchester City Council - Chorlton,Chorlton Place,2018,September,38,Friday,21 Sep 2018,01:00,2,2,4,2,2,4,No Group
Manchester City Council - Chorlton,Chorlton Place,2018,September,38,Friday,21 Sep 2018,02:00,0,2,2,0,2,2,No Group
Manchester City Council - Chorlton,Chorlton Place,2018,September,38,Friday,21 Sep 2018,03:00,5,4,9,5,4,9,No Group
Manchester City Council - Chorlton,Chorlton Place,2018,September,38,Friday,21 Sep 2018,04:00,3,3,6,3,3,6,No Group
Manchester City Council - Chorlton,Chorlton Place,2018,September,38,Friday,21 Sep 2018,05:00,5,2,7,5,2,7,No Group
Manchester City Council - Chorlton,Chorlton Place,2018,September,38,Friday,21 Sep 2018,06:00,7,28,35,7,28,35,No Group
Manchester City Council - Chorlton,Chorlton Place,2018,September,38,Friday,21 Sep 2018,07:00,41,133,174,41,133,174,No Group
Manchester City Council - Chorlton,Chorlton Place,2018,September,38,Friday,21 Sep 2018,08:00,55,195,250,55,195,250,No Group
Manchester City Council - Chorlton,Chorlton Place,2018,September,38,Friday,21 Sep 2018,09:00,126,179,305,126,179,305,No Group
Manchester City Council - Chorlton,Chorlton Place,2018,September,38,Friday,21 Sep 2018,10:00,134,175,309,134,175,309,No Group
Manchester City Council - Chorlton,Chorlton Place,2018,September,38,Friday,21 Sep 2018,11:00,154,157,311,154,157,311,No Group
Manchester City Council - Chorlton,Chorlton Place,2018,September,38,Friday,21 Sep 2018,12:00,201,197,398,201,197,398,No Group
Manchester City Council - Chorlton,Chorlton Place,2018,September,38,Friday,21 Sep 2018,13:00,206,223,429,206,223,429,No Group
Manchester City Council - Chorlton,Chorlton Place,2018,September,38,Friday,21 Sep 2018,14:00,147,197,344,147,197,344,No Group
Manchester City Council - Chorlton,Chorlton Place,2018,September,38,Friday,21 Sep 2018,15:00,262,194,456,262,194,456,No Group
Manchester City Council - Chorlton,Chorlton Place,2018,September,38,Friday,21 Sep 2018,16:00,163,150,313,163,150,313,No Group
Manchester City Council - Chorlton,Chorlton Place,2018,September,38,Friday,21 Sep 2018,17:00,125,108,233,125,108,233,No Group
Manchester City Council - Chorlton,Chorlton Place,2018,September,38,Friday,21 Sep 2018,18:00,114,77,191,114,77,191,No Group
Manchester City Council - Chorlton,Chorlton Place,2018,September,38,Friday,21 Sep 2018,19:00,70,64,134,70,64,134,No Group
Manchester City Council - Chorlton,Chorlton Place,2018,September,38,Friday,21 Sep 2018,20:00,35,63,98,35,63,98,No Group
Manchester City Council - Chorlton,Chorlton Place,2018,September,38,Friday,21 Sep 2018,21:00,53,67,120,53,67,120,No Group
Manchester City Council - Chorlton,Chorlton Place,2018,September,38,Friday,21 Sep 2018,22:00,23,64,87,23,64,87,No Group
Manchester City Council - Chorlton,Chorlton Place,2018,September,38,Friday,21 Sep 2018,23:00,23,41,64,23,41,64,No Group
Manchester City Council - Chorlton,Chorlton Place,2018,September,38,Saturday,22 Sep 2018,00:00,14,25,39,14,25,39,No Group
Manchester City Council - Chorlton,Chorlton Place,2018,September,38,Saturday,22 Sep 2018,01:00,11,3,14,11,3,14,No Group
Manchester City Council - Chorlton,Chorlton Place,2018,September,38,Saturday,22 Sep 2018,02:00,4,0,4,4,0,4,No Group
Manchester City Council - Chorlton,Chorlton Place,2018,September,38,Saturday,22 Sep 2018,03:00,3,1,4,3,1,4,No Group
Manchester City Council - Chorlton,Chorlton Place,2018,September,38,Saturday,22 Sep 2018,04:00,2,0,2,2,0,2,No Group
Manchester City Council - Chorlton,Chorlton Place,2018,September,38,Saturday,22 Sep 2018,05:00,6,8,14,6,8,14,No Group
Manchester City Council - Chorlton,Chorlton Place,2018,September,38,Saturday,22 Sep 2018,06:00,2,5,7,2,5,7,No Group
Manchester City Council - Chorlton,Chorlton Place,2018,September,38,Saturday,22 Sep 2018,07:00,12,23,35,12,23,35,No Group
Manchester City Council - Chorlton,Chorlton Place,2018,September,38,Saturday,22 Sep 2018,08:00,31,45,76,31,45,76,No Group
Manchester City Council - Chorlton,Chorlton Place,2018,September,38,Saturday,22 Sep 2018,09:00,109,146,255,109,146,255,No Group
Manchester City Council - Chorlton,Chorlton Place,2018,September,38,Saturday,22 Sep 2018,10:00,148,172,320,148,172,320,No Group
Manchester City Council - Chorlton,Chorlton Place,2018,September,38,Saturday,22 Sep 2018,11:00,247,294,541,247,294,541,No Group
Manchester City Council - Chorlton,Chorlton Place,2018,September,38,Saturday,22 Sep 2018,12:00,270,273,543,270,273,543,No Group
Manchester City Council - Chorlton,Chorlton Place,2018,September,38,Saturday,22 Sep 2018,13:00,237,264,501,237,264,501,No Group
Manchester City Council - Chorlton,Chorlton Place,2018,September,38,Saturday,22 Sep 2018,14:00,254,281,535,254,281,535,No Group
Manchester City Council - Chorlton,Chorlton Place,2018,September,38,Saturday,22 Sep 2018,15:00,249,265,514,249,265,514,No Group
Manchester City Council - Chorlton,Chorlton Place,2018,September,38,Saturday,22 Sep 2018,16:00,200,185,385,200,185,385,No Group
Manchester City Council - Chorlton,Chorlton Place,2018,September,38,Saturday,22 Sep 2018,17:00,130,158,288,130,158,288,No Group
Manchester City Council - Chorlton,Chorlton Place,2018,September,38,Saturday,22 Sep 2018,18:00,85,102,187,85,102,187,No Group
Manchester City Council - Chorlton,Chorlton Place,2018,September,38,Saturday,22 Sep 2018,19:00,97,98,195,97,98,195,No Group
Manchester City Council - Chorlton,Chorlton Place,2018,September,38,Saturday,22 Sep 2018,20:00,61,72,133,61,72,133,No Group
Manchester City Council - Chorlton,Chorlton Place,2018,September,38,Saturday,22 Sep 2018,21:00,49,41,90,49,41,90,No Group
Manchester City Council - Chorlton,Chorlton Place,2018,September,38,Saturday,22 Sep 2018,22:00,37,42,79,37,42,79,No Group
Manchester City Council - Chorlton,Chorlton Place,2018,September,38,Saturday,22 Sep 2018,23:00,45,75,120,45,75,120,No Group
Manchester City Council - Chorlton,Chorlton Place,2018,September,38,Sunday,23 Sep 2018,00:00,36,41,77,36,41,77,No Group
Manchester City Council - Chorlton,Chorlton Place,2018,September,38,Sunday,23 Sep 2018,01:00,40,18,58,40,18,58,No Group
Manchester City Council - Chorlton,Chorlton Place,2018,September,38,Sunday,23 Sep 2018,02:00,2,1,3,2,1,3,No Group
Manchester City Council - Chorlton,Chorlton Place,2018,September,38,Sunday,23 Sep 2018,03:00,4,1,5,4,1,5,No Group
Manchester City Council - Chorlton,Chorlton Place,2018,September,38,Sunday,23 Sep 2018,04:00,6,0,6,6,0,6,No Group
Manchester City Council - Chorlton,Chorlton Place,2018,September,38,Sunday,23 Sep 2018,05:00,0,3,3,0,3,3,No Group
Manchester City Council - Chorlton,Chorlton Place,2018,September,38,Sunday,23 Sep 2018,06:00,3,5,8,3,5,8,No Group
Manchester City Council - Chorlton,Chorlton Place,2018,September,38,Sunday,23 Sep 2018,07:00,7,13,20,7,13,20,No Group
Manchester City Council - Chorlton,Chorlton Place,2018,September,38,Sunday,23 Sep 2018,08:00,18,21,39,18,21,39,No Group
Manchester City Council - Chorlton,Chorlton Place,2018,September,38,Sunday,23 Sep 2018,09:00,28,51,79,28,51,79,No Group
Manchester City Council - Chorlton,Chorlton Place,2018,September,38,Sunday,23 Sep 2018,10:00,75,128,203,75,128,203,No Group
Manchester City Council - Chorlton,Chorlton Place,2018,September,38,Sunday,23 Sep 2018,11:00,135,243,378,135,243,378,No Group
Manchester City Council - Chorlton,Chorlton Place,2018,September,38,Sunday,23 Sep 2018,12:00,236,266,502,236,266,502,No Group
Manchester City Council - Chorlton,Chorlton Place,2018,September,38,Sunday,23 Sep 2018,13:00,173,185,358,173,185,358,No Group
Manchester City Council - Chorlton,Chorlton Place,2018,September,38,Sunday,23 Sep 2018,14:00,106,131,237,106,131,237,No Group
Manchester City Council - Chorlton,Chorlton Place,2018,September,38,Sunday,23 Sep 2018,15:00,107,120,227,107,120,227,No Group
Manchester City Council - Chorlton,Chorlton Place,2018,September,38,Sunday,23 Sep 2018,16:00,80,83,163,80,83,163,No Group
Manchester City Council - Chorlton,Chorlton Place,2018,September,38,Sunday,23 Sep 2018,17:00,71,58,129,71,58,129,No Group
Manchester City Council - Chorlton,Chorlton Place,2018,September,38,Sunday,23 Sep 2018,18:00,49,46,95,49,46,95,No Group
Manchester City Council - Chorlton,Chorlton Place,2018,September,38,Sunday,23 Sep 2018,19:00,39,31,70,39,31,70,No Group
Manchester City Council - Chorlton,Chorlton Place,2018,September,38,Sunday,23 Sep 2018,20:00,23,24,47,23,24,47,No Group
Manchester City Council - Chorlton,Chorlton Place,2018,September,38,Sunday,23 Sep 2018,21:00,14,6,20,14,6,20,No Group
Manchester City Council - Chorlton,Chorlton Place,2018,September,38,Sunday,23 Sep 2018,22:00,19,22,41,19,22,41,No Group
Manchester City Council - Chorlton,Chorlton Place,2018,September,38,Sunday,23 Sep 2018,23:00,13,12,25,13,12,25,No Group
Manchester City Council - Chorlton,Chorlton Place,2018,September,39,Monday,24 Sep 2018,00:00,4,1,5,4,1,5,No Group
Manchester City Council - Chorlton,Chorlton Place,2018,September,39,Monday,24 Sep 2018,01:00,2,0,2,2,0,2,No Group
Manchester City Council - Chorlton,Chorlton Place,2018,September,39,Monday,24 Sep 2018,02:00,0,1,1,0,1,1,No Group
Manchester City Council - Chorlton,Chorlton Place,2018,September,39,Monday,24 Sep 2018,03:00,4,4,8,4,4,8,No Group
Manchester City Council - Chorlton,Chorlton Place,2018,September,39,Monday,24 Sep 2018,04:00,3,5,8,3,5,8,No Group
Manchester City Council - Chorlton,Chorlton Place,2018,September,39,Monday,24 Sep 2018,05:00,2,0,2,2,0,2,No Group
Manchester City Council - Chorlton,Chorlton Place,2018,September,39,Monday,24 Sep 2018,06:00,2,16,18,2,16,18,No Group
Manchester City Council - Chorlton,Chorlton Place,2018,September,39,Monday,24 Sep 2018,07:00,26,80,106,26,80,106,No Group
Manchester City Council - Chorlton,Chorlton Place,2018,September,39,Monday,24 Sep 2018,08:00,37,157,194,37,157,194,No Group
Manchester City Council - Chorlton,Chorlton Place,2018,September,39,Monday,24 Sep 2018,09:00,122,178,300,122,178,300,No Group
Manchester City Council - Chorlton,Chorlton Place,2018,September,39,Monday,24 Sep 2018,10:00,115,126,241,115,126,241,No Group
Manchester City Council - Chorlton,Chorlton Place,2018,September,39,Monday,24 Sep 2018,11:00,171,242,413,171,242,413,No Group
Manchester City Council - Chorlton,Chorlton Place,2018,September,39,Monday,24 Sep 2018,12:00,198,290,488,198,290,488,No Group
Manchester City Council - Chorlton,Chorlton Place,2018,September,39,Monday,24 Sep 2018,13:00,159,153,312,159,153,312,No Group
Manchester City Council - Chorlton,Chorlton Place,2018,September,39,Monday,24 Sep 2018,14:00,125,141,266,125,141,266,No Group
Manchester City Council - Chorlton,Chorlton Place,2018,September,39,Monday,24 Sep 2018,15:00,172,159,331,172,159,331,No Group
Manchester City Council - Chorlton,Chorlton Place,2018,September,39,Monday,24 Sep 2018,16:00,149,139,288,149,139,288,No Group
Manchester City Council - Chorlton,Chorlton Place,2018,September,39,Monday,24 Sep 2018,17:00,155,152,307,155,152,307,No Group
Manchester City Council - Chorlton,Chorlton Place,2018,September,39,Monday,24 Sep 2018,18:00,93,75,168,93,75,168,No Group
Manchester City Council - Chorlton,Chorlton Place,2018,September,39,Monday,24 Sep 2018,19:00,64,48,112,64,48,112,No Group
Manchester City Council - Chorlton,Chorlton Place,2018,September,39,Monday,24 Sep 2018,20:00,33,41,74,33,41,74,No Group
Manchester City Council - Chorlton,Chorlton Place,2018,September,39,Monday,24 Sep 2018,21:00,26,29,55,26,29,55,No Group
Manchester City Council - Chorlton,Chorlton Place,2018,September,39,Monday,24 Sep 2018,22:00,25,16,41,25,16,41,No Group
Manchester City Council - Chorlton,Chorlton Place,2018,September,39,Monday,24 Sep 2018,23:00,6,12,18,6,12,18,No Group
Manchester City Council - Chorlton,Chorlton Place,2018,September,39,Tuesday,25 Sep 2018,00:00,1,4,5,1,4,5,No Group
Manchester City Council - Chorlton,Chorlton Place,2018,September,39,Tuesday,25 Sep 2018,01:00,8,0,8,8,0,8,No Group
Manchester City Council - Chorlton,Chorlton Place,2018,September,39,Tuesday,25 Sep 2018,02:00,1,1,2,1,1,2,No Group
Manchester City Council - Chorlton,Chorlton Place,2018,September,39,Tuesday,25 Sep 2018,03:00,1,4,5,1,4,5,No Group
Manchester City Council - Chorlton,Chorlton Place,2018,September,39,Tuesday,25 Sep 2018,04:00,2,3,5,2,3,5,No Group
Manchester City Council - Chorlton,Chorlton Place,2018,September,39,Tuesday,25 Sep 2018,05:00,5,4,9,5,4,9,No Group
Manchester City Council - Chorlton,Chorlton Place,2018,September,39,Tuesday,25 Sep 2018,06:00,5,16,21,5,16,21,No Group
Manchester City Council - Chorlton,Chorlton Place,2018,September,39,Tuesday,25 Sep 2018,07:00,23,77,100,23,77,100,No Group
Manchester City Council - Chorlton,Chorlton Place,2018,September,39,Tuesday,25 Sep 2018,08:00,50,177,227,50,177,227,No Group
Manchester City Council - Chorlton,Chorlton Place,2018,September,39,Tuesday,25 Sep 2018,09:00,125,176,301,125,176,301,No Group
Manchester City Council - Chorlton,Chorlton Place,2018,September,39,Tuesday,25 Sep 2018,10:00,187,265,452,187,265,452,No Group
Manchester City Council - Chorlton,Chorlton Place,2018,September,39,Tuesday,25 Sep 2018,11:00,240,272,512,240,272,512,No Group
Manchester City Council - Chorlton,Chorlton Place,2018,September,39,Tuesday,25 Sep 2018,12:00,264,361,625,264,361,625,No Group
Manchester City Council - Chorlton,Chorlton Place,2018,September,39,Tuesday,25 Sep 2018,13:00,216,245,461,216,245,461,No Group
Manchester City Council - Chorlton,Chorlton Place,2018,September,39,Tuesday,25 Sep 2018,14:00,159,179,338,159,179,338,No Group
Manchester City Council - Chorlton,Chorlton Place,2018,September,39,Tuesday,25 Sep 2018,15:00,119,169,288,119,169,288,No Group
Manchester City Council - Chorlton,Chorlton Place,2018,September,39,Tuesday,25 Sep 2018,16:00,192,160,352,192,160,352,No Group
Manchester City Council - Chorlton,Chorlton Place,2018,September,39,Tuesday,25 Sep 2018,17:00,118,90,208,118,90,208,No Group
Manchester City Council - Chorlton,Chorlton Place,2018,September,39,Tuesday,25 Sep 2018,18:00,102,76,178,102,76,178,No Group
Manchester City Council - Chorlton,Chorlton Place,2018,September,39,Tuesday,25 Sep 2018,19:00,61,49,110,61,49,110,No Group
Manchester City Council - Chorlton,Chorlton Place,2018,September,39,Tuesday,25 Sep 2018,20:00,43,32,75,43,32,75,No Group
Manchester City Council - Chorlton,Chorlton Place,2018,September,39,Tuesday,25 Sep 2018,21:00,28,17,45,28,17,45,No Group
Manchester City Council - Chorlton,Chorlton Place,2018,September,39,Tuesday,25 Sep 2018,22:00,31,20,51,31,20,51,No Group
Manchester City Council - Chorlton,Chorlton Place,2018,September,39,Tuesday,25 Sep 2018,23:00,20,14,34,20,14,34,No Group
Manchester City Council - Chorlton,Chorlton Place,2018,September,39,Wednesday,26 Sep 2018,00:00,3,1,4,3,1,4,No Group
Manchester City Council - Chorlton,Chorlton Place,2018,September,39,Wednesday,26 Sep 2018,01:00,2,1,3,2,1,3,No Group
Manchester City Council - Chorlton,Chorlton Place,2018,September,39,Wednesday,26 Sep 2018,02:00,1,4,5,1,4,5,No Group
Manchester City Council - Chorlton,Chorlton Place,2018,September,39,Wednesday,26 Sep 2018,03:00,1,9,10,1,9,10,No Group
Manchester City Council - Chorlton,Chorlton Place,2018,September,39,Wednesday,26 Sep 2018,04:00,3,5,8,3,5,8,No Group
Manchester City Council - Chorlton,Chorlton Place,2018,September,39,Wednesday,26 Sep 2018,05:00,2,2,4,2,2,4,No Group
Manchester City Council - Chorlton,Chorlton Place,2018,September,39,Wednesday,26 Sep 2018,06:00,4,22,26,4,22,26,No Group
Manchester City Council - Chorlton,Chorlton Place,2018,September,39,Wednesday,26 Sep 2018,07:00,21,78,99,21,78,99,No Group
Manchester City Council - Chorlton,Chorlton Place,2018,September,39,Wednesday,26 Sep 2018,08:00,40,137,177,40,137,177,No Group
Manchester City Council - Chorlton,Chorlton Place,2018,September,39,Wednesday,26 Sep 2018,09:00,82,107,189,82,107,189,No Group
Manchester City Council - Chorlton,Chorlton Place,2018,September,39,Wednesday,26 Sep 2018,10:00,123,155,278,123,155,278,No Group
Manchester City Council - Chorlton,Chorlton Place,2018,September,39,Wednesday,26 Sep 2018,11:00,125,141,266,125,141,266,No Group
Manchester City Council - Chorlton,Chorlton Place,2018,September,39,Wednesday,26 Sep 2018,12:00,210,255,465,210,255,465,No Group
Manchester City Council - Chorlton,Chorlton Place,2018,September,39,Wednesday,26 Sep 2018,13:00,169,181,350,169,181,350,No Group
Manchester City Council - Chorlton,Chorlton Place,2018,September,39,Wednesday,26 Sep 2018,14:00,135,151,286,135,151,286,No Group
Manchester City Council - Chorlton,Chorlton Place,2018,September,39,Wednesday,26 Sep 2018,15:00,158,144,302,158,144,302,No Group
Manchester City Council - Chorlton,Chorlton Place,2018,September,39,Wednesday,26 Sep 2018,16:00,139,134,273,139,134,273,No Group
Manchester City Council - Chorlton,Chorlton Place,2018,September,39,Wednesday,26 Sep 2018,17:00,153,127,280,153,127,280,No Group
Manchester City Council - Chorlton,Chorlton Place,2018,September,39,Wednesday,26 Sep 2018,18:00,105,85,190,105,85,190,No Group
Manchester City Council - Chorlton,Chorlton Place,2018,September,39,Wednesday,26 Sep 2018,19:00,101,57,158,101,57,158,No Group
Manchester City Council - Chorlton,Chorlton Place,2018,September,39,Wednesday,26 Sep 2018,20:00,50,42,92,50,42,92,No Group
Manchester City Council - Chorlton,Chorlton Place,2018,September,39,Wednesday,26 Sep 2018,21:00,28,52,80,28,52,80,No Group
Manchester City Council - Chorlton,Chorlton Place,2018,September,39,Wednesday,26 Sep 2018,22:00,30,28,58,30,28,58,No Group
Manchester City Council - Chorlton,Chorlton Place,2018,September,39,Wednesday,26 Sep 2018,23:00,21,19,40,21,19,40,No Group
Manchester City Council - Chorlton,Chorlton Place,2018,September,39,Thursday,27 Sep 2018,00:00,11,7,18,11,7,18,No Group
Manchester City Council - Chorlton,Chorlton Place,2018,September,39,Thursday,27 Sep 2018,01:00,4,4,8,4,4,8,No Group
Manchester City Council - Chorlton,Chorlton Place,2018,September,39,Thursday,27 Sep 2018,02:00,0,3,3,0,3,3,No Group
Manchester City Council - Chorlton,Chorlton Place,2018,September,39,Thursday,27 Sep 2018,03:00,1,8,9,1,8,9,No Group
Manchester City Council - Chorlton,Chorlton Place,2018,September,39,Thursday,27 Sep 2018,04:00,1,3,4,1,3,4,No Group
Manchester City Council - Chorlton,Chorlton Place,2018,September,39,Thursday,27 Sep 2018,05:00,1,4,5,1,4,5,No Group
Manchester City Council - Chorlton,Chorlton Place,2018,September,39,Thursday,27 Sep 2018,06:00,8,20,28,8,20,28,No Group
Manchester City Council - Chorlton,Chorlton Place,2018,September,39,Thursday,27 Sep 2018,07:00,30,97,127,30,97,127,No Group
Manchester City Council - Chorlton,Chorlton Place,2018,September,39,Thursday,27 Sep 2018,08:00,37,129,166,37,129,166,No Group
Manchester City Council - Chorlton,Chorlton Place,2018,September,39,Thursday,27 Sep 2018,09:00,69,104,173,69,104,173,No Group
Manchester City Council - Chorlton,Chorlton Place,2018,September,39,Thursday,27 Sep 2018,10:00,154,220,374,154,220,374,No Group
Manchester City Council - Chorlton,Chorlton Place,2018,September,39,Thursday,27 Sep 2018,11:00,172,268,440,172,268,440,No Group
Manchester City Council - Chorlton,Chorlton Place,2018,September,39,Thursday,27 Sep 2018,12:00,194,230,424,194,230,424,No Group
Manchester City Council - Chorlton,Chorlton Place,2018,September,39,Thursday,27 Sep 2018,13:00,198,211,409,198,211,409,No Group
Manchester City Council - Chorlton,Chorlton Place,2018,September,39,Thursday,27 Sep 2018,14:00,151,150,301,151,150,301,No Group
Manchester City Council - Chorlton,Chorlton Place,2018,September,39,Thursday,27 Sep 2018,15:00,154,178,332,154,178,332,No Group
Manchester City Council - Chorlton,Chorlton Place,2018,September,39,Thursday,27 Sep 2018,16:00,121,110,231,121,110,231,No Group
Manchester City Council - Chorlton,Chorlton Place,2018,September,39,Thursday,27 Sep 2018,17:00,91,91,182,91,91,182,No Group
Manchester City Council - Chorlton,Chorlton Place,2018,September,39,Thursday,27 Sep 2018,18:00,98,93,191,98,93,191,No Group
Manchester City Council - Chorlton,Chorlton Place,2018,September,39,Thursday,27 Sep 2018,19:00,86,66,152,86,66,152,No Group
Manchester City Council - Chorlton,Chorlton Place,2018,September,39,Thursday,27 Sep 2018,20:00,56,37,93,56,37,93,No Group
Manchester City Council - Chorlton,Chorlton Place,2018,September,39,Thursday,27 Sep 2018,21:00,41,39,80,41,39,80,No Group
Manchester City Council - Chorlton,Chorlton Place,2018,September,39,Thursday,27 Sep 2018,22:00,24,27,51,24,27,51,No Group
Manchester City Council - Chorlton,Chorlton Place,2018,September,39,Thursday,27 Sep 2018,23:00,20,4,24,20,4,24,No Group
Manchester City Council - Chorlton,Chorlton Place,2018,September,39,Friday,28 Sep 2018,00:00,7,4,11,7,4,11,No Group
Manchester City Council - Chorlton,Chorlton Place,2018,September,39,Friday,28 Sep 2018,01:00,2,0,2,2,0,2,No Group
Manchester City Council - Chorlton,Chorlton Place,2018,September,39,Friday,28 Sep 2018,02:00,3,0,3,3,0,3,No Group
Manchester City Council - Chorlton,Chorlton Place,2018,September,39,Friday,28 Sep 2018,03:00,1,5,6,1,5,6,No Group
Manchester City Council - Chorlton,Chorlton Place,2018,September,39,Friday,28 Sep 2018,04:00,1,3,4,1,3,4,No Group
Manchester City Council - Chorlton,Chorlton Place,2018,September,39,Friday,28 Sep 2018,05:00,2,2,4,2,2,4,No Group
Manchester City Council - Chorlton,Chorlton Place,2018,September,39,Friday,28 Sep 2018,06:00,4,18,22,4,18,22,No Group
Manchester City Council - Chorlton,Chorlton Place,2018,September,39,Friday,28 Sep 2018,07:00,29,93,122,29,93,122,No Group
Manchester City Council - Chorlton,Chorlton Place,2018,September,39,Friday,28 Sep 2018,08:00,47,222,269,47,222,269,No Group
Manchester City Council - Chorlton,Chorlton Place,2018,September,39,Friday,28 Sep 2018,09:00,155,238,393,155,238,393,No Group
Manchester City Council - Chorlton,Chorlton Place,2018,September,39,Friday,28 Sep 2018,10:00,168,354,522,168,354,522,No Group
Manchester City Council - Chorlton,Chorlton Place,2018,September,39,Friday,28 Sep 2018,11:00,252,370,622,252,370,622,No Group
Manchester City Council - Chorlton,Chorlton Place,2018,September,39,Friday,28 Sep 2018,12:00,338,436,774,338,436,774,No Group
Manchester City Council - Chorlton,Chorlton Place,2018,September,39,Friday,28 Sep 2018,13:00,239,278,517,239,278,517,No Group
Manchester City Council - Chorlton,Chorlton Place,2018,September,39,Friday,28 Sep 2018,14:00,175,178,353,175,178,353,No Group
Manchester City Council - Chorlton,Chorlton Place,2018,September,39,Friday,28 Sep 2018,15:00,184,220,404,184,220,404,No Group
Manchester City Council - Chorlton,Chorlton Place,2018,September,39,Friday,28 Sep 2018,16:00,159,152,311,159,152,311,No Group
Manchester City Council - Chorlton,Chorlton Place,2018,September,39,Friday,28 Sep 2018,17:00,169,155,324,169,155,324,No Group
Manchester City Council - Chorlton,Chorlton Place,2018,September,39,Friday,28 Sep 2018,18:00,111,114,225,111,114,225,No Group
Manchester City Council - Chorlton,Chorlton Place,2018,September,39,Friday,28 Sep 2018,19:00,104,84,188,104,84,188,No Group
Manchester City Council - Chorlton,Chorlton Place,2018,September,39,Friday,28 Sep 2018,20:00,72,78,150,72,78,150,No Group
Manchester City Council - Chorlton,Chorlton Place,2018,September,39,Friday,28 Sep 2018,21:00,41,63,104,41,63,104,No Group
Manchester City Council - Chorlton,Chorlton Place,2018,September,39,Friday,28 Sep 2018,22:00,52,70,122,52,70,122,No Group
Manchester City Council - Chorlton,Chorlton Place,2018,September,39,Friday,28 Sep 2018,23:00,22,35,57,22,35,57,No Group
Manchester City Council - Chorlton,Chorlton Place,2018,September,39,Saturday,29 Sep 2018,00:00,18,26,44,18,26,44,No Group
Manchester City Council - Chorlton,Chorlton Place,2018,September,39,Saturday,29 Sep 2018,01:00,10,11,21,10,11,21,No Group
Manchester City Council - Chorlton,Chorlton Place,2018,September,39,Saturday,29 Sep 2018,02:00,8,0,8,8,0,8,No Group
Manchester City Council - Chorlton,Chorlton Place,2018,September,39,Saturday,29 Sep 2018,03:00,3,5,8,3,5,8,No Group
Manchester City Council - Chorlton,Chorlton Place,2018,September,39,Saturday,29 Sep 2018,04:00,0,0,0,0,0,0,No Group
Manchester City Council - Chorlton,Chorlton Place,2018,September,39,Saturday,29 Sep 2018,05:00,4,10,14,4,10,14,No Group
Manchester City Council - Chorlton,Chorlton Place,2018,September,39,Saturday,29 Sep 2018,06:00,4,6,10,4,6,10,No Group
Manchester City Council - Chorlton,Chorlton Place,2018,September,39,Saturday,29 Sep 2018,07:00,11,24,35,11,24,35,No Group
Manchester City Council - Chorlton,Chorlton Place,2018,September,39,Saturday,29 Sep 2018,08:00,40,91,131,40,91,131,No Group
Manchester City Council - Chorlton,Chorlton Place,2018,September,39,Saturday,29 Sep 2018,09:00,200,223,423,200,223,423,No Group
Manchester City Council - Chorlton,Chorlton Place,2018,September,39,Saturday,29 Sep 2018,10:00,307,412,719,307,412,719,No Group
Manchester City Council - Chorlton,Chorlton Place,2018,September,39,Saturday,29 Sep 2018,11:00,376,468,844,376,468,844,No Group
Manchester City Council - Chorlton,Chorlton Place,2018,September,39,Saturday,29 Sep 2018,12:00,387,443,830,387,443,830,No Group
Manchester City Council - Chorlton,Chorlton Place,2018,September,39,Saturday,29 Sep 2018,13:00,332,312,644,332,312,644,No Group
Manchester City Council - Chorlton,Chorlton Place,2018,September,39,Saturday,29 Sep 2018,14:00,233,268,501,233,268,501,No Group
Manchester City Council - Chorlton,Chorlton Place,2018,September,39,Saturday,29 Sep 2018,15:00,248,260,508,248,260,508,No Group
Manchester City Council - Chorlton,Chorlton Place,2018,September,39,Saturday,29 Sep 2018,16:00,192,198,390,192,198,390,No Group
Manchester City Council - Chorlton,Chorlton Place,2018,September,39,Saturday,29 Sep 2018,17:00,125,132,257,125,132,257,No Group
Manchester City Council - Chorlton,Chorlton Place,2018,September,39,Saturday,29 Sep 2018,18:00,73,84,157,73,84,157,No Group
Manchester City Council - Chorlton,Chorlton Place,2018,September,39,Saturday,29 Sep 2018,19:00,94,108,202,94,108,202,No Group
Manchester City Council - Chorlton,Chorlton Place,2018,September,39,Saturday,29 Sep 2018,20:00,75,79,154,75,79,154,No Group
Manchester City Council - Chorlton,Chorlton Place,2018,September,39,Saturday,29 Sep 2018,21:00,73,48,121,73,48,121,No Group
Manchester City Council - Chorlton,Chorlton Place,2018,September,39,Saturday,29 Sep 2018,22:00,48,55,103,48,55,103,No Group
Manchester City Council - Chorlton,Chorlton Place,2018,September,39,Saturday,29 Sep 2018,23:00,53,64,117,53,64,117,No Group
Manchester City Council - Chorlton,Chorlton Place,2018,September,39,Sunday,30 Sep 2018,00:00,25,55,80,25,55,80,No Group
Manchester City Council - Chorlton,Chorlton Place,2018,September,39,Sunday,30 Sep 2018,01:00,23,54,77,23,54,77,No Group
Manchester City Council - Chorlton,Chorlton Place,2018,September,39,Sunday,30 Sep 2018,02:00,12,1,13,12,1,13,No Group
Manchester City Council - Chorlton,Chorlton Place,2018,September,39,Sunday,30 Sep 2018,03:00,3,4,7,3,4,7,No Group
Manchester City Council - Chorlton,Chorlton Place,2018,September,39,Sunday,30 Sep 2018,04:00,0,2,2,0,2,2,No Group
Manchester City Council - Chorlton,Chorlton Place,2018,September,39,Sunday,30 Sep 2018,05:00,1,1,2,1,1,2,No Group
Manchester City Council - Chorlton,Chorlton Place,2018,September,39,Sunday,30 Sep 2018,06:00,1,4,5,1,4,5,No Group
Manchester City Council - Chorlton,Chorlton Place,2018,September,39,Sunday,30 Sep 2018,07:00,5,8,13,5,8,13,No Group
Manchester City Council - Chorlton,Chorlton Place,2018,September,39,Sunday,30 Sep 2018,08:00,30,36,66,30,36,66,No Group
Manchester City Council - Chorlton,Chorlton Place,2018,September,39,Sunday,30 Sep 2018,09:00,24,45,69,24,45,69,No Group
Manchester City Council - Chorlton,Chorlton Place,2018,September,39,Sunday,30 Sep 2018,10:00,63,96,159,63,96,159,No Group
Manchester City Council - Chorlton,Chorlton Place,2018,September,39,Sunday,30 Sep 2018,11:00,83,109,192,83,109,192,No Group
Manchester City Council - Chorlton,Chorlton Place,2018,September,39,Sunday,30 Sep 2018,12:00,123,162,285,123,162,285,No Group
Manchester City Council - Chorlton,Chorlton Place,2018,September,39,Sunday,30 Sep 2018,13:00,113,137,250,113,137,250,No Group
Manchester City Council - Chorlton,Chorlton Place,2018,September,39,Sunday,30 Sep 2018,14:00,111,111,222,111,111,222,No Group
Manchester City Council - Chorlton,Chorlton Place,2018,September,39,Sunday,30 Sep 2018,15:00,110,142,252,110,142,252,No Group
Manchester City Council - Chorlton,Chorlton Place,2018,September,39,Sunday,30 Sep 2018,16:00,76,79,155,76,79,155,No Group
Manchester City Council - Chorlton,Chorlton Place,2018,September,39,Sunday,30 Sep 2018,17:00,55,71,126,55,71,126,No Group
Manchester City Council - Chorlton,Chorlton Place,2018,September,39,Sunday,30 Sep 2018,18:00,50,77,127,50,77,127,No Group
Manchester City Council - Chorlton,Chorlton Place,2018,September,39,Sunday,30 Sep 2018,19:00,30,46,76,30,46,76,No Group
Manchester City Council - Chorlton,Chorlton Place,2018,September,39,Sunday,30 Sep 2018,20:00,25,22,47,25,22,47,No Group
Manchester City Council - Chorlton,Chorlton Place,2018,September,39,Sunday,30 Sep 2018,21:00,16,21,37,16,21,37,No Group
Manchester City Council - Chorlton,Chorlton Place,2018,September,39,Sunday,30 Sep 2018,22:00,17,21,38,17,21,38,No Group
Manchester City Council - Chorlton,Chorlton Place,2018,September,39,Sunday,30 Sep 2018,23:00,16,4,20,16,4,20,No Group
Manchester City Council - Chorlton,Chorlton Place,2018,October,40,Monday,01 Oct 2018,00:00,5,1,6,5,1,6,No Group
Manchester City Council - Chorlton,Chorlton Place,2018,October,40,Monday,01 Oct 2018,01:00,3,3,6,3,3,6,No Group
Manchester City Council - Chorlton,Chorlton Place,2018,October,40,Monday,01 Oct 2018,02:00,0,1,1,0,1,1,No Group
Manchester City Council - Chorlton,Chorlton Place,2018,October,40,Monday,01 Oct 2018,03:00,3,7,10,3,7,10,No Group
Manchester City Council - Chorlton,Chorlton Place,2018,October,40,Monday,01 Oct 2018,04:00,0,0,0,0,0,0,No Group
Manchester City Council - Chorlton,Chorlton Place,2018,October,40,Monday,01 Oct 2018,05:00,7,4,11,7,4,11,No Group
Manchester City Council - Chorlton,Chorlton Place,2018,October,40,Monday,01 Oct 2018,06:00,5,18,23,5,18,23,No Group
Manchester City Council - Chorlton,Chorlton Place,2018,October,40,Monday,01 Oct 2018,07:00,21,85,106,21,85,106,No Group
Manchester City Council - Chorlton,Chorlton Place,2018,October,40,Monday,01 Oct 2018,08:00,68,233,301,68,233,301,No Group
Manchester City Council - Chorlton,Chorlton Place,2018,October,40,Monday,01 Oct 2018,09:00,139,205,344,139,205,344,No Group
Manchester City Council - Chorlton,Chorlton Place,2018,October,40,Monday,01 Oct 2018,10:00,152,171,323,152,171,323,No Group
Manchester City Council - Chorlton,Chorlton Place,2018,October,40,Monday,01 Oct 2018,11:00,132,171,303,132,171,303,No Group
Manchester City Council - Chorlton,Chorlton Place,2018,October,40,Monday,01 Oct 2018,12:00,132,160,292,132,160,292,No Group
Manchester City Council - Chorlton,Chorlton Place,2018,October,40,Monday,01 Oct 2018,13:00,138,161,299,138,161,299,No Group
Manchester City Council - Chorlton,Chorlton Place,2018,October,40,Monday,01 Oct 2018,14:00,147,165,312,147,165,312,No Group
Manchester City Council - Chorlton,Chorlton Place,2018,October,40,Monday,01 Oct 2018,15:00,136,147,283,136,147,283,No Group
Manchester City Council - Chorlton,Chorlton Place,2018,October,40,Monday,01 Oct 2018,16:00,148,133,281,148,133,281,No Group
Manchester City Council - Chorlton,Chorlton Place,2018,October,40,Monday,01 Oct 2018,17:00,100,96,196,100,96,196,No Group
Manchester City Council - Chorlton,Chorlton Place,2018,October,40,Monday,01 Oct 2018,18:00,100,64,164,100,64,164,No Group
Manchester City Council - Chorlton,Chorlton Place,2018,October,40,Monday,01 Oct 2018,19:00,56,43,99,56,43,99,No Group
Manchester City Council - Chorlton,Chorlton Place,2018,October,40,Monday,01 Oct 2018,20:00,36,22,58,36,22,58,No Group
Manchester City Council - Chorlton,Chorlton Place,2018,October,40,Monday,01 Oct 2018,21:00,26,36,62,26,36,62,No Group
Manchester City Council - Chorlton,Chorlton Place,2018,October,40,Monday,01 Oct 2018,22:00,17,21,38,17,21,38,No Group
Manchester City Council - Chorlton,Chorlton Place,2018,October,40,Monday,01 Oct 2018,23:00,19,7,26,19,7,26,No Group
Manchester City Council - Chorlton,Chorlton Place,2018,October,40,Tuesday,02 Oct 2018,00:00,0,5,5,0,5,5,No Group
Manchester City Council - Chorlton,Chorlton Place,2018,October,40,Tuesday,02 Oct 2018,01:00,0,0,0,0,0,0,No Group
Manchester City Council - Chorlton,Chorlton Place,2018,October,40,Tuesday,02 Oct 2018,02:00,1,4,5,1,4,5,No Group
Manchester City Council - Chorlton,Chorlton Place,2018,October,40,Tuesday,02 Oct 2018,03:00,0,5,5,0,5,5,No Group
Manchester City Council - Chorlton,Chorlton Place,2018,October,40,Tuesday,02 Oct 2018,04:00,0,0,0,0,0,0,No Group
Manchester City Council - Chorlton,Chorlton Place,2018,October,40,Tuesday,02 Oct 2018,05:00,10,3,13,10,3,13,No Group
Manchester City Council - Chorlton,Chorlton Place,2018,October,40,Tuesday,02 Oct 2018,06:00,22,12,34,22,12,34,No Group
Manchester City Council - Chorlton,Chorlton Place,2018,October,40,Tuesday,02 Oct 2018,07:00,38,106,144,38,106,144,No Group
Manchester City Council - Chorlton,Chorlton Place,2018,October,40,Tuesday,02 Oct 2018,08:00,44,151,195,44,151,195,No Group
Manchester City Council - Chorlton,Chorlton Place,2018,October,40,Tuesday,02 Oct 2018,09:00,102,168,270,102,168,270,No Group
Manchester City Council - Chorlton,Chorlton Place,2018,October,40,Tuesday,02 Oct 2018,10:00,128,140,268,128,140,268,No Group
Manchester City Council - Chorlton,Chorlton Place,2018,October,40,Tuesday,02 Oct 2018,11:00,137,156,293,137,156,293,No Group
Manchester City Council - Chorlton,Chorlton Place,2018,October,40,Tuesday,02 Oct 2018,12:00,144,171,315,144,171,315,No Group
Manchester City Council - Chorlton,Chorlton Place,2018,October,40,Tuesday,02 Oct 2018,13:00,165,198,363,165,198,363,No Group
Manchester City Council - Chorlton,Chorlton Place,2018,October,40,Tuesday,02 Oct 2018,14:00,168,153,321,168,153,321,No Group
Manchester City Council - Chorlton,Chorlton Place,2018,October,40,Tuesday,02 Oct 2018,15:00,168,175,343,168,175,343,No Group
Manchester City Council - Chorlton,Chorlton Place,2018,October,40,Tuesday,02 Oct 2018,16:00,160,114,274,160,114,274,No Group
Manchester City Council - Chorlton,Chorlton Place,2018,October,40,Tuesday,02 Oct 2018,17:00,144,99,243,144,99,243,No Group
Manchester City Council - Chorlton,Chorlton Place,2018,October,40,Tuesday,02 Oct 2018,18:00,119,69,188,119,69,188,No Group
Manchester City Council - Chorlton,Chorlton Place,2018,October,40,Tuesday,02 Oct 2018,19:00,71,48,119,71,48,119,No Group
Manchester City Council - Chorlton,Chorlton Place,2018,October,40,Tuesday,02 Oct 2018,20:00,46,30,76,46,30,76,No Group
Manchester City Council - Chorlton,Chorlton Place,2018,October,40,Tuesday,02 Oct 2018,21:00,30,36,66,30,36,66,No Group
Manchester City Council - Chorlton,Chorlton Place,2018,October,40,Tuesday,02 Oct 2018,22:00,23,34,57,23,34,57,No Group
Manchester City Council - Chorlton,Chorlton Place,2018,October,40,Tuesday,02 Oct 2018,23:00,12,10,22,12,10,22,No Group
Manchester City Council - Chorlton,Chorlton Place,2018,October,40,Wednesday,03 Oct 2018,00:00,4,2,6,4,2,6,No Group
Manchester City Council - Chorlton,Chorlton Place,2018,October,40,Wednesday,03 Oct 2018,01:00,2,2,4,2,2,4,No Group
Manchester City Council - Chorlton,Chorlton Place,2018,October,40,Wednesday,03 Oct 2018,02:00,1,1,2,1,1,2,No Group
Manchester City Council - Chorlton,Chorlton Place,2018,October,40,Wednesday,03 Oct 2018,03:00,0,3,3,0,3,3,No Group
Manchester City Council - Chorlton,Chorlton Place,2018,October,40,Wednesday,03 Oct 2018,04:00,0,3,3,0,3,3,No Group
Manchester City Council - Chorlton,Chorlton Place,2018,October,40,Wednesday,03 Oct 2018,05:00,2,7,9,2,7,9,No Group
Manchester City Council - Chorlton,Chorlton Place,2018,October,40,Wednesday,03 Oct 2018,06:00,4,17,21,4,17,21,No Group
Manchester City Council - Chorlton,Chorlton Place,2018,October,40,Wednesday,03 Oct 2018,07:00,31,127,158,31,127,158,No Group
Manchester City Council - Chorlton,Chorlton Place,2018,October,40,Wednesday,03 Oct 2018,08:00,45,143,188,45,143,188,No Group
Manchester City Council - Chorlton,Chorlton Place,2018,October,40,Wednesday,03 Oct 2018,09:00,101,130,231,101,130,231,No Group
Manchester City Council - Chorlton,Chorlton Place,2018,October,40,Wednesday,03 Oct 2018,10:00,151,154,305,151,154,305,No Group
Manchester City Council - Chorlton,Chorlton Place,2018,October,40,Wednesday,03 Oct 2018,11:00,130,148,278,130,148,278,No Group
Manchester City Council - Chorlton,Chorlton Place,2018,October,40,Wednesday,03 Oct 2018,12:00,142,174,316,142,174,316,No Group
Manchester City Council - Chorlton,Chorlton Place,2018,October,40,Wednesday,03 Oct 2018,13:00,173,167,340,173,167,340,No Group
Manchester City Council - Chorlton,Chorlton Place,2018,October,40,Wednesday,03 Oct 2018,14:00,126,144,270,126,144,270,No Group
Manchester City Council - Chorlton,Chorlton Place,2018,October,40,Wednesday,03 Oct 2018,15:00,167,153,320,167,153,320,No Group
Manchester City Council - Chorlton,Chorlton Place,2018,October,40,Wednesday,03 Oct 2018,16:00,121,125,246,121,125,246,No Group
Manchester City Council - Chorlton,Chorlton Place,2018,October,40,Wednesday,03 Oct 2018,17:00,114,82,196,114,82,196,No Group
Manchester City Council - Chorlton,Chorlton Place,2018,October,40,Wednesday,03 Oct 2018,18:00,104,65,169,104,65,169,No Group
Manchester City Council - Chorlton,Chorlton Place,2018,October,40,Wednesday,03 Oct 2018,19:00,74,50,124,74,50,124,No Group
Manchester City Council - Chorlton,Chorlton Place,2018,October,40,Wednesday,03 Oct 2018,20:00,54,38,92,54,38,92,No Group
Manchester City Council - Chorlton,Chorlton Place,2018,October,40,Wednesday,03 Oct 2018,21:00,31,47,78,31,47,78,No Group
Manchester City Council - Chorlton,Chorlton Place,2018,October,40,Wednesday,03 Oct 2018,22:00,47,36,83,47,36,83,No Group
Manchester City Council - Chorlton,Chorlton Place,2018,October,40,Wednesday,03 Oct 2018,23:00,11,12,23,11,12,23,No Group
Manchester City Council - Chorlton,Chorlton Place,2018,October,40,Thursday,04 Oct 2018,00:00,5,6,11,5,6,11,No Group
Manchester City Council - Chorlton,Chorlton Place,2018,October,40,Thursday,04 Oct 2018,01:00,3,0,3,3,0,3,No Group
Manchester City Council - Chorlton,Chorlton Place,2018,October,40,Thursday,04 Oct 2018,02:00,0,1,1,0,1,1,No Group
Manchester City Council - Chorlton,Chorlton Place,2018,October,40,Thursday,04 Oct 2018,03:00,1,6,7,1,6,7,No Group
Manchester City Council - Chorlton,Chorlton Place,2018,October,40,Thursday,04 Oct 2018,04:00,0,2,2,0,2,2,No Group
Manchester City Council - Chorlton,Chorlton Place,2018,October,40,Thursday,04 Oct 2018,05:00,1,1,2,1,1,2,No Group
Manchester City Council - Chorlton,Chorlton Place,2018,October,40,Thursday,04 Oct 2018,06:00,7,10,17,7,10,17,No Group
Manchester City Council - Chorlton,Chorlton Place,2018,October,40,Thursday,04 Oct 2018,07:00,34,102,136,34,102,136,No Group
Manchester City Council - Chorlton,Chorlton Place,2018,October,40,Thursday,04 Oct 2018,08:00,45,127,172,45,127,172,No Group
Manchester City Council - Chorlton,Chorlton Place,2018,October,40,Thursday,04 Oct 2018,09:00,80,118,198,80,118,198,No Group
Manchester City Council - Chorlton,Chorlton Place,2018,October,40,Thursday,04 Oct 2018,10:00,111,119,230,111,119,230,No Group
Manchester City Council - Chorlton,Chorlton Place,2018,October,40,Thursday,04 Oct 2018,11:00,138,156,294,138,156,294,No Group
Manchester City Council - Chorlton,Chorlton Place,2018,October,40,Thursday,04 Oct 2018,12:00,154,141,295,154,141,295,No Group
Manchester City Council - Chorlton,Chorlton Place,2018,October,40,Thursday,04 Oct 2018,13:00,155,163,318,155,163,318,No Group
Manchester City Council - Chorlton,Chorlton Place,2018,October,40,Thursday,04 Oct 2018,14:00,126,152,278,126,152,278,No Group
Manchester City Council - Chorlton,Chorlton Place,2018,October,40,Thursday,04 Oct 2018,15:00,143,144,287,143,144,287,No Group
Manchester City Council - Chorlton,Chorlton Place,2018,October,40,Thursday,04 Oct 2018,16:00,134,124,258,134,124,258,No Group
Manchester City Council - Chorlton,Chorlton Place,2018,October,40,Thursday,04 Oct 2018,17:00,116,95,211,116,95,211,No Group
Manchester City Council - Chorlton,Chorlton Place,2018,October,40,Thursday,04 Oct 2018,18:00,90,64,154,90,64,154,No Group
Manchester City Council - Chorlton,Chorlton Place,2018,October,40,Thursday,04 Oct 2018,19:00,68,53,121,68,53,121,No Group
Manchester City Council - Chorlton,Chorlton Place,2018,October,40,Thursday,04 Oct 2018,20:00,43,44,87,43,44,87,No Group
Manchester City Council - Chorlton,Chorlton Place,2018,October,40,Thursday,04 Oct 2018,21:00,27,40,67,27,40,67,No Group
Manchester City Council - Chorlton,Chorlton Place,2018,October,40,Thursday,04 Oct 2018,22:00,26,17,43,26,17,43,No Group
Manchester City Council - Chorlton,Chorlton Place,2018,October,40,Thursday,04 Oct 2018,23:00,23,22,45,23,22,45,No Group
Manchester City Council - Chorlton,Chorlton Place,2018,October,40,Friday,05 Oct 2018,00:00,12,4,16,12,4,16,No Group
Manchester City Council - Chorlton,Chorlton Place,2018,October,40,Friday,05 Oct 2018,01:00,3,0,3,3,0,3,No Group
Manchester City Council - Chorlton,Chorlton Place,2018,October,40,Friday,05 Oct 2018,02:00,0,0,0,0,0,0,No Group
Manchester City Council - Chorlton,Chorlton Place,2018,October,40,Friday,05 Oct 2018,03:00,1,5,6,1,5,6,No Group
Manchester City Council - Chorlton,Chorlton Place,2018,October,40,Friday,05 Oct 2018,04:00,2,2,4,2,2,4,No Group
Manchester City Council - Chorlton,Chorlton Place,2018,October,40,Friday,05 Oct 2018,05:00,3,2,5,3,2,5,No Group
Manchester City Council - Chorlton,Chorlton Place,2018,October,40,Friday,05 Oct 2018,06:00,13,17,30,13,17,30,No Group
Manchester City Council - Chorlton,Chorlton Place,2018,October,40,Friday,05 Oct 2018,07:00,32,90,122,32,90,122,No Group
Manchester City Council - Chorlton,Chorlton Place,2018,October,40,Friday,05 Oct 2018,08:00,38,134,172,38,134,172,No Group
Manchester City Council - Chorlton,Chorlton Place,2018,October,40,Friday,05 Oct 2018,09:00,110,146,256,110,146,256,No Group
Manchester City Council - Chorlton,Chorlton Place,2018,October,40,Friday,05 Oct 2018,10:00,120,163,283,120,163,283,No Group
Manchester City Council - Chorlton,Chorlton Place,2018,October,40,Friday,05 Oct 2018,11:00,214,215,429,214,215,429,No Group
Manchester City Council - Chorlton,Chorlton Place,2018,October,40,Friday,05 Oct 2018,12:00,198,185,383,198,185,383,No Group
Manchester City Council - Chorlton,Chorlton Place,2018,October,40,Friday,05 Oct 2018,13:00,170,187,357,170,187,357,No Group
Manchester City Council - Chorlton,Chorlton Place,2018,October,40,Friday,05 Oct 2018,14:00,167,163,330,167,163,330,No Group
Manchester City Council - Chorlton,Chorlton Place,2018,October,40,Friday,05 Oct 2018,15:00,192,247,439,192,247,439,No Group
Manchester City Council - Chorlton,Chorlton Place,2018,October,40,Friday,05 Oct 2018,16:00,226,187,413,226,187,413,No Group
Manchester City Council - Chorlton,Chorlton Place,2018,October,40,Friday,05 Oct 2018,17:00,123,107,230,123,107,230,No Group
Manchester City Council - Chorlton,Chorlton Place,2018,October,40,Friday,05 Oct 2018,18:00,115,111,226,115,111,226,No Group
Manchester City Council - Chorlton,Chorlton Place,2018,October,40,Friday,05 Oct 2018,19:00,61,73,134,61,73,134,No Group
Manchester City Council - Chorlton,Chorlton Place,2018,October,40,Friday,05 Oct 2018,20:00,40,78,118,40,78,118,No Group
Manchester City Council - Chorlton,Chorlton Place,2018,October,40,Friday,05 Oct 2018,21:00,39,61,100,39,61,100,No Group
Manchester City Council - Chorlton,Chorlton Place,2018,October,40,Friday,05 Oct 2018,22:00,34,45,79,34,45,79,No Group
Manchester City Council - Chorlton,Chorlton Place,2018,October,40,Friday,05 Oct 2018,23:00,22,23,45,22,23,45,No Group
Manchester City Council - Chorlton,Chorlton Place,2018,October,40,Saturday,06 Oct 2018,00:00,9,28,37,9,28,37,No Group
Manchester City Council - Chorlton,Chorlton Place,2018,October,40,Saturday,06 Oct 2018,01:00,8,8,16,8,8,16,No Group
Manchester City Council - Chorlton,Chorlton Place,2018,October,40,Saturday,06 Oct 2018,02:00,9,4,13,9,4,13,No Group
Manchester City Council - Chorlton,Chorlton Place,2018,October,40,Saturday,06 Oct 2018,03:00,2,4,6,2,4,6,No Group
Manchester City Council - Chorlton,Chorlton Place,2018,October,40,Saturday,06 Oct 2018,04:00,0,4,4,0,4,4,No Group
Manchester City Council - Chorlton,Chorlton Place,2018,October,40,Saturday,06 Oct 2018,05:00,11,13,24,11,13,24,No Group
Manchester City Council - Chorlton,Chorlton Place,2018,October,40,Saturday,06 Oct 2018,06:00,1,5,6,1,5,6,No Group
Manchester City Council - Chorlton,Chorlton Place,2018,October,40,Saturday,06 Oct 2018,07:00,18,32,50,18,32,50,No Group
Manchester City Council - Chorlton,Chorlton Place,2018,October,40,Saturday,06 Oct 2018,08:00,45,55,100,45,55,100,No Group
Manchester City Council - Chorlton,Chorlton Place,2018,October,40,Saturday,06 Oct 2018,09:00,122,139,261,122,139,261,No Group
Manchester City Council - Chorlton,Chorlton Place,2018,October,40,Saturday,06 Oct 2018,10:00,184,201,385,184,201,385,No Group
Manchester City Council - Chorlton,Chorlton Place,2018,October,40,Saturday,06 Oct 2018,11:00,258,299,557,258,299,557,No Group
Manchester City Council - Chorlton,Chorlton Place,2018,October,40,Saturday,06 Oct 2018,12:00,309,421,730,309,421,730,No Group
Manchester City Council - Chorlton,Chorlton Place,2018,October,40,Saturday,06 Oct 2018,13:00,251,296,547,251,296,547,No Group
Manchester City Council - Chorlton,Chorlton Place,2018,October,40,Saturday,06 Oct 2018,14:00,133,136,269,133,136,269,No Group
Manchester City Council - Chorlton,Chorlton Place,2018,October,40,Saturday,06 Oct 2018,15:00,163,202,365,163,202,365,No Group
Manchester City Council - Chorlton,Chorlton Place,2018,October,40,Saturday,06 Oct 2018,16:00,244,234,478,244,234,478,No Group
Manchester City Council - Chorlton,Chorlton Place,2018,October,40,Saturday,06 Oct 2018,17:00,159,173,332,159,173,332,No Group
Manchester City Council - Chorlton,Chorlton Place,2018,October,40,Saturday,06 Oct 2018,18:00,116,104,220,116,104,220,No Group
Manchester City Council - Chorlton,Chorlton Place,2018,October,40,Saturday,06 Oct 2018,19:00,88,83,171,88,83,171,No Group
Manchester City Council - Chorlton,Chorlton Place,2018,October,40,Saturday,06 Oct 2018,20:00,74,98,172,74,98,172,No Group
Manchester City Council - Chorlton,Chorlton Place,2018,October,40,Saturday,06 Oct 2018,21:00,72,71,143,72,71,143,No Group
Manchester City Council - Chorlton,Chorlton Place,2018,October,40,Saturday,06 Oct 2018,22:00,42,53,95,42,53,95,No Group
Manchester City Council - Chorlton,Chorlton Place,2018,October,40,Saturday,06 Oct 2018,23:00,29,38,67,29,38,67,No Group
Manchester City Council - Chorlton,Chorlton Place,2018,October,40,Sunday,07 Oct 2018,00:00,40,34,74,40,34,74,No Group
Manchester City Council - Chorlton,Chorlton Place,2018,October,40,Sunday,07 Oct 2018,01:00,10,3,13,10,3,13,No Group
Manchester City Council - Chorlton,Chorlton Place,2018,October,40,Sunday,07 Oct 2018,02:00,1,5,6,1,5,6,No Group
Manchester City Council - Chorlton,Chorlton Place,2018,October,40,Sunday,07 Oct 2018,03:00,3,2,5,3,2,5,No Group
Manchester City Council - Chorlton,Chorlton Place,2018,October,40,Sunday,07 Oct 2018,04:00,0,2,2,0,2,2,No Group
Manchester City Council - Chorlton,Chorlton Place,2018,October,40,Sunday,07 Oct 2018,05:00,5,0,5,5,0,5,No Group
Manchester City Council - Chorlton,Chorlton Place,2018,October,40,Sunday,07 Oct 2018,06:00,2,4,6,2,4,6,No Group
Manchester City Council - Chorlton,Chorlton Place,2018,October,40,Sunday,07 Oct 2018,07:00,6,10,16,6,10,16,No Group
Manchester City Council - Chorlton,Chorlton Place,2018,October,40,Sunday,07 Oct 2018,08:00,17,26,43,17,26,43,No Group
Manchester City Council - Chorlton,Chorlton Place,2018,October,40,Sunday,07 Oct 2018,09:00,29,40,69,29,40,69,No Group
Manchester City Council - Chorlton,Chorlton Place,2018,October,40,Sunday,07 Oct 2018,10:00,93,200,293,93,200,293,No Group
Manchester City Council - Chorlton,Chorlton Place,2018,October,40,Sunday,07 Oct 2018,11:00,114,206,320,114,206,320,No Group
Manchester City Council - Chorlton,Chorlton Place,2018,October,40,Sunday,07 Oct 2018,12:00,137,157,294,137,157,294,No Group
Manchester City Council - Chorlton,Chorlton Place,2018,October,40,Sunday,07 Oct 2018,13:00,110,139,249,110,139,249,No Group
Manchester City Council - Chorlton,Chorlton Place,2018,October,40,Sunday,07 Oct 2018,14:00,102,131,233,102,131,233,No Group
Manchester City Council - Chorlton,Chorlton Place,2018,October,40,Sunday,07 Oct 2018,15:00,130,147,277,130,147,277,No Group
Manchester City Council - Chorlton,Chorlton Place,2018,October,40,Sunday,07 Oct 2018,16:00,119,96,215,119,96,215,No Group
Manchester City Council - Chorlton,Chorlton Place,2018,October,40,Sunday,07 Oct 2018,17:00,59,78,137,59,78,137,No Group
Manchester City Council - Chorlton,Chorlton Place,2018,October,40,Sunday,07 Oct 2018,18:00,62,73,135,62,73,135,No Group
Manchester City Council - Chorlton,Chorlton Place,2018,October,40,Sunday,07 Oct 2018,19:00,40,51,91,40,51,91,No Group
Manchester City Council - Chorlton,Chorlton Place,2018,October,40,Sunday,07 Oct 2018,20:00,17,31,48,17,31,48,No Group
Manchester City Council - Chorlton,Chorlton Place,2018,October,40,Sunday,07 Oct 2018,21:00,12,19,31,12,19,31,No Group
Manchester City Council - Chorlton,Chorlton Place,2018,October,40,Sunday,07 Oct 2018,22:00,9,19,28,9,19,28,No Group
Manchester City Council - Chorlton,Chorlton Place,2018,October,40,Sunday,07 Oct 2018,23:00,14,2,16,14,2,16,No Group
Manchester City Council - Chorlton,Chorlton Place,2018,October,41,Monday,08 Oct 2018,00:00,2,1,3,2,1,3,No Group
Manchester City Council - Chorlton,Chorlton Place,2018,October,41,Monday,08 Oct 2018,01:00,3,2,5,3,2,5,No Group
Manchester City Council - Chorlton,Chorlton Place,2018,October,41,Monday,08 Oct 2018,02:00,1,1,2,1,1,2,No Group
Manchester City Council - Chorlton,Chorlton Place,2018,October,41,Monday,08 Oct 2018,03:00,1,9,10,1,9,10,No Group
Manchester City Council - Chorlton,Chorlton Place,2018,October,41,Monday,08 Oct 2018,04:00,0,1,1,0,1,1,No Group
Manchester City Council - Chorlton,Chorlton Place,2018,October,41,Monday,08 Oct 2018,05:00,3,2,5,3,2,5,No Group
Manchester City Council - Chorlton,Chorlton Place,2018,October,41,Monday,08 Oct 2018,06:00,9,8,17,9,8,17,No Group
Manchester City Council - Chorlton,Chorlton Place,2018,October,41,Monday,08 Oct 2018,07:00,28,78,106,28,78,106,No Group
Manchester City Council - Chorlton,Chorlton Place,2018,October,41,Monday,08 Oct 2018,08:00,38,126,164,38,126,164,No Group
Manchester City Council - Chorlton,Chorlton Place,2018,October,41,Monday,08 Oct 2018,09:00,93,142,235,93,142,235,No Group
Manchester City Council - Chorlton,Chorlton Place,2018,October,41,Monday,08 Oct 2018,10:00,134,158,292,134,158,292,No Group
Manchester City Council - Chorlton,Chorlton Place,2018,October,41,Monday,08 Oct 2018,11:00,127,202,329,127,202,329,No Group
Manchester City Council - Chorlton,Chorlton Place,2018,October,41,Monday,08 Oct 2018,12:00,135,159,294,135,159,294,No Group
Manchester City Council - Chorlton,Chorlton Place,2018,October,41,Monday,08 Oct 2018,13:00,129,170,299,129,170,299,No Group
Manchester City Council - Chorlton,Chorlton Place,2018,October,41,Monday,08 Oct 2018,14:00,132,125,257,132,125,257,No Group
Manchester City Council - Chorlton,Chorlton Place,2018,October,41,Monday,08 Oct 2018,15:00,128,144,272,128,144,272,No Group
Manchester City Council - Chorlton,Chorlton Place,2018,October,41,Monday,08 Oct 2018,16:00,125,134,259,125,134,259,No Group
Manchester City Council - Chorlton,Chorlton Place,2018,October,41,Monday,08 Oct 2018,17:00,104,84,188,104,84,188,No Group
Manchester City Council - Chorlton,Chorlton Place,2018,October,41,Monday,08 Oct 2018,18:00,92,65,157,92,65,157,No Group
Manchester City Council - Chorlton,Chorlton Place,2018,October,41,Monday,08 Oct 2018,19:00,77,56,133,77,56,133,No Group
Manchester City Council - Chorlton,Chorlton Place,2018,October,41,Monday,08 Oct 2018,20:00,37,44,81,37,44,81,No Group
Manchester City Council - Chorlton,Chorlton Place,2018,October,41,Monday,08 Oct 2018,21:00,24,26,50,24,26,50,No Group
Manchester City Council - Chorlton,Chorlton Place,2018,October,41,Monday,08 Oct 2018,22:00,13,16,29,13,16,29,No Group
Manchester City Council - Chorlton,Chorlton Place,2018,October,41,Monday,08 Oct 2018,23:00,11,7,18,11,7,18,No Group
Manchester City Council - Chorlton,Chorlton Place,2018,October,41,Tuesday,09 Oct 2018,00:00,8,5,13,8,5,13,No Group
Manchester City Council - Chorlton,Chorlton Place,2018,October,41,Tuesday,09 Oct 2018,01:00,2,0,2,2,0,2,No Group
Manchester City Council - Chorlton,Chorlton Place,2018,October,41,Tuesday,09 Oct 2018,02:00,0,0,0,0,0,0,No Group
Manchester City Council - Chorlton,Chorlton Place,2018,October,41,Tuesday,09 Oct 2018,03:00,0,7,7,0,7,7,No Group
Manchester City Council - Chorlton,Chorlton Place,2018,October,41,Tuesday,09 Oct 2018,04:00,0,3,3,0,3,3,No Group
Manchester City Council - Chorlton,Chorlton Place,2018,October,41,Tuesday,09 Oct 2018,05:00,4,6,10,4,6,10,No Group
Manchester City Council - Chorlton,Chorlton Place,2018,October,41,Tuesday,09 Oct 2018,06:00,9,18,27,9,18,27,No Group
Manchester City Council - Chorlton,Chorlton Place,2018,October,41,Tuesday,09 Oct 2018,07:00,32,103,135,32,103,135,No Group
Manchester City Council - Chorlton,Chorlton Place,2018,October,41,Tuesday,09 Oct 2018,08:00,46,137,183,46,137,183,No Group
Manchester City Council - Chorlton,Chorlton Place,2018,October,41,Tuesday,09 Oct 2018,09:00,115,168,283,115,168,283,No Group
Manchester City Council - Chorlton,Chorlton Place,2018,October,41,Tuesday,09 Oct 2018,10:00,205,366,571,205,366,571,No Group
Manchester City Council - Chorlton,Chorlton Place,2018,October,41,Tuesday,09 Oct 2018,11:00,254,407,661,254,407,661,No Group
Manchester City Council - Chorlton,Chorlton Place,2018,October,41,Tuesday,09 Oct 2018,12:00,334,545,879,334,545,879,No Group
Manchester City Council - Chorlton,Chorlton Place,2018,October,41,Tuesday,09 Oct 2018,13:00,187,230,417,187,230,417,No Group
Manchester City Council - Chorlton,Chorlton Place,2018,October,41,Tuesday,09 Oct 2018,14:00,176,186,362,176,186,362,No Group
Manchester City Council - Chorlton,Chorlton Place,2018,October,41,Tuesday,09 Oct 2018,15:00,177,187,364,177,187,364,No Group
Manchester City Council - Chorlton,Chorlton Place,2018,October,41,Tuesday,09 Oct 2018,16:00,169,172,341,169,172,341,No Group
Manchester City Council - Chorlton,Chorlton Place,2018,October,41,Tuesday,09 Oct 2018,17:00,128,100,228,128,100,228,No Group
Manchester City Council - Chorlton,Chorlton Place,2018,October,41,Tuesday,09 Oct 2018,18:00,84,83,167,84,83,167,No Group
Manchester City Council - Chorlton,Chorlton Place,2018,October,41,Tuesday,09 Oct 2018,19:00,67,62,129,67,62,129,No Group
Manchester City Council - Chorlton,Chorlton Place,2018,October,41,Tuesday,09 Oct 2018,20:00,42,30,72,42,30,72,No Group
Manchester City Council - Chorlton,Chorlton Place,2018,October,41,Tuesday,09 Oct 2018,21:00,23,30,53,23,30,53,No Group
Manchester City Council - Chorlton,Chorlton Place,2018,October,41,Tuesday,09 Oct 2018,22:00,36,22,58,36,22,58,No Group
Manchester City Council - Chorlton,Chorlton Place,2018,October,41,Tuesday,09 Oct 2018,23:00,9,19,28,9,19,28,No Group
Manchester City Council - Chorlton,Chorlton Place,2018,October,41,Wednesday,10 Oct 2018,00:00,8,2,10,8,2,10,No Group
Manchester City Council - Chorlton,Chorlton Place,2018,October,41,Wednesday,10 Oct 2018,01:00,1,1,2,1,1,2,No Group
Manchester City Council - Chorlton,Chorlton Place,2018,October,41,Wednesday,10 Oct 2018,02:00,0,1,1,0,1,1,No Group
Manchester City Council - Chorlton,Chorlton Place,2018,October,41,Wednesday,10 Oct 2018,03:00,0,2,2,0,2,2,No Group
Manchester City Council - Chorlton,Chorlton Place,2018,October,41,Wednesday,10 Oct 2018,04:00,0,2,2,0,2,2,No Group
Manchester City Council - Chorlton,Chorlton Place,2018,October,41,Wednesday,10 Oct 2018,05:00,2,3,5,2,3,5,No Group
Manchester City Council - Chorlton,Chorlton Place,2018,October,41,Wednesday,10 Oct 2018,06:00,4,22,26,4,22,26,No Group
Manchester City Council - Chorlton,Chorlton Place,2018,October,41,Wednesday,10 Oct 2018,07:00,31,92,123,31,92,123,No Group
Manchester City Council - Chorlton,Chorlton Place,2018,October,41,Wednesday,10 Oct 2018,08:00,58,201,259,58,201,259,No Group
Manchester City Council - Chorlton,Chorlton Place,2018,October,41,Wednesday,10 Oct 2018,09:00,115,219,334,115,219,334,No Group
Manchester City Council - Chorlton,Chorlton Place,2018,October,41,Wednesday,10 Oct 2018,10:00,153,262,415,153,262,415,No Group
Manchester City Council - Chorlton,Chorlton Place,2018,October,41,Wednesday,10 Oct 2018,11:00,278,529,807,278,529,807,No Group
Manchester City Council - Chorlton,Chorlton Place,2018,October,41,Wednesday,10 Oct 2018,12:00,315,535,850,315,535,850,No Group
Manchester City Council - Chorlton,Chorlton Place,2018,October,41,Wednesday,10 Oct 2018,13:00,173,197,370,173,197,370,No Group
Manchester City Council - Chorlton,Chorlton Place,2018,October,41,Wednesday,10 Oct 2018,14:00,157,167,324,157,167,324,No Group
Manchester City Council - Chorlton,Chorlton Place,2018,October,41,Wednesday,10 Oct 2018,15:00,188,207,395,188,207,395,No Group
Manchester City Council - Chorlton,Chorlton Place,2018,October,41,Wednesday,10 Oct 2018,16:00,139,125,264,139,125,264,No Group
Manchester City Council - Chorlton,Chorlton Place,2018,October,41,Wednesday,10 Oct 2018,17:00,102,115,217,102,115,217,No Group
Manchester City Council - Chorlton,Chorlton Place,2018,October,41,Wednesday,10 Oct 2018,18:00,109,100,209,109,100,209,No Group
Manchester City Council - Chorlton,Chorlton Place,2018,October,41,Wednesday,10 Oct 2018,19:00,94,68,162,94,68,162,No Group
Manchester City Council - Chorlton,Chorlton Place,2018,October,41,Wednesday,10 Oct 2018,20:00,54,54,108,54,54,108,No Group
Manchester City Council - Chorlton,Chorlton Place,2018,October,41,Wednesday,10 Oct 2018,21:00,31,34,65,31,34,65,No Group
Manchester City Council - Chorlton,Chorlton Place,2018,October,41,Wednesday,10 Oct 2018,22:00,22,22,44,22,22,44,No Group
Manchester City Council - Chorlton,Chorlton Place,2018,October,41,Wednesday,10 Oct 2018,23:00,12,23,35,12,23,35,No Group
Manchester City Council - Chorlton,Chorlton Place,2018,October,41,Thursday,11 Oct 2018,00:00,16,6,22,16,6,22,No Group
Manchester City Council - Chorlton,Chorlton Place,2018,October,41,Thursday,11 Oct 2018,01:00,1,6,7,1,6,7,No Group
Manchester City Council - Chorlton,Chorlton Place,2018,October,41,Thursday,11 Oct 2018,02:00,0,1,1,0,1,1,No Group
Manchester City Council - Chorlton,Chorlton Place,2018,October,41,Thursday,11 Oct 2018,03:00,1,7,8,1,7,8,No Group
Manchester City Council - Chorlton,Chorlton Place,2018,October,41,Thursday,11 Oct 2018,04:00,1,4,5,1,4,5,No Group
Manchester City Council - Chorlton,Chorlton Place,2018,October,41,Thursday,11 Oct 2018,05:00,2,1,3,2,1,3,No Group
Manchester City Council - Chorlton,Chorlton Place,2018,October,41,Thursday,11 Oct 2018,06:00,5,18,23,5,18,23,No Group
Manchester City Council - Chorlton,Chorlton Place,2018,October,41,Thursday,11 Oct 2018,07:00,22,89,111,22,89,111,No Group
Manchester City Council - Chorlton,Chorlton Place,2018,October,41,Thursday,11 Oct 2018,08:00,34,125,159,34,125,159,No Group
Manchester City Council - Chorlton,Chorlton Place,2018,October,41,Thursday,11 Oct 2018,09:00,98,141,239,98,141,239,No Group
Manchester City Council - Chorlton,Chorlton Place,2018,October,41,Thursday,11 Oct 2018,10:00,190,327,517,190,327,517,No Group
Manchester City Council - Chorlton,Chorlton Place,2018,October,41,Thursday,11 Oct 2018,11:00,158,179,337,158,179,337,No Group
Manchester City Council - Chorlton,Chorlton Place,2018,October,41,Thursday,11 Oct 2018,12:00,136,155,291,136,155,291,No Group
Manchester City Council - Chorlton,Chorlton Place,2018,October,41,Thursday,11 Oct 2018,13:00,142,158,300,142,158,300,No Group
Manchester City Council - Chorlton,Chorlton Place,2018,October,41,Thursday,11 Oct 2018,14:00,140,144,284,140,144,284,No Group
Manchester City Council - Chorlton,Chorlton Place,2018,October,41,Thursday,11 Oct 2018,15:00,171,154,325,171,154,325,No Group
Manchester City Council - Chorlton,Chorlton Place,2018,October,41,Thursday,11 Oct 2018,16:00,150,149,299,150,149,299,No Group
Manchester City Council - Chorlton,Chorlton Place,2018,October,41,Thursday,11 Oct 2018,17:00,105,88,193,105,88,193,No Group
Manchester City Council - Chorlton,Chorlton Place,2018,October,41,Thursday,11 Oct 2018,18:00,93,114,207,93,114,207,No Group
Manchester City Council - Chorlton,Chorlton Place,2018,October,41,Thursday,11 Oct 2018,19:00,45,77,122,45,77,122,No Group
Manchester City Council - Chorlton,Chorlton Place,2018,October,41,Thursday,11 Oct 2018,20:00,36,39,75,36,39,75,No Group
Manchester City Council - Chorlton,Chorlton Place,2018,October,41,Thursday,11 Oct 2018,21:00,33,39,72,33,39,72,No Group
Manchester City Council - Chorlton,Chorlton Place,2018,October,41,Thursday,11 Oct 2018,22:00,22,12,34,22,12,34,No Group
Manchester City Council - Chorlton,Chorlton Place,2018,October,41,Thursday,11 Oct 2018,23:00,12,8,20,12,8,20,No Group
Manchester City Council - Chorlton,Chorlton Place,2018,October,41,Friday,12 Oct 2018,00:00,3,8,11,3,8,11,No Group
Manchester City Council - Chorlton,Chorlton Place,2018,October,41,Friday,12 Oct 2018,01:00,1,1,2,1,1,2,No Group
Manchester City Council - Chorlton,Chorlton Place,2018,October,41,Friday,12 Oct 2018,02:00,1,0,1,1,0,1,No Group
Manchester City Council - Chorlton,Chorlton Place,2018,October,41,Friday,12 Oct 2018,03:00,0,2,2,0,2,2,No Group
Manchester City Council - Chorlton,Chorlton Place,2018,October,41,Friday,12 Oct 2018,04:00,5,2,7,5,2,7,No Group
Manchester City Council - Chorlton,Chorlton Place,2018,October,41,Friday,12 Oct 2018,05:00,2,6,8,2,6,8,No Group
Manchester City Council - Chorlton,Chorlton Place,2018,October,41,Friday,12 Oct 2018,06:00,1,26,27,1,26,27,No Group
Manchester City Council - Chorlton,Chorlton Place,2018,October,41,Friday,12 Oct 2018,07:00,28,118,146,28,118,146,No Group
Manchester City Council - Chorlton,Chorlton Place,2018,October,41,Friday,12 Oct 2018,08:00,38,112,150,38,112,150,No Group
Manchester City Council - Chorlton,Chorlton Place,2018,October,41,Friday,12 Oct 2018,09:00,90,147,237,90,147,237,No Group
Manchester City Council - Chorlton,Chorlton Place,2018,October,41,Friday,12 Oct 2018,10:00,157,160,317,157,160,317,No Group
Manchester City Council - Chorlton,Chorlton Place,2018,October,41,Friday,12 Oct 2018,11:00,147,187,334,147,187,334,No Group
Manchester City Council - Chorlton,Chorlton Place,2018,October,41,Friday,12 Oct 2018,12:00,131,193,324,131,193,324,No Group
Manchester City Council - Chorlton,Chorlton Place,2018,October,41,Friday,12 Oct 2018,13:00,201,238,439,201,238,439,No Group
Manchester City Council - Chorlton,Chorlton Place,2018,October,41,Friday,12 Oct 2018,14:00,167,161,328,167,161,328,No Group
Manchester City Council - Chorlton,Chorlton Place,2018,October,41,Friday,12 Oct 2018,15:00,176,181,357,176,181,357,No Group
Manchester City Council - Chorlton,Chorlton Place,2018,October,41,Friday,12 Oct 2018,16:00,141,123,264,141,123,264,No Group
Manchester City Council - Chorlton,Chorlton Place,2018,October,41,Friday,12 Oct 2018,17:00,121,104,225,121,104,225,No Group
Manchester City Council - Chorlton,Chorlton Place,2018,October,41,Friday,12 Oct 2018,18:00,120,116,236,120,116,236,No Group
Manchester City Council - Chorlton,Chorlton Place,2018,October,41,Friday,12 Oct 2018,19:00,64,67,131,64,67,131,No Group
Manchester City Council - Chorlton,Chorlton Place,2018,October,41,Friday,12 Oct 2018,20:00,69,58,127,69,58,127,No Group
Manchester City Council - Chorlton,Chorlton Place,2018,October,41,Friday,12 Oct 2018,21:00,62,39,101,62,39,101,No Group
Manchester City Council - Chorlton,Chorlton Place,2018,October,41,Friday,12 Oct 2018,22:00,47,42,89,47,42,89,No Group
Manchester City Council - Chorlton,Chorlton Place,2018,October,41,Friday,12 Oct 2018,23:00,13,26,39,13,26,39,No Group
Manchester City Council - Chorlton,Chorlton Place,2018,October,41,Saturday,13 Oct 2018,00:00,13,55,68,13,55,68,No Group
Manchester City Council - Chorlton,Chorlton Place,2018,October,41,Saturday,13 Oct 2018,01:00,11,10,21,11,10,21,No Group
Manchester City Council - Chorlton,Chorlton Place,2018,October,41,Saturday,13 Oct 2018,02:00,5,2,7,5,2,7,No Group
Manchester City Council - Chorlton,Chorlton Place,2018,October,41,Saturday,13 Oct 2018,03:00,2,3,5,2,3,5,No Group
Manchester City Council - Chorlton,Chorlton Place,2018,October,41,Saturday,13 Oct 2018,04:00,0,1,1,0,1,1,No Group
Manchester City Council - Chorlton,Chorlton Place,2018,October,41,Saturday,13 Oct 2018,05:00,7,13,20,7,13,20,No Group
Manchester City Council - Chorlton,Chorlton Place,2018,October,41,Saturday,13 Oct 2018,06:00,5,4,9,5,4,9,No Group
Manchester City Council - Chorlton,Chorlton Place,2018,October,41,Saturday,13 Oct 2018,07:00,13,31,44,13,31,44,No Group
Manchester City Council - Chorlton,Chorlton Place,2018,October,41,Saturday,13 Oct 2018,08:00,94,112,206,94,112,206,No Group
Manchester City Council - Chorlton,Chorlton Place,2018,October,41,Saturday,13 Oct 2018,09:00,136,162,298,136,162,298,No Group
Manchester City Council - Chorlton,Chorlton Place,2018,October,41,Saturday,13 Oct 2018,10:00,194,196,390,194,196,390,No Group
Manchester City Council - Chorlton,Chorlton Place,2018,October,41,Saturday,13 Oct 2018,11:00,275,344,619,275,344,619,No Group
Manchester City Council - Chorlton,Chorlton Place,2018,October,41,Saturday,13 Oct 2018,12:00,358,508,866,358,508,866,No Group
Manchester City Council - Chorlton,Chorlton Place,2018,October,41,Saturday,13 Oct 2018,13:00,245,267,512,245,267,512,No Group
Manchester City Council - Chorlton,Chorlton Place,2018,October,41,Saturday,13 Oct 2018,14:00,263,282,545,263,282,545,No Group
Manchester City Council - Chorlton,Chorlton Place,2018,October,41,Saturday,13 Oct 2018,15:00,222,260,482,222,260,482,No Group
Manchester City Council - Chorlton,Chorlton Place,2018,October,41,Saturday,13 Oct 2018,16:00,208,230,438,208,230,438,No Group
Manchester City Council - Chorlton,Chorlton Place,2018,October,41,Saturday,13 Oct 2018,17:00,110,125,235,110,125,235,No Group
Manchester City Council - Chorlton,Chorlton Place,2018,October,41,Saturday,13 Oct 2018,18:00,96,86,182,96,86,182,No Group
Manchester City Council - Chorlton,Chorlton Place,2018,October,41,Saturday,13 Oct 2018,19:00,91,85,176,91,85,176,No Group
Manchester City Council - Chorlton,Chorlton Place,2018,October,41,Saturday,13 Oct 2018,20:00,59,81,140,59,81,140,No Group
Manchester City Council - Chorlton,Chorlton Place,2018,October,41,Saturday,13 Oct 2018,21:00,48,58,106,48,58,106,No Group
Manchester City Council - Chorlton,Chorlton Place,2018,October,41,Saturday,13 Oct 2018,22:00,34,41,75,34,41,75,No Group
Manchester City Council - Chorlton,Chorlton Place,2018,October,41,Saturday,13 Oct 2018,23:00,37,44,81,37,44,81,No Group
Manchester City Council - Chorlton,Chorlton Place,2018,October,41,Sunday,14 Oct 2018,00:00,25,32,57,25,32,57,No Group
Manchester City Council - Chorlton,Chorlton Place,2018,October,41,Sunday,14 Oct 2018,01:00,19,7,26,19,7,26,No Group
Manchester City Council - Chorlton,Chorlton Place,2018,October,41,Sunday,14 Oct 2018,02:00,12,4,16,12,4,16,No Group
Manchester City Council - Chorlton,Chorlton Place,2018,October,41,Sunday,14 Oct 2018,03:00,3,8,11,3,8,11,No Group
Manchester City Council - Chorlton,Chorlton Place,2018,October,41,Sunday,14 Oct 2018,04:00,0,0,0,0,0,0,No Group
Manchester City Council - Chorlton,Chorlton Place,2018,October,41,Sunday,14 Oct 2018,05:00,1,5,6,1,5,6,No Group
Manchester City Council - Chorlton,Chorlton Place,2018,October,41,Sunday,14 Oct 2018,06:00,1,2,3,1,2,3,No Group
Manchester City Council - Chorlton,Chorlton Place,2018,October,41,Sunday,14 Oct 2018,07:00,2,8,10,2,8,10,No Group
Manchester City Council - Chorlton,Chorlton Place,2018,October,41,Sunday,14 Oct 2018,08:00,16,31,47,16,31,47,No Group
Manchester City Council - Chorlton,Chorlton Place,2018,October,41,Sunday,14 Oct 2018,09:00,37,82,119,37,82,119,No Group
Manchester City Council - Chorlton,Chorlton Place,2018,October,41,Sunday,14 Oct 2018,10:00,72,103,175,72,103,175,No Group
Manchester City Council - Chorlton,Chorlton Place,2018,October,41,Sunday,14 Oct 2018,11:00,96,161,257,96,161,257,No Group
Manchester City Council - Chorlton,Chorlton Place,2018,October,41,Sunday,14 Oct 2018,12:00,140,157,297,140,157,297,No Group
Manchester City Council - Chorlton,Chorlton Place,2018,October,41,Sunday,14 Oct 2018,13:00,133,163,296,133,163,296,No Group
Manchester City Council - Chorlton,Chorlton Place,2018,October,41,Sunday,14 Oct 2018,14:00,172,161,333,172,161,333,No Group
Manchester City Council - Chorlton,Chorlton Place,2018,October,41,Sunday,14 Oct 2018,15:00,119,152,271,119,152,271,No Group
Manchester City Council - Chorlton,Chorlton Place,2018,October,41,Sunday,14 Oct 2018,16:00,68,110,178,68,110,178,No Group
Manchester City Council - Chorlton,Chorlton Place,2018,October,41,Sunday,14 Oct 2018,17:00,56,75,131,56,75,131,No Group
Manchester City Council - Chorlton,Chorlton Place,2018,October,41,Sunday,14 Oct 2018,18:00,46,78,124,46,78,124,No Group
Manchester City Council - Chorlton,Chorlton Place,2018,October,41,Sunday,14 Oct 2018,19:00,39,34,73,39,34,73,No Group
Manchester City Council - Chorlton,Chorlton Place,2018,October,41,Sunday,14 Oct 2018,20:00,34,39,73,34,39,73,No Group
Manchester City Council - Chorlton,Chorlton Place,2018,October,41,Sunday,14 Oct 2018,21:00,33,23,56,33,23,56,No Group
Manchester City Council - Chorlton,Chorlton Place,2018,October,41,Sunday,14 Oct 2018,22:00,12,20,32,12,20,32,No Group
Manchester City Council - Chorlton,Chorlton Place,2018,October,41,Sunday,14 Oct 2018,23:00,7,12,19,7,12,19,No Group
Manchester City Council - Chorlton,Chorlton Place,2018,October,42,Monday,15 Oct 2018,00:00,3,3,6,3,3,6,No Group
Manchester City Council - Chorlton,Chorlton Place,2018,October,42,Monday,15 Oct 2018,01:00,1,2,3,1,2,3,No Group
Manchester City Council - Chorlton,Chorlton Place,2018,October,42,Monday,15 Oct 2018,02:00,0,1,1,0,1,1,No Group
Manchester City Council - Chorlton,Chorlton Place,2018,October,42,Monday,15 Oct 2018,03:00,1,5,6,1,5,6,No Group
Manchester City Council - Chorlton,Chorlton Place,2018,October,42,Monday,15 Oct 2018,04:00,0,1,1,0,1,1,No Group
Manchester City Council - Chorlton,Chorlton Place,2018,October,42,Monday,15 Oct 2018,05:00,3,4,7,3,4,7,No Group
Manchester City Council - Chorlton,Chorlton Place,2018,October,42,Monday,15 Oct 2018,06:00,4,10,14,4,10,14,No Group
Manchester City Council - Chorlton,Chorlton Place,2018,October,42,Monday,15 Oct 2018,07:00,23,92,115,23,92,115,No Group
Manchester City Council - Chorlton,Chorlton Place,2018,October,42,Monday,15 Oct 2018,08:00,34,123,157,34,123,157,No Group
Manchester City Council - Chorlton,Chorlton Place,2018,October,42,Monday,15 Oct 2018,09:00,90,141,231,90,141,231,No Group
Manchester City Council - Chorlton,Chorlton Place,2018,October,42,Monday,15 Oct 2018,10:00,113,101,214,113,101,214,No Group
Manchester City Council - Chorlton,Chorlton Place,2018,October,42,Monday,15 Oct 2018,11:00,113,140,253,113,140,253,No Group
Manchester City Council - Chorlton,Chorlton Place,2018,October,42,Monday,15 Oct 2018,12:00,158,155,313,158,155,313,No Group
Manchester City Council - Chorlton,Chorlton Place,2018,October,42,Monday,15 Oct 2018,13:00,161,183,344,161,183,344,No Group
Manchester City Council - Chorlton,Chorlton Place,2018,October,42,Monday,15 Oct 2018,14:00,154,153,307,154,153,307,No Group
Manchester City Council - Chorlton,Chorlton Place,2018,October,42,Monday,15 Oct 2018,15:00,159,173,332,159,173,332,No Group
Manchester City Council - Chorlton,Chorlton Place,2018,October,42,Monday,15 Oct 2018,16:00,100,103,203,100,103,203,No Group
Manchester City Council - Chorlton,Chorlton Place,2018,October,42,Monday,15 Oct 2018,17:00,125,109,234,125,109,234,No Group
Manchester City Council - Chorlton,Chorlton Place,2018,October,42,Monday,15 Oct 2018,18:00,113,70,183,113,70,183,No Group
Manchester City Council - Chorlton,Chorlton Place,2018,October,42,Monday,15 Oct 2018,19:00,65,55,120,65,55,120,No Group
Manchester City Council - Chorlton,Chorlton Place,2018,October,42,Monday,15 Oct 2018,20:00,52,36,88,52,36,88,No Group
Manchester City Council - Chorlton,Chorlton Place,2018,October,42,Monday,15 Oct 2018,21:00,24,24,48,24,24,48,No Group
Manchester City Council - Chorlton,Chorlton Place,2018,October,42,Monday,15 Oct 2018,22:00,22,25,47,22,25,47,No Group
Manchester City Council - Chorlton,Chorlton Place,2018,October,42,Monday,15 Oct 2018,23:00,11,2,13,11,2,13,No Group
Manchester City Council - Chorlton,Chorlton Place,2018,October,42,Tuesday,16 Oct 2018,00:00,9,3,12,9,3,12,No Group
Manchester City Council - Chorlton,Chorlton Place,2018,October,42,Tuesday,16 Oct 2018,01:00,2,1,3,2,1,3,No Group
Manchester City Council - Chorlton,Chorlton Place,2018,October,42,Tuesday,16 Oct 2018,02:00,4,6,10,4,6,10,No Group
Manchester City Council - Chorlton,Chorlton Place,2018,October,42,Tuesday,16 Oct 2018,03:00,1,5,6,1,5,6,No Group
Manchester City Council - Chorlton,Chorlton Place,2018,October,42,Tuesday,16 Oct 2018,04:00,0,1,1,0,1,1,No Group
Manchester City Council - Chorlton,Chorlton Place,2018,October,42,Tuesday,16 Oct 2018,05:00,2,3,5,2,3,5,No Group
Manchester City Council - Chorlton,Chorlton Place,2018,October,42,Tuesday,16 Oct 2018,06:00,6,17,23,6,17,23,No Group
Manchester City Council - Chorlton,Chorlton Place,2018,October,42,Tuesday,16 Oct 2018,07:00,29,89,118,29,89,118,No Group
Manchester City Council - Chorlton,Chorlton Place,2018,October,42,Tuesday,16 Oct 2018,08:00,37,127,164,37,127,164,No Group
Manchester City Council - Chorlton,Chorlton Place,2018,October,42,Tuesday,16 Oct 2018,09:00,87,128,215,87,128,215,No Group
Manchester City Council - Chorlton,Chorlton Place,2018,October,42,Tuesday,16 Oct 2018,10:00,129,133,262,129,133,262,No Group
Manchester City Council - Chorlton,Chorlton Place,2018,October,42,Tuesday,16 Oct 2018,11:00,126,154,280,126,154,280,No Group
Manchester City Council - Chorlton,Chorlton Place,2018,October,42,Tuesday,16 Oct 2018,12:00,169,187,356,169,187,356,No Group
Manchester City Council - Chorlton,Chorlton Place,2018,October,42,Tuesday,16 Oct 2018,13:00,153,165,318,153,165,318,No Group
Manchester City Council - Chorlton,Chorlton Place,2018,October,42,Tuesday,16 Oct 2018,14:00,144,166,310,144,166,310,No Group
Manchester City Council - Chorlton,Chorlton Place,2018,October,42,Tuesday,16 Oct 2018,15:00,161,169,330,161,169,330,No Group
Manchester City Council - Chorlton,Chorlton Place,2018,October,42,Tuesday,16 Oct 2018,16:00,132,122,254,132,122,254,No Group
Manchester City Council - Chorlton,Chorlton Place,2018,October,42,Tuesday,16 Oct 2018,17:00,97,86,183,97,86,183,No Group
Manchester City Council - Chorlton,Chorlton Place,2018,October,42,Tuesday,16 Oct 2018,18:00,100,83,183,100,83,183,No Group
Manchester City Council - Chorlton,Chorlton Place,2018,October,42,Tuesday,16 Oct 2018,19:00,76,55,131,76,55,131,No Group
Manchester City Council - Chorlton,Chorlton Place,2018,October,42,Tuesday,16 Oct 2018,20:00,54,39,93,54,39,93,No Group
Manchester City Council - Chorlton,Chorlton Place,2018,October,42,Tuesday,16 Oct 2018,21:00,23,25,48,23,25,48,No Group
Manchester City Council - Chorlton,Chorlton Place,2018,October,42,Tuesday,16 Oct 2018,22:00,17,33,50,17,33,50,No Group
Manchester City Council - Chorlton,Chorlton Place,2018,October,42,Tuesday,16 Oct 2018,23:00,16,17,33,16,17,33,No Group
Manchester City Council - Chorlton,Chorlton Place,2018,October,42,Wednesday,17 Oct 2018,00:00,3,1,4,3,1,4,No Group
Manchester City Council - Chorlton,Chorlton Place,2018,October,42,Wednesday,17 Oct 2018,01:00,1,0,1,1,0,1,No Group
Manchester City Council - Chorlton,Chorlton Place,2018,October,42,Wednesday,17 Oct 2018,02:00,0,0,0,0,0,0,No Group
Manchester City Council - Chorlton,Chorlton Place,2018,October,42,Wednesday,17 Oct 2018,03:00,0,5,5,0,5,5,No Group
Manchester City Council - Chorlton,Chorlton Place,2018,October,42,Wednesday,17 Oct 2018,04:00,2,3,5,2,3,5,No Group
Manchester City Council - Chorlton,Chorlton Place,2018,October,42,Wednesday,17 Oct 2018,05:00,3,9,12,3,9,12,No Group
Manchester City Council - Chorlton,Chorlton Place,2018,October,42,Wednesday,17 Oct 2018,06:00,4,17,21,4,17,21,No Group
Manchester City Council - Chorlton,Chorlton Place,2018,October,42,Wednesday,17 Oct 2018,07:00,24,89,113,24,89,113,No Group
Manchester City Council - Chorlton,Chorlton Place,2018,October,42,Wednesday,17 Oct 2018,08:00,34,123,157,34,123,157,No Group
Manchester City Council - Chorlton,Chorlton Place,2018,October,42,Wednesday,17 Oct 2018,09:00,59,118,177,59,118,177,No Group
Manchester City Council - Chorlton,Chorlton Place,2018,October,42,Wednesday,17 Oct 2018,10:00,114,175,289,114,175,289,No Group
Manchester City Council - Chorlton,Chorlton Place,2018,October,42,Wednesday,17 Oct 2018,11:00,174,236,410,174,236,410,No Group
Manchester City Council - Chorlton,Chorlton Place,2018,October,42,Wednesday,17 Oct 2018,12:00,145,162,307,145,162,307,No Group
Manchester City Council - Chorlton,Chorlton Place,2018,October,42,Wednesday,17 Oct 2018,13:00,136,152,288,136,152,288,No Group
Manchester City Council - Chorlton,Chorlton Place,2018,October,42,Wednesday,17 Oct 2018,14:00,228,242,470,228,242,470,No Group
Manchester City Council - Chorlton,Chorlton Place,2018,October,42,Wednesday,17 Oct 2018,15:00,160,156,316,160,156,316,No Group
Manchester City Council - Chorlton,Chorlton Place,2018,October,42,Wednesday,17 Oct 2018,16:00,148,148,296,148,148,296,No Group
Manchester City Council - Chorlton,Chorlton Place,2018,October,42,Wednesday,17 Oct 2018,17:00,115,120,235,115,120,235,No Group
Manchester City Council - Chorlton,Chorlton Place,2018,October,42,Wednesday,17 Oct 2018,18:00,117,101,218,117,101,218,No Group
Manchester City Council - Chorlton,Chorlton Place,2018,October,42,Wednesday,17 Oct 2018,19:00,71,69,140,71,69,140,No Group
Manchester City Council - Chorlton,Chorlton Place,2018,October,42,Wednesday,17 Oct 2018,20:00,59,36,95,59,36,95,No Group
Manchester City Council - Chorlton,Chorlton Place,2018,October,42,Wednesday,17 Oct 2018,21:00,39,30,69,39,30,69,No Group
Manchester City Council - Chorlton,Chorlton Place,2018,October,42,Wednesday,17 Oct 2018,22:00,22,15,37,22,15,37,No Group
Manchester City Council - Chorlton,Chorlton Place,2018,October,42,Wednesday,17 Oct 2018,23:00,15,20,35,15,20,35,No Group
Manchester City Council - Chorlton,Chorlton Place,2018,October,42,Thursday,18 Oct 2018,00:00,11,0,11,11,0,11,No Group
Manchester City Council - Chorlton,Chorlton Place,2018,October,42,Thursday,18 Oct 2018,01:00,6,0,6,6,0,6,No Group
Manchester City Council - Chorlton,Chorlton Place,2018,October,42,Thursday,18 Oct 2018,02:00,0,0,0,0,0,0,No Group
Manchester City Council - Chorlton,Chorlton Place,2018,October,42,Thursday,18 Oct 2018,03:00,1,6,7,1,6,7,No Group
Manchester City Council - Chorlton,Chorlton Place,2018,October,42,Thursday,18 Oct 2018,04:00,0,3,3,0,3,3,No Group
Manchester City Council - Chorlton,Chorlton Place,2018,October,42,Thursday,18 Oct 2018,05:00,2,3,5,2,3,5,No Group
Manchester City Council - Chorlton,Chorlton Place,2018,October,42,Thursday,18 Oct 2018,06:00,8,15,23,8,15,23,No Group
Manchester City Council - Chorlton,Chorlton Place,2018,October,42,Thursday,18 Oct 2018,07:00,24,87,111,24,87,111,No Group
Manchester City Council - Chorlton,Chorlton Place,2018,October,42,Thursday,18 Oct 2018,08:00,29,114,143,29,114,143,No Group
Manchester City Council - Chorlton,Chorlton Place,2018,October,42,Thursday,18 Oct 2018,09:00,89,157,246,89,157,246,No Group
Manchester City Council - Chorlton,Chorlton Place,2018,October,42,Thursday,18 Oct 2018,10:00,150,384,534,150,384,534,No Group
Manchester City Council - Chorlton,Chorlton Place,2018,October,42,Thursday,18 Oct 2018,11:00,288,595,883,288,595,883,No Group
Manchester City Council - Chorlton,Chorlton Place,2018,October,42,Thursday,18 Oct 2018,12:00,363,742,1105,363,742,1105,No Group
Manchester City Council - Chorlton,Chorlton Place,2018,October,42,Thursday,18 Oct 2018,13:00,183,202,385,183,202,385,No Group
Manchester City Council - Chorlton,Chorlton Place,2018,October,42,Thursday,18 Oct 2018,14:00,184,213,397,184,213,397,No Group
Manchester City Council - Chorlton,Chorlton Place,2018,October,42,Thursday,18 Oct 2018,15:00,244,224,468,244,224,468,No Group
Manchester City Council - Chorlton,Chorlton Place,2018,October,42,Thursday,18 Oct 2018,16:00,140,134,274,140,134,274,No Group
Manchester City Council - Chorlton,Chorlton Place,2018,October,42,Thursday,18 Oct 2018,17:00,104,94,198,104,94,198,No Group
Manchester City Council - Chorlton,Chorlton Place,2018,October,42,Thursday,18 Oct 2018,18:00,92,78,170,92,78,170,No Group
Manchester City Council - Chorlton,Chorlton Place,2018,October,42,Thursday,18 Oct 2018,19:00,61,48,109,61,48,109,No Group
Manchester City Council - Chorlton,Chorlton Place,2018,October,42,Thursday,18 Oct 2018,20:00,49,49,98,49,49,98,No Group
Manchester City Council - Chorlton,Chorlton Place,2018,October,42,Thursday,18 Oct 2018,21:00,33,47,80,33,47,80,No Group
Manchester City Council - Chorlton,Chorlton Place,2018,October,42,Thursday,18 Oct 2018,22:00,31,19,50,31,19,50,No Group
Manchester City Council - Chorlton,Chorlton Place,2018,October,42,Thursday,18 Oct 2018,23:00,31,13,44,31,13,44,No Group
Manchester City Council - Chorlton,Chorlton Place,2018,October,42,Friday,19 Oct 2018,00:00,10,3,13,10,3,13,No Group
Manchester City Council - Chorlton,Chorlton Place,2018,October,42,Friday,19 Oct 2018,01:00,2,1,3,2,1,3,No Group
Manchester City Council - Chorlton,Chorlton Place,2018,October,42,Friday,19 Oct 2018,02:00,2,0,2,2,0,2,No Group
Manchester City Council - Chorlton,Chorlton Place,2018,October,42,Friday,19 Oct 2018,03:00,0,3,3,0,3,3,No Group
Manchester City Council - Chorlton,Chorlton Place,2018,October,42,Friday,19 Oct 2018,04:00,8,4,12,8,4,12,No Group
Manchester City Council - Chorlton,Chorlton Place,2018,October,42,Friday,19 Oct 2018,05:00,9,3,12,9,3,12,No Group
Manchester City Council - Chorlton,Chorlton Place,2018,October,42,Friday,19 Oct 2018,06:00,5,17,22,5,17,22,No Group
Manchester City Council - Chorlton,Chorlton Place,2018,October,42,Friday,19 Oct 2018,07:00,31,97,128,31,97,128,No Group
Manchester City Council - Chorlton,Chorlton Place,2018,October,42,Friday,19 Oct 2018,08:00,43,133,176,43,133,176,No Group
Manchester City Council - Chorlton,Chorlton Place,2018,October,42,Friday,19 Oct 2018,09:00,82,134,216,82,134,216,No Group
Manchester City Council - Chorlton,Chorlton Place,2018,October,42,Friday,19 Oct 2018,10:00,181,286,467,181,286,467,No Group
Manchester City Council - Chorlton,Chorlton Place,2018,October,42,Friday,19 Oct 2018,11:00,248,374,622,248,374,622,No Group
Manchester City Council - Chorlton,Chorlton Place,2018,October,42,Friday,19 Oct 2018,12:00,442,660,1102,442,660,1102,No Group
Manchester City Council - Chorlton,Chorlton Place,2018,October,42,Friday,19 Oct 2018,13:00,232,239,471,232,239,471,No Group
Manchester City Council - Chorlton,Chorlton Place,2018,October,42,Friday,19 Oct 2018,14:00,171,178,349,171,178,349,No Group
Manchester City Council - Chorlton,Chorlton Place,2018,October,42,Friday,19 Oct 2018,15:00,159,180,339,159,180,339,No Group
Manchester City Council - Chorlton,Chorlton Place,2018,October,42,Friday,19 Oct 2018,16:00,165,168,333,165,168,333,No Group
Manchester City Council - Chorlton,Chorlton Place,2018,October,42,Friday,19 Oct 2018,17:00,121,95,216,121,95,216,No Group
Manchester City Council - Chorlton,Chorlton Place,2018,October,42,Friday,19 Oct 2018,18:00,119,103,222,119,103,222,No Group
Manchester City Council - Chorlton,Chorlton Place,2018,October,42,Friday,19 Oct 2018,19:00,79,78,157,79,78,157,No Group
Manchester City Council - Chorlton,Chorlton Place,2018,October,42,Friday,19 Oct 2018,20:00,61,65,126,61,65,126,No Group
Manchester City Council - Chorlton,Chorlton Place,2018,October,42,Friday,19 Oct 2018,21:00,51,42,93,51,42,93,No Group
Manchester City Council - Chorlton,Chorlton Place,2018,October,42,Friday,19 Oct 2018,22:00,42,33,75,42,33,75,No Group
Manchester City Council - Chorlton,Chorlton Place,2018,October,42,Friday,19 Oct 2018,23:00,44,36,80,44,36,80,No Group
Manchester City Council - Chorlton,Chorlton Place,2018,October,42,Saturday,20 Oct 2018,00:00,28,34,62,28,34,62,No Group
Manchester City Council - Chorlton,Chorlton Place,2018,October,42,Saturday,20 Oct 2018,01:00,14,11,25,14,11,25,No Group
Manchester City Council - Chorlton,Chorlton Place,2018,October,42,Saturday,20 Oct 2018,02:00,3,0,3,3,0,3,No Group
Manchester City Council - Chorlton,Chorlton Place,2018,October,42,Saturday,20 Oct 2018,03:00,1,2,3,1,2,3,No Group
Manchester City Council - Chorlton,Chorlton Place,2018,October,42,Saturday,20 Oct 2018,04:00,6,4,10,6,4,10,No Group
Manchester City Council - Chorlton,Chorlton Place,2018,October,42,Saturday,20 Oct 2018,05:00,8,12,20,8,12,20,No Group
Manchester City Council - Chorlton,Chorlton Place,2018,October,42,Saturday,20 Oct 2018,06:00,1,9,10,1,9,10,No Group
Manchester City Council - Chorlton,Chorlton Place,2018,October,42,Saturday,20 Oct 2018,07:00,22,24,46,22,24,46,No Group
Manchester City Council - Chorlton,Chorlton Place,2018,October,42,Saturday,20 Oct 2018,08:00,32,45,77,32,45,77,No Group
Manchester City Council - Chorlton,Chorlton Place,2018,October,42,Saturday,20 Oct 2018,09:00,90,120,210,90,120,210,No Group
Manchester City Council - Chorlton,Chorlton Place,2018,October,42,Saturday,20 Oct 2018,10:00,176,255,431,176,255,431,No Group
Manchester City Council - Chorlton,Chorlton Place,2018,October,42,Saturday,20 Oct 2018,11:00,267,302,569,267,302,569,No Group
Manchester City Council - Chorlton,Chorlton Place,2018,October,42,Saturday,20 Oct 2018,12:00,515,585,1100,515,585,1100,No Group
Manchester City Council - Chorlton,Chorlton Place,2018,October,42,Saturday,20 Oct 2018,13:00,262,341,603,262,341,603,No Group
Manchester City Council - Chorlton,Chorlton Place,2018,October,42,Saturday,20 Oct 2018,14:00,263,317,580,263,317,580,No Group
Manchester City Council - Chorlton,Chorlton Place,2018,October,42,Saturday,20 Oct 2018,15:00,240,292,532,240,292,532,No Group
Manchester City Council - Chorlton,Chorlton Place,2018,October,42,Saturday,20 Oct 2018,16:00,226,235,461,226,235,461,No Group
Manchester City Council - Chorlton,Chorlton Place,2018,October,42,Saturday,20 Oct 2018,17:00,177,159,336,177,159,336,No Group
Manchester City Council - Chorlton,Chorlton Place,2018,October,42,Saturday,20 Oct 2018,18:00,78,88,166,78,88,166,No Group
Manchester City Council - Chorlton,Chorlton Place,2018,October,42,Saturday,20 Oct 2018,19:00,68,79,147,68,79,147,No Group
Manchester City Council - Chorlton,Chorlton Place,2018,October,42,Saturday,20 Oct 2018,20:00,90,92,182,90,92,182,No Group
Manchester City Council - Chorlton,Chorlton Place,2018,October,42,Saturday,20 Oct 2018,21:00,73,70,143,73,70,143,No Group
Manchester City Council - Chorlton,Chorlton Place,2018,October,42,Saturday,20 Oct 2018,22:00,53,64,117,53,64,117,No Group
Manchester City Council - Chorlton,Chorlton Place,2018,October,42,Saturday,20 Oct 2018,23:00,31,31,62,31,31,62,No Group
Manchester City Council - Chorlton,Chorlton Place,2018,October,42,Sunday,21 Oct 2018,00:00,52,52,104,52,52,104,No Group
Manchester City Council - Chorlton,Chorlton Place,2018,October,42,Sunday,21 Oct 2018,01:00,11,18,29,11,18,29,No Group
Manchester City Council - Chorlton,Chorlton Place,2018,October,42,Sunday,21 Oct 2018,02:00,8,1,9,8,1,9,No Group
Manchester City Council - Chorlton,Chorlton Place,2018,October,42,Sunday,21 Oct 2018,03:00,1,2,3,1,2,3,No Group
Manchester City Council - Chorlton,Chorlton Place,2018,October,42,Sunday,21 Oct 2018,04:00,2,0,2,2,0,2,No Group
Manchester City Council - Chorlton,Chorlton Place,2018,October,42,Sunday,21 Oct 2018,05:00,0,0,0,0,0,0,No Group
Manchester City Council - Chorlton,Chorlton Place,2018,October,42,Sunday,21 Oct 2018,06:00,3,5,8,3,5,8,No Group
Manchester City Council - Chorlton,Chorlton Place,2018,October,42,Sunday,21 Oct 2018,07:00,12,8,20,12,8,20,No Group
Manchester City Council - Chorlton,Chorlton Place,2018,October,42,Sunday,21 Oct 2018,08:00,11,25,36,11,25,36,No Group
Manchester City Council - Chorlton,Chorlton Place,2018,October,42,Sunday,21 Oct 2018,09:00,18,36,54,18,36,54,No Group
Manchester City Council - Chorlton,Chorlton Place,2018,October,42,Sunday,21 Oct 2018,10:00,59,116,175,59,116,175,No Group
Manchester City Council - Chorlton,Chorlton Place,2018,October,42,Sunday,21 Oct 2018,11:00,82,114,196,82,114,196,No Group
Manchester City Council - Chorlton,Chorlton Place,2018,October,42,Sunday,21 Oct 2018,12:00,92,110,202,92,110,202,No Group
Manchester City Council - Chorlton,Chorlton Place,2018,October,42,Sunday,21 Oct 2018,13:00,138,137,275,138,137,275,No Group
Manchester City Council - Chorlton,Chorlton Place,2018,October,42,Sunday,21 Oct 2018,14:00,89,134,223,89,134,223,No Group
Manchester City Council - Chorlton,Chorlton Place,2018,October,42,Sunday,21 Oct 2018,15:00,112,126,238,112,126,238,No Group
Manchester City Council - Chorlton,Chorlton Place,2018,October,42,Sunday,21 Oct 2018,16:00,91,99,190,91,99,190,No Group
Manchester City Council - Chorlton,Chorlton Place,2018,October,42,Sunday,21 Oct 2018,17:00,51,93,144,51,93,144,No Group
Manchester City Council - Chorlton,Chorlton Place,2018,October,42,Sunday,21 Oct 2018,18:00,57,61,118,57,61,118,No Group
Manchester City Council - Chorlton,Chorlton Place,2018,October,42,Sunday,21 Oct 2018,19:00,30,39,69,30,39,69,No Group
Manchester City Council - Chorlton,Chorlton Place,2018,October,42,Sunday,21 Oct 2018,20:00,24,22,46,24,22,46,No Group
Manchester City Council - Chorlton,Chorlton Place,2018,October,42,Sunday,21 Oct 2018,21:00,14,18,32,14,18,32,No Group
Manchester City Council - Chorlton,Chorlton Place,2018,October,42,Sunday,21 Oct 2018,22:00,24,17,41,24,17,41,No Group
Manchester City Council - Chorlton,Chorlton Place,2018,October,42,Sunday,21 Oct 2018,23:00,8,11,19,8,11,19,No Group
Manchester City Council - Chorlton,Chorlton Place,2018,October,43,Monday,22 Oct 2018,00:00,5,4,9,5,4,9,No Group
Manchester City Council - Chorlton,Chorlton Place,2018,October,43,Monday,22 Oct 2018,01:00,4,2,6,4,2,6,No Group
Manchester City Council - Chorlton,Chorlton Place,2018,October,43,Monday,22 Oct 2018,02:00,2,2,4,2,2,4,No Group
Manchester City Council - Chorlton,Chorlton Place,2018,October,43,Monday,22 Oct 2018,03:00,3,6,9,3,6,9,No Group
Manchester City Council - Chorlton,Chorlton Place,2018,October,43,Monday,22 Oct 2018,04:00,6,10,16,6,10,16,No Group
Manchester City Council - Chorlton,Chorlton Place,2018,October,43,Monday,22 Oct 2018,05:00,2,2,4,2,2,4,No Group
Manchester City Council - Chorlton,Chorlton Place,2018,October,43,Monday,22 Oct 2018,06:00,4,9,13,4,9,13,No Group
Manchester City Council - Chorlton,Chorlton Place,2018,October,43,Monday,22 Oct 2018,07:00,16,71,87,16,71,87,No Group
Manchester City Council - Chorlton,Chorlton Place,2018,October,43,Monday,22 Oct 2018,08:00,47,121,168,47,121,168,No Group
Manchester City Council - Chorlton,Chorlton Place,2018,October,43,Monday,22 Oct 2018,09:00,55,114,169,55,114,169,No Group
Manchester City Council - Chorlton,Chorlton Place,2018,October,43,Monday,22 Oct 2018,10:00,177,379,556,177,379,556,No Group
Manchester City Council - Chorlton,Chorlton Place,2018,October,43,Monday,22 Oct 2018,11:00,216,379,595,216,379,595,No Group
Manchester City Council - Chorlton,Chorlton Place,2018,October,43,Monday,22 Oct 2018,12:00,317,631,948,317,631,948,No Group
Manchester City Council - Chorlton,Chorlton Place,2018,October,43,Monday,22 Oct 2018,13:00,170,194,364,170,194,364,No Group
Manchester City Council - Chorlton,Chorlton Place,2018,October,43,Monday,22 Oct 2018,14:00,142,165,307,142,165,307,No Group
Manchester City Council - Chorlton,Chorlton Place,2018,October,43,Monday,22 Oct 2018,15:00,203,166,369,203,166,369,No Group
Manchester City Council - Chorlton,Chorlton Place,2018,October,43,Monday,22 Oct 2018,16:00,139,134,273,139,134,273,No Group
Manchester City Council - Chorlton,Chorlton Place,2018,October,43,Monday,22 Oct 2018,17:00,130,85,215,130,85,215,No Group
Manchester City Council - Chorlton,Chorlton Place,2018,October,43,Monday,22 Oct 2018,18:00,94,70,164,94,70,164,No Group
Manchester City Council - Chorlton,Chorlton Place,2018,October,43,Monday,22 Oct 2018,19:00,62,47,109,62,47,109,No Group
Manchester City Council - Chorlton,Chorlton Place,2018,October,43,Monday,22 Oct 2018,20:00,43,39,82,43,39,82,No Group
Manchester City Council - Chorlton,Chorlton Place,2018,October,43,Monday,22 Oct 2018,21:00,20,43,63,20,43,63,No Group
Manchester City Council - Chorlton,Chorlton Place,2018,October,43,Monday,22 Oct 2018,22:00,22,22,44,22,22,44,No Group
Manchester City Council - Chorlton,Chorlton Place,2018,October,43,Monday,22 Oct 2018,23:00,11,6,17,11,6,17,No Group
Manchester City Council - Chorlton,Chorlton Place,2018,October,43,Tuesday,23 Oct 2018,00:00,6,1,7,6,1,7,No Group
Manchester City Council - Chorlton,Chorlton Place,2018,October,43,Tuesday,23 Oct 2018,01:00,3,1,4,3,1,4,No Group
Manchester City Council - Chorlton,Chorlton Place,2018,October,43,Tuesday,23 Oct 2018,02:00,3,2,5,3,2,5,No Group
Manchester City Council - Chorlton,Chorlton Place,2018,October,43,Tuesday,23 Oct 2018,03:00,2,1,3,2,1,3,No Group
Manchester City Council - Chorlton,Chorlton Place,2018,October,43,Tuesday,23 Oct 2018,04:00,1,6,7,1,6,7,No Group
Manchester City Council - Chorlton,Chorlton Place,2018,October,43,Tuesday,23 Oct 2018,05:00,2,3,5,2,3,5,No Group
Manchester City Council - Chorlton,Chorlton Place,2018,October,43,Tuesday,23 Oct 2018,06:00,7,22,29,7,22,29,No Group
Manchester City Council - Chorlton,Chorlton Place,2018,October,43,Tuesday,23 Oct 2018,07:00,23,86,109,23,86,109,No Group
Manchester City Council - Chorlton,Chorlton Place,2018,October,43,Tuesday,23 Oct 2018,08:00,28,106,134,28,106,134,No Group
Manchester City Council - Chorlton,Chorlton Place,2018,October,43,Tuesday,23 Oct 2018,09:00,59,104,163,59,104,163,No Group
Manchester City Council - Chorlton,Chorlton Place,2018,October,43,Tuesday,23 Oct 2018,10:00,112,122,234,112,122,234,No Group
Manchester City Council - Chorlton,Chorlton Place,2018,October,43,Tuesday,23 Oct 2018,11:00,151,168,319,151,168,319,No Group
Manchester City Council - Chorlton,Chorlton Place,2018,October,43,Tuesday,23 Oct 2018,12:00,182,189,371,182,189,371,No Group
Manchester City Council - Chorlton,Chorlton Place,2018,October,43,Tuesday,23 Oct 2018,13:00,202,194,396,202,194,396,No Group
Manchester City Council - Chorlton,Chorlton Place,2018,October,43,Tuesday,23 Oct 2018,14:00,201,188,389,201,188,389,No Group
Manchester City Council - Chorlton,Chorlton Place,2018,October,43,Tuesday,23 Oct 2018,15:00,192,173,365,192,173,365,No Group
Manchester City Council - Chorlton,Chorlton Place,2018,October,43,Tuesday,23 Oct 2018,16:00,132,128,260,132,128,260,No Group
Manchester City Council - Chorlton,Chorlton Place,2018,October,43,Tuesday,23 Oct 2018,17:00,125,110,235,125,110,235,No Group
Manchester City Council - Chorlton,Chorlton Place,2018,October,43,Tuesday,23 Oct 2018,18:00,108,94,202,108,94,202,No Group
Manchester City Council - Chorlton,Chorlton Place,2018,October,43,Tuesday,23 Oct 2018,19:00,105,58,163,105,58,163,No Group
Manchester City Council - Chorlton,Chorlton Place,2018,October,43,Tuesday,23 Oct 2018,20:00,67,45,112,67,45,112,No Group
Manchester City Council - Chorlton,Chorlton Place,2018,October,43,Tuesday,23 Oct 2018,21:00,36,34,70,36,34,70,No Group
Manchester City Council - Chorlton,Chorlton Place,2018,October,43,Tuesday,23 Oct 2018,22:00,39,57,96,39,57,96,No Group
Manchester City Council - Chorlton,Chorlton Place,2018,October,43,Tuesday,23 Oct 2018,23:00,18,13,31,18,13,31,No Group
Manchester City Council - Chorlton,Chorlton Place,2018,October,43,Wednesday,24 Oct 2018,00:00,3,2,5,3,2,5,No Group
Manchester City Council - Chorlton,Chorlton Place,2018,October,43,Wednesday,24 Oct 2018,01:00,0,0,0,0,0,0,No Group
Manchester City Council - Chorlton,Chorlton Place,2018,October,43,Wednesday,24 Oct 2018,02:00,2,1,3,2,1,3,No Group
Manchester City Council - Chorlton,Chorlton Place,2018,October,43,Wednesday,24 Oct 2018,03:00,3,1,4,3,1,4,No Group
Manchester City Council - Chorlton,Chorlton Place,2018,October,43,Wednesday,24 Oct 2018,04:00,0,2,2,0,2,2,No Group
Manchester City Council - Chorlton,Chorlton Place,2018,October,43,Wednesday,24 Oct 2018,05:00,2,7,9,2,7,9,No Group
Manchester City Council - Chorlton,Chorlton Place,2018,October,43,Wednesday,24 Oct 2018,06:00,10,19,29,10,19,29,No Group
Manchester City Council - Chorlton,Chorlton Place,2018,October,43,Wednesday,24 Oct 2018,07:00,20,78,98,20,78,98,No Group
Manchester City Council - Chorlton,Chorlton Place,2018,October,43,Wednesday,24 Oct 2018,08:00,29,117,146,29,117,146,No Group
Manchester City Council - Chorlton,Chorlton Place,2018,October,43,Wednesday,24 Oct 2018,09:00,57,109,166,57,109,166,No Group
Manchester City Council - Chorlton,Chorlton Place,2018,October,43,Wednesday,24 Oct 2018,10:00,90,113,203,90,113,203,No Group
Manchester City Council - Chorlton,Chorlton Place,2018,October,43,Wednesday,24 Oct 2018,11:00,130,154,284,130,154,284,No Group
Manchester City Council - Chorlton,Chorlton Place,2018,October,43,Wednesday,24 Oct 2018,12:00,141,175,316,141,175,316,No Group
Manchester City Council - Chorlton,Chorlton Place,2018,October,43,Wednesday,24 Oct 2018,13:00,174,199,373,174,199,373,No Group
Manchester City Council - Chorlton,Chorlton Place,2018,October,43,Wednesday,24 Oct 2018,14:00,164,195,359,164,195,359,No Group
Manchester City Council - Chorlton,Chorlton Place,2018,October,43,Wednesday,24 Oct 2018,15:00,165,155,320,165,155,320,No Group
Manchester City Council - Chorlton,Chorlton Place,2018,October,43,Wednesday,24 Oct 2018,16:00,147,129,276,147,129,276,No Group
Manchester City Council - Chorlton,Chorlton Place,2018,October,43,Wednesday,24 Oct 2018,17:00,103,104,207,103,104,207,No Group
Manchester City Council - Chorlton,Chorlton Place,2018,October,43,Wednesday,24 Oct 2018,18:00,89,98,187,89,98,187,No Group
Manchester City Council - Chorlton,Chorlton Place,2018,October,43,Wednesday,24 Oct 2018,19:00,99,67,166,99,67,166,No Group
Manchester City Council - Chorlton,Chorlton Place,2018,October,43,Wednesday,24 Oct 2018,20:00,44,40,84,44,40,84,No Group
Manchester City Council - Chorlton,Chorlton Place,2018,October,43,Wednesday,24 Oct 2018,21:00,37,44,81,37,44,81,No Group
Manchester City Council - Chorlton,Chorlton Place,2018,October,43,Wednesday,24 Oct 2018,22:00,26,33,59,26,33,59,No Group
Manchester City Council - Chorlton,Chorlton Place,2018,October,43,Wednesday,24 Oct 2018,23:00,10,16,26,10,16,26,No Group
Manchester City Council - Chorlton,Chorlton Place,2018,October,43,Thursday,25 Oct 2018,00:00,9,8,17,9,8,17,No Group
Manchester City Council - Chorlton,Chorlton Place,2018,October,43,Thursday,25 Oct 2018,01:00,2,0,2,2,0,2,No Group
Manchester City Council - Chorlton,Chorlton Place,2018,October,43,Thursday,25 Oct 2018,02:00,1,3,4,1,3,4,No Group
Manchester City Council - Chorlton,Chorlton Place,2018,October,43,Thursday,25 Oct 2018,03:00,1,5,6,1,5,6,No Group
Manchester City Council - Chorlton,Chorlton Place,2018,October,43,Thursday,25 Oct 2018,04:00,1,3,4,1,3,4,No Group
Manchester City Council - Chorlton,Chorlton Place,2018,October,43,Thursday,25 Oct 2018,05:00,2,4,6,2,4,6,No Group
Manchester City Council - Chorlton,Chorlton Place,2018,October,43,Thursday,25 Oct 2018,06:00,9,13,22,9,13,22,No Group
Manchester City Council - Chorlton,Chorlton Place,2018,October,43,Thursday,25 Oct 2018,07:00,18,55,73,18,55,73,No Group
Manchester City Council - Chorlton,Chorlton Place,2018,October,43,Thursday,25 Oct 2018,08:00,35,118,153,35,118,153,No Group
Manchester City Council - Chorlton,Chorlton Place,2018,October,43,Thursday,25 Oct 2018,09:00,71,118,189,71,118,189,No Group
Manchester City Council - Chorlton,Chorlton Place,2018,October,43,Thursday,25 Oct 2018,10:00,110,131,241,110,131,241,No Group
Manchester City Council - Chorlton,Chorlton Place,2018,October,43,Thursday,25 Oct 2018,11:00,148,153,301,148,153,301,No Group
Manchester City Council - Chorlton,Chorlton Place,2018,October,43,Thursday,25 Oct 2018,12:00,189,207,396,189,207,396,No Group
Manchester City Council - Chorlton,Chorlton Place,2018,October,43,Thursday,25 Oct 2018,13:00,163,182,345,163,182,345,No Group
Manchester City Council - Chorlton,Chorlton Place,2018,October,43,Thursday,25 Oct 2018,14:00,168,158,326,168,158,326,No Group
Manchester City Council - Chorlton,Chorlton Place,2018,October,43,Thursday,25 Oct 2018,15:00,176,183,359,176,183,359,No Group
Manchester City Council - Chorlton,Chorlton Place,2018,October,43,Thursday,25 Oct 2018,16:00,145,129,274,145,129,274,No Group
Manchester City Council - Chorlton,Chorlton Place,2018,October,43,Thursday,25 Oct 2018,17:00,107,104,211,107,104,211,No Group
Manchester City Council - Chorlton,Chorlton Place,2018,October,43,Thursday,25 Oct 2018,18:00,126,90,216,126,90,216,No Group
Manchester City Council - Chorlton,Chorlton Place,2018,October,43,Thursday,25 Oct 2018,19:00,80,82,162,80,82,162,No Group
Manchester City Council - Chorlton,Chorlton Place,2018,October,43,Thursday,25 Oct 2018,20:00,39,40,79,39,40,79,No Group
Manchester City Council - Chorlton,Chorlton Place,2018,October,43,Thursday,25 Oct 2018,21:00,1,33,34,1,33,34,No Group
Manchester City Council - Chorlton,Chorlton Place,2018,October,43,Thursday,25 Oct 2018,22:00,17,37,54,17,37,54,No Group
Manchester City Council - Chorlton,Chorlton Place,2018,October,43,Thursday,25 Oct 2018,23:00,24,13,37,24,13,37,No Group
Manchester City Council - Chorlton,Chorlton Place,2018,October,43,Friday,26 Oct 2018,00:00,5,5,10,5,5,10,No Group
Manchester City Council - Chorlton,Chorlton Place,2018,October,43,Friday,26 Oct 2018,01:00,5,1,6,5,1,6,No Group
Manchester City Council - Chorlton,Chorlton Place,2018,October,43,Friday,26 Oct 2018,02:00,1,3,4,1,3,4,No Group
Manchester City Council - Chorlton,Chorlton Place,2018,October,43,Friday,26 Oct 2018,03:00,0,4,4,0,4,4,No Group
Manchester City Council - Chorlton,Chorlton Place,2018,October,43,Friday,26 Oct 2018,04:00,1,1,2,1,1,2,No Group
Manchester City Council - Chorlton,Chorlton Place,2018,October,43,Friday,26 Oct 2018,05:00,4,9,13,4,9,13,No Group
Manchester City Council - Chorlton,Chorlton Place,2018,October,43,Friday,26 Oct 2018,06:00,7,19,26,7,19,26,No Group
Manchester City Council - Chorlton,Chorlton Place,2018,October,43,Friday,26 Oct 2018,07:00,17,74,91,17,74,91,No Group
Manchester City Council - Chorlton,Chorlton Place,2018,October,43,Friday,26 Oct 2018,08:00,41,118,159,41,118,159,No Group
Manchester City Council - Chorlton,Chorlton Place,2018,October,43,Friday,26 Oct 2018,09:00,88,127,215,88,127,215,No Group
Manchester City Council - Chorlton,Chorlton Place,2018,October,43,Friday,26 Oct 2018,10:00,115,192,307,115,192,307,No Group
Manchester City Council - Chorlton,Chorlton Place,2018,October,43,Friday,26 Oct 2018,11:00,199,208,407,199,208,407,No Group
Manchester City Council - Chorlton,Chorlton Place,2018,October,43,Friday,26 Oct 2018,12:00,364,457,821,364,457,821,No Group
Manchester City Council - Chorlton,Chorlton Place,2018,October,43,Friday,26 Oct 2018,13:00,188,217,405,188,217,405,No Group
Manchester City Council - Chorlton,Chorlton Place,2018,October,43,Friday,26 Oct 2018,14:00,191,211,402,191,211,402,No Group
Manchester City Council - Chorlton,Chorlton Place,2018,October,43,Friday,26 Oct 2018,15:00,168,152,320,168,152,320,No Group
Manchester City Council - Chorlton,Chorlton Place,2018,October,43,Friday,26 Oct 2018,16:00,193,179,372,193,179,372,No Group
Manchester City Council - Chorlton,Chorlton Place,2018,October,43,Friday,26 Oct 2018,17:00,153,126,279,153,126,279,No Group
Manchester City Council - Chorlton,Chorlton Place,2018,October,43,Friday,26 Oct 2018,18:00,94,112,206,94,112,206,No Group
Manchester City Council - Chorlton,Chorlton Place,2018,October,43,Friday,26 Oct 2018,19:00,111,120,231,111,120,231,No Group
Manchester City Council - Chorlton,Chorlton Place,2018,October,43,Friday,26 Oct 2018,20:00,69,85,154,69,85,154,No Group
Manchester City Council - Chorlton,Chorlton Place,2018,October,43,Friday,26 Oct 2018,21:00,60,58,118,60,58,118,No Group
Manchester City Council - Chorlton,Chorlton Place,2018,October,43,Friday,26 Oct 2018,22:00,53,42,95,53,42,95,No Group
Manchester City Council - Chorlton,Chorlton Place,2018,October,43,Friday,26 Oct 2018,23:00,25,35,60,25,35,60,No Group
Manchester City Council - Chorlton,Chorlton Place,2018,October,43,Saturday,27 Oct 2018,00:00,25,57,82,25,57,82,No Group
Manchester City Council - Chorlton,Chorlton Place,2018,October,43,Saturday,27 Oct 2018,01:00,19,11,30,19,11,30,No Group
Manchester City Council - Chorlton,Chorlton Place,2018,October,43,Saturday,27 Oct 2018,02:00,7,3,10,7,3,10,No Group
Manchester City Council - Chorlton,Chorlton Place,2018,October,43,Saturday,27 Oct 2018,03:00,3,2,5,3,2,5,No Group
Manchester City Council - Chorlton,Chorlton Place,2018,October,43,Saturday,27 Oct 2018,04:00,22,19,41,22,19,41,No Group
Manchester City Council - Chorlton,Chorlton Place,2018,October,43,Saturday,27 Oct 2018,05:00,12,17,29,12,17,29,No Group
Manchester City Council - Chorlton,Chorlton Place,2018,October,43,Saturday,27 Oct 2018,06:00,6,13,19,6,13,19,No Group
Manchester City Council - Chorlton,Chorlton Place,2018,October,43,Saturday,27 Oct 2018,07:00,7,20,27,7,20,27,No Group
Manchester City Council - Chorlton,Chorlton Place,2018,October,43,Saturday,27 Oct 2018,08:00,29,48,77,29,48,77,No Group
Manchester City Council - Chorlton,Chorlton Place,2018,October,43,Saturday,27 Oct 2018,09:00,84,100,184,84,100,184,No Group
Manchester City Council - Chorlton,Chorlton Place,2018,October,43,Saturday,27 Oct 2018,10:00,150,205,355,150,205,355,No Group
Manchester City Council - Chorlton,Chorlton Place,2018,October,43,Saturday,27 Oct 2018,11:00,201,235,436,201,235,436,No Group
Manchester City Council - Chorlton,Chorlton Place,2018,October,43,Saturday,27 Oct 2018,12:00,239,275,514,239,275,514,No Group
Manchester City Council - Chorlton,Chorlton Place,2018,October,43,Saturday,27 Oct 2018,13:00,227,259,486,227,259,486,No Group
Manchester City Council - Chorlton,Chorlton Place,2018,October,43,Saturday,27 Oct 2018,14:00,239,253,492,239,253,492,No Group
Manchester City Council - Chorlton,Chorlton Place,2018,October,43,Saturday,27 Oct 2018,15:00,232,236,468,232,236,468,No Group
Manchester City Council - Chorlton,Chorlton Place,2018,October,43,Saturday,27 Oct 2018,16:00,152,161,313,152,161,313,No Group
Manchester City Council - Chorlton,Chorlton Place,2018,October,43,Saturday,27 Oct 2018,17:00,122,110,232,122,110,232,No Group
Manchester City Council - Chorlton,Chorlton Place,2018,October,43,Saturday,27 Oct 2018,18:00,80,86,166,80,86,166,No Group
Manchester City Council - Chorlton,Chorlton Place,2018,October,43,Saturday,27 Oct 2018,19:00,69,57,126,69,57,126,No Group
Manchester City Council - Chorlton,Chorlton Place,2018,October,43,Saturday,27 Oct 2018,20:00,68,61,129,68,61,129,No Group
Manchester City Council - Chorlton,Chorlton Place,2018,October,43,Saturday,27 Oct 2018,21:00,59,70,129,59,70,129,No Group
Manchester City Council - Chorlton,Chorlton Place,2018,October,43,Saturday,27 Oct 2018,22:00,40,47,87,40,47,87,No Group
Manchester City Council - Chorlton,Chorlton Place,2018,October,43,Saturday,27 Oct 2018,23:00,27,33,60,27,33,60,No Group
Manchester City Council - Chorlton,Chorlton Place,2018,October,43,Sunday,28 Oct 2018,00:00,43,59,102,43,59,102,No Group
Manchester City Council - Chorlton,Chorlton Place,2018,October,43,Sunday,28 Oct 2018,01:00,21,13,34,21,13,34,No Group
Manchester City Council - Chorlton,Chorlton Place,2018,October,43,Sunday,28 Oct 2018,02:00,6,2,8,6,2,8,No Group
Manchester City Council - Chorlton,Chorlton Place,2018,October,43,Sunday,28 Oct 2018,03:00,2,4,6,2,4,6,No Group
Manchester City Council - Chorlton,Chorlton Place,2018,October,43,Sunday,28 Oct 2018,04:00,2,2,4,2,2,4,No Group
Manchester City Council - Chorlton,Chorlton Place,2018,October,43,Sunday,28 Oct 2018,05:00,0,0,0,0,0,0,No Group
Manchester City Council - Chorlton,Chorlton Place,2018,October,43,Sunday,28 Oct 2018,06:00,5,5,10,5,5,10,No Group
Manchester City Council - Chorlton,Chorlton Place,2018,October,43,Sunday,28 Oct 2018,07:00,13,24,37,13,24,37,No Group
Manchester City Council - Chorlton,Chorlton Place,2018,October,43,Sunday,28 Oct 2018,08:00,15,25,40,15,25,40,No Group
Manchester City Council - Chorlton,Chorlton Place,2018,October,43,Sunday,28 Oct 2018,09:00,47,172,219,47,172,219,No Group
Manchester City Council - Chorlton,Chorlton Place,2018,October,43,Sunday,28 Oct 2018,10:00,90,223,313,90,223,313,No Group
Manchester City Council - Chorlton,Chorlton Place,2018,October,43,Sunday,28 Oct 2018,11:00,123,205,328,123,205,328,No Group
Manchester City Council - Chorlton,Chorlton Place,2018,October,43,Sunday,28 Oct 2018,12:00,139,153,292,139,153,292,No Group
Manchester City Council - Chorlton,Chorlton Place,2018,October,43,Sunday,28 Oct 2018,13:00,123,159,282,123,159,282,No Group
Manchester City Council - Chorlton,Chorlton Place,2018,October,43,Sunday,28 Oct 2018,14:00,137,129,266,137,129,266,No Group
Manchester City Council - Chorlton,Chorlton Place,2018,October,43,Sunday,28 Oct 2018,15:00,132,135,267,132,135,267,No Group
Manchester City Council - Chorlton,Chorlton Place,2018,October,43,Sunday,28 Oct 2018,16:00,67,71,138,67,71,138,No Group
Manchester City Council - Chorlton,Chorlton Place,2018,October,43,Sunday,28 Oct 2018,17:00,63,69,132,63,69,132,No Group
Manchester City Council - Chorlton,Chorlton Place,2018,October,43,Sunday,28 Oct 2018,18:00,67,88,155,67,88,155,No Group
Manchester City Council - Chorlton,Chorlton Place,2018,October,43,Sunday,28 Oct 2018,19:00,28,8,36,28,8,36,No Group
Manchester City Council - Chorlton,Chorlton Place,2018,October,43,Sunday,28 Oct 2018,20:00,48,20,68,48,20,68,No Group
Manchester City Council - Chorlton,Chorlton Place,2018,October,43,Sunday,28 Oct 2018,21:00,11,5,16,11,5,16,No Group
Manchester City Council - Chorlton,Chorlton Place,2018,October,43,Sunday,28 Oct 2018,22:00,13,12,25,13,12,25,No Group
Manchester City Council - Chorlton,Chorlton Place,2018,October,43,Sunday,28 Oct 2018,23:00,17,10,27,17,10,27,No Group
Manchester City Council - Chorlton,Chorlton Place,2018,November,44,Monday,29 Oct 2018,00:00,9,1,10,9,1,10,No Group
Manchester City Council - Chorlton,Chorlton Place,2018,November,44,Monday,29 Oct 2018,01:00,1,0,1,1,0,1,No Group
Manchester City Council - Chorlton,Chorlton Place,2018,November,44,Monday,29 Oct 2018,02:00,2,9,11,2,9,11,No Group
Manchester City Council - Chorlton,Chorlton Place,2018,November,44,Monday,29 Oct 2018,03:00,0,3,3,0,3,3,No Group
Manchester City Council - Chorlton,Chorlton Place,2018,November,44,Monday,29 Oct 2018,04:00,4,5,9,4,5,9,No Group
Manchester City Council - Chorlton,Chorlton Place,2018,November,44,Monday,29 Oct 2018,05:00,8,13,21,8,13,21,No Group
Manchester City Council - Chorlton,Chorlton Place,2018,November,44,Monday,29 Oct 2018,06:00,6,18,24,6,18,24,No Group
Manchester City Council - Chorlton,Chorlton Place,2018,November,44,Monday,29 Oct 2018,07:00,23,77,100,23,77,100,No Group
Manchester City Council - Chorlton,Chorlton Place,2018,November,44,Monday,29 Oct 2018,08:00,28,131,159,28,131,159,No Group
Manchester City Council - Chorlton,Chorlton Place,2018,November,44,Monday,29 Oct 2018,09:00,180,426,606,180,426,606,No Group
Manchester City Council - Chorlton,Chorlton Place,2018,November,44,Monday,29 Oct 2018,10:00,313,651,964,313,651,964,No Group
Manchester City Council - Chorlton,Chorlton Place,2018,November,44,Monday,29 Oct 2018,11:00,332,635,967,332,635,967,No Group
Manchester City Council - Chorlton,Chorlton Place,2018,November,44,Monday,29 Oct 2018,12:00,171,190,361,171,190,361,No Group
Manchester City Council - Chorlton,Chorlton Place,2018,November,44,Monday,29 Oct 2018,13:00,143,188,331,143,188,331,No Group
Manchester City Council - Chorlton,Chorlton Place,2018,November,44,Monday,29 Oct 2018,14:00,141,154,295,141,154,295,No Group
Manchester City Council - Chorlton,Chorlton Place,2018,November,44,Monday,29 Oct 2018,15:00,118,134,252,118,134,252,No Group
Manchester City Council - Chorlton,Chorlton Place,2018,November,44,Monday,29 Oct 2018,16:00,120,93,213,120,93,213,No Group
Manchester City Council - Chorlton,Chorlton Place,2018,November,44,Monday,29 Oct 2018,17:00,116,91,207,116,91,207,No Group
Manchester City Council - Chorlton,Chorlton Place,2018,November,44,Monday,29 Oct 2018,18:00,113,78,191,113,78,191,No Group
Manchester City Council - Chorlton,Chorlton Place,2018,November,44,Monday,29 Oct 2018,19:00,32,35,67,32,35,67,No Group
Manchester City Council - Chorlton,Chorlton Place,2018,November,44,Monday,29 Oct 2018,20:00,13,29,42,13,29,42,No Group
Manchester City Council - Chorlton,Chorlton Place,2018,November,44,Monday,29 Oct 2018,21:00,11,29,40,11,29,40,No Group
Manchester City Council - Chorlton,Chorlton Place,2018,November,44,Monday,29 Oct 2018,22:00,3,13,16,3,13,16,No Group
Manchester City Council - Chorlton,Chorlton Place,2018,November,44,Monday,29 Oct 2018,23:00,5,10,15,5,10,15,No Group
Manchester City Council - Chorlton,Chorlton Place,2018,November,44,Tuesday,30 Oct 2018,00:00,8,15,23,8,15,23,No Group
Manchester City Council - Chorlton,Chorlton Place,2018,November,44,Tuesday,30 Oct 2018,01:00,0,0,0,0,0,0,No Group
Manchester City Council - Chorlton,Chorlton Place,2018,November,44,Tuesday,30 Oct 2018,02:00,9,8,17,9,8,17,No Group
Manchester City Council - Chorlton,Chorlton Place,2018,November,44,Tuesday,30 Oct 2018,03:00,0,2,2,0,2,2,No Group
Manchester City Council - Chorlton,Chorlton Place,2018,November,44,Tuesday,30 Oct 2018,04:00,2,4,6,2,4,6,No Group
Manchester City Council - Chorlton,Chorlton Place,2018,November,44,Tuesday,30 Oct 2018,05:00,0,7,7,0,7,7,No Group
Manchester City Council - Chorlton,Chorlton Place,2018,November,44,Tuesday,30 Oct 2018,06:00,7,16,23,7,16,23,No Group
Manchester City Council - Chorlton,Chorlton Place,2018,November,44,Tuesday,30 Oct 2018,07:00,41,100,141,41,100,141,No Group
Manchester City Council - Chorlton,Chorlton Place,2018,November,44,Tuesday,30 Oct 2018,08:00,40,105,145,40,105,145,No Group
Manchester City Council - Chorlton,Chorlton Place,2018,November,44,Tuesday,30 Oct 2018,09:00,41,84,125,41,84,125,No Group
Manchester City Council - Chorlton,Chorlton Place,2018,November,44,Tuesday,30 Oct 2018,10:00,124,199,323,124,199,323,No Group
Manchester City Council - Chorlton,Chorlton Place,2018,November,44,Tuesday,30 Oct 2018,11:00,177,243,420,177,243,420,No Group
Manchester City Council - Chorlton,Chorlton Place,2018,November,44,Tuesday,30 Oct 2018,12:00,228,307,535,228,307,535,No Group
Manchester City Council - Chorlton,Chorlton Place,2018,November,44,Tuesday,30 Oct 2018,13:00,180,196,376,180,196,376,No Group
Manchester City Council - Chorlton,Chorlton Place,2018,November,44,Tuesday,30 Oct 2018,14:00,173,180,353,173,180,353,No Group
Manchester City Council - Chorlton,Chorlton Place,2018,November,44,Tuesday,30 Oct 2018,15:00,176,176,352,176,176,352,No Group
Manchester City Council - Chorlton,Chorlton Place,2018,November,44,Tuesday,30 Oct 2018,16:00,160,153,313,160,153,313,No Group
Manchester City Council - Chorlton,Chorlton Place,2018,November,44,Tuesday,30 Oct 2018,17:00,57,38,95,57,38,95,No Group
Manchester City Council - Chorlton,Chorlton Place,2018,November,44,Tuesday,30 Oct 2018,18:00,35,41,76,35,41,76,No Group
Manchester City Council - Chorlton,Chorlton Place,2018,November,44,Tuesday,30 Oct 2018,19:00,15,28,43,15,28,43,No Group
Manchester City Council - Chorlton,Chorlton Place,2018,November,44,Tuesday,30 Oct 2018,20:00,2,2,4,2,2,4,No Group
Manchester City Council - Chorlton,Chorlton Place,2018,November,44,Tuesday,30 Oct 2018,21:00,4,0,4,4,0,4,No Group
Manchester City Council - Chorlton,Chorlton Place,2018,November,44,Tuesday,30 Oct 2018,22:00,5,2,7,5,2,7,No Group
Manchester City Council - Chorlton,Chorlton Place,2018,November,44,Tuesday,30 Oct 2018,23:00,3,2,5,3,2,5,No Group
Manchester City Council - Chorlton,Chorlton Place,2018,November,44,Wednesday,31 Oct 2018,00:00,1,1,2,1,1,2,No Group
Manchester City Council - Chorlton,Chorlton Place,2018,November,44,Wednesday,31 Oct 2018,01:00,0,2,2,0,2,2,No Group
Manchester City Council - Chorlton,Chorlton Place,2018,November,44,Wednesday,31 Oct 2018,02:00,5,5,10,5,5,10,No Group
Manchester City Council - Chorlton,Chorlton Place,2018,November,44,Wednesday,31 Oct 2018,03:00,1,2,3,1,2,3,No Group
Manchester City Council - Chorlton,Chorlton Place,2018,November,44,Wednesday,31 Oct 2018,04:00,2,5,7,2,5,7,No Group
Manchester City Council - Chorlton,Chorlton Place,2018,November,44,Wednesday,31 Oct 2018,05:00,1,1,2,1,1,2,No Group
Manchester City Council - Chorlton,Chorlton Place,2018,November,44,Wednesday,31 Oct 2018,06:00,6,9,15,6,9,15,No Group
Manchester City Council - Chorlton,Chorlton Place,2018,November,44,Wednesday,31 Oct 2018,07:00,15,50,65,15,50,65,No Group
Manchester City Council - Chorlton,Chorlton Place,2018,November,44,Wednesday,31 Oct 2018,08:00,31,131,162,31,131,162,No Group
Manchester City Council - Chorlton,Chorlton Place,2018,November,44,Wednesday,31 Oct 2018,09:00,77,148,225,77,148,225,No Group
Manchester City Council - Chorlton,Chorlton Place,2018,November,44,Wednesday,31 Oct 2018,10:00,119,183,302,119,183,302,No Group
Manchester City Council - Chorlton,Chorlton Place,2018,November,44,Wednesday,31 Oct 2018,11:00,194,306,500,194,306,500,No Group
Manchester City Council - Chorlton,Chorlton Place,2018,November,44,Wednesday,31 Oct 2018,12:00,200,290,490,200,290,490,No Group
Manchester City Council - Chorlton,Chorlton Place,2018,November,44,Wednesday,31 Oct 2018,13:00,161,182,343,161,182,343,No Group
Manchester City Council - Chorlton,Chorlton Place,2018,November,44,Wednesday,31 Oct 2018,14:00,183,201,384,183,201,384,No Group
Manchester City Council - Chorlton,Chorlton Place,2018,November,44,Wednesday,31 Oct 2018,15:00,171,172,343,171,172,343,No Group
Manchester City Council - Chorlton,Chorlton Place,2018,November,44,Wednesday,31 Oct 2018,16:00,144,134,278,144,134,278,No Group
Manchester City Council - Chorlton,Chorlton Place,2018,November,44,Wednesday,31 Oct 2018,17:00,106,113,219,106,113,219,No Group
Manchester City Council - Chorlton,Chorlton Place,2018,November,44,Wednesday,31 Oct 2018,18:00,105,99,204,105,99,204,No Group
Manchester City Council - Chorlton,Chorlton Place,2018,November,44,Wednesday,31 Oct 2018,19:00,88,68,156,88,68,156,No Group
Manchester City Council - Chorlton,Chorlton Place,2018,November,44,Wednesday,31 Oct 2018,20:00,38,41,79,38,41,79,No Group
Manchester City Council - Chorlton,Chorlton Place,2018,November,44,Wednesday,31 Oct 2018,21:00,25,26,51,25,26,51,No Group
Manchester City Council - Chorlton,Chorlton Place,2018,November,44,Wednesday,31 Oct 2018,22:00,19,15,34,19,15,34,No Group
Manchester City Council - Chorlton,Chorlton Place,2018,November,44,Wednesday,31 Oct 2018,23:00,22,13,35,22,13,35,No Group
Manchester City Council - Chorlton,Chorlton Place,2018,November,44,Thursday,01 Nov 2018,00:00,4,1,5,4,1,5,No Group
Manchester City Council - Chorlton,Chorlton Place,2018,November,44,Thursday,01 Nov 2018,01:00,3,1,4,3,1,4,No Group
Manchester City Council - Chorlton,Chorlton Place,2018,November,44,Thursday,01 Nov 2018,02:00,1,2,3,1,2,3,No Group
Manchester City Council - Chorlton,Chorlton Place,2018,November,44,Thursday,01 Nov 2018,03:00,0,3,3,0,3,3,No Group
Manchester City Council - Chorlton,Chorlton Place,2018,November,44,Thursday,01 Nov 2018,04:00,0,3,3,0,3,3,No Group
Manchester City Council - Chorlton,Chorlton Place,2018,November,44,Thursday,01 Nov 2018,05:00,0,6,6,0,6,6,No Group
Manchester City Council - Chorlton,Chorlton Place,2018,November,44,Thursday,01 Nov 2018,06:00,13,37,50,13,37,50,No Group
Manchester City Council - Chorlton,Chorlton Place,2018,November,44,Thursday,01 Nov 2018,07:00,54,111,165,54,111,165,No Group
Manchester City Council - Chorlton,Chorlton Place,2018,November,44,Thursday,01 Nov 2018,08:00,42,140,182,42,140,182,No Group
Manchester City Council - Chorlton,Chorlton Place,2018,November,44,Thursday,01 Nov 2018,09:00,128,162,290,128,162,290,No Group
Manchester City Council - Chorlton,Chorlton Place,2018,November,44,Thursday,01 Nov 2018,10:00,120,164,284,120,164,284,No Group
Manchester City Council - Chorlton,Chorlton Place,2018,November,44,Thursday,01 Nov 2018,11:00,163,297,460,163,297,460,No Group
Manchester City Council - Chorlton,Chorlton Place,2018,November,44,Thursday,01 Nov 2018,12:00,174,184,358,174,184,358,No Group
Manchester City Council - Chorlton,Chorlton Place,2018,November,44,Thursday,01 Nov 2018,13:00,159,194,353,159,194,353,No Group
Manchester City Council - Chorlton,Chorlton Place,2018,November,44,Thursday,01 Nov 2018,14:00,147,157,304,147,157,304,No Group
Manchester City Council - Chorlton,Chorlton Place,2018,November,44,Thursday,01 Nov 2018,15:00,139,160,299,139,160,299,No Group
Manchester City Council - Chorlton,Chorlton Place,2018,November,44,Thursday,01 Nov 2018,16:00,131,128,259,131,128,259,No Group
Manchester City Council - Chorlton,Chorlton Place,2018,November,44,Thursday,01 Nov 2018,17:00,101,77,178,101,77,178,No Group
Manchester City Council - Chorlton,Chorlton Place,2018,November,44,Thursday,01 Nov 2018,18:00,104,78,182,104,78,182,No Group
Manchester City Council - Chorlton,Chorlton Place,2018,November,44,Thursday,01 Nov 2018,19:00,73,63,136,73,63,136,No Group
Manchester City Council - Chorlton,Chorlton Place,2018,November,44,Thursday,01 Nov 2018,20:00,46,45,91,46,45,91,No Group
Manchester City Council - Chorlton,Chorlton Place,2018,November,44,Thursday,01 Nov 2018,21:00,29,43,72,29,43,72,No Group
Manchester City Council - Chorlton,Chorlton Place,2018,November,44,Thursday,01 Nov 2018,22:00,30,18,48,30,18,48,No Group
Manchester City Council - Chorlton,Chorlton Place,2018,November,44,Thursday,01 Nov 2018,23:00,25,11,36,25,11,36,No Group
Manchester City Council - Chorlton,Chorlton Place,2018,November,44,Friday,02 Nov 2018,00:00,6,8,14,6,8,14,No Group
Manchester City Council - Chorlton,Chorlton Place,2018,November,44,Friday,02 Nov 2018,01:00,8,6,14,8,6,14,No Group
Manchester City Council - Chorlton,Chorlton Place,2018,November,44,Friday,02 Nov 2018,02:00,0,0,0,0,0,0,No Group
Manchester City Council - Chorlton,Chorlton Place,2018,November,44,Friday,02 Nov 2018,03:00,0,2,2,0,2,2,No Group
Manchester City Council - Chorlton,Chorlton Place,2018,November,44,Friday,02 Nov 2018,04:00,0,4,4,0,4,4,No Group
Manchester City Council - Chorlton,Chorlton Place,2018,November,44,Friday,02 Nov 2018,05:00,2,5,7,2,5,7,No Group
Manchester City Council - Chorlton,Chorlton Place,2018,November,44,Friday,02 Nov 2018,06:00,6,15,21,6,15,21,No Group
Manchester City Council - Chorlton,Chorlton Place,2018,November,44,Friday,02 Nov 2018,07:00,32,92,124,32,92,124,No Group
Manchester City Council - Chorlton,Chorlton Place,2018,November,44,Friday,02 Nov 2018,08:00,36,132,168,36,132,168,No Group
Manchester City Council - Chorlton,Chorlton Place,2018,November,44,Friday,02 Nov 2018,09:00,165,408,573,165,408,573,No Group
Manchester City Council - Chorlton,Chorlton Place,2018,November,44,Friday,02 Nov 2018,10:00,222,557,779,222,557,779,No Group
Manchester City Council - Chorlton,Chorlton Place,2018,November,44,Friday,02 Nov 2018,11:00,352,654,1006,352,654,1006,No Group
Manchester City Council - Chorlton,Chorlton Place,2018,November,44,Friday,02 Nov 2018,12:00,183,199,382,183,199,382,No Group
Manchester City Council - Chorlton,Chorlton Place,2018,November,44,Friday,02 Nov 2018,13:00,204,239,443,204,239,443,No Group
Manchester City Council - Chorlton,Chorlton Place,2018,November,44,Friday,02 Nov 2018,14:00,205,190,395,205,190,395,No Group
Manchester City Council - Chorlton,Chorlton Place,2018,November,44,Friday,02 Nov 2018,15:00,187,219,406,187,219,406,No Group
Manchester City Council - Chorlton,Chorlton Place,2018,November,44,Friday,02 Nov 2018,16:00,192,192,384,192,192,384,No Group
Manchester City Council - Chorlton,Chorlton Place,2018,November,44,Friday,02 Nov 2018,17:00,131,139,270,131,139,270,No Group
Manchester City Council - Chorlton,Chorlton Place,2018,November,44,Friday,02 Nov 2018,18:00,99,86,185,99,86,185,No Group
Manchester City Council - Chorlton,Chorlton Place,2018,November,44,Friday,02 Nov 2018,19:00,96,92,188,96,92,188,No Group
Manchester City Council - Chorlton,Chorlton Place,2018,November,44,Friday,02 Nov 2018,20:00,69,64,133,69,64,133,No Group
Manchester City Council - Chorlton,Chorlton Place,2018,November,44,Friday,02 Nov 2018,21:00,62,67,129,62,67,129,No Group
Manchester City Council - Chorlton,Chorlton Place,2018,November,44,Friday,02 Nov 2018,22:00,45,52,97,45,52,97,No Group
Manchester City Council - Chorlton,Chorlton Place,2018,November,44,Friday,02 Nov 2018,23:00,33,24,57,33,24,57,No Group
Manchester City Council - Chorlton,Chorlton Place,2018,November,44,Saturday,03 Nov 2018,00:00,30,28,58,30,28,58,No Group
Manchester City Council - Chorlton,Chorlton Place,2018,November,44,Saturday,03 Nov 2018,01:00,6,7,13,6,7,13,No Group
Manchester City Council - Chorlton,Chorlton Place,2018,November,44,Saturday,03 Nov 2018,02:00,5,2,7,5,2,7,No Group
Manchester City Council - Chorlton,Chorlton Place,2018,November,44,Saturday,03 Nov 2018,03:00,5,5,10,5,5,10,No Group
Manchester City Council - Chorlton,Chorlton Place,2018,November,44,Saturday,03 Nov 2018,04:00,1,0,1,1,0,1,No Group
Manchester City Council - Chorlton,Chorlton Place,2018,November,44,Saturday,03 Nov 2018,05:00,1,4,5,1,4,5,No Group
Manchester City Council - Chorlton,Chorlton Place,2018,November,44,Saturday,03 Nov 2018,06:00,2,9,11,2,9,11,No Group
Manchester City Council - Chorlton,Chorlton Place,2018,November,44,Saturday,03 Nov 2018,07:00,13,25,38,13,25,38,No Group
Manchester City Council - Chorlton,Chorlton Place,2018,November,44,Saturday,03 Nov 2018,08:00,39,59,98,39,59,98,No Group
Manchester City Council - Chorlton,Chorlton Place,2018,November,44,Saturday,03 Nov 2018,09:00,141,223,364,141,223,364,No Group
Manchester City Council - Chorlton,Chorlton Place,2018,November,44,Saturday,03 Nov 2018,10:00,195,237,432,195,237,432,No Group
Manchester City Council - Chorlton,Chorlton Place,2018,November,44,Saturday,03 Nov 2018,11:00,245,300,545,245,300,545,No Group
Manchester City Council - Chorlton,Chorlton Place,2018,November,44,Saturday,03 Nov 2018,12:00,282,282,564,282,282,564,No Group
Manchester City Council - Chorlton,Chorlton Place,2018,November,44,Saturday,03 Nov 2018,13:00,234,281,515,234,281,515,No Group
Manchester City Council - Chorlton,Chorlton Place,2018,November,44,Saturday,03 Nov 2018,14:00,275,318,593,275,318,593,No Group
Manchester City Council - Chorlton,Chorlton Place,2018,November,44,Saturday,03 Nov 2018,15:00,250,268,518,250,268,518,No Group
Manchester City Council - Chorlton,Chorlton Place,2018,November,44,Saturday,03 Nov 2018,16:00,146,181,327,146,181,327,No Group
Manchester City Council - Chorlton,Chorlton Place,2018,November,44,Saturday,03 Nov 2018,17:00,115,127,242,115,127,242,No Group
Manchester City Council - Chorlton,Chorlton Place,2018,November,44,Saturday,03 Nov 2018,18:00,87,75,162,87,75,162,No Group
Manchester City Council - Chorlton,Chorlton Place,2018,November,44,Saturday,03 Nov 2018,19:00,81,69,150,81,69,150,No Group
Manchester City Council - Chorlton,Chorlton Place,2018,November,44,Saturday,03 Nov 2018,20:00,52,67,119,52,67,119,No Group
Manchester City Council - Chorlton,Chorlton Place,2018,November,44,Saturday,03 Nov 2018,21:00,47,57,104,47,57,104,No Group
Manchester City Council - Chorlton,Chorlton Place,2018,November,44,Saturday,03 Nov 2018,22:00,27,56,83,27,56,83,No Group
Manchester City Council - Chorlton,Chorlton Place,2018,November,44,Saturday,03 Nov 2018,23:00,44,53,97,44,53,97,No Group
Manchester City Council - Chorlton,Chorlton Place,2018,November,44,Sunday,04 Nov 2018,00:00,21,18,39,21,18,39,No Group
Manchester City Council - Chorlton,Chorlton Place,2018,November,44,Sunday,04 Nov 2018,01:00,11,6,17,11,6,17,No Group
Manchester City Council - Chorlton,Chorlton Place,2018,November,44,Sunday,04 Nov 2018,02:00,7,2,9,7,2,9,No Group
Manchester City Council - Chorlton,Chorlton Place,2018,November,44,Sunday,04 Nov 2018,03:00,1,1,2,1,1,2,No Group
Manchester City Council - Chorlton,Chorlton Place,2018,November,44,Sunday,04 Nov 2018,04:00,0,1,1,0,1,1,No Group
Manchester City Council - Chorlton,Chorlton Place,2018,November,44,Sunday,04 Nov 2018,05:00,0,1,1,0,1,1,No Group
Manchester City Council - Chorlton,Chorlton Place,2018,November,44,Sunday,04 Nov 2018,06:00,9,6,15,9,6,15,No Group
Manchester City Council - Chorlton,Chorlton Place,2018,November,44,Sunday,04 Nov 2018,07:00,8,7,15,8,7,15,No Group
Manchester City Council - Chorlton,Chorlton Place,2018,November,44,Sunday,04 Nov 2018,08:00,24,31,55,24,31,55,No Group
Manchester City Council - Chorlton,Chorlton Place,2018,November,44,Sunday,04 Nov 2018,09:00,34,40,74,34,40,74,No Group
Manchester City Council - Chorlton,Chorlton Place,2018,November,44,Sunday,04 Nov 2018,10:00,68,82,150,68,82,150,No Group
Manchester City Council - Chorlton,Chorlton Place,2018,November,44,Sunday,04 Nov 2018,11:00,99,119,218,99,119,218,No Group
Manchester City Council - Chorlton,Chorlton Place,2018,November,44,Sunday,04 Nov 2018,12:00,137,138,275,137,138,275,No Group
Manchester City Council - Chorlton,Chorlton Place,2018,November,44,Sunday,04 Nov 2018,13:00,117,156,273,117,156,273,No Group
Manchester City Council - Chorlton,Chorlton Place,2018,November,44,Sunday,04 Nov 2018,14:00,110,138,248,110,138,248,No Group
Manchester City Council - Chorlton,Chorlton Place,2018,November,44,Sunday,04 Nov 2018,15:00,113,131,244,113,131,244,No Group
Manchester City Council - Chorlton,Chorlton Place,2018,November,44,Sunday,04 Nov 2018,16:00,92,97,189,92,97,189,No Group
Manchester City Council - Chorlton,Chorlton Place,2018,November,44,Sunday,04 Nov 2018,17:00,75,60,135,75,60,135,No Group
Manchester City Council - Chorlton,Chorlton Place,2018,November,44,Sunday,04 Nov 2018,18:00,45,48,93,45,48,93,No Group
Manchester City Council - Chorlton,Chorlton Place,2018,November,44,Sunday,04 Nov 2018,19:00,33,34,67,33,34,67,No Group
Manchester City Council - Chorlton,Chorlton Place,2018,November,44,Sunday,04 Nov 2018,20:00,20,40,60,20,40,60,No Group
Manchester City Council - Chorlton,Chorlton Place,2018,November,44,Sunday,04 Nov 2018,21:00,25,38,63,25,38,63,No Group
Manchester City Council - Chorlton,Chorlton Place,2018,November,44,Sunday,04 Nov 2018,22:00,8,25,33,8,25,33,No Group
Manchester City Council - Chorlton,Chorlton Place,2018,November,44,Sunday,04 Nov 2018,23:00,13,8,21,13,8,21,No Group
Manchester City Council - Chorlton,Chorlton Place,2018,November,45,Monday,05 Nov 2018,00:00,9,10,19,9,10,19,No Group
Manchester City Council - Chorlton,Chorlton Place,2018,November,45,Monday,05 Nov 2018,01:00,11,9,20,11,9,20,No Group
Manchester City Council - Chorlton,Chorlton Place,2018,November,45,Monday,05 Nov 2018,02:00,6,6,12,6,6,12,No Group
Manchester City Council - Chorlton,Chorlton Place,2018,November,45,Monday,05 Nov 2018,03:00,0,3,3,0,3,3,No Group
Manchester City Council - Chorlton,Chorlton Place,2018,November,45,Monday,05 Nov 2018,04:00,8,7,15,8,7,15,No Group
Manchester City Council - Chorlton,Chorlton Place,2018,November,45,Monday,05 Nov 2018,05:00,3,6,9,3,6,9,No Group
Manchester City Council - Chorlton,Chorlton Place,2018,November,45,Monday,05 Nov 2018,06:00,4,17,21,4,17,21,No Group
Manchester City Council - Chorlton,Chorlton Place,2018,November,45,Monday,05 Nov 2018,07:00,36,84,120,36,84,120,No Group
Manchester City Council - Chorlton,Chorlton Place,2018,November,45,Monday,05 Nov 2018,08:00,33,118,151,33,118,151,No Group
Manchester City Council - Chorlton,Chorlton Place,2018,November,45,Monday,05 Nov 2018,09:00,102,138,240,102,138,240,No Group
Manchester City Council - Chorlton,Chorlton Place,2018,November,45,Monday,05 Nov 2018,10:00,131,149,280,131,149,280,No Group
Manchester City Council - Chorlton,Chorlton Place,2018,November,45,Monday,05 Nov 2018,11:00,121,152,273,121,152,273,No Group
Manchester City Council - Chorlton,Chorlton Place,2018,November,45,Monday,05 Nov 2018,12:00,142,138,280,142,138,280,No Group
Manchester City Council - Chorlton,Chorlton Place,2018,November,45,Monday,05 Nov 2018,13:00,142,151,293,142,151,293,No Group
Manchester City Council - Chorlton,Chorlton Place,2018,November,45,Monday,05 Nov 2018,14:00,137,180,317,137,180,317,No Group
Manchester City Council - Chorlton,Chorlton Place,2018,November,45,Monday,05 Nov 2018,15:00,132,148,280,132,148,280,No Group
Manchester City Council - Chorlton,Chorlton Place,2018,November,45,Monday,05 Nov 2018,16:00,126,131,257,126,131,257,No Group
Manchester City Council - Chorlton,Chorlton Place,2018,November,45,Monday,05 Nov 2018,17:00,134,87,221,134,87,221,No Group
Manchester City Council - Chorlton,Chorlton Place,2018,November,45,Monday,05 Nov 2018,18:00,101,67,168,101,67,168,No Group
Manchester City Council - Chorlton,Chorlton Place,2018,November,45,Monday,05 Nov 2018,19:00,66,51,117,66,51,117,No Group
Manchester City Council - Chorlton,Chorlton Place,2018,November,45,Monday,05 Nov 2018,20:00,48,33,81,48,33,81,No Group
Manchester City Council - Chorlton,Chorlton Place,2018,November,45,Monday,05 Nov 2018,21:00,23,32,55,23,32,55,No Group
Manchester City Council - Chorlton,Chorlton Place,2018,November,45,Monday,05 Nov 2018,22:00,20,20,40,20,20,40,No Group
Manchester City Council - Chorlton,Chorlton Place,2018,November,45,Monday,05 Nov 2018,23:00,11,7,18,11,7,18,No Group
Manchester City Council - Chorlton,Chorlton Place,2018,November,45,Tuesday,06 Nov 2018,00:00,4,2,6,4,2,6,No Group
Manchester City Council - Chorlton,Chorlton Place,2018,November,45,Tuesday,06 Nov 2018,01:00,4,2,6,4,2,6,No Group
Manchester City Council - Chorlton,Chorlton Place,2018,November,45,Tuesday,06 Nov 2018,02:00,5,8,13,5,8,13,No Group
Manchester City Council - Chorlton,Chorlton Place,2018,November,45,Tuesday,06 Nov 2018,03:00,0,2,2,0,2,2,No Group
Manchester City Council - Chorlton,Chorlton Place,2018,November,45,Tuesday,06 Nov 2018,04:00,3,5,8,3,5,8,No Group
Manchester City Council - Chorlton,Chorlton Place,2018,November,45,Tuesday,06 Nov 2018,05:00,2,2,4,2,2,4,No Group
Manchester City Council - Chorlton,Chorlton Place,2018,November,45,Tuesday,06 Nov 2018,06:00,5,20,25,5,20,25,No Group
Manchester City Council - Chorlton,Chorlton Place,2018,November,45,Tuesday,06 Nov 2018,07:00,36,103,139,36,103,139,No Group
Manchester City Council - Chorlton,Chorlton Place,2018,November,45,Tuesday,06 Nov 2018,08:00,42,107,149,42,107,149,No Group
Manchester City Council - Chorlton,Chorlton Place,2018,November,45,Tuesday,06 Nov 2018,09:00,105,204,309,105,204,309,No Group
Manchester City Council - Chorlton,Chorlton Place,2018,November,45,Tuesday,06 Nov 2018,10:00,152,191,343,152,191,343,No Group
Manchester City Council - Chorlton,Chorlton Place,2018,November,45,Tuesday,06 Nov 2018,11:00,140,144,284,140,144,284,No Group
Manchester City Council - Chorlton,Chorlton Place,2018,November,45,Tuesday,06 Nov 2018,12:00,151,188,339,151,188,339,No Group
Manchester City Council - Chorlton,Chorlton Place,2018,November,45,Tuesday,06 Nov 2018,13:00,142,154,296,142,154,296,No Group
Manchester City Council - Chorlton,Chorlton Place,2018,November,45,Tuesday,06 Nov 2018,14:00,151,149,300,151,149,300,No Group
Manchester City Council - Chorlton,Chorlton Place,2018,November,45,Tuesday,06 Nov 2018,15:00,144,158,302,144,158,302,No Group
Manchester City Council - Chorlton,Chorlton Place,2018,November,45,Tuesday,06 Nov 2018,16:00,137,137,274,137,137,274,No Group
Manchester City Council - Chorlton,Chorlton Place,2018,November,45,Tuesday,06 Nov 2018,17:00,129,104,233,129,104,233,No Group
Manchester City Council - Chorlton,Chorlton Place,2018,November,45,Tuesday,06 Nov 2018,18:00,107,67,174,107,67,174,No Group
Manchester City Council - Chorlton,Chorlton Place,2018,November,45,Tuesday,06 Nov 2018,19:00,70,59,129,70,59,129,No Group
Manchester City Council - Chorlton,Chorlton Place,2018,November,45,Tuesday,06 Nov 2018,20:00,43,43,86,43,43,86,No Group
Manchester City Council - Chorlton,Chorlton Place,2018,November,45,Tuesday,06 Nov 2018,21:00,33,34,67,33,34,67,No Group
Manchester City Council - Chorlton,Chorlton Place,2018,November,45,Tuesday,06 Nov 2018,22:00,27,22,49,27,22,49,No Group
Manchester City Council - Chorlton,Chorlton Place,2018,November,45,Tuesday,06 Nov 2018,23:00,15,16,31,15,16,31,No Group
Manchester City Council - Chorlton,Chorlton Place,2018,November,45,Wednesday,07 Nov 2018,00:00,6,8,14,6,8,14,No Group
Manchester City Council - Chorlton,Chorlton Place,2018,November,45,Wednesday,07 Nov 2018,01:00,1,0,1,1,0,1,No Group
Manchester City Council - Chorlton,Chorlton Place,2018,November,45,Wednesday,07 Nov 2018,02:00,1,0,1,1,0,1,No Group
Manchester City Council - Chorlton,Chorlton Place,2018,November,45,Wednesday,07 Nov 2018,03:00,0,4,4,0,4,4,No Group
Manchester City Council - Chorlton,Chorlton Place,2018,November,45,Wednesday,07 Nov 2018,04:00,1,9,10,1,9,10,No Group
Manchester City Council - Chorlton,Chorlton Place,2018,November,45,Wednesday,07 Nov 2018,05:00,1,5,6,1,5,6,No Group
Manchester City Council - Chorlton,Chorlton Place,2018,November,45,Wednesday,07 Nov 2018,06:00,3,23,26,3,23,26,No Group
Manchester City Council - Chorlton,Chorlton Place,2018,November,45,Wednesday,07 Nov 2018,07:00,38,108,146,38,108,146,No Group
Manchester City Council - Chorlton,Chorlton Place,2018,November,45,Wednesday,07 Nov 2018,08:00,52,145,197,52,145,197,No Group
Manchester City Council - Chorlton,Chorlton Place,2018,November,45,Wednesday,07 Nov 2018,09:00,88,173,261,88,173,261,No Group
Manchester City Council - Chorlton,Chorlton Place,2018,November,45,Wednesday,07 Nov 2018,10:00,153,141,294,153,141,294,No Group
Manchester City Council - Chorlton,Chorlton Place,2018,November,45,Wednesday,07 Nov 2018,11:00,237,262,499,237,262,499,No Group
Manchester City Council - Chorlton,Chorlton Place,2018,November,45,Wednesday,07 Nov 2018,12:00,253,201,454,253,201,454,No Group
Manchester City Council - Chorlton,Chorlton Place,2018,November,45,Wednesday,07 Nov 2018,13:00,148,176,324,148,176,324,No Group
Manchester City Council - Chorlton,Chorlton Place,2018,November,45,Wednesday,07 Nov 2018,14:00,148,146,294,148,146,294,No Group
Manchester City Council - Chorlton,Chorlton Place,2018,November,45,Wednesday,07 Nov 2018,15:00,136,145,281,136,145,281,No Group
Manchester City Council - Chorlton,Chorlton Place,2018,November,45,Wednesday,07 Nov 2018,16:00,146,137,283,146,137,283,No Group
Manchester City Council - Chorlton,Chorlton Place,2018,November,45,Wednesday,07 Nov 2018,17:00,108,112,220,108,112,220,No Group
Manchester City Council - Chorlton,Chorlton Place,2018,November,45,Wednesday,07 Nov 2018,18:00,103,99,202,103,99,202,No Group
Manchester City Council - Chorlton,Chorlton Place,2018,November,45,Wednesday,07 Nov 2018,19:00,86,68,154,86,68,154,No Group
Manchester City Council - Chorlton,Chorlton Place,2018,November,45,Wednesday,07 Nov 2018,20:00,78,39,117,78,39,117,No Group
Manchester City Council - Chorlton,Chorlton Place,2018,November,45,Wednesday,07 Nov 2018,21:00,33,33,66,33,33,66,No Group
Manchester City Council - Chorlton,Chorlton Place,2018,November,45,Wednesday,07 Nov 2018,22:00,3,3,6,3,3,6,No Group
Manchester City Council - Chorlton,Chorlton Place,2018,November,45,Wednesday,07 Nov 2018,23:00,0,2,2,0,2,2,No Group
Manchester City Council - Chorlton,Chorlton Place,2018,November,45,Thursday,08 Nov 2018,00:00,1,1,2,1,1,2,No Group
Manchester City Council - Chorlton,Chorlton Place,2018,November,45,Thursday,08 Nov 2018,01:00,0,0,0,0,0,0,No Group
Manchester City Council - Chorlton,Chorlton Place,2018,November,45,Thursday,08 Nov 2018,02:00,0,0,0,0,0,0,No Group
Manchester City Council - Chorlton,Chorlton Place,2018,November,45,Thursday,08 Nov 2018,03:00,1,3,4,1,3,4,No Group
Manchester City Council - Chorlton,Chorlton Place,2018,November,45,Thursday,08 Nov 2018,04:00,1,1,2,1,1,2,No Group
Manchester City Council - Chorlton,Chorlton Place,2018,November,45,Thursday,08 Nov 2018,05:00,0,6,6,0,6,6,No Group
Manchester City Council - Chorlton,Chorlton Place,2018,November,45,Thursday,08 Nov 2018,06:00,8,10,18,8,10,18,No Group
Manchester City Council - Chorlton,Chorlton Place,2018,November,45,Thursday,08 Nov 2018,07:00,38,109,147,38,109,147,No Group
Manchester City Council - Chorlton,Chorlton Place,2018,November,45,Thursday,08 Nov 2018,08:00,42,137,179,42,137,179,No Group
Manchester City Council - Chorlton,Chorlton Place,2018,November,45,Thursday,08 Nov 2018,09:00,98,159,257,98,159,257,No Group
Manchester City Council - Chorlton,Chorlton Place,2018,November,45,Thursday,08 Nov 2018,10:00,130,148,278,130,148,278,No Group
Manchester City Council - Chorlton,Chorlton Place,2018,November,45,Thursday,08 Nov 2018,11:00,160,142,302,160,142,302,No Group
Manchester City Council - Chorlton,Chorlton Place,2018,November,45,Thursday,08 Nov 2018,12:00,166,225,391,166,225,391,No Group
Manchester City Council - Chorlton,Chorlton Place,2018,November,45,Thursday,08 Nov 2018,13:00,264,327,591,264,327,591,No Group
Manchester City Council - Chorlton,Chorlton Place,2018,November,45,Thursday,08 Nov 2018,14:00,157,164,321,157,164,321,No Group
Manchester City Council - Chorlton,Chorlton Place,2018,November,45,Thursday,08 Nov 2018,15:00,159,157,316,159,157,316,No Group
Manchester City Council - Chorlton,Chorlton Place,2018,November,45,Thursday,08 Nov 2018,16:00,140,134,274,140,134,274,No Group
Manchester City Council - Chorlton,Chorlton Place,2018,November,45,Thursday,08 Nov 2018,17:00,133,92,225,133,92,225,No Group
Manchester City Council - Chorlton,Chorlton Place,2018,November,45,Thursday,08 Nov 2018,18:00,113,76,189,113,76,189,No Group
Manchester City Council - Chorlton,Chorlton Place,2018,November,45,Thursday,08 Nov 2018,19:00,76,76,152,76,76,152,No Group
Manchester City Council - Chorlton,Chorlton Place,2018,November,45,Thursday,08 Nov 2018,20:00,47,42,89,47,42,89,No Group
Manchester City Council - Chorlton,Chorlton Place,2018,November,45,Thursday,08 Nov 2018,21:00,32,46,78,32,46,78,No Group
Manchester City Council - Chorlton,Chorlton Place,2018,November,45,Thursday,08 Nov 2018,22:00,33,19,52,33,19,52,No Group
Manchester City Council - Chorlton,Chorlton Place,2018,November,45,Thursday,08 Nov 2018,23:00,18,17,35,18,17,35,No Group
Manchester City Council - Chorlton,Chorlton Place,2018,November,45,Friday,09 Nov 2018,00:00,4,3,7,4,3,7,No Group
Manchester City Council - Chorlton,Chorlton Place,2018,November,45,Friday,09 Nov 2018,01:00,11,6,17,11,6,17,No Group
Manchester City Council - Chorlton,Chorlton Place,2018,November,45,Friday,09 Nov 2018,02:00,2,1,3,2,1,3,No Group
Manchester City Council - Chorlton,Chorlton Place,2018,November,45,Friday,09 Nov 2018,03:00,0,6,6,0,6,6,No Group
Manchester City Council - Chorlton,Chorlton Place,2018,November,45,Friday,09 Nov 2018,04:00,8,2,10,8,2,10,No Group
Manchester City Council - Chorlton,Chorlton Place,2018,November,45,Friday,09 Nov 2018,05:00,4,6,10,4,6,10,No Group
Manchester City Council - Chorlton,Chorlton Place,2018,November,45,Friday,09 Nov 2018,06:00,5,14,19,5,14,19,No Group
Manchester City Council - Chorlton,Chorlton Place,2018,November,45,Friday,09 Nov 2018,07:00,23,89,112,23,89,112,No Group
Manchester City Council - Chorlton,Chorlton Place,2018,November,45,Friday,09 Nov 2018,08:00,35,121,156,35,121,156,No Group
Manchester City Council - Chorlton,Chorlton Place,2018,November,45,Friday,09 Nov 2018,09:00,96,148,244,96,148,244,No Group
Manchester City Council - Chorlton,Chorlton Place,2018,November,45,Friday,09 Nov 2018,10:00,138,168,306,138,168,306,No Group
Manchester City Council - Chorlton,Chorlton Place,2018,November,45,Friday,09 Nov 2018,11:00,186,173,359,186,173,359,No Group
Manchester City Council - Chorlton,Chorlton Place,2018,November,45,Friday,09 Nov 2018,12:00,174,180,354,174,180,354,No Group
Manchester City Council - Chorlton,Chorlton Place,2018,November,45,Friday,09 Nov 2018,13:00,176,188,364,176,188,364,No Group
Manchester City Council - Chorlton,Chorlton Place,2018,November,45,Friday,09 Nov 2018,14:00,174,167,341,174,167,341,No Group
Manchester City Council - Chorlton,Chorlton Place,2018,November,45,Friday,09 Nov 2018,15:00,170,178,348,170,178,348,No Group
Manchester City Council - Chorlton,Chorlton Place,2018,November,45,Friday,09 Nov 2018,16:00,154,147,301,154,147,301,No Group
Manchester City Council - Chorlton,Chorlton Place,2018,November,45,Friday,09 Nov 2018,17:00,110,97,207,110,97,207,No Group
Manchester City Council - Chorlton,Chorlton Place,2018,November,45,Friday,09 Nov 2018,18:00,73,83,156,73,83,156,No Group
Manchester City Council - Chorlton,Chorlton Place,2018,November,45,Friday,09 Nov 2018,19:00,45,57,102,45,57,102,No Group
Manchester City Council - Chorlton,Chorlton Place,2018,November,45,Friday,09 Nov 2018,20:00,44,63,107,44,63,107,No Group
Manchester City Council - Chorlton,Chorlton Place,2018,November,45,Friday,09 Nov 2018,21:00,38,69,107,38,69,107,No Group
Manchester City Council - Chorlton,Chorlton Place,2018,November,45,Friday,09 Nov 2018,22:00,29,67,96,29,67,96,No Group
Manchester City Council - Chorlton,Chorlton Place,2018,November,45,Friday,09 Nov 2018,23:00,17,18,35,17,18,35,No Group
Manchester City Council - Chorlton,Chorlton Place,2018,November,45,Saturday,10 Nov 2018,00:00,10,17,27,10,17,27,No Group
Manchester City Council - Chorlton,Chorlton Place,2018,November,45,Saturday,10 Nov 2018,01:00,15,5,20,15,5,20,No Group
Manchester City Council - Chorlton,Chorlton Place,2018,November,45,Saturday,10 Nov 2018,02:00,2,0,2,2,0,2,No Group
Manchester City Council - Chorlton,Chorlton Place,2018,November,45,Saturday,10 Nov 2018,03:00,0,2,2,0,2,2,No Group
Manchester City Council - Chorlton,Chorlton Place,2018,November,45,Saturday,10 Nov 2018,04:00,1,1,2,1,1,2,No Group
Manchester City Council - Chorlton,Chorlton Place,2018,November,45,Saturday,10 Nov 2018,05:00,7,14,21,7,14,21,No Group
Manchester City Council - Chorlton,Chorlton Place,2018,November,45,Saturday,10 Nov 2018,06:00,4,8,12,4,8,12,No Group
Manchester City Council - Chorlton,Chorlton Place,2018,November,45,Saturday,10 Nov 2018,07:00,15,15,30,15,15,30,No Group
Manchester City Council - Chorlton,Chorlton Place,2018,November,45,Saturday,10 Nov 2018,08:00,44,59,103,44,59,103,No Group
Manchester City Council - Chorlton,Chorlton Place,2018,November,45,Saturday,10 Nov 2018,09:00,127,147,274,127,147,274,No Group
Manchester City Council - Chorlton,Chorlton Place,2018,November,45,Saturday,10 Nov 2018,10:00,184,223,407,184,223,407,No Group
Manchester City Council - Chorlton,Chorlton Place,2018,November,45,Saturday,10 Nov 2018,11:00,300,373,673,300,373,673,No Group
Manchester City Council - Chorlton,Chorlton Place,2018,November,45,Saturday,10 Nov 2018,12:00,268,298,566,268,298,566,No Group
Manchester City Council - Chorlton,Chorlton Place,2018,November,45,Saturday,10 Nov 2018,13:00,226,278,504,226,278,504,No Group
Manchester City Council - Chorlton,Chorlton Place,2018,November,45,Saturday,10 Nov 2018,14:00,288,335,623,288,335,623,No Group
Manchester City Council - Chorlton,Chorlton Place,2018,November,45,Saturday,10 Nov 2018,15:00,244,249,493,244,249,493,No Group
Manchester City Council - Chorlton,Chorlton Place,2018,November,45,Saturday,10 Nov 2018,16:00,169,189,358,169,189,358,No Group
Manchester City Council - Chorlton,Chorlton Place,2018,November,45,Saturday,10 Nov 2018,17:00,98,98,196,98,98,196,No Group
Manchester City Council - Chorlton,Chorlton Place,2018,November,45,Saturday,10 Nov 2018,18:00,76,90,166,76,90,166,No Group
Manchester City Council - Chorlton,Chorlton Place,2018,November,45,Saturday,10 Nov 2018,19:00,80,76,156,80,76,156,No Group
Manchester City Council - Chorlton,Chorlton Place,2018,November,45,Saturday,10 Nov 2018,20:00,66,72,138,66,72,138,No Group
Manchester City Council - Chorlton,Chorlton Place,2018,November,45,Saturday,10 Nov 2018,21:00,69,59,128,69,59,128,No Group
Manchester City Council - Chorlton,Chorlton Place,2018,November,45,Saturday,10 Nov 2018,22:00,58,58,116,58,58,116,No Group
Manchester City Council - Chorlton,Chorlton Place,2018,November,45,Saturday,10 Nov 2018,23:00,36,58,94,36,58,94,No Group
Manchester City Council - Chorlton,Chorlton Place,2018,November,45,Sunday,11 Nov 2018,00:00,36,28,64,36,28,64,No Group
Manchester City Council - Chorlton,Chorlton Place,2018,November,45,Sunday,11 Nov 2018,01:00,11,5,16,11,5,16,No Group
Manchester City Council - Chorlton,Chorlton Place,2018,November,45,Sunday,11 Nov 2018,02:00,10,2,12,10,2,12,No Group
Manchester City Council - Chorlton,Chorlton Place,2018,November,45,Sunday,11 Nov 2018,03:00,1,3,4,1,3,4,No Group
Manchester City Council - Chorlton,Chorlton Place,2018,November,45,Sunday,11 Nov 2018,04:00,3,1,4,3,1,4,No Group
Manchester City Council - Chorlton,Chorlton Place,2018,November,45,Sunday,11 Nov 2018,05:00,2,0,2,2,0,2,No Group
Manchester City Council - Chorlton,Chorlton Place,2018,November,45,Sunday,11 Nov 2018,06:00,5,9,14,5,9,14,No Group
Manchester City Council - Chorlton,Chorlton Place,2018,November,45,Sunday,11 Nov 2018,07:00,4,10,14,4,10,14,No Group
Manchester City Council - Chorlton,Chorlton Place,2018,November,45,Sunday,11 Nov 2018,08:00,13,23,36,13,23,36,No Group
Manchester City Council - Chorlton,Chorlton Place,2018,November,45,Sunday,11 Nov 2018,09:00,39,64,103,39,64,103,No Group
Manchester City Council - Chorlton,Chorlton Place,2018,November,45,Sunday,11 Nov 2018,10:00,186,157,343,186,157,343,No Group
Manchester City Council - Chorlton,Chorlton Place,2018,November,45,Sunday,11 Nov 2018,11:00,349,339,688,349,339,688,No Group
Manchester City Council - Chorlton,Chorlton Place,2018,November,45,Sunday,11 Nov 2018,12:00,252,274,526,252,274,526,No Group
Manchester City Council - Chorlton,Chorlton Place,2018,November,45,Sunday,11 Nov 2018,13:00,139,191,330,139,191,330,No Group
Manchester City Council - Chorlton,Chorlton Place,2018,November,45,Sunday,11 Nov 2018,14:00,124,158,282,124,158,282,No Group
Manchester City Council - Chorlton,Chorlton Place,2018,November,45,Sunday,11 Nov 2018,15:00,181,180,361,181,180,361,No Group
Manchester City Council - Chorlton,Chorlton Place,2018,November,45,Sunday,11 Nov 2018,16:00,118,106,224,118,106,224,No Group
Manchester City Council - Chorlton,Chorlton Place,2018,November,45,Sunday,11 Nov 2018,17:00,84,53,137,84,53,137,No Group
Manchester City Council - Chorlton,Chorlton Place,2018,November,45,Sunday,11 Nov 2018,18:00,50,73,123,50,73,123,No Group
Manchester City Council - Chorlton,Chorlton Place,2018,November,45,Sunday,11 Nov 2018,19:00,60,72,132,60,72,132,No Group
Manchester City Council - Chorlton,Chorlton Place,2018,November,45,Sunday,11 Nov 2018,20:00,30,40,70,30,40,70,No Group
Manchester City Council - Chorlton,Chorlton Place,2018,November,45,Sunday,11 Nov 2018,21:00,28,32,60,28,32,60,No Group
Manchester City Council - Chorlton,Chorlton Place,2018,November,45,Sunday,11 Nov 2018,22:00,20,22,42,20,22,42,No Group
Manchester City Council - Chorlton,Chorlton Place,2018,November,45,Sunday,11 Nov 2018,23:00,15,12,27,15,12,27,No Group
Manchester City Council - Chorlton,Chorlton Place,2018,November,46,Monday,12 Nov 2018,00:00,3,3,6,3,3,6,No Group
Manchester City Council - Chorlton,Chorlton Place,2018,November,46,Monday,12 Nov 2018,01:00,0,2,2,0,2,2,No Group
Manchester City Council - Chorlton,Chorlton Place,2018,November,46,Monday,12 Nov 2018,02:00,0,1,1,0,1,1,No Group
Manchester City Council - Chorlton,Chorlton Place,2018,November,46,Monday,12 Nov 2018,03:00,2,5,7,2,5,7,No Group
Manchester City Council - Chorlton,Chorlton Place,2018,November,46,Monday,12 Nov 2018,04:00,5,4,9,5,4,9,No Group
Manchester City Council - Chorlton,Chorlton Place,2018,November,46,Monday,12 Nov 2018,05:00,3,8,11,3,8,11,No Group
Manchester City Council - Chorlton,Chorlton Place,2018,November,46,Monday,12 Nov 2018,06:00,5,12,17,5,12,17,No Group
Manchester City Council - Chorlton,Chorlton Place,2018,November,46,Monday,12 Nov 2018,07:00,27,94,121,27,94,121,No Group
Manchester City Council - Chorlton,Chorlton Place,2018,November,46,Monday,12 Nov 2018,08:00,43,130,173,43,130,173,No Group
Manchester City Council - Chorlton,Chorlton Place,2018,November,46,Monday,12 Nov 2018,09:00,134,315,449,134,315,449,No Group
Manchester City Council - Chorlton,Chorlton Place,2018,November,46,Monday,12 Nov 2018,10:00,157,228,385,157,228,385,No Group
Manchester City Council - Chorlton,Chorlton Place,2018,November,46,Monday,12 Nov 2018,11:00,212,373,585,212,373,585,No Group
Manchester City Council - Chorlton,Chorlton Place,2018,November,46,Monday,12 Nov 2018,12:00,151,178,329,151,178,329,No Group
Manchester City Council - Chorlton,Chorlton Place,2018,November,46,Monday,12 Nov 2018,13:00,145,173,318,145,173,318,No Group
Manchester City Council - Chorlton,Chorlton Place,2018,November,46,Monday,12 Nov 2018,14:00,152,165,317,152,165,317,No Group
Manchester City Council - Chorlton,Chorlton Place,2018,November,46,Monday,12 Nov 2018,15:00,137,179,316,137,179,316,No Group
Manchester City Council - Chorlton,Chorlton Place,2018,November,46,Monday,12 Nov 2018,16:00,113,88,201,113,88,201,No Group
Manchester City Council - Chorlton,Chorlton Place,2018,November,46,Monday,12 Nov 2018,17:00,122,89,211,122,89,211,No Group
Manchester City Council - Chorlton,Chorlton Place,2018,November,46,Monday,12 Nov 2018,18:00,107,80,187,107,80,187,No Group
Manchester City Council - Chorlton,Chorlton Place,2018,November,46,Monday,12 Nov 2018,19:00,56,40,96,56,40,96,No Group
Manchester City Council - Chorlton,Chorlton Place,2018,November,46,Monday,12 Nov 2018,20:00,37,49,86,37,49,86,No Group
Manchester City Council - Chorlton,Chorlton Place,2018,November,46,Monday,12 Nov 2018,21:00,25,36,61,25,36,61,No Group
Manchester City Council - Chorlton,Chorlton Place,2018,November,46,Monday,12 Nov 2018,22:00,23,23,46,23,23,46,No Group
Manchester City Council - Chorlton,Chorlton Place,2018,November,46,Monday,12 Nov 2018,23:00,4,11,15,4,11,15,No Group
Manchester City Council - Chorlton,Chorlton Place,2018,November,46,Tuesday,13 Nov 2018,00:00,3,0,3,3,0,3,No Group
Manchester City Council - Chorlton,Chorlton Place,2018,November,46,Tuesday,13 Nov 2018,01:00,1,1,2,1,1,2,No Group
Manchester City Council - Chorlton,Chorlton Place,2018,November,46,Tuesday,13 Nov 2018,02:00,4,5,9,4,5,9,No Group
Manchester City Council - Chorlton,Chorlton Place,2018,November,46,Tuesday,13 Nov 2018,03:00,1,5,6,1,5,6,No Group
Manchester City Council - Chorlton,Chorlton Place,2018,November,46,Tuesday,13 Nov 2018,04:00,0,3,3,0,3,3,No Group
Manchester City Council - Chorlton,Chorlton Place,2018,November,46,Tuesday,13 Nov 2018,05:00,1,6,7,1,6,7,No Group
Manchester City Council - Chorlton,Chorlton Place,2018,November,46,Tuesday,13 Nov 2018,06:00,4,12,16,4,12,16,No Group
Manchester City Council - Chorlton,Chorlton Place,2018,November,46,Tuesday,13 Nov 2018,07:00,29,92,121,29,92,121,No Group
Manchester City Council - Chorlton,Chorlton Place,2018,November,46,Tuesday,13 Nov 2018,08:00,51,170,221,51,170,221,No Group
Manchester City Council - Chorlton,Chorlton Place,2018,November,46,Tuesday,13 Nov 2018,09:00,98,195,293,98,195,293,No Group
Manchester City Council - Chorlton,Chorlton Place,2018,November,46,Tuesday,13 Nov 2018,10:00,129,170,299,129,170,299,No Group
Manchester City Council - Chorlton,Chorlton Place,2018,November,46,Tuesday,13 Nov 2018,11:00,156,185,341,156,185,341,No Group
Manchester City Council - Chorlton,Chorlton Place,2018,November,46,Tuesday,13 Nov 2018,12:00,161,173,334,161,173,334,No Group
Manchester City Council - Chorlton,Chorlton Place,2018,November,46,Tuesday,13 Nov 2018,13:00,159,182,341,159,182,341,No Group
Manchester City Council - Chorlton,Chorlton Place,2018,November,46,Tuesday,13 Nov 2018,14:00,165,174,339,165,174,339,No Group
Manchester City Council - Chorlton,Chorlton Place,2018,November,46,Tuesday,13 Nov 2018,15:00,148,154,302,148,154,302,No Group
Manchester City Council - Chorlton,Chorlton Place,2018,November,46,Tuesday,13 Nov 2018,16:00,135,122,257,135,122,257,No Group
Manchester City Council - Chorlton,Chorlton Place,2018,November,46,Tuesday,13 Nov 2018,17:00,119,105,224,119,105,224,No Group
Manchester City Council - Chorlton,Chorlton Place,2018,November,46,Tuesday,13 Nov 2018,18:00,104,82,186,104,82,186,No Group
Manchester City Council - Chorlton,Chorlton Place,2018,November,46,Tuesday,13 Nov 2018,19:00,61,35,96,61,35,96,No Group
Manchester City Council - Chorlton,Chorlton Place,2018,November,46,Tuesday,13 Nov 2018,20:00,34,47,81,34,47,81,No Group
Manchester City Council - Chorlton,Chorlton Place,2018,November,46,Tuesday,13 Nov 2018,21:00,28,25,53,28,25,53,No Group
Manchester City Council - Chorlton,Chorlton Place,2018,November,46,Tuesday,13 Nov 2018,22:00,26,19,45,26,19,45,No Group
Manchester City Council - Chorlton,Chorlton Place,2018,November,46,Tuesday,13 Nov 2018,23:00,14,8,22,14,8,22,No Group
Manchester City Council - Chorlton,Chorlton Place,2018,November,46,Wednesday,14 Nov 2018,00:00,8,1,9,8,1,9,No Group
Manchester City Council - Chorlton,Chorlton Place,2018,November,46,Wednesday,14 Nov 2018,01:00,4,1,5,4,1,5,No Group
Manchester City Council - Chorlton,Chorlton Place,2018,November,46,Wednesday,14 Nov 2018,02:00,11,6,17,11,6,17,No Group
Manchester City Council - Chorlton,Chorlton Place,2018,November,46,Wednesday,14 Nov 2018,03:00,0,2,2,0,2,2,No Group
Manchester City Council - Chorlton,Chorlton Place,2018,November,46,Wednesday,14 Nov 2018,04:00,0,0,0,0,0,0,No Group
Manchester City Council - Chorlton,Chorlton Place,2018,November,46,Wednesday,14 Nov 2018,05:00,2,7,9,2,7,9,No Group
Manchester City Council - Chorlton,Chorlton Place,2018,November,46,Wednesday,14 Nov 2018,06:00,2,21,23,2,21,23,No Group
Manchester City Council - Chorlton,Chorlton Place,2018,November,46,Wednesday,14 Nov 2018,07:00,28,101,129,28,101,129,No Group
Manchester City Council - Chorlton,Chorlton Place,2018,November,46,Wednesday,14 Nov 2018,08:00,39,134,173,39,134,173,No Group
Manchester City Council - Chorlton,Chorlton Place,2018,November,46,Wednesday,14 Nov 2018,09:00,77,152,229,77,152,229,No Group
Manchester City Council - Chorlton,Chorlton Place,2018,November,46,Wednesday,14 Nov 2018,10:00,120,122,242,120,122,242,No Group
Manchester City Council - Chorlton,Chorlton Place,2018,November,46,Wednesday,14 Nov 2018,11:00,146,188,334,146,188,334,No Group
Manchester City Council - Chorlton,Chorlton Place,2018,November,46,Wednesday,14 Nov 2018,12:00,140,155,295,140,155,295,No Group
Manchester City Council - Chorlton,Chorlton Place,2018,November,46,Wednesday,14 Nov 2018,13:00,153,158,311,153,158,311,No Group
Manchester City Council - Chorlton,Chorlton Place,2018,November,46,Wednesday,14 Nov 2018,14:00,141,168,309,141,168,309,No Group
Manchester City Council - Chorlton,Chorlton Place,2018,November,46,Wednesday,14 Nov 2018,15:00,161,150,311,161,150,311,No Group
Manchester City Council - Chorlton,Chorlton Place,2018,November,46,Wednesday,14 Nov 2018,16:00,131,132,263,131,132,263,No Group
Manchester City Council - Chorlton,Chorlton Place,2018,November,46,Wednesday,14 Nov 2018,17:00,122,124,246,122,124,246,No Group
Manchester City Council - Chorlton,Chorlton Place,2018,November,46,Wednesday,14 Nov 2018,18:00,118,75,193,118,75,193,No Group
Manchester City Council - Chorlton,Chorlton Place,2018,November,46,Wednesday,14 Nov 2018,19:00,68,49,117,68,49,117,No Group
Manchester City Council - Chorlton,Chorlton Place,2018,November,46,Wednesday,14 Nov 2018,20:00,58,34,92,58,34,92,No Group
Manchester City Council - Chorlton,Chorlton Place,2018,November,46,Wednesday,14 Nov 2018,21:00,21,29,50,21,29,50,No Group
Manchester City Council - Chorlton,Chorlton Place,2018,November,46,Wednesday,14 Nov 2018,22:00,24,20,44,24,20,44,No Group
Manchester City Council - Chorlton,Chorlton Place,2018,November,46,Wednesday,14 Nov 2018,23:00,22,15,37,22,15,37,No Group
Manchester City Council - Chorlton,Chorlton Place,2018,November,46,Thursday,15 Nov 2018,00:00,9,11,20,9,11,20,No Group
Manchester City Council - Chorlton,Chorlton Place,2018,November,46,Thursday,15 Nov 2018,01:00,4,5,9,4,5,9,No Group
Manchester City Council - Chorlton,Chorlton Place,2018,November,46,Thursday,15 Nov 2018,02:00,1,0,1,1,0,1,No Group
Manchester City Council - Chorlton,Chorlton Place,2018,November,46,Thursday,15 Nov 2018,03:00,0,2,2,0,2,2,No Group
Manchester City Council - Chorlton,Chorlton Place,2018,November,46,Thursday,15 Nov 2018,04:00,3,2,5,3,2,5,No Group
Manchester City Council - Chorlton,Chorlton Place,2018,November,46,Thursday,15 Nov 2018,05:00,2,5,7,2,5,7,No Group
Manchester City Council - Chorlton,Chorlton Place,2018,November,46,Thursday,15 Nov 2018,06:00,7,15,22,7,15,22,No Group
Manchester City Council - Chorlton,Chorlton Place,2018,November,46,Thursday,15 Nov 2018,07:00,34,104,138,34,104,138,No Group
Manchester City Council - Chorlton,Chorlton Place,2018,November,46,Thursday,15 Nov 2018,08:00,46,139,185,46,139,185,No Group
Manchester City Council - Chorlton,Chorlton Place,2018,November,46,Thursday,15 Nov 2018,09:00,134,311,445,134,311,445,No Group
Manchester City Council - Chorlton,Chorlton Place,2018,November,46,Thursday,15 Nov 2018,10:00,359,929,1288,359,929,1288,No Group
Manchester City Council - Chorlton,Chorlton Place,2018,November,46,Thursday,15 Nov 2018,11:00,435,806,1241,435,806,1241,No Group
Manchester City Council - Chorlton,Chorlton Place,2018,November,46,Thursday,15 Nov 2018,12:00,170,195,365,170,195,365,No Group
Manchester City Council - Chorlton,Chorlton Place,2018,November,46,Thursday,15 Nov 2018,13:00,168,176,344,168,176,344,No Group
Manchester City Council - Chorlton,Chorlton Place,2018,November,46,Thursday,15 Nov 2018,14:00,166,160,326,166,160,326,No Group
Manchester City Council - Chorlton,Chorlton Place,2018,November,46,Thursday,15 Nov 2018,15:00,170,183,353,170,183,353,No Group
Manchester City Council - Chorlton,Chorlton Place,2018,November,46,Thursday,15 Nov 2018,16:00,146,154,300,146,154,300,No Group
Manchester City Council - Chorlton,Chorlton Place,2018,November,46,Thursday,15 Nov 2018,17:00,116,95,211,116,95,211,No Group
Manchester City Council - Chorlton,Chorlton Place,2018,November,46,Thursday,15 Nov 2018,18:00,100,73,173,100,73,173,No Group
Manchester City Council - Chorlton,Chorlton Place,2018,November,46,Thursday,15 Nov 2018,19:00,63,67,130,63,67,130,No Group
Manchester City Council - Chorlton,Chorlton Place,2018,November,46,Thursday,15 Nov 2018,20:00,52,42,94,52,42,94,No Group
Manchester City Council - Chorlton,Chorlton Place,2018,November,46,Thursday,15 Nov 2018,21:00,40,32,72,40,32,72,No Group
Manchester City Council - Chorlton,Chorlton Place,2018,November,46,Thursday,15 Nov 2018,22:00,30,25,55,30,25,55,No Group
Manchester City Council - Chorlton,Chorlton Place,2018,November,46,Thursday,15 Nov 2018,23:00,24,23,47,24,23,47,No Group
Manchester City Council - Chorlton,Chorlton Place,2018,November,46,Friday,16 Nov 2018,00:00,18,11,29,18,11,29,No Group
Manchester City Council - Chorlton,Chorlton Place,2018,November,46,Friday,16 Nov 2018,01:00,11,4,15,11,4,15,No Group
Manchester City Council - Chorlton,Chorlton Place,2018,November,46,Friday,16 Nov 2018,02:00,0,1,1,0,1,1,No Group
Manchester City Council - Chorlton,Chorlton Place,2018,November,46,Friday,16 Nov 2018,03:00,0,2,2,0,2,2,No Group
Manchester City Council - Chorlton,Chorlton Place,2018,November,46,Friday,16 Nov 2018,04:00,3,2,5,3,2,5,No Group
Manchester City Council - Chorlton,Chorlton Place,2018,November,46,Friday,16 Nov 2018,05:00,2,7,9,2,7,9,No Group
Manchester City Council - Chorlton,Chorlton Place,2018,November,46,Friday,16 Nov 2018,06:00,5,18,23,5,18,23,No Group
Manchester City Council - Chorlton,Chorlton Place,2018,November,46,Friday,16 Nov 2018,07:00,23,79,102,23,79,102,No Group
Manchester City Council - Chorlton,Chorlton Place,2018,November,46,Friday,16 Nov 2018,08:00,53,142,195,53,142,195,No Group
Manchester City Council - Chorlton,Chorlton Place,2018,November,46,Friday,16 Nov 2018,09:00,81,108,189,81,108,189,No Group
Manchester City Council - Chorlton,Chorlton Place,2018,November,46,Friday,16 Nov 2018,10:00,151,156,307,151,156,307,No Group
Manchester City Council - Chorlton,Chorlton Place,2018,November,46,Friday,16 Nov 2018,11:00,174,174,348,174,174,348,No Group
Manchester City Council - Chorlton,Chorlton Place,2018,November,46,Friday,16 Nov 2018,12:00,163,195,358,163,195,358,No Group
Manchester City Council - Chorlton,Chorlton Place,2018,November,46,Friday,16 Nov 2018,13:00,170,155,325,170,155,325,No Group
Manchester City Council - Chorlton,Chorlton Place,2018,November,46,Friday,16 Nov 2018,14:00,173,194,367,173,194,367,No Group
Manchester City Council - Chorlton,Chorlton Place,2018,November,46,Friday,16 Nov 2018,15:00,159,164,323,159,164,323,No Group
Manchester City Council - Chorlton,Chorlton Place,2018,November,46,Friday,16 Nov 2018,16:00,142,141,283,142,141,283,No Group
Manchester City Council - Chorlton,Chorlton Place,2018,November,46,Friday,16 Nov 2018,17:00,117,92,209,117,92,209,No Group
Manchester City Council - Chorlton,Chorlton Place,2018,November,46,Friday,16 Nov 2018,18:00,102,79,181,102,79,181,No Group
Manchester City Council - Chorlton,Chorlton Place,2018,November,46,Friday,16 Nov 2018,19:00,66,60,126,66,60,126,No Group
Manchester City Council - Chorlton,Chorlton Place,2018,November,46,Friday,16 Nov 2018,20:00,48,74,122,48,74,122,No Group
Manchester City Council - Chorlton,Chorlton Place,2018,November,46,Friday,16 Nov 2018,21:00,57,52,109,57,52,109,No Group
Manchester City Council - Chorlton,Chorlton Place,2018,November,46,Friday,16 Nov 2018,22:00,45,46,91,45,46,91,No Group
Manchester City Council - Chorlton,Chorlton Place,2018,November,46,Friday,16 Nov 2018,23:00,43,61,104,43,61,104,No Group
Manchester City Council - Chorlton,Chorlton Place,2018,November,46,Saturday,17 Nov 2018,00:00,21,28,49,21,28,49,No Group
Manchester City Council - Chorlton,Chorlton Place,2018,November,46,Saturday,17 Nov 2018,01:00,22,8,30,22,8,30,No Group
Manchester City Council - Chorlton,Chorlton Place,2018,November,46,Saturday,17 Nov 2018,02:00,8,2,10,8,2,10,No Group
Manchester City Council - Chorlton,Chorlton Place,2018,November,46,Saturday,17 Nov 2018,03:00,1,1,2,1,1,2,No Group
Manchester City Council - Chorlton,Chorlton Place,2018,November,46,Saturday,17 Nov 2018,04:00,2,2,4,2,2,4,No Group
Manchester City Council - Chorlton,Chorlton Place,2018,November,46,Saturday,17 Nov 2018,05:00,8,10,18,8,10,18,No Group
Manchester City Council - Chorlton,Chorlton Place,2018,November,46,Saturday,17 Nov 2018,06:00,2,10,12,2,10,12,No Group
Manchester City Council - Chorlton,Chorlton Place,2018,November,46,Saturday,17 Nov 2018,07:00,6,14,20,6,14,20,No Group
Manchester City Council - Chorlton,Chorlton Place,2018,November,46,Saturday,17 Nov 2018,08:00,40,64,104,40,64,104,No Group
Manchester City Council - Chorlton,Chorlton Place,2018,November,46,Saturday,17 Nov 2018,09:00,167,297,464,167,297,464,No Group
Manchester City Council - Chorlton,Chorlton Place,2018,November,46,Saturday,17 Nov 2018,10:00,176,221,397,176,221,397,No Group
Manchester City Council - Chorlton,Chorlton Place,2018,November,46,Saturday,17 Nov 2018,11:00,248,302,550,248,302,550,No Group
Manchester City Council - Chorlton,Chorlton Place,2018,November,46,Saturday,17 Nov 2018,12:00,271,301,572,271,301,572,No Group
Manchester City Council - Chorlton,Chorlton Place,2018,November,46,Saturday,17 Nov 2018,13:00,287,305,592,287,305,592,No Group
Manchester City Council - Chorlton,Chorlton Place,2018,November,46,Saturday,17 Nov 2018,14:00,295,355,650,295,355,650,No Group
Manchester City Council - Chorlton,Chorlton Place,2018,November,46,Saturday,17 Nov 2018,15:00,234,258,492,234,258,492,No Group
Manchester City Council - Chorlton,Chorlton Place,2018,November,46,Saturday,17 Nov 2018,16:00,201,195,396,201,195,396,No Group
Manchester City Council - Chorlton,Chorlton Place,2018,November,46,Saturday,17 Nov 2018,17:00,106,107,213,106,107,213,No Group
Manchester City Council - Chorlton,Chorlton Place,2018,November,46,Saturday,17 Nov 2018,18:00,96,103,199,96,103,199,No Group
Manchester City Council - Chorlton,Chorlton Place,2018,November,46,Saturday,17 Nov 2018,19:00,84,65,149,84,65,149,No Group
Manchester City Council - Chorlton,Chorlton Place,2018,November,46,Saturday,17 Nov 2018,20:00,64,54,118,64,54,118,No Group
Manchester City Council - Chorlton,Chorlton Place,2018,November,46,Saturday,17 Nov 2018,21:00,69,59,128,69,59,128,No Group
Manchester City Council - Chorlton,Chorlton Place,2018,November,46,Saturday,17 Nov 2018,22:00,32,68,100,32,68,100,No Group
Manchester City Council - Chorlton,Chorlton Place,2018,November,46,Saturday,17 Nov 2018,23:00,54,43,97,54,43,97,No Group
Manchester City Council - Chorlton,Chorlton Place,2018,November,46,Sunday,18 Nov 2018,00:00,15,27,42,15,27,42,No Group
Manchester City Council - Chorlton,Chorlton Place,2018,November,46,Sunday,18 Nov 2018,01:00,10,20,30,10,20,30,No Group
Manchester City Council - Chorlton,Chorlton Place,2018,November,46,Sunday,18 Nov 2018,02:00,11,13,24,11,13,24,No Group
Manchester City Council - Chorlton,Chorlton Place,2018,November,46,Sunday,18 Nov 2018,03:00,4,7,11,4,7,11,No Group
Manchester City Council - Chorlton,Chorlton Place,2018,November,46,Sunday,18 Nov 2018,04:00,2,4,6,2,4,6,No Group
Manchester City Council - Chorlton,Chorlton Place,2018,November,46,Sunday,18 Nov 2018,05:00,0,1,1,0,1,1,No Group
Manchester City Council - Chorlton,Chorlton Place,2018,November,46,Sunday,18 Nov 2018,06:00,0,5,5,0,5,5,No Group
Manchester City Council - Chorlton,Chorlton Place,2018,November,46,Sunday,18 Nov 2018,07:00,4,11,15,4,11,15,No Group
Manchester City Council - Chorlton,Chorlton Place,2018,November,46,Sunday,18 Nov 2018,08:00,22,33,55,22,33,55,No Group
Manchester City Council - Chorlton,Chorlton Place,2018,November,46,Sunday,18 Nov 2018,09:00,29,151,180,29,151,180,No Group
Manchester City Council - Chorlton,Chorlton Place,2018,November,46,Sunday,18 Nov 2018,10:00,169,629,798,169,629,798,No Group
Manchester City Council - Chorlton,Chorlton Place,2018,November,46,Sunday,18 Nov 2018,11:00,369,622,991,369,622,991,No Group
Manchester City Council - Chorlton,Chorlton Place,2018,November,46,Sunday,18 Nov 2018,12:00,109,142,251,109,142,251,No Group
Manchester City Council - Chorlton,Chorlton Place,2018,November,46,Sunday,18 Nov 2018,13:00,124,162,286,124,162,286,No Group
Manchester City Council - Chorlton,Chorlton Place,2018,November,46,Sunday,18 Nov 2018,14:00,116,132,248,116,132,248,No Group
Manchester City Council - Chorlton,Chorlton Place,2018,November,46,Sunday,18 Nov 2018,15:00,125,151,276,125,151,276,No Group
Manchester City Council - Chorlton,Chorlton Place,2018,November,46,Sunday,18 Nov 2018,16:00,62,79,141,62,79,141,No Group
Manchester City Council - Chorlton,Chorlton Place,2018,November,46,Sunday,18 Nov 2018,17:00,48,62,110,48,62,110,No Group
Manchester City Council - Chorlton,Chorlton Place,2018,November,46,Sunday,18 Nov 2018,18:00,38,48,86,38,48,86,No Group
Manchester City Council - Chorlton,Chorlton Place,2018,November,46,Sunday,18 Nov 2018,19:00,34,41,75,34,41,75,No Group
Manchester City Council - Chorlton,Chorlton Place,2018,November,46,Sunday,18 Nov 2018,20:00,37,27,64,37,27,64,No Group
Manchester City Council - Chorlton,Chorlton Place,2018,November,46,Sunday,18 Nov 2018,21:00,17,23,40,17,23,40,No Group
Manchester City Council - Chorlton,Chorlton Place,2018,November,46,Sunday,18 Nov 2018,22:00,20,27,47,20,27,47,No Group
Manchester City Council - Chorlton,Chorlton Place,2018,November,46,Sunday,18 Nov 2018,23:00,6,4,10,6,4,10,No Group
Manchester City Council - Chorlton,Chorlton Place,2018,November,47,Monday,19 Nov 2018,00:00,3,1,4,3,1,4,No Group
Manchester City Council - Chorlton,Chorlton Place,2018,November,47,Monday,19 Nov 2018,01:00,0,1,1,0,1,1,No Group
Manchester City Council - Chorlton,Chorlton Place,2018,November,47,Monday,19 Nov 2018,02:00,0,0,0,0,0,0,No Group
Manchester City Council - Chorlton,Chorlton Place,2018,November,47,Monday,19 Nov 2018,03:00,0,1,1,0,1,1,No Group
Manchester City Council - Chorlton,Chorlton Place,2018,November,47,Monday,19 Nov 2018,04:00,3,4,7,3,4,7,No Group
Manchester City Council - Chorlton,Chorlton Place,2018,November,47,Monday,19 Nov 2018,05:00,3,11,14,3,11,14,No Group
Manchester City Council - Chorlton,Chorlton Place,2018,November,47,Monday,19 Nov 2018,06:00,8,16,24,8,16,24,No Group
Manchester City Council - Chorlton,Chorlton Place,2018,November,47,Monday,19 Nov 2018,07:00,30,92,122,30,92,122,No Group
Manchester City Council - Chorlton,Chorlton Place,2018,November,47,Monday,19 Nov 2018,08:00,37,113,150,37,113,150,No Group
Manchester City Council - Chorlton,Chorlton Place,2018,November,47,Monday,19 Nov 2018,09:00,32,114,146,32,114,146,No Group
Manchester City Council - Chorlton,Chorlton Place,2018,November,47,Monday,19 Nov 2018,10:00,170,344,514,170,344,514,No Group
Manchester City Council - Chorlton,Chorlton Place,2018,November,47,Monday,19 Nov 2018,11:00,106,116,222,106,116,222,No Group
Manchester City Council - Chorlton,Chorlton Place,2018,November,47,Monday,19 Nov 2018,12:00,135,154,289,135,154,289,No Group
Manchester City Council - Chorlton,Chorlton Place,2018,November,47,Monday,19 Nov 2018,13:00,119,143,262,119,143,262,No Group
Manchester City Council - Chorlton,Chorlton Place,2018,November,47,Monday,19 Nov 2018,14:00,101,136,237,101,136,237,No Group
Manchester City Council - Chorlton,Chorlton Place,2018,November,47,Monday,19 Nov 2018,15:00,123,139,262,123,139,262,No Group
Manchester City Council - Chorlton,Chorlton Place,2018,November,47,Monday,19 Nov 2018,16:00,146,102,248,146,102,248,No Group
Manchester City Council - Chorlton,Chorlton Place,2018,November,47,Monday,19 Nov 2018,17:00,118,68,186,118,68,186,No Group
Manchester City Council - Chorlton,Chorlton Place,2018,November,47,Monday,19 Nov 2018,18:00,105,79,184,105,79,184,No Group
Manchester City Council - Chorlton,Chorlton Place,2018,November,47,Monday,19 Nov 2018,19:00,41,59,100,41,59,100,No Group
Manchester City Council - Chorlton,Chorlton Place,2018,November,47,Monday,19 Nov 2018,20:00,32,59,91,32,59,91,No Group
Manchester City Council - Chorlton,Chorlton Place,2018,November,47,Monday,19 Nov 2018,21:00,14,66,80,14,66,80,No Group
Manchester City Council - Chorlton,Chorlton Place,2018,November,47,Monday,19 Nov 2018,22:00,13,34,47,13,34,47,No Group
Manchester City Council - Chorlton,Chorlton Place,2018,November,47,Monday,19 Nov 2018,23:00,12,14,26,12,14,26,No Group
Manchester City Council - Chorlton,Chorlton Place,2018,November,47,Tuesday,20 Nov 2018,00:00,4,3,7,4,3,7,No Group
Manchester City Council - Chorlton,Chorlton Place,2018,November,47,Tuesday,20 Nov 2018,01:00,0,1,1,0,1,1,No Group
Manchester City Council - Chorlton,Chorlton Place,2018,November,47,Tuesday,20 Nov 2018,02:00,4,5,9,4,5,9,No Group
Manchester City Council - Chorlton,Chorlton Place,2018,November,47,Tuesday,20 Nov 2018,03:00,0,1,1,0,1,1,No Group
Manchester City Council - Chorlton,Chorlton Place,2018,November,47,Tuesday,20 Nov 2018,04:00,0,1,1,0,1,1,No Group
Manchester City Council - Chorlton,Chorlton Place,2018,November,47,Tuesday,20 Nov 2018,05:00,2,9,11,2,9,11,No Group
Manchester City Council - Chorlton,Chorlton Place,2018,November,47,Tuesday,20 Nov 2018,06:00,14,38,52,14,38,52,No Group
Manchester City Council - Chorlton,Chorlton Place,2018,November,47,Tuesday,20 Nov 2018,07:00,49,137,186,49,137,186,No Group
Manchester City Council - Chorlton,Chorlton Place,2018,November,47,Tuesday,20 Nov 2018,08:00,51,144,195,51,144,195,No Group
Manchester City Council - Chorlton,Chorlton Place,2018,November,47,Tuesday,20 Nov 2018,09:00,104,172,276,104,172,276,No Group
Manchester City Council - Chorlton,Chorlton Place,2018,November,47,Tuesday,20 Nov 2018,10:00,136,174,310,136,174,310,No Group
Manchester City Council - Chorlton,Chorlton Place,2018,November,47,Tuesday,20 Nov 2018,11:00,243,302,545,243,302,545,No Group
Manchester City Council - Chorlton,Chorlton Place,2018,November,47,Tuesday,20 Nov 2018,12:00,183,212,395,183,212,395,No Group
Manchester City Council - Chorlton,Chorlton Place,2018,November,47,Tuesday,20 Nov 2018,13:00,205,254,459,205,254,459,No Group
Manchester City Council - Chorlton,Chorlton Place,2018,November,47,Tuesday,20 Nov 2018,14:00,165,174,339,165,174,339,No Group
Manchester City Council - Chorlton,Chorlton Place,2018,November,47,Tuesday,20 Nov 2018,15:00,147,159,306,147,159,306,No Group
Manchester City Council - Chorlton,Chorlton Place,2018,November,47,Tuesday,20 Nov 2018,16:00,107,121,228,107,121,228,No Group
Manchester City Council - Chorlton,Chorlton Place,2018,November,47,Tuesday,20 Nov 2018,17:00,79,82,161,79,82,161,No Group
Manchester City Council - Chorlton,Chorlton Place,2018,November,47,Tuesday,20 Nov 2018,18:00,79,61,140,79,61,140,No Group
Manchester City Council - Chorlton,Chorlton Place,2018,November,47,Tuesday,20 Nov 2018,19:00,49,70,119,49,70,119,No Group
Manchester City Council - Chorlton,Chorlton Place,2018,November,47,Tuesday,20 Nov 2018,20:00,35,36,71,35,36,71,No Group
Manchester City Council - Chorlton,Chorlton Place,2018,November,47,Tuesday,20 Nov 2018,21:00,19,26,45,19,26,45,No Group
Manchester City Council - Chorlton,Chorlton Place,2018,November,47,Tuesday,20 Nov 2018,22:00,13,13,26,13,13,26,No Group
Manchester City Council - Chorlton,Chorlton Place,2018,November,47,Tuesday,20 Nov 2018,23:00,7,14,21,7,14,21,No Group
Manchester City Council - Chorlton,Chorlton Place,2018,November,47,Wednesday,21 Nov 2018,00:00,2,6,8,2,6,8,No Group
Manchester City Council - Chorlton,Chorlton Place,2018,November,47,Wednesday,21 Nov 2018,01:00,3,7,10,3,7,10,No Group
Manchester City Council - Chorlton,Chorlton Place,2018,November,47,Wednesday,21 Nov 2018,02:00,1,3,4,1,3,4,No Group
Manchester City Council - Chorlton,Chorlton Place,2018,November,47,Wednesday,21 Nov 2018,03:00,0,3,3,0,3,3,No Group
Manchester City Council - Chorlton,Chorlton Place,2018,November,47,Wednesday,21 Nov 2018,04:00,1,1,2,1,1,2,No Group
Manchester City Council - Chorlton,Chorlton Place,2018,November,47,Wednesday,21 Nov 2018,05:00,3,12,15,3,12,15,No Group
Manchester City Council - Chorlton,Chorlton Place,2018,November,47,Wednesday,21 Nov 2018,06:00,1,30,31,1,30,31,No Group
Manchester City Council - Chorlton,Chorlton Place,2018,November,47,Wednesday,21 Nov 2018,07:00,40,104,144,40,104,144,No Group
Manchester City Council - Chorlton,Chorlton Place,2018,November,47,Wednesday,21 Nov 2018,08:00,34,145,179,34,145,179,No Group
Manchester City Council - Chorlton,Chorlton Place,2018,November,47,Wednesday,21 Nov 2018,09:00,75,125,200,75,125,200,No Group
Manchester City Council - Chorlton,Chorlton Place,2018,November,47,Wednesday,21 Nov 2018,10:00,138,170,308,138,170,308,No Group
Manchester City Council - Chorlton,Chorlton Place,2018,November,47,Wednesday,21 Nov 2018,11:00,124,153,277,124,153,277,No Group
Manchester City Council - Chorlton,Chorlton Place,2018,November,47,Wednesday,21 Nov 2018,12:00,143,180,323,143,180,323,No Group
Manchester City Council - Chorlton,Chorlton Place,2018,November,47,Wednesday,21 Nov 2018,13:00,148,166,314,148,166,314,No Group
Manchester City Council - Chorlton,Chorlton Place,2018,November,47,Wednesday,21 Nov 2018,14:00,142,160,302,142,160,302,No Group
Manchester City Council - Chorlton,Chorlton Place,2018,November,47,Wednesday,21 Nov 2018,15:00,127,132,259,127,132,259,No Group
Manchester City Council - Chorlton,Chorlton Place,2018,November,47,Wednesday,21 Nov 2018,16:00,131,137,268,131,137,268,No Group
Manchester City Council - Chorlton,Chorlton Place,2018,November,47,Wednesday,21 Nov 2018,17:00,103,76,179,103,76,179,No Group
Manchester City Council - Chorlton,Chorlton Place,2018,November,47,Wednesday,21 Nov 2018,18:00,93,73,166,93,73,166,No Group
Manchester City Council - Chorlton,Chorlton Place,2018,November,47,Wednesday,21 Nov 2018,19:00,71,70,141,71,70,141,No Group
Manchester City Council - Chorlton,Chorlton Place,2018,November,47,Wednesday,21 Nov 2018,20:00,36,34,70,36,34,70,No Group
Manchester City Council - Chorlton,Chorlton Place,2018,November,47,Wednesday,21 Nov 2018,21:00,42,42,84,42,42,84,No Group
Manchester City Council - Chorlton,Chorlton Place,2018,November,47,Wednesday,21 Nov 2018,22:00,24,14,38,24,14,38,No Group
Manchester City Council - Chorlton,Chorlton Place,2018,November,47,Wednesday,21 Nov 2018,23:00,19,14,33,19,14,33,No Group
Manchester City Council - Chorlton,Chorlton Place,2018,November,47,Thursday,22 Nov 2018,00:00,10,4,14,10,4,14,No Group
Manchester City Council - Chorlton,Chorlton Place,2018,November,47,Thursday,22 Nov 2018,01:00,4,1,5,4,1,5,No Group
Manchester City Council - Chorlton,Chorlton Place,2018,November,47,Thursday,22 Nov 2018,02:00,3,1,4,3,1,4,No Group
Manchester City Council - Chorlton,Chorlton Place,2018,November,47,Thursday,22 Nov 2018,03:00,0,3,3,0,3,3,No Group
Manchester City Council - Chorlton,Chorlton Place,2018,November,47,Thursday,22 Nov 2018,04:00,0,1,1,0,1,1,No Group
Manchester City Council - Chorlton,Chorlton Place,2018,November,47,Thursday,22 Nov 2018,05:00,2,5,7,2,5,7,No Group
Manchester City Council - Chorlton,Chorlton Place,2018,November,47,Thursday,22 Nov 2018,06:00,4,19,23,4,19,23,No Group
Manchester City Council - Chorlton,Chorlton Place,2018,November,47,Thursday,22 Nov 2018,07:00,29,88,117,29,88,117,No Group
Manchester City Council - Chorlton,Chorlton Place,2018,November,47,Thursday,22 Nov 2018,08:00,51,155,206,51,155,206,No Group
Manchester City Council - Chorlton,Chorlton Place,2018,November,47,Thursday,22 Nov 2018,09:00,106,145,251,106,145,251,No Group
Manchester City Council - Chorlton,Chorlton Place,2018,November,47,Thursday,22 Nov 2018,10:00,104,130,234,104,130,234,No Group
Manchester City Council - Chorlton,Chorlton Place,2018,November,47,Thursday,22 Nov 2018,11:00,115,127,242,115,127,242,No Group
Manchester City Council - Chorlton,Chorlton Place,2018,November,47,Thursday,22 Nov 2018,12:00,179,189,368,179,189,368,No Group
Manchester City Council - Chorlton,Chorlton Place,2018,November,47,Thursday,22 Nov 2018,13:00,148,177,325,148,177,325,No Group
Manchester City Council - Chorlton,Chorlton Place,2018,November,47,Thursday,22 Nov 2018,14:00,141,158,299,141,158,299,No Group
Manchester City Council - Chorlton,Chorlton Place,2018,November,47,Thursday,22 Nov 2018,15:00,137,151,288,137,151,288,No Group
Manchester City Council - Chorlton,Chorlton Place,2018,November,47,Thursday,22 Nov 2018,16:00,126,115,241,126,115,241,No Group
Manchester City Council - Chorlton,Chorlton Place,2018,November,47,Thursday,22 Nov 2018,17:00,110,91,201,110,91,201,No Group
Manchester City Council - Chorlton,Chorlton Place,2018,November,47,Thursday,22 Nov 2018,18:00,90,77,167,90,77,167,No Group
Manchester City Council - Chorlton,Chorlton Place,2018,November,47,Thursday,22 Nov 2018,19:00,63,68,131,63,68,131,No Group
Manchester City Council - Chorlton,Chorlton Place,2018,November,47,Thursday,22 Nov 2018,20:00,38,39,77,38,39,77,No Group
Manchester City Council - Chorlton,Chorlton Place,2018,November,47,Thursday,22 Nov 2018,21:00,30,33,63,30,33,63,No Group
Manchester City Council - Chorlton,Chorlton Place,2018,November,47,Thursday,22 Nov 2018,22:00,27,17,44,27,17,44,No Group
Manchester City Council - Chorlton,Chorlton Place,2018,November,47,Thursday,22 Nov 2018,23:00,22,12,34,22,12,34,No Group
Manchester City Council - Chorlton,Chorlton Place,2018,November,47,Friday,23 Nov 2018,00:00,13,3,16,13,3,16,No Group
Manchester City Council - Chorlton,Chorlton Place,2018,November,47,Friday,23 Nov 2018,01:00,0,0,0,0,0,0,No Group
Manchester City Council - Chorlton,Chorlton Place,2018,November,47,Friday,23 Nov 2018,02:00,1,0,1,1,0,1,No Group
Manchester City Council - Chorlton,Chorlton Place,2018,November,47,Friday,23 Nov 2018,03:00,0,2,2,0,2,2,No Group
Manchester City Council - Chorlton,Chorlton Place,2018,November,47,Friday,23 Nov 2018,04:00,1,2,3,1,2,3,No Group
Manchester City Council - Chorlton,Chorlton Place,2018,November,47,Friday,23 Nov 2018,05:00,0,5,5,0,5,5,No Group
Manchester City Council - Chorlton,Chorlton Place,2018,November,47,Friday,23 Nov 2018,06:00,1,15,16,1,15,16,No Group
Manchester City Council - Chorlton,Chorlton Place,2018,November,47,Friday,23 Nov 2018,07:00,38,93,131,38,93,131,No Group
Manchester City Council - Chorlton,Chorlton Place,2018,November,47,Friday,23 Nov 2018,08:00,43,135,178,43,135,178,No Group
Manchester City Council - Chorlton,Chorlton Place,2018,November,47,Friday,23 Nov 2018,09:00,93,146,239,93,146,239,No Group
Manchester City Council - Chorlton,Chorlton Place,2018,November,47,Friday,23 Nov 2018,10:00,131,149,280,131,149,280,No Group
Manchester City Council - Chorlton,Chorlton Place,2018,November,47,Friday,23 Nov 2018,11:00,142,179,321,142,179,321,No Group
Manchester City Council - Chorlton,Chorlton Place,2018,November,47,Friday,23 Nov 2018,12:00,179,173,352,179,173,352,No Group
Manchester City Council - Chorlton,Chorlton Place,2018,November,47,Friday,23 Nov 2018,13:00,172,182,354,172,182,354,No Group
Manchester City Council - Chorlton,Chorlton Place,2018,November,47,Friday,23 Nov 2018,14:00,162,186,348,162,186,348,No Group
Manchester City Council - Chorlton,Chorlton Place,2018,November,47,Friday,23 Nov 2018,15:00,189,197,386,189,197,386,No Group
Manchester City Council - Chorlton,Chorlton Place,2018,November,47,Friday,23 Nov 2018,16:00,147,149,296,147,149,296,No Group
Manchester City Council - Chorlton,Chorlton Place,2018,November,47,Friday,23 Nov 2018,17:00,110,90,200,110,90,200,No Group
Manchester City Council - Chorlton,Chorlton Place,2018,November,47,Friday,23 Nov 2018,18:00,100,100,200,100,100,200,No Group
Manchester City Council - Chorlton,Chorlton Place,2018,November,47,Friday,23 Nov 2018,19:00,81,64,145,81,64,145,No Group
Manchester City Council - Chorlton,Chorlton Place,2018,November,47,Friday,23 Nov 2018,20:00,73,81,154,73,81,154,No Group
Manchester City Council - Chorlton,Chorlton Place,2018,November,47,Friday,23 Nov 2018,21:00,49,62,111,49,62,111,No Group
Manchester City Council - Chorlton,Chorlton Place,2018,November,47,Friday,23 Nov 2018,22:00,38,42,80,38,42,80,No Group
Manchester City Council - Chorlton,Chorlton Place,2018,November,47,Friday,23 Nov 2018,23:00,32,28,60,32,28,60,No Group
Manchester City Council - Chorlton,Chorlton Place,2018,November,47,Saturday,24 Nov 2018,00:00,19,36,55,19,36,55,No Group
Manchester City Council - Chorlton,Chorlton Place,2018,November,47,Saturday,24 Nov 2018,01:00,19,8,27,19,8,27,No Group
Manchester City Council - Chorlton,Chorlton Place,2018,November,47,Saturday,24 Nov 2018,02:00,8,0,8,8,0,8,No Group
Manchester City Council - Chorlton,Chorlton Place,2018,November,47,Saturday,24 Nov 2018,03:00,0,3,3,0,3,3,No Group
Manchester City Council - Chorlton,Chorlton Place,2018,November,47,Saturday,24 Nov 2018,04:00,0,0,0,0,0,0,No Group
Manchester City Council - Chorlton,Chorlton Place,2018,November,47,Saturday,24 Nov 2018,05:00,1,6,7,1,6,7,No Group
Manchester City Council - Chorlton,Chorlton Place,2018,November,47,Saturday,24 Nov 2018,06:00,7,11,18,7,11,18,No Group
Manchester City Council - Chorlton,Chorlton Place,2018,November,47,Saturday,24 Nov 2018,07:00,8,14,22,8,14,22,No Group
Manchester City Council - Chorlton,Chorlton Place,2018,November,47,Saturday,24 Nov 2018,08:00,41,49,90,41,49,90,No Group
Manchester City Council - Chorlton,Chorlton Place,2018,November,47,Saturday,24 Nov 2018,09:00,110,152,262,110,152,262,No Group
Manchester City Council - Chorlton,Chorlton Place,2018,November,47,Saturday,24 Nov 2018,10:00,175,194,369,175,194,369,No Group
Manchester City Council - Chorlton,Chorlton Place,2018,November,47,Saturday,24 Nov 2018,11:00,365,503,868,365,503,868,No Group
Manchester City Council - Chorlton,Chorlton Place,2018,November,47,Saturday,24 Nov 2018,12:00,252,289,541,252,289,541,No Group
Manchester City Council - Chorlton,Chorlton Place,2018,November,47,Saturday,24 Nov 2018,13:00,244,291,535,244,291,535,No Group
Manchester City Council - Chorlton,Chorlton Place,2018,November,47,Saturday,24 Nov 2018,14:00,246,294,540,246,294,540,No Group
Manchester City Council - Chorlton,Chorlton Place,2018,November,47,Saturday,24 Nov 2018,15:00,249,283,532,249,283,532,No Group
Manchester City Council - Chorlton,Chorlton Place,2018,November,47,Saturday,24 Nov 2018,16:00,152,192,344,152,192,344,No Group
Manchester City Council - Chorlton,Chorlton Place,2018,November,47,Saturday,24 Nov 2018,17:00,130,105,235,130,105,235,No Group
Manchester City Council - Chorlton,Chorlton Place,2018,November,47,Saturday,24 Nov 2018,18:00,64,83,147,64,83,147,No Group
Manchester City Council - Chorlton,Chorlton Place,2018,November,47,Saturday,24 Nov 2018,19:00,90,82,172,90,82,172,No Group
Manchester City Council - Chorlton,Chorlton Place,2018,November,47,Saturday,24 Nov 2018,20:00,47,60,107,47,60,107,No Group
Manchester City Council - Chorlton,Chorlton Place,2018,November,47,Saturday,24 Nov 2018,21:00,52,67,119,52,67,119,No Group
Manchester City Council - Chorlton,Chorlton Place,2018,November,47,Saturday,24 Nov 2018,22:00,52,55,107,52,55,107,No Group
Manchester City Council - Chorlton,Chorlton Place,2018,November,47,Saturday,24 Nov 2018,23:00,34,30,64,34,30,64,No Group
Manchester City Council - Chorlton,Chorlton Place,2018,November,47,Sunday,25 Nov 2018,00:00,23,26,49,23,26,49,No Group
Manchester City Council - Chorlton,Chorlton Place,2018,November,47,Sunday,25 Nov 2018,01:00,10,3,13,10,3,13,No Group
Manchester City Council - Chorlton,Chorlton Place,2018,November,47,Sunday,25 Nov 2018,02:00,11,2,13,11,2,13,No Group
Manchester City Council - Chorlton,Chorlton Place,2018,November,47,Sunday,25 Nov 2018,03:00,3,1,4,3,1,4,No Group
Manchester City Council - Chorlton,Chorlton Place,2018,November,47,Sunday,25 Nov 2018,04:00,2,0,2,2,0,2,No Group
Manchester City Council - Chorlton,Chorlton Place,2018,November,47,Sunday,25 Nov 2018,05:00,0,1,1,0,1,1,No Group
Manchester City Council - Chorlton,Chorlton Place,2018,November,47,Sunday,25 Nov 2018,06:00,3,6,9,3,6,9,No Group
Manchester City Council - Chorlton,Chorlton Place,2018,November,47,Sunday,25 Nov 2018,07:00,10,9,19,10,9,19,No Group
Manchester City Council - Chorlton,Chorlton Place,2018,November,47,Sunday,25 Nov 2018,08:00,15,25,40,15,25,40,No Group
Manchester City Council - Chorlton,Chorlton Place,2018,November,47,Sunday,25 Nov 2018,09:00,19,42,61,19,42,61,No Group
Manchester City Council - Chorlton,Chorlton Place,2018,November,47,Sunday,25 Nov 2018,10:00,157,290,447,157,290,447,No Group
Manchester City Council - Chorlton,Chorlton Place,2018,November,47,Sunday,25 Nov 2018,11:00,192,498,690,192,498,690,No Group
Manchester City Council - Chorlton,Chorlton Place,2018,November,47,Sunday,25 Nov 2018,12:00,116,148,264,116,148,264,No Group
Manchester City Council - Chorlton,Chorlton Place,2018,November,47,Sunday,25 Nov 2018,13:00,97,144,241,97,144,241,No Group
Manchester City Council - Chorlton,Chorlton Place,2018,November,47,Sunday,25 Nov 2018,14:00,101,120,221,101,120,221,No Group
Manchester City Council - Chorlton,Chorlton Place,2018,November,47,Sunday,25 Nov 2018,15:00,128,138,266,128,138,266,No Group
Manchester City Council - Chorlton,Chorlton Place,2018,November,47,Sunday,25 Nov 2018,16:00,84,96,180,84,96,180,No Group
Manchester City Council - Chorlton,Chorlton Place,2018,November,47,Sunday,25 Nov 2018,17:00,61,57,118,61,57,118,No Group
Manchester City Council - Chorlton,Chorlton Place,2018,November,47,Sunday,25 Nov 2018,18:00,54,47,101,54,47,101,No Group
Manchester City Council - Chorlton,Chorlton Place,2018,November,47,Sunday,25 Nov 2018,19:00,30,35,65,30,35,65,No Group
Manchester City Council - Chorlton,Chorlton Place,2018,November,47,Sunday,25 Nov 2018,20:00,20,20,40,20,20,40,No Group
Manchester City Council - Chorlton,Chorlton Place,2018,November,47,Sunday,25 Nov 2018,21:00,17,34,51,17,34,51,No Group
Manchester City Council - Chorlton,Chorlton Place,2018,November,47,Sunday,25 Nov 2018,22:00,16,16,32,16,16,32,No Group
Manchester City Council - Chorlton,Chorlton Place,2018,November,47,Sunday,25 Nov 2018,23:00,8,5,13,8,5,13,No Group
Manchester City Council - Chorlton,Chorlton Place,2018,December,48,Monday,26 Nov 2018,00:00,3,1,4,3,1,4,No Group
Manchester City Council - Chorlton,Chorlton Place,2018,December,48,Monday,26 Nov 2018,01:00,0,0,0,0,0,0,No Group
Manchester City Council - Chorlton,Chorlton Place,2018,December,48,Monday,26 Nov 2018,02:00,0,2,2,0,2,2,No Group
Manchester City Council - Chorlton,Chorlton Place,2018,December,48,Monday,26 Nov 2018,03:00,0,2,2,0,2,2,No Group
Manchester City Council - Chorlton,Chorlton Place,2018,December,48,Monday,26 Nov 2018,04:00,1,5,6,1,5,6,No Group
Manchester City Council - Chorlton,Chorlton Place,2018,December,48,Monday,26 Nov 2018,05:00,15,14,29,15,14,29,No Group
Manchester City Council - Chorlton,Chorlton Place,2018,December,48,Monday,26 Nov 2018,06:00,5,18,23,5,18,23,No Group
Manchester City Council - Chorlton,Chorlton Place,2018,December,48,Monday,26 Nov 2018,07:00,27,81,108,27,81,108,No Group
Manchester City Council - Chorlton,Chorlton Place,2018,December,48,Monday,26 Nov 2018,08:00,32,125,157,32,125,157,No Group
Manchester City Council - Chorlton,Chorlton Place,2018,December,48,Monday,26 Nov 2018,09:00,88,134,222,88,134,222,No Group
Manchester City Council - Chorlton,Chorlton Place,2018,December,48,Monday,26 Nov 2018,10:00,109,136,245,109,136,245,No Group
Manchester City Council - Chorlton,Chorlton Place,2018,December,48,Monday,26 Nov 2018,11:00,132,152,284,132,152,284,No Group
Manchester City Council - Chorlton,Chorlton Place,2018,December,48,Monday,26 Nov 2018,12:00,151,165,316,151,165,316,No Group
Manchester City Council - Chorlton,Chorlton Place,2018,December,48,Monday,26 Nov 2018,13:00,143,138,281,143,138,281,No Group
Manchester City Council - Chorlton,Chorlton Place,2018,December,48,Monday,26 Nov 2018,14:00,147,175,322,147,175,322,No Group
Manchester City Council - Chorlton,Chorlton Place,2018,December,48,Monday,26 Nov 2018,15:00,152,155,307,152,155,307,No Group
Manchester City Council - Chorlton,Chorlton Place,2018,December,48,Monday,26 Nov 2018,16:00,145,133,278,145,133,278,No Group
Manchester City Council - Chorlton,Chorlton Place,2018,December,48,Monday,26 Nov 2018,17:00,119,81,200,119,81,200,No Group
Manchester City Council - Chorlton,Chorlton Place,2018,December,48,Monday,26 Nov 2018,18:00,112,60,172,112,60,172,No Group
Manchester City Council - Chorlton,Chorlton Place,2018,December,48,Monday,26 Nov 2018,19:00,55,30,85,55,30,85,No Group
Manchester City Council - Chorlton,Chorlton Place,2018,December,48,Monday,26 Nov 2018,20:00,51,47,98,51,47,98,No Group
Manchester City Council - Chorlton,Chorlton Place,2018,December,48,Monday,26 Nov 2018,21:00,30,31,61,30,31,61,No Group
Manchester City Council - Chorlton,Chorlton Place,2018,December,48,Monday,26 Nov 2018,22:00,18,20,38,18,20,38,No Group
Manchester City Council - Chorlton,Chorlton Place,2018,December,48,Monday,26 Nov 2018,23:00,12,15,27,12,15,27,No Group
Manchester City Council - Chorlton,Chorlton Place,2018,December,48,Tuesday,27 Nov 2018,00:00,12,1,13,12,1,13,No Group
Manchester City Council - Chorlton,Chorlton Place,2018,December,48,Tuesday,27 Nov 2018,01:00,3,1,4,3,1,4,No Group
Manchester City Council - Chorlton,Chorlton Place,2018,December,48,Tuesday,27 Nov 2018,02:00,2,4,6,2,4,6,No Group
Manchester City Council - Chorlton,Chorlton Place,2018,December,48,Tuesday,27 Nov 2018,03:00,0,4,4,0,4,4,No Group
Manchester City Council - Chorlton,Chorlton Place,2018,December,48,Tuesday,27 Nov 2018,04:00,1,2,3,1,2,3,No Group
Manchester City Council - Chorlton,Chorlton Place,2018,December,48,Tuesday,27 Nov 2018,05:00,6,16,22,6,16,22,No Group
Manchester City Council - Chorlton,Chorlton Place,2018,December,48,Tuesday,27 Nov 2018,06:00,13,26,39,13,26,39,No Group
Manchester City Council - Chorlton,Chorlton Place,2018,December,48,Tuesday,27 Nov 2018,07:00,28,79,107,28,79,107,No Group
Manchester City Council - Chorlton,Chorlton Place,2018,December,48,Tuesday,27 Nov 2018,08:00,28,116,144,28,116,144,No Group
Manchester City Council - Chorlton,Chorlton Place,2018,December,48,Tuesday,27 Nov 2018,09:00,94,150,244,94,150,244,No Group
Manchester City Council - Chorlton,Chorlton Place,2018,December,48,Tuesday,27 Nov 2018,10:00,118,126,244,118,126,244,No Group
Manchester City Council - Chorlton,Chorlton Place,2018,December,48,Tuesday,27 Nov 2018,11:00,135,152,287,135,152,287,No Group
Manchester City Council - Chorlton,Chorlton Place,2018,December,48,Tuesday,27 Nov 2018,12:00,142,169,311,142,169,311,No Group
Manchester City Council - Chorlton,Chorlton Place,2018,December,48,Tuesday,27 Nov 2018,13:00,196,205,401,196,205,401,No Group
Manchester City Council - Chorlton,Chorlton Place,2018,December,48,Tuesday,27 Nov 2018,14:00,188,204,392,188,204,392,No Group
Manchester City Council - Chorlton,Chorlton Place,2018,December,48,Tuesday,27 Nov 2018,15:00,138,168,306,138,168,306,No Group
Manchester City Council - Chorlton,Chorlton Place,2018,December,48,Tuesday,27 Nov 2018,16:00,96,101,197,96,101,197,No Group
Manchester City Council - Chorlton,Chorlton Place,2018,December,48,Tuesday,27 Nov 2018,17:00,94,80,174,94,80,174,No Group
Manchester City Council - Chorlton,Chorlton Place,2018,December,48,Tuesday,27 Nov 2018,18:00,86,62,148,86,62,148,No Group
Manchester City Council - Chorlton,Chorlton Place,2018,December,48,Tuesday,27 Nov 2018,19:00,42,68,110,42,68,110,No Group
Manchester City Council - Chorlton,Chorlton Place,2018,December,48,Tuesday,27 Nov 2018,20:00,30,61,91,30,61,91,No Group
Manchester City Council - Chorlton,Chorlton Place,2018,December,48,Tuesday,27 Nov 2018,21:00,29,78,107,29,78,107,No Group
Manchester City Council - Chorlton,Chorlton Place,2018,December,48,Tuesday,27 Nov 2018,22:00,31,58,89,31,58,89,No Group
Manchester City Council - Chorlton,Chorlton Place,2018,December,48,Tuesday,27 Nov 2018,23:00,8,23,31,8,23,31,No Group
Manchester City Council - Chorlton,Chorlton Place,2018,December,48,Wednesday,28 Nov 2018,00:00,4,5,9,4,5,9,No Group
Manchester City Council - Chorlton,Chorlton Place,2018,December,48,Wednesday,28 Nov 2018,01:00,1,0,1,1,0,1,No Group
Manchester City Council - Chorlton,Chorlton Place,2018,December,48,Wednesday,28 Nov 2018,02:00,0,1,1,0,1,1,No Group
Manchester City Council - Chorlton,Chorlton Place,2018,December,48,Wednesday,28 Nov 2018,03:00,0,5,5,0,5,5,No Group
Manchester City Council - Chorlton,Chorlton Place,2018,December,48,Wednesday,28 Nov 2018,04:00,3,4,7,3,4,7,No Group
Manchester City Council - Chorlton,Chorlton Place,2018,December,48,Wednesday,28 Nov 2018,05:00,1,8,9,1,8,9,No Group
Manchester City Council - Chorlton,Chorlton Place,2018,December,48,Wednesday,28 Nov 2018,06:00,9,24,33,9,24,33,No Group
Manchester City Council - Chorlton,Chorlton Place,2018,December,48,Wednesday,28 Nov 2018,07:00,32,135,167,32,135,167,No Group
Manchester City Council - Chorlton,Chorlton Place,2018,December,48,Wednesday,28 Nov 2018,08:00,44,151,195,44,151,195,No Group
Manchester City Council - Chorlton,Chorlton Place,2018,December,48,Wednesday,28 Nov 2018,09:00,83,157,240,83,157,240,No Group
Manchester City Council - Chorlton,Chorlton Place,2018,December,48,Wednesday,28 Nov 2018,10:00,144,176,320,144,176,320,No Group
Manchester City Council - Chorlton,Chorlton Place,2018,December,48,Wednesday,28 Nov 2018,11:00,141,192,333,141,192,333,No Group
Manchester City Council - Chorlton,Chorlton Place,2018,December,48,Wednesday,28 Nov 2018,12:00,132,201,333,132,201,333,No Group
Manchester City Council - Chorlton,Chorlton Place,2018,December,48,Wednesday,28 Nov 2018,13:00,196,204,400,196,204,400,No Group
Manchester City Council - Chorlton,Chorlton Place,2018,December,48,Wednesday,28 Nov 2018,14:00,197,210,407,197,210,407,No Group
Manchester City Council - Chorlton,Chorlton Place,2018,December,48,Wednesday,28 Nov 2018,15:00,254,308,562,254,308,562,No Group
Manchester City Council - Chorlton,Chorlton Place,2018,December,48,Wednesday,28 Nov 2018,16:00,99,118,217,99,118,217,No Group
Manchester City Council - Chorlton,Chorlton Place,2018,December,48,Wednesday,28 Nov 2018,17:00,78,84,162,78,84,162,No Group
Manchester City Council - Chorlton,Chorlton Place,2018,December,48,Wednesday,28 Nov 2018,18:00,103,66,169,103,66,169,No Group
Manchester City Council - Chorlton,Chorlton Place,2018,December,48,Wednesday,28 Nov 2018,19:00,62,42,104,62,42,104,No Group
Manchester City Council - Chorlton,Chorlton Place,2018,December,48,Wednesday,28 Nov 2018,20:00,58,50,108,58,50,108,No Group
Manchester City Council - Chorlton,Chorlton Place,2018,December,48,Wednesday,28 Nov 2018,21:00,29,64,93,29,64,93,No Group
Manchester City Council - Chorlton,Chorlton Place,2018,December,48,Wednesday,28 Nov 2018,22:00,19,35,54,19,35,54,No Group
Manchester City Council - Chorlton,Chorlton Place,2018,December,48,Wednesday,28 Nov 2018,23:00,13,14,27,13,14,27,No Group
Manchester City Council - Chorlton,Chorlton Place,2018,December,48,Thursday,29 Nov 2018,00:00,10,2,12,10,2,12,No Group
Manchester City Council - Chorlton,Chorlton Place,2018,December,48,Thursday,29 Nov 2018,01:00,4,0,4,4,0,4,No Group
Manchester City Council - Chorlton,Chorlton Place,2018,December,48,Thursday,29 Nov 2018,02:00,1,1,2,1,1,2,No Group
Manchester City Council - Chorlton,Chorlton Place,2018,December,48,Thursday,29 Nov 2018,03:00,0,2,2,0,2,2,No Group
Manchester City Council - Chorlton,Chorlton Place,2018,December,48,Thursday,29 Nov 2018,04:00,0,3,3,0,3,3,No Group
Manchester City Council - Chorlton,Chorlton Place,2018,December,48,Thursday,29 Nov 2018,05:00,4,6,10,4,6,10,No Group
Manchester City Council - Chorlton,Chorlton Place,2018,December,48,Thursday,29 Nov 2018,06:00,6,32,38,6,32,38,No Group
Manchester City Council - Chorlton,Chorlton Place,2018,December,48,Thursday,29 Nov 2018,07:00,29,133,162,29,133,162,No Group
Manchester City Council - Chorlton,Chorlton Place,2018,December,48,Thursday,29 Nov 2018,08:00,37,141,178,37,141,178,No Group
Manchester City Council - Chorlton,Chorlton Place,2018,December,48,Thursday,29 Nov 2018,09:00,93,141,234,93,141,234,No Group
Manchester City Council - Chorlton,Chorlton Place,2018,December,48,Thursday,29 Nov 2018,10:00,151,166,317,151,166,317,No Group
Manchester City Council - Chorlton,Chorlton Place,2018,December,48,Thursday,29 Nov 2018,11:00,147,173,320,147,173,320,No Group
Manchester City Council - Chorlton,Chorlton Place,2018,December,48,Thursday,29 Nov 2018,12:00,119,127,246,119,127,246,No Group
Manchester City Council - Chorlton,Chorlton Place,2018,December,48,Thursday,29 Nov 2018,13:00,122,146,268,122,146,268,No Group
Manchester City Council - Chorlton,Chorlton Place,2018,December,48,Thursday,29 Nov 2018,14:00,137,167,304,137,167,304,No Group
Manchester City Council - Chorlton,Chorlton Place,2018,December,48,Thursday,29 Nov 2018,15:00,103,146,249,103,146,249,No Group
Manchester City Council - Chorlton,Chorlton Place,2018,December,48,Thursday,29 Nov 2018,16:00,146,139,285,146,139,285,No Group
Manchester City Council - Chorlton,Chorlton Place,2018,December,48,Thursday,29 Nov 2018,17:00,104,80,184,104,80,184,No Group
Manchester City Council - Chorlton,Chorlton Place,2018,December,48,Thursday,29 Nov 2018,18:00,112,80,192,112,80,192,No Group
Manchester City Council - Chorlton,Chorlton Place,2018,December,48,Thursday,29 Nov 2018,19:00,55,44,99,55,44,99,No Group
Manchester City Council - Chorlton,Chorlton Place,2018,December,48,Thursday,29 Nov 2018,20:00,45,37,82,45,37,82,No Group
Manchester City Council - Chorlton,Chorlton Place,2018,December,48,Thursday,29 Nov 2018,21:00,25,47,72,25,47,72,No Group
Manchester City Council - Chorlton,Chorlton Place,2018,December,48,Thursday,29 Nov 2018,22:00,32,35,67,32,35,67,No Group
Manchester City Council - Chorlton,Chorlton Place,2018,December,48,Thursday,29 Nov 2018,23:00,7,21,28,7,21,28,No Group
Manchester City Council - Chorlton,Chorlton Place,2018,December,48,Friday,30 Nov 2018,00:00,6,11,17,6,11,17,No Group
Manchester City Council - Chorlton,Chorlton Place,2018,December,48,Friday,30 Nov 2018,01:00,3,4,7,3,4,7,No Group
Manchester City Council - Chorlton,Chorlton Place,2018,December,48,Friday,30 Nov 2018,02:00,1,0,1,1,0,1,No Group
Manchester City Council - Chorlton,Chorlton Place,2018,December,48,Friday,30 Nov 2018,03:00,0,2,2,0,2,2,No Group
Manchester City Council - Chorlton,Chorlton Place,2018,December,48,Friday,30 Nov 2018,04:00,0,0,0,0,0,0,No Group
Manchester City Council - Chorlton,Chorlton Place,2018,December,48,Friday,30 Nov 2018,05:00,1,5,6,1,5,6,No Group
Manchester City Council - Chorlton,Chorlton Place,2018,December,48,Friday,30 Nov 2018,06:00,3,17,20,3,17,20,No Group
Manchester City Council - Chorlton,Chorlton Place,2018,December,48,Friday,30 Nov 2018,07:00,26,90,116,26,90,116,No Group
Manchester City Council - Chorlton,Chorlton Place,2018,December,48,Friday,30 Nov 2018,08:00,35,128,163,35,128,163,No Group
Manchester City Council - Chorlton,Chorlton Place,2018,December,48,Friday,30 Nov 2018,09:00,91,143,234,91,143,234,No Group
Manchester City Council - Chorlton,Chorlton Place,2018,December,48,Friday,30 Nov 2018,10:00,140,157,297,140,157,297,No Group
Manchester City Council - Chorlton,Chorlton Place,2018,December,48,Friday,30 Nov 2018,11:00,167,175,342,167,175,342,No Group
Manchester City Council - Chorlton,Chorlton Place,2018,December,48,Friday,30 Nov 2018,12:00,200,202,402,200,202,402,No Group
Manchester City Council - Chorlton,Chorlton Place,2018,December,48,Friday,30 Nov 2018,13:00,195,216,411,195,216,411,No Group
Manchester City Council - Chorlton,Chorlton Place,2018,December,48,Friday,30 Nov 2018,14:00,205,215,420,205,215,420,No Group
Manchester City Council - Chorlton,Chorlton Place,2018,December,48,Friday,30 Nov 2018,15:00,215,202,417,215,202,417,No Group
Manchester City Council - Chorlton,Chorlton Place,2018,December,48,Friday,30 Nov 2018,16:00,170,147,317,170,147,317,No Group
Manchester City Council - Chorlton,Chorlton Place,2018,December,48,Friday,30 Nov 2018,17:00,80,108,188,80,108,188,No Group
Manchester City Council - Chorlton,Chorlton Place,2018,December,48,Friday,30 Nov 2018,18:00,90,67,157,90,67,157,No Group
Manchester City Council - Chorlton,Chorlton Place,2018,December,48,Friday,30 Nov 2018,19:00,68,59,127,68,59,127,No Group
Manchester City Council - Chorlton,Chorlton Place,2018,December,48,Friday,30 Nov 2018,20:00,46,62,108,46,62,108,No Group
Manchester City Council - Chorlton,Chorlton Place,2018,December,48,Friday,30 Nov 2018,21:00,34,80,114,34,80,114,No Group
Manchester City Council - Chorlton,Chorlton Place,2018,December,48,Friday,30 Nov 2018,22:00,42,63,105,42,63,105,No Group
Manchester City Council - Chorlton,Chorlton Place,2018,December,48,Friday,30 Nov 2018,23:00,25,33,58,25,33,58,No Group
Manchester City Council - Chorlton,Chorlton Place,2018,December,48,Saturday,01 Dec 2018,00:00,19,14,33,19,14,33,No Group
Manchester City Council - Chorlton,Chorlton Place,2018,December,48,Saturday,01 Dec 2018,01:00,7,4,11,7,4,11,No Group
Manchester City Council - Chorlton,Chorlton Place,2018,December,48,Saturday,01 Dec 2018,02:00,6,13,19,6,13,19,No Group
Manchester City Council - Chorlton,Chorlton Place,2018,December,48,Saturday,01 Dec 2018,03:00,10,6,16,10,6,16,No Group
Manchester City Council - Chorlton,Chorlton Place,2018,December,48,Saturday,01 Dec 2018,04:00,2,2,4,2,2,4,No Group
Manchester City Council - Chorlton,Chorlton Place,2018,December,48,Saturday,01 Dec 2018,05:00,1,2,3,1,2,3,No Group
Manchester City Council - Chorlton,Chorlton Place,2018,December,48,Saturday,01 Dec 2018,06:00,3,9,12,3,9,12,No Group
Manchester City Council - Chorlton,Chorlton Place,2018,December,48,Saturday,01 Dec 2018,07:00,6,22,28,6,22,28,No Group
Manchester City Council - Chorlton,Chorlton Place,2018,December,48,Saturday,01 Dec 2018,08:00,35,50,85,35,50,85,No Group
Manchester City Council - Chorlton,Chorlton Place,2018,December,48,Saturday,01 Dec 2018,09:00,133,192,325,133,192,325,No Group
Manchester City Council - Chorlton,Chorlton Place,2018,December,48,Saturday,01 Dec 2018,10:00,221,261,482,221,261,482,No Group
Manchester City Council - Chorlton,Chorlton Place,2018,December,48,Saturday,01 Dec 2018,11:00,270,339,609,270,339,609,No Group
Manchester City Council - Chorlton,Chorlton Place,2018,December,48,Saturday,01 Dec 2018,12:00,276,349,625,276,349,625,No Group
Manchester City Council - Chorlton,Chorlton Place,2018,December,48,Saturday,01 Dec 2018,13:00,294,388,682,294,388,682,No Group
Manchester City Council - Chorlton,Chorlton Place,2018,December,48,Saturday,01 Dec 2018,14:00,319,302,621,319,302,621,No Group
Manchester City Council - Chorlton,Chorlton Place,2018,December,48,Saturday,01 Dec 2018,15:00,295,309,604,295,309,604,No Group
Manchester City Council - Chorlton,Chorlton Place,2018,December,48,Saturday,01 Dec 2018,16:00,143,186,329,143,186,329,No Group
Manchester City Council - Chorlton,Chorlton Place,2018,December,48,Saturday,01 Dec 2018,17:00,115,113,228,115,113,228,No Group
Manchester City Council - Chorlton,Chorlton Place,2018,December,48,Saturday,01 Dec 2018,18:00,68,81,149,68,81,149,No Group
Manchester City Council - Chorlton,Chorlton Place,2018,December,48,Saturday,01 Dec 2018,19:00,65,83,148,65,83,148,No Group
Manchester City Council - Chorlton,Chorlton Place,2018,December,48,Saturday,01 Dec 2018,20:00,57,92,149,57,92,149,No Group
Manchester City Council - Chorlton,Chorlton Place,2018,December,48,Saturday,01 Dec 2018,21:00,47,58,105,47,58,105,No Group
Manchester City Council - Chorlton,Chorlton Place,2018,December,48,Saturday,01 Dec 2018,22:00,41,50,91,41,50,91,No Group
Manchester City Council - Chorlton,Chorlton Place,2018,December,48,Saturday,01 Dec 2018,23:00,38,61,99,38,61,99,No Group
Manchester City Council - Chorlton,Chorlton Place,2018,December,48,Sunday,02 Dec 2018,00:00,25,34,59,25,34,59,No Group
Manchester City Council - Chorlton,Chorlton Place,2018,December,48,Sunday,02 Dec 2018,01:00,15,15,30,15,15,30,No Group
Manchester City Council - Chorlton,Chorlton Place,2018,December,48,Sunday,02 Dec 2018,02:00,3,15,18,3,15,18,No Group
Manchester City Council - Chorlton,Chorlton Place,2018,December,48,Sunday,02 Dec 2018,03:00,5,2,7,5,2,7,No Group
Manchester City Council - Chorlton,Chorlton Place,2018,December,48,Sunday,02 Dec 2018,04:00,1,2,3,1,2,3,No Group
Manchester City Council - Chorlton,Chorlton Place,2018,December,48,Sunday,02 Dec 2018,05:00,1,1,2,1,1,2,No Group
Manchester City Council - Chorlton,Chorlton Place,2018,December,48,Sunday,02 Dec 2018,06:00,1,6,7,1,6,7,No Group
Manchester City Council - Chorlton,Chorlton Place,2018,December,48,Sunday,02 Dec 2018,07:00,5,13,18,5,13,18,No Group
Manchester City Council - Chorlton,Chorlton Place,2018,December,48,Sunday,02 Dec 2018,08:00,30,41,71,30,41,71,No Group
Manchester City Council - Chorlton,Chorlton Place,2018,December,48,Sunday,02 Dec 2018,09:00,34,51,85,34,51,85,No Group
Manchester City Council - Chorlton,Chorlton Place,2018,December,48,Sunday,02 Dec 2018,10:00,88,124,212,88,124,212,No Group
Manchester City Council - Chorlton,Chorlton Place,2018,December,48,Sunday,02 Dec 2018,11:00,131,151,282,131,151,282,No Group
Manchester City Council - Chorlton,Chorlton Place,2018,December,48,Sunday,02 Dec 2018,12:00,162,197,359,162,197,359,No Group
Manchester City Council - Chorlton,Chorlton Place,2018,December,48,Sunday,02 Dec 2018,13:00,186,227,413,186,227,413,No Group
Manchester City Council - Chorlton,Chorlton Place,2018,December,48,Sunday,02 Dec 2018,14:00,171,153,324,171,153,324,No Group
Manchester City Council - Chorlton,Chorlton Place,2018,December,48,Sunday,02 Dec 2018,15:00,131,131,262,131,131,262,No Group
Manchester City Council - Chorlton,Chorlton Place,2018,December,48,Sunday,02 Dec 2018,16:00,67,124,191,67,124,191,No Group
Manchester City Council - Chorlton,Chorlton Place,2018,December,48,Sunday,02 Dec 2018,17:00,52,68,120,52,68,120,No Group
Manchester City Council - Chorlton,Chorlton Place,2018,December,48,Sunday,02 Dec 2018,18:00,24,72,96,24,72,96,No Group
Manchester City Council - Chorlton,Chorlton Place,2018,December,48,Sunday,02 Dec 2018,19:00,31,72,103,31,72,103,No Group
Manchester City Council - Chorlton,Chorlton Place,2018,December,48,Sunday,02 Dec 2018,20:00,9,51,60,9,51,60,No Group
Manchester City Council - Chorlton,Chorlton Place,2018,December,48,Sunday,02 Dec 2018,21:00,14,36,50,14,36,50,No Group
Manchester City Council - Chorlton,Chorlton Place,2018,December,48,Sunday,02 Dec 2018,22:00,12,40,52,12,40,52,No Group
Manchester City Council - Chorlton,Chorlton Place,2018,December,48,Sunday,02 Dec 2018,23:00,12,19,31,12,19,31,No Group
Manchester City Council - Chorlton,Chorlton Place,2018,December,49,Monday,03 Dec 2018,00:00,6,6,12,6,6,12,No Group
Manchester City Council - Chorlton,Chorlton Place,2018,December,49,Monday,03 Dec 2018,01:00,0,3,3,0,3,3,No Group
Manchester City Council - Chorlton,Chorlton Place,2018,December,49,Monday,03 Dec 2018,02:00,1,1,2,1,1,2,No Group
Manchester City Council - Chorlton,Chorlton Place,2018,December,49,Monday,03 Dec 2018,03:00,1,4,5,1,4,5,No Group
Manchester City Council - Chorlton,Chorlton Place,2018,December,49,Monday,03 Dec 2018,04:00,0,2,2,0,2,2,No Group
Manchester City Council - Chorlton,Chorlton Place,2018,December,49,Monday,03 Dec 2018,05:00,4,16,20,4,16,20,No Group
Manchester City Council - Chorlton,Chorlton Place,2018,December,49,Monday,03 Dec 2018,06:00,4,29,33,4,29,33,No Group
Manchester City Council - Chorlton,Chorlton Place,2018,December,49,Monday,03 Dec 2018,07:00,22,142,164,22,142,164,No Group
Manchester City Council - Chorlton,Chorlton Place,2018,December,49,Monday,03 Dec 2018,08:00,23,195,218,23,195,218,No Group
Manchester City Council - Chorlton,Chorlton Place,2018,December,49,Monday,03 Dec 2018,09:00,99,144,243,99,144,243,No Group
Manchester City Council - Chorlton,Chorlton Place,2018,December,49,Monday,03 Dec 2018,10:00,109,155,264,109,155,264,No Group
Manchester City Council - Chorlton,Chorlton Place,2018,December,49,Monday,03 Dec 2018,11:00,69,88,157,69,88,157,No Group
Manchester City Council - Chorlton,Chorlton Place,2018,December,49,Monday,03 Dec 2018,12:00,45,49,94,45,49,94,No Group
Manchester City Council - Chorlton,Chorlton Place,2018,December,49,Monday,03 Dec 2018,13:00,41,74,115,41,74,115,No Group
Manchester City Council - Chorlton,Chorlton Place,2018,December,49,Monday,03 Dec 2018,14:00,77,89,166,77,89,166,No Group
Manchester City Council - Chorlton,Chorlton Place,2018,December,49,Monday,03 Dec 2018,15:00,152,168,320,152,168,320,No Group
Manchester City Council - Chorlton,Chorlton Place,2018,December,49,Monday,03 Dec 2018,16:00,116,110,226,116,110,226,No Group
Manchester City Council - Chorlton,Chorlton Place,2018,December,49,Monday,03 Dec 2018,17:00,98,83,181,98,83,181,No Group
Manchester City Council - Chorlton,Chorlton Place,2018,December,49,Monday,03 Dec 2018,18:00,99,84,183,99,84,183,No Group
Manchester City Council - Chorlton,Chorlton Place,2018,December,49,Monday,03 Dec 2018,19:00,57,39,96,57,39,96,No Group
Manchester City Council - Chorlton,Chorlton Place,2018,December,49,Monday,03 Dec 2018,20:00,39,31,70,39,31,70,No Group
Manchester City Council - Chorlton,Chorlton Place,2018,December,49,Monday,03 Dec 2018,21:00,17,33,50,17,33,50,No Group
Manchester City Council - Chorlton,Chorlton Place,2018,December,49,Monday,03 Dec 2018,22:00,16,30,46,16,30,46,No Group
Manchester City Council - Chorlton,Chorlton Place,2018,December,49,Monday,03 Dec 2018,23:00,9,7,16,9,7,16,No Group
Manchester City Council - Chorlton,Chorlton Place,2018,December,49,Tuesday,04 Dec 2018,00:00,8,3,11,8,3,11,No Group
Manchester City Council - Chorlton,Chorlton Place,2018,December,49,Tuesday,04 Dec 2018,01:00,1,2,3,1,2,3,No Group
Manchester City Council - Chorlton,Chorlton Place,2018,December,49,Tuesday,04 Dec 2018,02:00,4,6,10,4,6,10,No Group
Manchester City Council - Chorlton,Chorlton Place,2018,December,49,Tuesday,04 Dec 2018,03:00,0,2,2,0,2,2,No Group
Manchester City Council - Chorlton,Chorlton Place,2018,December,49,Tuesday,04 Dec 2018,04:00,0,3,3,0,3,3,No Group
Manchester City Council - Chorlton,Chorlton Place,2018,December,49,Tuesday,04 Dec 2018,05:00,2,3,5,2,3,5,No Group
Manchester City Council - Chorlton,Chorlton Place,2018,December,49,Tuesday,04 Dec 2018,06:00,3,17,20,3,17,20,No Group
Manchester City Council - Chorlton,Chorlton Place,2018,December,49,Tuesday,04 Dec 2018,07:00,39,103,142,39,103,142,No Group
Manchester City Council - Chorlton,Chorlton Place,2018,December,49,Tuesday,04 Dec 2018,08:00,35,138,173,35,138,173,No Group
Manchester City Council - Chorlton,Chorlton Place,2018,December,49,Tuesday,04 Dec 2018,09:00,81,152,233,81,152,233,No Group
Manchester City Council - Chorlton,Chorlton Place,2018,December,49,Tuesday,04 Dec 2018,10:00,240,351,591,240,351,591,No Group
Manchester City Council - Chorlton,Chorlton Place,2018,December,49,Tuesday,04 Dec 2018,11:00,359,469,828,359,469,828,No Group
Manchester City Council - Chorlton,Chorlton Place,2018,December,49,Tuesday,04 Dec 2018,12:00,157,208,365,157,208,365,No Group
Manchester City Council - Chorlton,Chorlton Place,2018,December,49,Tuesday,04 Dec 2018,13:00,186,188,374,186,188,374,No Group
Manchester City Council - Chorlton,Chorlton Place,2018,December,49,Tuesday,04 Dec 2018,14:00,146,198,344,146,198,344,No Group
Manchester City Council - Chorlton,Chorlton Place,2018,December,49,Tuesday,04 Dec 2018,15:00,167,165,332,167,165,332,No Group
Manchester City Council - Chorlton,Chorlton Place,2018,December,49,Tuesday,04 Dec 2018,16:00,133,113,246,133,113,246,No Group
Manchester City Council - Chorlton,Chorlton Place,2018,December,49,Tuesday,04 Dec 2018,17:00,102,92,194,102,92,194,No Group
Manchester City Council - Chorlton,Chorlton Place,2018,December,49,Tuesday,04 Dec 2018,18:00,115,66,181,115,66,181,No Group
Manchester City Council - Chorlton,Chorlton Place,2018,December,49,Tuesday,04 Dec 2018,19:00,59,51,110,59,51,110,No Group
Manchester City Council - Chorlton,Chorlton Place,2018,December,49,Tuesday,04 Dec 2018,20:00,45,42,87,45,42,87,No Group
Manchester City Council - Chorlton,Chorlton Place,2018,December,49,Tuesday,04 Dec 2018,21:00,37,26,63,37,26,63,No Group
Manchester City Council - Chorlton,Chorlton Place,2018,December,49,Tuesday,04 Dec 2018,22:00,18,23,41,18,23,41,No Group
Manchester City Council - Chorlton,Chorlton Place,2018,December,49,Tuesday,04 Dec 2018,23:00,24,12,36,24,12,36,No Group
Manchester City Council - Chorlton,Chorlton Place,2018,December,49,Wednesday,05 Dec 2018,00:00,11,5,16,11,5,16,No Group
Manchester City Council - Chorlton,Chorlton Place,2018,December,49,Wednesday,05 Dec 2018,01:00,7,3,10,7,3,10,No Group
Manchester City Council - Chorlton,Chorlton Place,2018,December,49,Wednesday,05 Dec 2018,02:00,1,2,3,1,2,3,No Group
Manchester City Council - Chorlton,Chorlton Place,2018,December,49,Wednesday,05 Dec 2018,03:00,0,4,4,0,4,4,No Group
Manchester City Council - Chorlton,Chorlton Place,2018,December,49,Wednesday,05 Dec 2018,04:00,1,1,2,1,1,2,No Group
Manchester City Council - Chorlton,Chorlton Place,2018,December,49,Wednesday,05 Dec 2018,05:00,0,2,2,0,2,2,No Group
Manchester City Council - Chorlton,Chorlton Place,2018,December,49,Wednesday,05 Dec 2018,06:00,2,18,20,2,18,20,No Group
Manchester City Council - Chorlton,Chorlton Place,2018,December,49,Wednesday,05 Dec 2018,07:00,27,124,151,27,124,151,No Group
Manchester City Council - Chorlton,Chorlton Place,2018,December,49,Wednesday,05 Dec 2018,08:00,46,175,221,46,175,221,No Group
Manchester City Council - Chorlton,Chorlton Place,2018,December,49,Wednesday,05 Dec 2018,09:00,106,181,287,106,181,287,No Group
Manchester City Council - Chorlton,Chorlton Place,2018,December,49,Wednesday,05 Dec 2018,10:00,155,178,333,155,178,333,No Group
Manchester City Council - Chorlton,Chorlton Place,2018,December,49,Wednesday,05 Dec 2018,11:00,108,163,271,108,163,271,No Group
Manchester City Council - Chorlton,Chorlton Place,2018,December,49,Wednesday,05 Dec 2018,12:00,159,176,335,159,176,335,No Group
Manchester City Council - Chorlton,Chorlton Place,2018,December,49,Wednesday,05 Dec 2018,13:00,147,171,318,147,171,318,No Group
Manchester City Council - Chorlton,Chorlton Place,2018,December,49,Wednesday,05 Dec 2018,14:00,162,188,350,162,188,350,No Group
Manchester City Council - Chorlton,Chorlton Place,2018,December,49,Wednesday,05 Dec 2018,15:00,158,161,319,158,161,319,No Group
Manchester City Council - Chorlton,Chorlton Place,2018,December,49,Wednesday,05 Dec 2018,16:00,65,80,145,65,80,145,No Group
Manchester City Council - Chorlton,Chorlton Place,2018,December,49,Wednesday,05 Dec 2018,17:00,44,61,105,44,61,105,No Group
Manchester City Council - Chorlton,Chorlton Place,2018,December,49,Wednesday,05 Dec 2018,18:00,66,61,127,66,61,127,No Group
Manchester City Council - Chorlton,Chorlton Place,2018,December,49,Wednesday,05 Dec 2018,19:00,53,61,114,53,61,114,No Group
Manchester City Council - Chorlton,Chorlton Place,2018,December,49,Wednesday,05 Dec 2018,20:00,31,65,96,31,65,96,No Group
Manchester City Council - Chorlton,Chorlton Place,2018,December,49,Wednesday,05 Dec 2018,21:00,35,68,103,35,68,103,No Group
Manchester City Council - Chorlton,Chorlton Place,2018,December,49,Wednesday,05 Dec 2018,22:00,32,57,89,32,57,89,No Group
Manchester City Council - Chorlton,Chorlton Place,2018,December,49,Wednesday,05 Dec 2018,23:00,23,25,48,23,25,48,No Group
Manchester City Council - Chorlton,Chorlton Place,2018,December,49,Thursday,06 Dec 2018,00:00,4,10,14,4,10,14,No Group
Manchester City Council - Chorlton,Chorlton Place,2018,December,49,Thursday,06 Dec 2018,01:00,3,2,5,3,2,5,No Group
Manchester City Council - Chorlton,Chorlton Place,2018,December,49,Thursday,06 Dec 2018,02:00,0,3,3,0,3,3,No Group
Manchester City Council - Chorlton,Chorlton Place,2018,December,49,Thursday,06 Dec 2018,03:00,0,3,3,0,3,3,No Group
Manchester City Council - Chorlton,Chorlton Place,2018,December,49,Thursday,06 Dec 2018,04:00,0,3,3,0,3,3,No Group
Manchester City Council - Chorlton,Chorlton Place,2018,December,49,Thursday,06 Dec 2018,05:00,1,6,7,1,6,7,No Group
Manchester City Council - Chorlton,Chorlton Place,2018,December,49,Thursday,06 Dec 2018,06:00,4,19,23,4,19,23,No Group
Manchester City Council - Chorlton,Chorlton Place,2018,December,49,Thursday,06 Dec 2018,07:00,28,110,138,28,110,138,No Group
Manchester City Council - Chorlton,Chorlton Place,2018,December,49,Thursday,06 Dec 2018,08:00,48,151,199,48,151,199,No Group
Manchester City Council - Chorlton,Chorlton Place,2018,December,49,Thursday,06 Dec 2018,09:00,112,173,285,112,173,285,No Group
Manchester City Council - Chorlton,Chorlton Place,2018,December,49,Thursday,06 Dec 2018,10:00,272,191,463,272,191,463,No Group
Manchester City Council - Chorlton,Chorlton Place,2018,December,49,Thursday,06 Dec 2018,11:00,199,304,503,199,304,503,No Group
Manchester City Council - Chorlton,Chorlton Place,2018,December,49,Thursday,06 Dec 2018,12:00,204,227,431,204,227,431,No Group
Manchester City Council - Chorlton,Chorlton Place,2018,December,49,Thursday,06 Dec 2018,13:00,178,221,399,178,221,399,No Group
Manchester City Council - Chorlton,Chorlton Place,2018,December,49,Thursday,06 Dec 2018,14:00,177,200,377,177,200,377,No Group
Manchester City Council - Chorlton,Chorlton Place,2018,December,49,Thursday,06 Dec 2018,15:00,159,184,343,159,184,343,No Group
Manchester City Council - Chorlton,Chorlton Place,2018,December,49,Thursday,06 Dec 2018,16:00,106,125,231,106,125,231,No Group
Manchester City Council - Chorlton,Chorlton Place,2018,December,49,Thursday,06 Dec 2018,17:00,89,98,187,89,98,187,No Group
Manchester City Council - Chorlton,Chorlton Place,2018,December,49,Thursday,06 Dec 2018,18:00,93,76,169,93,76,169,No Group
Manchester City Council - Chorlton,Chorlton Place,2018,December,49,Thursday,06 Dec 2018,19:00,55,70,125,55,70,125,No Group
Manchester City Council - Chorlton,Chorlton Place,2018,December,49,Thursday,06 Dec 2018,20:00,42,69,111,42,69,111,No Group
Manchester City Council - Chorlton,Chorlton Place,2018,December,49,Thursday,06 Dec 2018,21:00,30,57,87,30,57,87,No Group
Manchester City Council - Chorlton,Chorlton Place,2018,December,49,Thursday,06 Dec 2018,22:00,26,38,64,26,38,64,No Group
Manchester City Council - Chorlton,Chorlton Place,2018,December,49,Thursday,06 Dec 2018,23:00,18,23,41,18,23,41,No Group
Manchester City Council - Chorlton,Chorlton Place,2018,December,49,Friday,07 Dec 2018,00:00,17,13,30,17,13,30,No Group
Manchester City Council - Chorlton,Chorlton Place,2018,December,49,Friday,07 Dec 2018,01:00,5,5,10,5,5,10,No Group
Manchester City Council - Chorlton,Chorlton Place,2018,December,49,Friday,07 Dec 2018,02:00,6,9,15,6,9,15,No Group
Manchester City Council - Chorlton,Chorlton Place,2018,December,49,Friday,07 Dec 2018,03:00,1,1,2,1,1,2,No Group
Manchester City Council - Chorlton,Chorlton Place,2018,December,49,Friday,07 Dec 2018,04:00,1,2,3,1,2,3,No Group
Manchester City Council - Chorlton,Chorlton Place,2018,December,49,Friday,07 Dec 2018,05:00,2,6,8,2,6,8,No Group
Manchester City Council - Chorlton,Chorlton Place,2018,December,49,Friday,07 Dec 2018,06:00,4,20,24,4,20,24,No Group
Manchester City Council - Chorlton,Chorlton Place,2018,December,49,Friday,07 Dec 2018,07:00,25,86,111,25,86,111,No Group
Manchester City Council - Chorlton,Chorlton Place,2018,December,49,Friday,07 Dec 2018,08:00,52,148,200,52,148,200,No Group
Manchester City Council - Chorlton,Chorlton Place,2018,December,49,Friday,07 Dec 2018,09:00,119,176,295,119,176,295,No Group
Manchester City Council - Chorlton,Chorlton Place,2018,December,49,Friday,07 Dec 2018,10:00,215,267,482,215,267,482,No Group
Manchester City Council - Chorlton,Chorlton Place,2018,December,49,Friday,07 Dec 2018,11:00,219,262,481,219,262,481,No Group
Manchester City Council - Chorlton,Chorlton Place,2018,December,49,Friday,07 Dec 2018,12:00,201,249,450,201,249,450,No Group
Manchester City Council - Chorlton,Chorlton Place,2018,December,49,Friday,07 Dec 2018,13:00,177,216,393,177,216,393,No Group
Manchester City Council - Chorlton,Chorlton Place,2018,December,49,Friday,07 Dec 2018,14:00,214,205,419,214,205,419,No Group
Manchester City Council - Chorlton,Chorlton Place,2018,December,49,Friday,07 Dec 2018,15:00,165,209,374,165,209,374,No Group
Manchester City Council - Chorlton,Chorlton Place,2018,December,49,Friday,07 Dec 2018,16:00,144,131,275,144,131,275,No Group
Manchester City Council - Chorlton,Chorlton Place,2018,December,49,Friday,07 Dec 2018,17:00,87,65,152,87,65,152,No Group
Manchester City Council - Chorlton,Chorlton Place,2018,December,49,Friday,07 Dec 2018,18:00,96,78,174,96,78,174,No Group
Manchester City Council - Chorlton,Chorlton Place,2018,December,49,Friday,07 Dec 2018,19:00,87,60,147,87,60,147,No Group
Manchester City Council - Chorlton,Chorlton Place,2018,December,49,Friday,07 Dec 2018,20:00,81,54,135,81,54,135,No Group
Manchester City Council - Chorlton,Chorlton Place,2018,December,49,Friday,07 Dec 2018,21:00,65,37,102,65,37,102,No Group
Manchester City Council - Chorlton,Chorlton Place,2018,December,49,Friday,07 Dec 2018,22:00,44,47,91,44,47,91,No Group
Manchester City Council - Chorlton,Chorlton Place,2018,December,49,Friday,07 Dec 2018,23:00,32,68,100,32,68,100,No Group
Manchester City Council - Chorlton,Chorlton Place,2018,December,49,Saturday,08 Dec 2018,00:00,26,49,75,26,49,75,No Group
Manchester City Council - Chorlton,Chorlton Place,2018,December,49,Saturday,08 Dec 2018,01:00,36,32,68,36,32,68,No Group
Manchester City Council - Chorlton,Chorlton Place,2018,December,49,Saturday,08 Dec 2018,02:00,3,7,10,3,7,10,No Group
Manchester City Council - Chorlton,Chorlton Place,2018,December,49,Saturday,08 Dec 2018,03:00,3,4,7,3,4,7,No Group
Manchester City Council - Chorlton,Chorlton Place,2018,December,49,Saturday,08 Dec 2018,04:00,11,5,16,11,5,16,No Group
Manchester City Council - Chorlton,Chorlton Place,2018,December,49,Saturday,08 Dec 2018,05:00,16,9,25,16,9,25,No Group
Manchester City Council - Chorlton,Chorlton Place,2018,December,49,Saturday,08 Dec 2018,06:00,4,15,19,4,15,19,No Group
Manchester City Council - Chorlton,Chorlton Place,2018,December,49,Saturday,08 Dec 2018,07:00,12,28,40,12,28,40,No Group
Manchester City Council - Chorlton,Chorlton Place,2018,December,49,Saturday,08 Dec 2018,08:00,43,87,130,43,87,130,No Group
Manchester City Council - Chorlton,Chorlton Place,2018,December,49,Saturday,08 Dec 2018,09:00,122,152,274,122,152,274,No Group
Manchester City Council - Chorlton,Chorlton Place,2018,December,49,Saturday,08 Dec 2018,10:00,231,324,555,231,324,555,No Group
Manchester City Council - Chorlton,Chorlton Place,2018,December,49,Saturday,08 Dec 2018,11:00,322,412,734,322,412,734,No Group
Manchester City Council - Chorlton,Chorlton Place,2018,December,49,Saturday,08 Dec 2018,12:00,294,319,613,294,319,613,No Group
Manchester City Council - Chorlton,Chorlton Place,2018,December,49,Saturday,08 Dec 2018,13:00,321,374,695,321,374,695,No Group
Manchester City Council - Chorlton,Chorlton Place,2018,December,49,Saturday,08 Dec 2018,14:00,304,406,710,304,406,710,No Group
Manchester City Council - Chorlton,Chorlton Place,2018,December,49,Saturday,08 Dec 2018,15:00,265,310,575,265,310,575,No Group
Manchester City Council - Chorlton,Chorlton Place,2018,December,49,Saturday,08 Dec 2018,16:00,158,179,337,158,179,337,No Group
Manchester City Council - Chorlton,Chorlton Place,2018,December,49,Saturday,08 Dec 2018,17:00,92,102,194,92,102,194,No Group
Manchester City Council - Chorlton,Chorlton Place,2018,December,49,Saturday,08 Dec 2018,18:00,62,62,124,62,62,124,No Group
Manchester City Council - Chorlton,Chorlton Place,2018,December,49,Saturday,08 Dec 2018,19:00,65,92,157,65,92,157,No Group
Manchester City Council - Chorlton,Chorlton Place,2018,December,49,Saturday,08 Dec 2018,20:00,40,96,136,40,96,136,No Group
Manchester City Council - Chorlton,Chorlton Place,2018,December,49,Saturday,08 Dec 2018,21:00,48,67,115,48,67,115,No Group
Manchester City Council - Chorlton,Chorlton Place,2018,December,49,Saturday,08 Dec 2018,22:00,38,31,69,38,31,69,No Group
Manchester City Council - Chorlton,Chorlton Place,2018,December,49,Saturday,08 Dec 2018,23:00,24,47,71,24,47,71,No Group
Manchester City Council - Chorlton,Chorlton Place,2018,December,49,Sunday,09 Dec 2018,00:00,21,24,45,21,24,45,No Group
Manchester City Council - Chorlton,Chorlton Place,2018,December,49,Sunday,09 Dec 2018,01:00,11,17,28,11,17,28,No Group
Manchester City Council - Chorlton,Chorlton Place,2018,December,49,Sunday,09 Dec 2018,02:00,7,16,23,7,16,23,No Group
Manchester City Council - Chorlton,Chorlton Place,2018,December,49,Sunday,09 Dec 2018,03:00,1,1,2,1,1,2,No Group
Manchester City Council - Chorlton,Chorlton Place,2018,December,49,Sunday,09 Dec 2018,04:00,3,4,7,3,4,7,No Group
Manchester City Council - Chorlton,Chorlton Place,2018,December,49,Sunday,09 Dec 2018,05:00,0,2,2,0,2,2,No Group
Manchester City Council - Chorlton,Chorlton Place,2018,December,49,Sunday,09 Dec 2018,06:00,1,0,1,1,0,1,No Group
Manchester City Council - Chorlton,Chorlton Place,2018,December,49,Sunday,09 Dec 2018,07:00,5,5,10,5,5,10,No Group
Manchester City Council - Chorlton,Chorlton Place,2018,December,49,Sunday,09 Dec 2018,08:00,10,16,26,10,16,26,No Group
Manchester City Council - Chorlton,Chorlton Place,2018,December,49,Sunday,09 Dec 2018,09:00,22,27,49,22,27,49,No Group
Manchester City Council - Chorlton,Chorlton Place,2018,December,49,Sunday,09 Dec 2018,10:00,56,93,149,56,93,149,No Group
Manchester City Council - Chorlton,Chorlton Place,2018,December,49,Sunday,09 Dec 2018,11:00,181,481,662,181,481,662,No Group
Manchester City Council - Chorlton,Chorlton Place,2018,December,49,Sunday,09 Dec 2018,12:00,128,212,340,128,212,340,No Group
Manchester City Council - Chorlton,Chorlton Place,2018,December,49,Sunday,09 Dec 2018,13:00,149,177,326,149,177,326,No Group
Manchester City Council - Chorlton,Chorlton Place,2018,December,49,Sunday,09 Dec 2018,14:00,133,171,304,133,171,304,No Group
Manchester City Council - Chorlton,Chorlton Place,2018,December,49,Sunday,09 Dec 2018,15:00,127,128,255,127,128,255,No Group
Manchester City Council - Chorlton,Chorlton Place,2018,December,49,Sunday,09 Dec 2018,16:00,90,87,177,90,87,177,No Group
Manchester City Council - Chorlton,Chorlton Place,2018,December,49,Sunday,09 Dec 2018,17:00,75,70,145,75,70,145,No Group
Manchester City Council - Chorlton,Chorlton Place,2018,December,49,Sunday,09 Dec 2018,18:00,48,57,105,48,57,105,No Group
Manchester City Council - Chorlton,Chorlton Place,2018,December,49,Sunday,09 Dec 2018,19:00,20,20,40,20,20,40,No Group
Manchester City Council - Chorlton,Chorlton Place,2018,December,49,Sunday,09 Dec 2018,20:00,18,33,51,18,33,51,No Group
Manchester City Council - Chorlton,Chorlton Place,2018,December,49,Sunday,09 Dec 2018,21:00,16,52,68,16,52,68,No Group
Manchester City Council - Chorlton,Chorlton Place,2018,December,49,Sunday,09 Dec 2018,22:00,15,35,50,15,35,50,No Group
Manchester City Council - Chorlton,Chorlton Place,2018,December,49,Sunday,09 Dec 2018,23:00,10,13,23,10,13,23,No Group
Manchester City Council - Chorlton,Chorlton Place,2018,December,50,Monday,10 Dec 2018,00:00,2,8,10,2,8,10,No Group
Manchester City Council - Chorlton,Chorlton Place,2018,December,50,Monday,10 Dec 2018,01:00,3,1,4,3,1,4,No Group
Manchester City Council - Chorlton,Chorlton Place,2018,December,50,Monday,10 Dec 2018,02:00,0,2,2,0,2,2,No Group
Manchester City Council - Chorlton,Chorlton Place,2018,December,50,Monday,10 Dec 2018,03:00,0,2,2,0,2,2,No Group
Manchester City Council - Chorlton,Chorlton Place,2018,December,50,Monday,10 Dec 2018,04:00,0,1,1,0,1,1,No Group
Manchester City Council - Chorlton,Chorlton Place,2018,December,50,Monday,10 Dec 2018,05:00,1,1,2,1,1,2,No Group
Manchester City Council - Chorlton,Chorlton Place,2018,December,50,Monday,10 Dec 2018,06:00,4,17,21,4,17,21,No Group
Manchester City Council - Chorlton,Chorlton Place,2018,December,50,Monday,10 Dec 2018,07:00,30,105,135,30,105,135,No Group
Manchester City Council - Chorlton,Chorlton Place,2018,December,50,Monday,10 Dec 2018,08:00,46,143,189,46,143,189,No Group
Manchester City Council - Chorlton,Chorlton Place,2018,December,50,Monday,10 Dec 2018,09:00,96,135,231,96,135,231,No Group
Manchester City Council - Chorlton,Chorlton Place,2018,December,50,Monday,10 Dec 2018,10:00,132,154,286,132,154,286,No Group
Manchester City Council - Chorlton,Chorlton Place,2018,December,50,Monday,10 Dec 2018,11:00,132,192,324,132,192,324,No Group
Manchester City Council - Chorlton,Chorlton Place,2018,December,50,Monday,10 Dec 2018,12:00,118,166,284,118,166,284,No Group
Manchester City Council - Chorlton,Chorlton Place,2018,December,50,Monday,10 Dec 2018,13:00,140,170,310,140,170,310,No Group
Manchester City Council - Chorlton,Chorlton Place,2018,December,50,Monday,10 Dec 2018,14:00,196,199,395,196,199,395,No Group
Manchester City Council - Chorlton,Chorlton Place,2018,December,50,Monday,10 Dec 2018,15:00,179,238,417,179,238,417,No Group
Manchester City Council - Chorlton,Chorlton Place,2018,December,50,Monday,10 Dec 2018,16:00,118,130,248,118,130,248,No Group
Manchester City Council - Chorlton,Chorlton Place,2018,December,50,Monday,10 Dec 2018,17:00,93,92,185,93,92,185,No Group
Manchester City Council - Chorlton,Chorlton Place,2018,December,50,Monday,10 Dec 2018,18:00,86,67,153,86,67,153,No Group
Manchester City Council - Chorlton,Chorlton Place,2018,December,50,Monday,10 Dec 2018,19:00,61,65,126,61,65,126,No Group
Manchester City Council - Chorlton,Chorlton Place,2018,December,50,Monday,10 Dec 2018,20:00,48,61,109,48,61,109,No Group
Manchester City Council - Chorlton,Chorlton Place,2018,December,50,Monday,10 Dec 2018,21:00,28,39,67,28,39,67,No Group
Manchester City Council - Chorlton,Chorlton Place,2018,December,50,Monday,10 Dec 2018,22:00,15,15,30,15,15,30,No Group
Manchester City Council - Chorlton,Chorlton Place,2018,December,50,Monday,10 Dec 2018,23:00,8,14,22,8,14,22,No Group
Manchester City Council - Chorlton,Chorlton Place,2018,December,50,Tuesday,11 Dec 2018,00:00,5,1,6,5,1,6,No Group
Manchester City Council - Chorlton,Chorlton Place,2018,December,50,Tuesday,11 Dec 2018,01:00,4,1,5,4,1,5,No Group
Manchester City Council - Chorlton,Chorlton Place,2018,December,50,Tuesday,11 Dec 2018,02:00,5,5,10,5,5,10,No Group
Manchester City Council - Chorlton,Chorlton Place,2018,December,50,Tuesday,11 Dec 2018,03:00,0,4,4,0,4,4,No Group
Manchester City Council - Chorlton,Chorlton Place,2018,December,50,Tuesday,11 Dec 2018,04:00,0,4,4,0,4,4,No Group
Manchester City Council - Chorlton,Chorlton Place,2018,December,50,Tuesday,11 Dec 2018,05:00,1,2,3,1,2,3,No Group
Manchester City Council - Chorlton,Chorlton Place,2018,December,50,Tuesday,11 Dec 2018,06:00,5,15,20,5,15,20,No Group
Manchester City Council - Chorlton,Chorlton Place,2018,December,50,Tuesday,11 Dec 2018,07:00,29,83,112,29,83,112,No Group
Manchester City Council - Chorlton,Chorlton Place,2018,December,50,Tuesday,11 Dec 2018,08:00,27,120,147,27,120,147,No Group
Manchester City Council - Chorlton,Chorlton Place,2018,December,50,Tuesday,11 Dec 2018,09:00,92,139,231,92,139,231,No Group
Manchester City Council - Chorlton,Chorlton Place,2018,December,50,Tuesday,11 Dec 2018,10:00,106,153,259,106,153,259,No Group
Manchester City Council - Chorlton,Chorlton Place,2018,December,50,Tuesday,11 Dec 2018,11:00,262,512,774,262,512,774,No Group
Manchester City Council - Chorlton,Chorlton Place,2018,December,50,Tuesday,11 Dec 2018,12:00,197,213,410,197,213,410,No Group
Manchester City Council - Chorlton,Chorlton Place,2018,December,50,Tuesday,11 Dec 2018,13:00,181,167,348,181,167,348,No Group
Manchester City Council - Chorlton,Chorlton Place,2018,December,50,Tuesday,11 Dec 2018,14:00,185,193,378,185,193,378,No Group
Manchester City Council - Chorlton,Chorlton Place,2018,December,50,Tuesday,11 Dec 2018,15:00,169,153,322,169,153,322,No Group
Manchester City Council - Chorlton,Chorlton Place,2018,December,50,Tuesday,11 Dec 2018,16:00,155,168,323,155,168,323,No Group
Manchester City Council - Chorlton,Chorlton Place,2018,December,50,Tuesday,11 Dec 2018,17:00,132,114,246,132,114,246,No Group
Manchester City Council - Chorlton,Chorlton Place,2018,December,50,Tuesday,11 Dec 2018,18:00,98,77,175,98,77,175,No Group
Manchester City Council - Chorlton,Chorlton Place,2018,December,50,Tuesday,11 Dec 2018,19:00,70,37,107,70,37,107,No Group
Manchester City Council - Chorlton,Chorlton Place,2018,December,50,Tuesday,11 Dec 2018,20:00,58,54,112,58,54,112,No Group
Manchester City Council - Chorlton,Chorlton Place,2018,December,50,Tuesday,11 Dec 2018,21:00,35,27,62,35,27,62,No Group
Manchester City Council - Chorlton,Chorlton Place,2018,December,50,Tuesday,11 Dec 2018,22:00,30,13,43,30,13,43,No Group
Manchester City Council - Chorlton,Chorlton Place,2018,December,50,Tuesday,11 Dec 2018,23:00,19,17,36,19,17,36,No Group
Manchester City Council - Chorlton,Chorlton Place,2018,December,50,Wednesday,12 Dec 2018,00:00,5,4,9,5,4,9,No Group
Manchester City Council - Chorlton,Chorlton Place,2018,December,50,Wednesday,12 Dec 2018,01:00,6,3,9,6,3,9,No Group
Manchester City Council - Chorlton,Chorlton Place,2018,December,50,Wednesday,12 Dec 2018,02:00,0,2,2,0,2,2,No Group
Manchester City Council - Chorlton,Chorlton Place,2018,December,50,Wednesday,12 Dec 2018,03:00,0,3,3,0,3,3,No Group
Manchester City Council - Chorlton,Chorlton Place,2018,December,50,Wednesday,12 Dec 2018,04:00,0,7,7,0,7,7,No Group
Manchester City Council - Chorlton,Chorlton Place,2018,December,50,Wednesday,12 Dec 2018,05:00,2,4,6,2,4,6,No Group
Manchester City Council - Chorlton,Chorlton Place,2018,December,50,Wednesday,12 Dec 2018,06:00,2,27,29,2,27,29,No Group
Manchester City Council - Chorlton,Chorlton Place,2018,December,50,Wednesday,12 Dec 2018,07:00,23,68,91,23,68,91,No Group
Manchester City Council - Chorlton,Chorlton Place,2018,December,50,Wednesday,12 Dec 2018,08:00,41,124,165,41,124,165,No Group
Manchester City Council - Chorlton,Chorlton Place,2018,December,50,Wednesday,12 Dec 2018,09:00,82,159,241,82,159,241,No Group
Manchester City Council - Chorlton,Chorlton Place,2018,December,50,Wednesday,12 Dec 2018,10:00,133,157,290,133,157,290,No Group
Manchester City Council - Chorlton,Chorlton Place,2018,December,50,Wednesday,12 Dec 2018,11:00,338,710,1048,338,710,1048,No Group
Manchester City Council - Chorlton,Chorlton Place,2018,December,50,Wednesday,12 Dec 2018,12:00,174,194,368,174,194,368,No Group
Manchester City Council - Chorlton,Chorlton Place,2018,December,50,Wednesday,12 Dec 2018,13:00,168,189,357,168,189,357,No Group
Manchester City Council - Chorlton,Chorlton Place,2018,December,50,Wednesday,12 Dec 2018,14:00,160,165,325,160,165,325,No Group
Manchester City Council - Chorlton,Chorlton Place,2018,December,50,Wednesday,12 Dec 2018,15:00,151,160,311,151,160,311,No Group
Manchester City Council - Chorlton,Chorlton Place,2018,December,50,Wednesday,12 Dec 2018,16:00,127,154,281,127,154,281,No Group
Manchester City Council - Chorlton,Chorlton Place,2018,December,50,Wednesday,12 Dec 2018,17:00,129,99,228,129,99,228,No Group
Manchester City Council - Chorlton,Chorlton Place,2018,December,50,Wednesday,12 Dec 2018,18:00,96,91,187,96,91,187,No Group
Manchester City Council - Chorlton,Chorlton Place,2018,December,50,Wednesday,12 Dec 2018,19:00,76,49,125,76,49,125,No Group
Manchester City Council - Chorlton,Chorlton Place,2018,December,50,Wednesday,12 Dec 2018,20:00,39,35,74,39,35,74,No Group
Manchester City Council - Chorlton,Chorlton Place,2018,December,50,Wednesday,12 Dec 2018,21:00,39,35,74,39,35,74,No Group
Manchester City Council - Chorlton,Chorlton Place,2018,December,50,Wednesday,12 Dec 2018,22:00,34,22,56,34,22,56,No Group
Manchester City Council - Chorlton,Chorlton Place,2018,December,50,Wednesday,12 Dec 2018,23:00,28,19,47,28,19,47,No Group
Manchester City Council - Chorlton,Chorlton Place,2018,December,50,Thursday,13 Dec 2018,00:00,11,1,12,11,1,12,No Group
Manchester City Council - Chorlton,Chorlton Place,2018,December,50,Thursday,13 Dec 2018,01:00,1,0,1,1,0,1,No Group
Manchester City Council - Chorlton,Chorlton Place,2018,December,50,Thursday,13 Dec 2018,02:00,1,2,3,1,2,3,No Group
Manchester City Council - Chorlton,Chorlton Place,2018,December,50,Thursday,13 Dec 2018,03:00,0,1,1,0,1,1,No Group
Manchester City Council - Chorlton,Chorlton Place,2018,December,50,Thursday,13 Dec 2018,04:00,0,5,5,0,5,5,No Group
Manchester City Council - Chorlton,Chorlton Place,2018,December,50,Thursday,13 Dec 2018,05:00,1,5,6,1,5,6,No Group
Manchester City Council - Chorlton,Chorlton Place,2018,December,50,Thursday,13 Dec 2018,06:00,4,18,22,4,18,22,No Group
Manchester City Council - Chorlton,Chorlton Place,2018,December,50,Thursday,13 Dec 2018,07:00,27,91,118,27,91,118,No Group
Manchester City Council - Chorlton,Chorlton Place,2018,December,50,Thursday,13 Dec 2018,08:00,36,107,143,36,107,143,No Group
Manchester City Council - Chorlton,Chorlton Place,2018,December,50,Thursday,13 Dec 2018,09:00,101,153,254,101,153,254,No Group
Manchester City Council - Chorlton,Chorlton Place,2018,December,50,Thursday,13 Dec 2018,10:00,231,326,557,231,326,557,No Group
Manchester City Council - Chorlton,Chorlton Place,2018,December,50,Thursday,13 Dec 2018,11:00,288,233,521,288,233,521,No Group
Manchester City Council - Chorlton,Chorlton Place,2018,December,50,Thursday,13 Dec 2018,12:00,220,256,476,220,256,476,No Group
Manchester City Council - Chorlton,Chorlton Place,2018,December,50,Thursday,13 Dec 2018,13:00,155,187,342,155,187,342,No Group
Manchester City Council - Chorlton,Chorlton Place,2018,December,50,Thursday,13 Dec 2018,14:00,174,161,335,174,161,335,No Group
Manchester City Council - Chorlton,Chorlton Place,2018,December,50,Thursday,13 Dec 2018,15:00,163,189,352,163,189,352,No Group
Manchester City Council - Chorlton,Chorlton Place,2018,December,50,Thursday,13 Dec 2018,16:00,143,153,296,143,153,296,No Group
Manchester City Council - Chorlton,Chorlton Place,2018,December,50,Thursday,13 Dec 2018,17:00,123,92,215,123,92,215,No Group
Manchester City Council - Chorlton,Chorlton Place,2018,December,50,Thursday,13 Dec 2018,18:00,99,77,176,99,77,176,No Group
Manchester City Council - Chorlton,Chorlton Place,2018,December,50,Thursday,13 Dec 2018,19:00,64,63,127,64,63,127,No Group
Manchester City Council - Chorlton,Chorlton Place,2018,December,50,Thursday,13 Dec 2018,20:00,44,28,72,44,28,72,No Group
Manchester City Council - Chorlton,Chorlton Place,2018,December,50,Thursday,13 Dec 2018,21:00,27,29,56,27,29,56,No Group
Manchester City Council - Chorlton,Chorlton Place,2018,December,50,Thursday,13 Dec 2018,22:00,26,19,45,26,19,45,No Group
Manchester City Council - Chorlton,Chorlton Place,2018,December,50,Thursday,13 Dec 2018,23:00,15,6,21,15,6,21,No Group
Manchester City Council - Chorlton,Chorlton Place,2018,December,50,Friday,14 Dec 2018,00:00,8,3,11,8,3,11,No Group
Manchester City Council - Chorlton,Chorlton Place,2018,December,50,Friday,14 Dec 2018,01:00,1,0,1,1,0,1,No Group
Manchester City Council - Chorlton,Chorlton Place,2018,December,50,Friday,14 Dec 2018,02:00,1,2,3,1,2,3,No Group
Manchester City Council - Chorlton,Chorlton Place,2018,December,50,Friday,14 Dec 2018,03:00,0,3,3,0,3,3,No Group
Manchester City Council - Chorlton,Chorlton Place,2018,December,50,Friday,14 Dec 2018,04:00,0,4,4,0,4,4,No Group
Manchester City Council - Chorlton,Chorlton Place,2018,December,50,Friday,14 Dec 2018,05:00,1,3,4,1,3,4,No Group
Manchester City Council - Chorlton,Chorlton Place,2018,December,50,Friday,14 Dec 2018,06:00,2,23,25,2,23,25,No Group
Manchester City Council - Chorlton,Chorlton Place,2018,December,50,Friday,14 Dec 2018,07:00,22,72,94,22,72,94,No Group
Manchester City Council - Chorlton,Chorlton Place,2018,December,50,Friday,14 Dec 2018,08:00,39,133,172,39,133,172,No Group
Manchester City Council - Chorlton,Chorlton Place,2018,December,50,Friday,14 Dec 2018,09:00,104,152,256,104,152,256,No Group
Manchester City Council - Chorlton,Chorlton Place,2018,December,50,Friday,14 Dec 2018,10:00,341,576,917,341,576,917,No Group
Manchester City Council - Chorlton,Chorlton Place,2018,December,50,Friday,14 Dec 2018,11:00,376,53,429,376,53,429,No Group
Manchester City Council - Chorlton,Chorlton Place,2018,December,50,Friday,14 Dec 2018,12:00,278,331,609,278,331,609,No Group
Manchester City Council - Chorlton,Chorlton Place,2018,December,50,Friday,14 Dec 2018,13:00,192,234,426,192,234,426,No Group
Manchester City Council - Chorlton,Chorlton Place,2018,December,50,Friday,14 Dec 2018,14:00,186,176,362,186,176,362,No Group
Manchester City Council - Chorlton,Chorlton Place,2018,December,50,Friday,14 Dec 2018,15:00,213,195,408,213,195,408,No Group
Manchester City Council - Chorlton,Chorlton Place,2018,December,50,Friday,14 Dec 2018,16:00,187,194,381,187,194,381,No Group
Manchester City Council - Chorlton,Chorlton Place,2018,December,50,Friday,14 Dec 2018,17:00,118,111,229,118,111,229,No Group
Manchester City Council - Chorlton,Chorlton Place,2018,December,50,Friday,14 Dec 2018,18:00,110,85,195,110,85,195,No Group
Manchester City Council - Chorlton,Chorlton Place,2018,December,50,Friday,14 Dec 2018,19:00,83,77,160,83,77,160,No Group
Manchester City Council - Chorlton,Chorlton Place,2018,December,50,Friday,14 Dec 2018,20:00,60,61,121,60,61,121,No Group
Manchester City Council - Chorlton,Chorlton Place,2018,December,50,Friday,14 Dec 2018,21:00,41,46,87,41,46,87,No Group
Manchester City Council - Chorlton,Chorlton Place,2018,December,50,Friday,14 Dec 2018,22:00,40,34,74,40,34,74,No Group
Manchester City Council - Chorlton,Chorlton Place,2018,December,50,Friday,14 Dec 2018,23:00,54,37,91,54,37,91,No Group
Manchester City Council - Chorlton,Chorlton Place,2018,December,50,Saturday,15 Dec 2018,00:00,26,21,47,26,21,47,No Group
Manchester City Council - Chorlton,Chorlton Place,2018,December,50,Saturday,15 Dec 2018,01:00,20,23,43,20,23,43,No Group
Manchester City Council - Chorlton,Chorlton Place,2018,December,50,Saturday,15 Dec 2018,02:00,5,10,15,5,10,15,No Group
Manchester City Council - Chorlton,Chorlton Place,2018,December,50,Saturday,15 Dec 2018,03:00,2,4,6,2,4,6,No Group
Manchester City Council - Chorlton,Chorlton Place,2018,December,50,Saturday,15 Dec 2018,04:00,2,7,9,2,7,9,No Group
Manchester City Council - Chorlton,Chorlton Place,2018,December,50,Saturday,15 Dec 2018,05:00,8,11,19,8,11,19,No Group
Manchester City Council - Chorlton,Chorlton Place,2018,December,50,Saturday,15 Dec 2018,06:00,1,9,10,1,9,10,No Group
Manchester City Council - Chorlton,Chorlton Place,2018,December,50,Saturday,15 Dec 2018,07:00,11,16,27,11,16,27,No Group
Manchester City Council - Chorlton,Chorlton Place,2018,December,50,Saturday,15 Dec 2018,08:00,30,46,76,30,46,76,No Group
Manchester City Council - Chorlton,Chorlton Place,2018,December,50,Saturday,15 Dec 2018,09:00,105,139,244,105,139,244,No Group
Manchester City Council - Chorlton,Chorlton Place,2018,December,50,Saturday,15 Dec 2018,10:00,184,214,398,184,214,398,No Group
Manchester City Council - Chorlton,Chorlton Place,2018,December,50,Saturday,15 Dec 2018,11:00,276,319,595,276,319,595,No Group
Manchester City Council - Chorlton,Chorlton Place,2018,December,50,Saturday,15 Dec 2018,12:00,276,362,638,276,362,638,No Group
Manchester City Council - Chorlton,Chorlton Place,2018,December,50,Saturday,15 Dec 2018,13:00,295,471,766,295,471,766,No Group
Manchester City Council - Chorlton,Chorlton Place,2018,December,50,Saturday,15 Dec 2018,14:00,220,344,564,220,344,564,No Group
Manchester City Council - Chorlton,Chorlton Place,2018,December,50,Saturday,15 Dec 2018,15:00,207,275,482,207,275,482,No Group
Manchester City Council - Chorlton,Chorlton Place,2018,December,50,Saturday,15 Dec 2018,16:00,94,127,221,94,127,221,No Group
Manchester City Council - Chorlton,Chorlton Place,2018,December,50,Saturday,15 Dec 2018,17:00,58,64,122,58,64,122,No Group
Manchester City Council - Chorlton,Chorlton Place,2018,December,50,Saturday,15 Dec 2018,18:00,47,104,151,47,104,151,No Group
Manchester City Council - Chorlton,Chorlton Place,2018,December,50,Saturday,15 Dec 2018,19:00,47,63,110,47,63,110,No Group
Manchester City Council - Chorlton,Chorlton Place,2018,December,50,Saturday,15 Dec 2018,20:00,61,70,131,61,70,131,No Group
Manchester City Council - Chorlton,Chorlton Place,2018,December,50,Saturday,15 Dec 2018,21:00,17,54,71,17,54,71,No Group
Manchester City Council - Chorlton,Chorlton Place,2018,December,50,Saturday,15 Dec 2018,22:00,26,36,62,26,36,62,No Group
Manchester City Council - Chorlton,Chorlton Place,2018,December,50,Saturday,15 Dec 2018,23:00,53,48,101,53,48,101,No Group
Manchester City Council - Chorlton,Chorlton Place,2018,December,50,Sunday,16 Dec 2018,00:00,27,31,58,27,31,58,No Group
Manchester City Council - Chorlton,Chorlton Place,2018,December,50,Sunday,16 Dec 2018,01:00,32,29,61,32,29,61,No Group
Manchester City Council - Chorlton,Chorlton Place,2018,December,50,Sunday,16 Dec 2018,02:00,6,6,12,6,6,12,No Group
Manchester City Council - Chorlton,Chorlton Place,2018,December,50,Sunday,16 Dec 2018,03:00,4,1,5,4,1,5,No Group
Manchester City Council - Chorlton,Chorlton Place,2018,December,50,Sunday,16 Dec 2018,04:00,0,2,2,0,2,2,No Group
Manchester City Council - Chorlton,Chorlton Place,2018,December,50,Sunday,16 Dec 2018,05:00,0,1,1,0,1,1,No Group
Manchester City Council - Chorlton,Chorlton Place,2018,December,50,Sunday,16 Dec 2018,06:00,0,5,5,0,5,5,No Group
Manchester City Council - Chorlton,Chorlton Place,2018,December,50,Sunday,16 Dec 2018,07:00,9,11,20,9,11,20,No Group
Manchester City Council - Chorlton,Chorlton Place,2018,December,50,Sunday,16 Dec 2018,08:00,28,34,62,28,34,62,No Group
Manchester City Council - Chorlton,Chorlton Place,2018,December,50,Sunday,16 Dec 2018,09:00,34,52,86,34,52,86,No Group
Manchester City Council - Chorlton,Chorlton Place,2018,December,50,Sunday,16 Dec 2018,10:00,134,227,361,134,227,361,No Group
Manchester City Council - Chorlton,Chorlton Place,2018,December,50,Sunday,16 Dec 2018,11:00,136,242,378,136,242,378,No Group
Manchester City Council - Chorlton,Chorlton Place,2018,December,50,Sunday,16 Dec 2018,12:00,143,169,312,143,169,312,No Group
Manchester City Council - Chorlton,Chorlton Place,2018,December,50,Sunday,16 Dec 2018,13:00,169,220,389,169,220,389,No Group
Manchester City Council - Chorlton,Chorlton Place,2018,December,50,Sunday,16 Dec 2018,14:00,160,163,323,160,163,323,No Group
Manchester City Council - Chorlton,Chorlton Place,2018,December,50,Sunday,16 Dec 2018,15:00,144,178,322,144,178,322,No Group
Manchester City Council - Chorlton,Chorlton Place,2018,December,50,Sunday,16 Dec 2018,16:00,63,82,145,63,82,145,No Group
Manchester City Council - Chorlton,Chorlton Place,2018,December,50,Sunday,16 Dec 2018,17:00,57,59,116,57,59,116,No Group
Manchester City Council - Chorlton,Chorlton Place,2018,December,50,Sunday,16 Dec 2018,18:00,25,60,85,25,60,85,No Group
Manchester City Council - Chorlton,Chorlton Place,2018,December,50,Sunday,16 Dec 2018,19:00,27,36,63,27,36,63,No Group
Manchester City Council - Chorlton,Chorlton Place,2018,December,50,Sunday,16 Dec 2018,20:00,11,29,40,11,29,40,No Group
Manchester City Council - Chorlton,Chorlton Place,2018,December,50,Sunday,16 Dec 2018,21:00,17,28,45,17,28,45,No Group
Manchester City Council - Chorlton,Chorlton Place,2018,December,50,Sunday,16 Dec 2018,22:00,12,44,56,12,44,56,No Group
Manchester City Council - Chorlton,Chorlton Place,2018,December,50,Sunday,16 Dec 2018,23:00,10,17,27,10,17,27,No Group
Manchester City Council - Chorlton,Chorlton Place,2018,December,51,Monday,17 Dec 2018,00:00,3,8,11,3,8,11,No Group
Manchester City Council - Chorlton,Chorlton Place,2018,December,51,Monday,17 Dec 2018,01:00,4,4,8,4,4,8,No Group
Manchester City Council - Chorlton,Chorlton Place,2018,December,51,Monday,17 Dec 2018,02:00,1,1,2,1,1,2,No Group
Manchester City Council - Chorlton,Chorlton Place,2018,December,51,Monday,17 Dec 2018,03:00,0,1,1,0,1,1,No Group
Manchester City Council - Chorlton,Chorlton Place,2018,December,51,Monday,17 Dec 2018,04:00,0,2,2,0,2,2,No Group
Manchester City Council - Chorlton,Chorlton Place,2018,December,51,Monday,17 Dec 2018,05:00,0,8,8,0,8,8,No Group
Manchester City Council - Chorlton,Chorlton Place,2018,December,51,Monday,17 Dec 2018,06:00,5,27,32,5,27,32,No Group
Manchester City Council - Chorlton,Chorlton Place,2018,December,51,Monday,17 Dec 2018,07:00,25,119,144,25,119,144,No Group
Manchester City Council - Chorlton,Chorlton Place,2018,December,51,Monday,17 Dec 2018,08:00,31,127,158,31,127,158,No Group
Manchester City Council - Chorlton,Chorlton Place,2018,December,51,Monday,17 Dec 2018,09:00,79,138,217,79,138,217,No Group
Manchester City Council - Chorlton,Chorlton Place,2018,December,51,Monday,17 Dec 2018,10:00,207,256,463,207,256,463,No Group
Manchester City Council - Chorlton,Chorlton Place,2018,December,51,Monday,17 Dec 2018,11:00,522,741,1263,522,741,1263,No Group
Manchester City Council - Chorlton,Chorlton Place,2018,December,51,Monday,17 Dec 2018,12:00,236,336,572,236,336,572,No Group
Manchester City Council - Chorlton,Chorlton Place,2018,December,51,Monday,17 Dec 2018,13:00,193,202,395,193,202,395,No Group
Manchester City Council - Chorlton,Chorlton Place,2018,December,51,Monday,17 Dec 2018,14:00,189,210,399,189,210,399,No Group
Manchester City Council - Chorlton,Chorlton Place,2018,December,51,Monday,17 Dec 2018,15:00,228,215,443,228,215,443,No Group
Manchester City Council - Chorlton,Chorlton Place,2018,December,51,Monday,17 Dec 2018,16:00,94,129,223,94,129,223,No Group
Manchester City Council - Chorlton,Chorlton Place,2018,December,51,Monday,17 Dec 2018,17:00,109,104,213,109,104,213,No Group
Manchester City Council - Chorlton,Chorlton Place,2018,December,51,Monday,17 Dec 2018,18:00,72,81,153,72,81,153,No Group
Manchester City Council - Chorlton,Chorlton Place,2018,December,51,Monday,17 Dec 2018,19:00,41,50,91,41,50,91,No Group
Manchester City Council - Chorlton,Chorlton Place,2018,December,51,Monday,17 Dec 2018,20:00,47,54,101,47,54,101,No Group
Manchester City Council - Chorlton,Chorlton Place,2018,December,51,Monday,17 Dec 2018,21:00,28,53,81,28,53,81,No Group
Manchester City Council - Chorlton,Chorlton Place,2018,December,51,Monday,17 Dec 2018,22:00,16,45,61,16,45,61,No Group
Manchester City Council - Chorlton,Chorlton Place,2018,December,51,Monday,17 Dec 2018,23:00,15,26,41,15,26,41,No Group
Manchester City Council - Chorlton,Chorlton Place,2018,December,51,Tuesday,18 Dec 2018,00:00,2,3,5,2,3,5,No Group
Manchester City Council - Chorlton,Chorlton Place,2018,December,51,Tuesday,18 Dec 2018,01:00,2,1,3,2,1,3,No Group
Manchester City Council - Chorlton,Chorlton Place,2018,December,51,Tuesday,18 Dec 2018,02:00,9,6,15,9,6,15,No Group
Manchester City Council - Chorlton,Chorlton Place,2018,December,51,Tuesday,18 Dec 2018,03:00,1,3,4,1,3,4,No Group
Manchester City Council - Chorlton,Chorlton Place,2018,December,51,Tuesday,18 Dec 2018,04:00,1,2,3,1,2,3,No Group
Manchester City Council - Chorlton,Chorlton Place,2018,December,51,Tuesday,18 Dec 2018,05:00,1,4,5,1,4,5,No Group
Manchester City Council - Chorlton,Chorlton Place,2018,December,51,Tuesday,18 Dec 2018,06:00,3,17,20,3,17,20,No Group
Manchester City Council - Chorlton,Chorlton Place,2018,December,51,Tuesday,18 Dec 2018,07:00,16,70,86,16,70,86,No Group
Manchester City Council - Chorlton,Chorlton Place,2018,December,51,Tuesday,18 Dec 2018,08:00,46,110,156,46,110,156,No Group
Manchester City Council - Chorlton,Chorlton Place,2018,December,51,Tuesday,18 Dec 2018,09:00,135,153,288,135,153,288,No Group
Manchester City Council - Chorlton,Chorlton Place,2018,December,51,Tuesday,18 Dec 2018,10:00,147,182,329,147,182,329,No Group
Manchester City Council - Chorlton,Chorlton Place,2018,December,51,Tuesday,18 Dec 2018,11:00,302,261,563,302,261,563,No Group
Manchester City Council - Chorlton,Chorlton Place,2018,December,51,Tuesday,18 Dec 2018,12:00,236,257,493,236,257,493,No Group
Manchester City Council - Chorlton,Chorlton Place,2018,December,51,Tuesday,18 Dec 2018,13:00,367,354,721,367,354,721,No Group
Manchester City Council - Chorlton,Chorlton Place,2018,December,51,Tuesday,18 Dec 2018,14:00,232,239,471,232,239,471,No Group
Manchester City Council - Chorlton,Chorlton Place,2018,December,51,Tuesday,18 Dec 2018,15:00,232,220,452,232,220,452,No Group
Manchester City Council - Chorlton,Chorlton Place,2018,December,51,Tuesday,18 Dec 2018,16:00,98,108,206,98,108,206,No Group
Manchester City Council - Chorlton,Chorlton Place,2018,December,51,Tuesday,18 Dec 2018,17:00,59,64,123,59,64,123,No Group
Manchester City Council - Chorlton,Chorlton Place,2018,December,51,Tuesday,18 Dec 2018,18:00,60,61,121,60,61,121,No Group
Manchester City Council - Chorlton,Chorlton Place,2018,December,51,Tuesday,18 Dec 2018,19:00,52,64,116,52,64,116,No Group
Manchester City Council - Chorlton,Chorlton Place,2018,December,51,Tuesday,18 Dec 2018,20:00,28,44,72,28,44,72,No Group
Manchester City Council - Chorlton,Chorlton Place,2018,December,51,Tuesday,18 Dec 2018,21:00,20,43,63,20,43,63,No Group
Manchester City Council - Chorlton,Chorlton Place,2018,December,51,Tuesday,18 Dec 2018,22:00,17,36,53,17,36,53,No Group
Manchester City Council - Chorlton,Chorlton Place,2018,December,51,Tuesday,18 Dec 2018,23:00,20,13,33,20,13,33,No Group
Manchester City Council - Chorlton,Chorlton Place,2018,December,51,Wednesday,19 Dec 2018,00:00,10,6,16,10,6,16,No Group
Manchester City Council - Chorlton,Chorlton Place,2018,December,51,Wednesday,19 Dec 2018,01:00,3,0,3,3,0,3,No Group
Manchester City Council - Chorlton,Chorlton Place,2018,December,51,Wednesday,19 Dec 2018,02:00,0,1,1,0,1,1,No Group
Manchester City Council - Chorlton,Chorlton Place,2018,December,51,Wednesday,19 Dec 2018,03:00,0,2,2,0,2,2,No Group
Manchester City Council - Chorlton,Chorlton Place,2018,December,51,Wednesday,19 Dec 2018,04:00,0,5,5,0,5,5,No Group
Manchester City Council - Chorlton,Chorlton Place,2018,December,51,Wednesday,19 Dec 2018,05:00,6,9,15,6,9,15,No Group
Manchester City Council - Chorlton,Chorlton Place,2018,December,51,Wednesday,19 Dec 2018,06:00,3,25,28,3,25,28,No Group
Manchester City Council - Chorlton,Chorlton Place,2018,December,51,Wednesday,19 Dec 2018,07:00,23,103,126,23,103,126,No Group
Manchester City Council - Chorlton,Chorlton Place,2018,December,51,Wednesday,19 Dec 2018,08:00,45,142,187,45,142,187,No Group
Manchester City Council - Chorlton,Chorlton Place,2018,December,51,Wednesday,19 Dec 2018,09:00,102,170,272,102,170,272,No Group
Manchester City Council - Chorlton,Chorlton Place,2018,December,51,Wednesday,19 Dec 2018,10:00,169,194,363,169,194,363,No Group
Manchester City Council - Chorlton,Chorlton Place,2018,December,51,Wednesday,19 Dec 2018,11:00,674,1311,1985,674,1311,1985,No Group
Manchester City Council - Chorlton,Chorlton Place,2018,December,51,Wednesday,19 Dec 2018,12:00,290,395,685,290,395,685,No Group
Manchester City Council - Chorlton,Chorlton Place,2018,December,51,Wednesday,19 Dec 2018,13:00,205,199,404,205,199,404,No Group
Manchester City Council - Chorlton,Chorlton Place,2018,December,51,Wednesday,19 Dec 2018,14:00,204,220,424,204,220,424,No Group
Manchester City Council - Chorlton,Chorlton Place,2018,December,51,Wednesday,19 Dec 2018,15:00,215,195,410,215,195,410,No Group
Manchester City Council - Chorlton,Chorlton Place,2018,December,51,Wednesday,19 Dec 2018,16:00,167,176,343,167,176,343,No Group
Manchester City Council - Chorlton,Chorlton Place,2018,December,51,Wednesday,19 Dec 2018,17:00,164,151,315,164,151,315,No Group
Manchester City Council - Chorlton,Chorlton Place,2018,December,51,Wednesday,19 Dec 2018,18:00,81,52,133,81,52,133,No Group
Manchester City Council - Chorlton,Chorlton Place,2018,December,51,Wednesday,19 Dec 2018,19:00,70,72,142,70,72,142,No Group
Manchester City Council - Chorlton,Chorlton Place,2018,December,51,Wednesday,19 Dec 2018,20:00,31,57,88,31,57,88,No Group
Manchester City Council - Chorlton,Chorlton Place,2018,December,51,Wednesday,19 Dec 2018,21:00,28,72,100,28,72,100,No Group
Manchester City Council - Chorlton,Chorlton Place,2018,December,51,Wednesday,19 Dec 2018,22:00,27,37,64,27,37,64,No Group
Manchester City Council - Chorlton,Chorlton Place,2018,December,51,Wednesday,19 Dec 2018,23:00,23,33,56,23,33,56,No Group
Manchester City Council - Chorlton,Chorlton Place,2018,December,51,Thursday,20 Dec 2018,00:00,9,14,23,9,14,23,No Group
Manchester City Council - Chorlton,Chorlton Place,2018,December,51,Thursday,20 Dec 2018,01:00,4,4,8,4,4,8,No Group
Manchester City Council - Chorlton,Chorlton Place,2018,December,51,Thursday,20 Dec 2018,02:00,0,3,3,0,3,3,No Group
Manchester City Council - Chorlton,Chorlton Place,2018,December,51,Thursday,20 Dec 2018,03:00,0,4,4,0,4,4,No Group
Manchester City Council - Chorlton,Chorlton Place,2018,December,51,Thursday,20 Dec 2018,04:00,0,4,4,0,4,4,No Group
Manchester City Council - Chorlton,Chorlton Place,2018,December,51,Thursday,20 Dec 2018,05:00,2,10,12,2,10,12,No Group
Manchester City Council - Chorlton,Chorlton Place,2018,December,51,Thursday,20 Dec 2018,06:00,7,25,32,7,25,32,No Group
Manchester City Council - Chorlton,Chorlton Place,2018,December,51,Thursday,20 Dec 2018,07:00,20,99,119,20,99,119,No Group
Manchester City Council - Chorlton,Chorlton Place,2018,December,51,Thursday,20 Dec 2018,08:00,49,119,168,49,119,168,No Group
Manchester City Council - Chorlton,Chorlton Place,2018,December,51,Thursday,20 Dec 2018,09:00,111,157,268,111,157,268,No Group
Manchester City Council - Chorlton,Chorlton Place,2018,December,51,Thursday,20 Dec 2018,10:00,201,223,424,201,223,424,No Group
Manchester City Council - Chorlton,Chorlton Place,2018,December,51,Thursday,20 Dec 2018,11:00,261,315,576,261,315,576,No Group
Manchester City Council - Chorlton,Chorlton Place,2018,December,51,Thursday,20 Dec 2018,12:00,231,258,489,231,258,489,No Group
Manchester City Council - Chorlton,Chorlton Place,2018,December,51,Thursday,20 Dec 2018,13:00,213,244,457,213,244,457,No Group
Manchester City Council - Chorlton,Chorlton Place,2018,December,51,Thursday,20 Dec 2018,14:00,241,269,510,241,269,510,No Group
Manchester City Council - Chorlton,Chorlton Place,2018,December,51,Thursday,20 Dec 2018,15:00,223,227,450,223,227,450,No Group
Manchester City Council - Chorlton,Chorlton Place,2018,December,51,Thursday,20 Dec 2018,16:00,158,150,308,158,150,308,No Group
Manchester City Council - Chorlton,Chorlton Place,2018,December,51,Thursday,20 Dec 2018,17:00,106,99,205,106,99,205,No Group
Manchester City Council - Chorlton,Chorlton Place,2018,December,51,Thursday,20 Dec 2018,18:00,65,55,120,65,55,120,No Group
Manchester City Council - Chorlton,Chorlton Place,2018,December,51,Thursday,20 Dec 2018,19:00,44,50,94,44,50,94,No Group
Manchester City Council - Chorlton,Chorlton Place,2018,December,51,Thursday,20 Dec 2018,20:00,55,29,84,55,29,84,No Group
Manchester City Council - Chorlton,Chorlton Place,2018,December,51,Thursday,20 Dec 2018,21:00,27,31,58,27,31,58,No Group
Manchester City Council - Chorlton,Chorlton Place,2018,December,51,Thursday,20 Dec 2018,22:00,25,20,45,25,20,45,No Group
Manchester City Council - Chorlton,Chorlton Place,2018,December,51,Thursday,20 Dec 2018,23:00,21,13,34,21,13,34,No Group
Manchester City Council - Chorlton,Chorlton Place,2018,December,51,Friday,21 Dec 2018,00:00,13,2,15,13,2,15,No Group
Manchester City Council - Chorlton,Chorlton Place,2018,December,51,Friday,21 Dec 2018,01:00,8,2,10,8,2,10,No Group
Manchester City Council - Chorlton,Chorlton Place,2018,December,51,Friday,21 Dec 2018,02:00,1,2,3,1,2,3,No Group
Manchester City Council - Chorlton,Chorlton Place,2018,December,51,Friday,21 Dec 2018,03:00,4,2,6,4,2,6,No Group
Manchester City Council - Chorlton,Chorlton Place,2018,December,51,Friday,21 Dec 2018,04:00,0,1,1,0,1,1,No Group
Manchester City Council - Chorlton,Chorlton Place,2018,December,51,Friday,21 Dec 2018,05:00,0,3,3,0,3,3,No Group
Manchester City Council - Chorlton,Chorlton Place,2018,December,51,Friday,21 Dec 2018,06:00,9,22,31,9,22,31,No Group
Manchester City Council - Chorlton,Chorlton Place,2018,December,51,Friday,21 Dec 2018,07:00,17,81,98,17,81,98,No Group
Manchester City Council - Chorlton,Chorlton Place,2018,December,51,Friday,21 Dec 2018,08:00,45,150,195,45,150,195,No Group
Manchester City Council - Chorlton,Chorlton Place,2018,December,51,Friday,21 Dec 2018,09:00,169,222,391,169,222,391,No Group
Manchester City Council - Chorlton,Chorlton Place,2018,December,51,Friday,21 Dec 2018,10:00,228,259,487,228,259,487,No Group
Manchester City Council - Chorlton,Chorlton Place,2018,December,51,Friday,21 Dec 2018,11:00,295,321,616,295,321,616,No Group
Manchester City Council - Chorlton,Chorlton Place,2018,December,51,Friday,21 Dec 2018,12:00,329,340,669,329,340,669,No Group
Manchester City Council - Chorlton,Chorlton Place,2018,December,51,Friday,21 Dec 2018,13:00,272,310,582,272,310,582,No Group
Manchester City Council - Chorlton,Chorlton Place,2018,December,51,Friday,21 Dec 2018,14:00,285,357,642,285,357,642,No Group
Manchester City Council - Chorlton,Chorlton Place,2018,December,51,Friday,21 Dec 2018,15:00,286,299,585,286,299,585,No Group
Manchester City Council - Chorlton,Chorlton Place,2018,December,51,Friday,21 Dec 2018,16:00,155,184,339,155,184,339,No Group
Manchester City Council - Chorlton,Chorlton Place,2018,December,51,Friday,21 Dec 2018,17:00,87,106,193,87,106,193,No Group
Manchester City Council - Chorlton,Chorlton Place,2018,December,51,Friday,21 Dec 2018,18:00,69,78,147,69,78,147,No Group
Manchester City Council - Chorlton,Chorlton Place,2018,December,51,Friday,21 Dec 2018,19:00,82,85,167,82,85,167,No Group
Manchester City Council - Chorlton,Chorlton Place,2018,December,51,Friday,21 Dec 2018,20:00,55,66,121,55,66,121,No Group
Manchester City Council - Chorlton,Chorlton Place,2018,December,51,Friday,21 Dec 2018,21:00,49,86,135,49,86,135,No Group
Manchester City Council - Chorlton,Chorlton Place,2018,December,51,Friday,21 Dec 2018,22:00,20,61,81,20,61,81,No Group
Manchester City Council - Chorlton,Chorlton Place,2018,December,51,Friday,21 Dec 2018,23:00,21,43,64,21,43,64,No Group
Manchester City Council - Chorlton,Chorlton Place,2018,December,51,Saturday,22 Dec 2018,00:00,26,42,68,26,42,68,No Group
Manchester City Council - Chorlton,Chorlton Place,2018,December,51,Saturday,22 Dec 2018,01:00,11,30,41,11,30,41,No Group
Manchester City Council - Chorlton,Chorlton Place,2018,December,51,Saturday,22 Dec 2018,02:00,8,11,19,8,11,19,No Group
Manchester City Council - Chorlton,Chorlton Place,2018,December,51,Saturday,22 Dec 2018,03:00,1,3,4,1,3,4,No Group
Manchester City Council - Chorlton,Chorlton Place,2018,December,51,Saturday,22 Dec 2018,04:00,3,4,7,3,4,7,No Group
Manchester City Council - Chorlton,Chorlton Place,2018,December,51,Saturday,22 Dec 2018,05:00,5,5,10,5,5,10,No Group
Manchester City Council - Chorlton,Chorlton Place,2018,December,51,Saturday,22 Dec 2018,06:00,6,19,25,6,19,25,No Group
Manchester City Council - Chorlton,Chorlton Place,2018,December,51,Saturday,22 Dec 2018,07:00,15,26,41,15,26,41,No Group
Manchester City Council - Chorlton,Chorlton Place,2018,December,51,Saturday,22 Dec 2018,08:00,59,73,132,59,73,132,No Group
Manchester City Council - Chorlton,Chorlton Place,2018,December,51,Saturday,22 Dec 2018,09:00,176,203,379,176,203,379,No Group
Manchester City Council - Chorlton,Chorlton Place,2018,December,51,Saturday,22 Dec 2018,10:00,247,261,508,247,261,508,No Group
Manchester City Council - Chorlton,Chorlton Place,2018,December,51,Saturday,22 Dec 2018,11:00,325,377,702,325,377,702,No Group
Manchester City Council - Chorlton,Chorlton Place,2018,December,51,Saturday,22 Dec 2018,12:00,372,434,806,372,434,806,No Group
Manchester City Council - Chorlton,Chorlton Place,2018,December,51,Saturday,22 Dec 2018,13:00,324,372,696,324,372,696,No Group
Manchester City Council - Chorlton,Chorlton Place,2018,December,51,Saturday,22 Dec 2018,14:00,363,377,740,363,377,740,No Group
Manchester City Council - Chorlton,Chorlton Place,2018,December,51,Saturday,22 Dec 2018,15:00,302,339,641,302,339,641,No Group
Manchester City Council - Chorlton,Chorlton Place,2018,December,51,Saturday,22 Dec 2018,16:00,169,193,362,169,193,362,No Group
Manchester City Council - Chorlton,Chorlton Place,2018,December,51,Saturday,22 Dec 2018,17:00,75,86,161,75,86,161,No Group
Manchester City Council - Chorlton,Chorlton Place,2018,December,51,Saturday,22 Dec 2018,18:00,58,65,123,58,65,123,No Group
Manchester City Council - Chorlton,Chorlton Place,2018,December,51,Saturday,22 Dec 2018,19:00,51,58,109,51,58,109,No Group
Manchester City Council - Chorlton,Chorlton Place,2018,December,51,Saturday,22 Dec 2018,20:00,46,59,105,46,59,105,No Group
Manchester City Council - Chorlton,Chorlton Place,2018,December,51,Saturday,22 Dec 2018,21:00,58,47,105,58,47,105,No Group
Manchester City Council - Chorlton,Chorlton Place,2018,December,51,Saturday,22 Dec 2018,22:00,44,49,93,44,49,93,No Group
Manchester City Council - Chorlton,Chorlton Place,2018,December,51,Saturday,22 Dec 2018,23:00,25,49,74,25,49,74,No Group
Manchester City Council - Chorlton,Chorlton Place,2018,December,51,Sunday,23 Dec 2018,00:00,24,31,55,24,31,55,No Group
Manchester City Council - Chorlton,Chorlton Place,2018,December,51,Sunday,23 Dec 2018,01:00,16,8,24,16,8,24,No Group
Manchester City Council - Chorlton,Chorlton Place,2018,December,51,Sunday,23 Dec 2018,02:00,9,13,22,9,13,22,No Group
Manchester City Council - Chorlton,Chorlton Place,2018,December,51,Sunday,23 Dec 2018,03:00,0,3,3,0,3,3,No Group
Manchester City Council - Chorlton,Chorlton Place,2018,December,51,Sunday,23 Dec 2018,04:00,1,3,4,1,3,4,No Group
Manchester City Council - Chorlton,Chorlton Place,2018,December,51,Sunday,23 Dec 2018,05:00,0,2,2,0,2,2,No Group
Manchester City Council - Chorlton,Chorlton Place,2018,December,51,Sunday,23 Dec 2018,06:00,1,6,7,1,6,7,No Group
Manchester City Council - Chorlton,Chorlton Place,2018,December,51,Sunday,23 Dec 2018,07:00,3,13,16,3,13,16,No Group
Manchester City Council - Chorlton,Chorlton Place,2018,December,51,Sunday,23 Dec 2018,08:00,14,33,47,14,33,47,No Group
Manchester City Council - Chorlton,Chorlton Place,2018,December,51,Sunday,23 Dec 2018,09:00,66,91,157,66,91,157,No Group
Manchester City Council - Chorlton,Chorlton Place,2018,December,51,Sunday,23 Dec 2018,10:00,129,148,277,129,148,277,No Group
Manchester City Council - Chorlton,Chorlton Place,2018,December,51,Sunday,23 Dec 2018,11:00,185,221,406,185,221,406,No Group
Manchester City Council - Chorlton,Chorlton Place,2018,December,51,Sunday,23 Dec 2018,12:00,197,224,421,197,224,421,No Group
Manchester City Council - Chorlton,Chorlton Place,2018,December,51,Sunday,23 Dec 2018,13:00,139,234,373,139,234,373,No Group
Manchester City Council - Chorlton,Chorlton Place,2018,December,51,Sunday,23 Dec 2018,14:00,128,177,305,128,177,305,No Group
Manchester City Council - Chorlton,Chorlton Place,2018,December,51,Sunday,23 Dec 2018,15:00,91,138,229,91,138,229,No Group
Manchester City Council - Chorlton,Chorlton Place,2018,December,51,Sunday,23 Dec 2018,16:00,66,94,160,66,94,160,No Group
Manchester City Council - Chorlton,Chorlton Place,2018,December,51,Sunday,23 Dec 2018,17:00,50,71,121,50,71,121,No Group
Manchester City Council - Chorlton,Chorlton Place,2018,December,51,Sunday,23 Dec 2018,18:00,30,67,97,30,67,97,No Group
Manchester City Council - Chorlton,Chorlton Place,2018,December,51,Sunday,23 Dec 2018,19:00,34,63,97,34,63,97,No Group
Manchester City Council - Chorlton,Chorlton Place,2018,December,51,Sunday,23 Dec 2018,20:00,21,60,81,21,60,81,No Group
Manchester City Council - Chorlton,Chorlton Place,2018,December,51,Sunday,23 Dec 2018,21:00,18,23,41,18,23,41,No Group
Manchester City Council - Chorlton,Chorlton Place,2018,December,51,Sunday,23 Dec 2018,22:00,10,24,34,10,24,34,No Group
Manchester City Council - Chorlton,Chorlton Place,2018,December,51,Sunday,23 Dec 2018,23:00,19,14,33,19,14,33,No Group
Manchester City Council - Chorlton,Chorlton Place,2018,December,52,Monday,24 Dec 2018,00:00,5,4,9,5,4,9,No Group
Manchester City Council - Chorlton,Chorlton Place,2018,December,52,Monday,24 Dec 2018,01:00,6,1,7,6,1,7,No Group
Manchester City Council - Chorlton,Chorlton Place,2018,December,52,Monday,24 Dec 2018,02:00,0,1,1,0,1,1,No Group
Manchester City Council - Chorlton,Chorlton Place,2018,December,52,Monday,24 Dec 2018,03:00,12,18,30,12,18,30,No Group
Manchester City Council - Chorlton,Chorlton Place,2018,December,52,Monday,24 Dec 2018,04:00,5,6,11,5,6,11,No Group
Manchester City Council - Chorlton,Chorlton Place,2018,December,52,Monday,24 Dec 2018,05:00,5,8,13,5,8,13,No Group
Manchester City Council - Chorlton,Chorlton Place,2018,December,52,Monday,24 Dec 2018,06:00,6,12,18,6,12,18,No Group
Manchester City Council - Chorlton,Chorlton Place,2018,December,52,Monday,24 Dec 2018,07:00,18,41,59,18,41,59,No Group
Manchester City Council - Chorlton,Chorlton Place,2018,December,52,Monday,24 Dec 2018,08:00,84,108,192,84,108,192,No Group
Manchester City Council - Chorlton,Chorlton Place,2018,December,52,Monday,24 Dec 2018,09:00,158,186,344,158,186,344,No Group
Manchester City Council - Chorlton,Chorlton Place,2018,December,52,Monday,24 Dec 2018,10:00,329,463,792,329,463,792,No Group
Manchester City Council - Chorlton,Chorlton Place,2018,December,52,Monday,24 Dec 2018,11:00,978,1755,2733,978,1755,2733,No Group
Manchester City Council - Chorlton,Chorlton Place,2018,December,52,Monday,24 Dec 2018,12:00,394,589,983,394,589,983,No Group
Manchester City Council - Chorlton,Chorlton Place,2018,December,52,Monday,24 Dec 2018,13:00,243,273,516,243,273,516,No Group
Manchester City Council - Chorlton,Chorlton Place,2018,December,52,Monday,24 Dec 2018,14:00,249,248,497,249,248,497,No Group
Manchester City Council - Chorlton,Chorlton Place,2018,December,52,Monday,24 Dec 2018,15:00,185,156,341,185,156,341,No Group
Manchester City Council - Chorlton,Chorlton Place,2018,December,52,Monday,24 Dec 2018,16:00,93,123,216,93,123,216,No Group
Manchester City Council - Chorlton,Chorlton Place,2018,December,52,Monday,24 Dec 2018,17:00,67,59,126,67,59,126,No Group
Manchester City Council - Chorlton,Chorlton Place,2018,December,52,Monday,24 Dec 2018,18:00,50,50,100,50,50,100,No Group
Manchester City Council - Chorlton,Chorlton Place,2018,December,52,Monday,24 Dec 2018,19:00,30,52,82,30,52,82,No Group
Manchester City Council - Chorlton,Chorlton Place,2018,December,52,Monday,24 Dec 2018,20:00,37,44,81,37,44,81,No Group
Manchester City Council - Chorlton,Chorlton Place,2018,December,52,Monday,24 Dec 2018,21:00,33,49,82,33,49,82,No Group
Manchester City Council - Chorlton,Chorlton Place,2018,December,52,Monday,24 Dec 2018,22:00,28,41,69,28,41,69,No Group
Manchester City Council - Chorlton,Chorlton Place,2018,December,52,Monday,24 Dec 2018,23:00,38,56,94,38,56,94,No Group
Manchester City Council - Chorlton,Chorlton Place,2018,December,52,Tuesday,25 Dec 2018,00:00,14,15,29,14,15,29,No Group
Manchester City Council - Chorlton,Chorlton Place,2018,December,52,Tuesday,25 Dec 2018,01:00,19,3,22,19,3,22,No Group
Manchester City Council - Chorlton,Chorlton Place,2018,December,52,Tuesday,25 Dec 2018,02:00,5,3,8,5,3,8,No Group
Manchester City Council - Chorlton,Chorlton Place,2018,December,52,Tuesday,25 Dec 2018,03:00,0,0,0,0,0,0,No Group
Manchester City Council - Chorlton,Chorlton Place,2018,December,52,Tuesday,25 Dec 2018,04:00,0,0,0,0,0,0,No Group
Manchester City Council - Chorlton,Chorlton Place,2018,December,52,Tuesday,25 Dec 2018,05:00,0,1,1,0,1,1,No Group
Manchester City Council - Chorlton,Chorlton Place,2018,December,52,Tuesday,25 Dec 2018,06:00,2,0,2,2,0,2,No Group
Manchester City Council - Chorlton,Chorlton Place,2018,December,52,Tuesday,25 Dec 2018,07:00,1,1,2,1,1,2,No Group
Manchester City Council - Chorlton,Chorlton Place,2018,December,52,Tuesday,25 Dec 2018,08:00,3,2,5,3,2,5,No Group
Manchester City Council - Chorlton,Chorlton Place,2018,December,52,Tuesday,25 Dec 2018,09:00,4,12,16,4,12,16,No Group
Manchester City Council - Chorlton,Chorlton Place,2018,December,52,Tuesday,25 Dec 2018,10:00,14,13,27,14,13,27,No Group
Manchester City Council - Chorlton,Chorlton Place,2018,December,52,Tuesday,25 Dec 2018,11:00,20,23,43,20,23,43,No Group
Manchester City Council - Chorlton,Chorlton Place,2018,December,52,Tuesday,25 Dec 2018,12:00,36,22,58,36,22,58,No Group
Manchester City Council - Chorlton,Chorlton Place,2018,December,52,Tuesday,25 Dec 2018,13:00,28,17,45,28,17,45,No Group
Manchester City Council - Chorlton,Chorlton Place,2018,December,52,Tuesday,25 Dec 2018,14:00,10,34,44,10,34,44,No Group
Manchester City Council - Chorlton,Chorlton Place,2018,December,52,Tuesday,25 Dec 2018,15:00,22,18,40,22,18,40,No Group
Manchester City Council - Chorlton,Chorlton Place,2018,December,52,Tuesday,25 Dec 2018,16:00,8,10,18,8,10,18,No Group
Manchester City Council - Chorlton,Chorlton Place,2018,December,52,Tuesday,25 Dec 2018,17:00,10,20,30,10,20,30,No Group
Manchester City Council - Chorlton,Chorlton Place,2018,December,52,Tuesday,25 Dec 2018,18:00,12,20,32,12,20,32,No Group
Manchester City Council - Chorlton,Chorlton Place,2018,December,52,Tuesday,25 Dec 2018,19:00,10,4,14,10,4,14,No Group
Manchester City Council - Chorlton,Chorlton Place,2018,December,52,Tuesday,25 Dec 2018,20:00,3,8,11,3,8,11,No Group
Manchester City Council - Chorlton,Chorlton Place,2018,December,52,Tuesday,25 Dec 2018,21:00,7,6,13,7,6,13,No Group
Manchester City Council - Chorlton,Chorlton Place,2018,December,52,Tuesday,25 Dec 2018,22:00,7,5,12,7,5,12,No Group
Manchester City Council - Chorlton,Chorlton Place,2018,December,52,Tuesday,25 Dec 2018,23:00,2,4,6,2,4,6,No Group
Manchester City Council - Chorlton,Chorlton Place,2018,December,52,Wednesday,26 Dec 2018,00:00,1,1,2,1,1,2,No Group
Manchester City Council - Chorlton,Chorlton Place,2018,December,52,Wednesday,26 Dec 2018,01:00,0,2,2,0,2,2,No Group
Manchester City Council - Chorlton,Chorlton Place,2018,December,52,Wednesday,26 Dec 2018,02:00,1,1,2,1,1,2,No Group
Manchester City Council - Chorlton,Chorlton Place,2018,December,52,Wednesday,26 Dec 2018,03:00,0,0,0,0,0,0,No Group
Manchester City Council - Chorlton,Chorlton Place,2018,December,52,Wednesday,26 Dec 2018,04:00,0,1,1,0,1,1,No Group
Manchester City Council - Chorlton,Chorlton Place,2018,December,52,Wednesday,26 Dec 2018,05:00,0,1,1,0,1,1,No Group
Manchester City Council - Chorlton,Chorlton Place,2018,December,52,Wednesday,26 Dec 2018,06:00,4,3,7,4,3,7,No Group
Manchester City Council - Chorlton,Chorlton Place,2018,December,52,Wednesday,26 Dec 2018,07:00,4,10,14,4,10,14,No Group
Manchester City Council - Chorlton,Chorlton Place,2018,December,52,Wednesday,26 Dec 2018,08:00,12,18,30,12,18,30,No Group
Manchester City Council - Chorlton,Chorlton Place,2018,December,52,Wednesday,26 Dec 2018,09:00,25,44,69,25,44,69,No Group
Manchester City Council - Chorlton,Chorlton Place,2018,December,52,Wednesday,26 Dec 2018,10:00,66,76,142,66,76,142,No Group
Manchester City Council - Chorlton,Chorlton Place,2018,December,52,Wednesday,26 Dec 2018,11:00,98,157,255,98,157,255,No Group
Manchester City Council - Chorlton,Chorlton Place,2018,December,52,Wednesday,26 Dec 2018,12:00,89,105,194,89,105,194,No Group
Manchester City Council - Chorlton,Chorlton Place,2018,December,52,Wednesday,26 Dec 2018,13:00,90,103,193,90,103,193,No Group
Manchester City Council - Chorlton,Chorlton Place,2018,December,52,Wednesday,26 Dec 2018,14:00,116,116,232,116,116,232,No Group
Manchester City Council - Chorlton,Chorlton Place,2018,December,52,Wednesday,26 Dec 2018,15:00,92,96,188,92,96,188,No Group
Manchester City Council - Chorlton,Chorlton Place,2018,December,52,Wednesday,26 Dec 2018,16:00,40,48,88,40,48,88,No Group
Manchester City Council - Chorlton,Chorlton Place,2018,December,52,Wednesday,26 Dec 2018,17:00,43,56,99,43,56,99,No Group
Manchester City Council - Chorlton,Chorlton Place,2018,December,52,Wednesday,26 Dec 2018,18:00,33,49,82,33,49,82,No Group
Manchester City Council - Chorlton,Chorlton Place,2018,December,52,Wednesday,26 Dec 2018,19:00,37,61,98,37,61,98,No Group
Manchester City Council - Chorlton,Chorlton Place,2018,December,52,Wednesday,26 Dec 2018,20:00,27,38,65,27,38,65,No Group
Manchester City Council - Chorlton,Chorlton Place,2018,December,52,Wednesday,26 Dec 2018,21:00,26,39,65,26,39,65,No Group
Manchester City Council - Chorlton,Chorlton Place,2018,December,52,Wednesday,26 Dec 2018,22:00,35,32,67,35,32,67,No Group
Manchester City Council - Chorlton,Chorlton Place,2018,December,52,Wednesday,26 Dec 2018,23:00,10,20,30,10,20,30,No Group
Manchester City Council - Chorlton,Chorlton Place,2018,December,52,Thursday,27 Dec 2018,00:00,7,7,14,7,7,14,No Group
Manchester City Council - Chorlton,Chorlton Place,2018,December,52,Thursday,27 Dec 2018,01:00,9,1,10,9,1,10,No Group
Manchester City Council - Chorlton,Chorlton Place,2018,December,52,Thursday,27 Dec 2018,02:00,0,1,1,0,1,1,No Group
Manchester City Council - Chorlton,Chorlton Place,2018,December,52,Thursday,27 Dec 2018,03:00,2,2,4,2,2,4,No Group
Manchester City Council - Chorlton,Chorlton Place,2018,December,52,Thursday,27 Dec 2018,04:00,1,4,5,1,4,5,No Group
Manchester City Council - Chorlton,Chorlton Place,2018,December,52,Thursday,27 Dec 2018,05:00,0,1,1,0,1,1,No Group
Manchester City Council - Chorlton,Chorlton Place,2018,December,52,Thursday,27 Dec 2018,06:00,6,9,15,6,9,15,No Group
Manchester City Council - Chorlton,Chorlton Place,2018,December,52,Thursday,27 Dec 2018,07:00,11,34,45,11,34,45,No Group
Manchester City Council - Chorlton,Chorlton Place,2018,December,52,Thursday,27 Dec 2018,08:00,21,51,72,21,51,72,No Group
Manchester City Council - Chorlton,Chorlton Place,2018,December,52,Thursday,27 Dec 2018,09:00,46,75,121,46,75,121,No Group
Manchester City Council - Chorlton,Chorlton Place,2018,December,52,Thursday,27 Dec 2018,10:00,107,87,194,107,87,194,No Group
Manchester City Council - Chorlton,Chorlton Place,2018,December,52,Thursday,27 Dec 2018,11:00,123,149,272,123,149,272,No Group
Manchester City Council - Chorlton,Chorlton Place,2018,December,52,Thursday,27 Dec 2018,12:00,152,176,328,152,176,328,No Group
Manchester City Council - Chorlton,Chorlton Place,2018,December,52,Thursday,27 Dec 2018,13:00,137,157,294,137,157,294,No Group
Manchester City Council - Chorlton,Chorlton Place,2018,December,52,Thursday,27 Dec 2018,14:00,155,175,330,155,175,330,No Group
Manchester City Council - Chorlton,Chorlton Place,2018,December,52,Thursday,27 Dec 2018,15:00,148,149,297,148,149,297,No Group
Manchester City Council - Chorlton,Chorlton Place,2018,December,52,Thursday,27 Dec 2018,16:00,114,124,238,114,124,238,No Group
Manchester City Council - Chorlton,Chorlton Place,2018,December,52,Thursday,27 Dec 2018,17:00,73,54,127,73,54,127,No Group
Manchester City Council - Chorlton,Chorlton Place,2018,December,52,Thursday,27 Dec 2018,18:00,66,50,116,66,50,116,No Group
Manchester City Council - Chorlton,Chorlton Place,2018,December,52,Thursday,27 Dec 2018,19:00,54,57,111,54,57,111,No Group
Manchester City Council - Chorlton,Chorlton Place,2018,December,52,Thursday,27 Dec 2018,20:00,36,58,94,36,58,94,No Group
Manchester City Council - Chorlton,Chorlton Place,2018,December,52,Thursday,27 Dec 2018,21:00,26,24,50,26,24,50,No Group
Manchester City Council - Chorlton,Chorlton Place,2018,December,52,Thursday,27 Dec 2018,22:00,30,25,55,30,25,55,No Group
Manchester City Council - Chorlton,Chorlton Place,2018,December,52,Thursday,27 Dec 2018,23:00,10,11,21,10,11,21,No Group
Manchester City Council - Chorlton,Chorlton Place,2018,December,52,Friday,28 Dec 2018,00:00,12,12,24,12,12,24,No Group
Manchester City Council - Chorlton,Chorlton Place,2018,December,52,Friday,28 Dec 2018,01:00,10,1,11,10,1,11,No Group
Manchester City Council - Chorlton,Chorlton Place,2018,December,52,Friday,28 Dec 2018,02:00,0,0,0,0,0,0,No Group
Manchester City Council - Chorlton,Chorlton Place,2018,December,52,Friday,28 Dec 2018,03:00,0,5,5,0,5,5,No Group
Manchester City Council - Chorlton,Chorlton Place,2018,December,52,Friday,28 Dec 2018,04:00,1,4,5,1,4,5,No Group
Manchester City Council - Chorlton,Chorlton Place,2018,December,52,Friday,28 Dec 2018,05:00,0,3,3,0,3,3,No Group
Manchester City Council - Chorlton,Chorlton Place,2018,December,52,Friday,28 Dec 2018,06:00,6,9,15,6,9,15,No Group
Manchester City Council - Chorlton,Chorlton Place,2018,December,52,Friday,28 Dec 2018,07:00,9,28,37,9,28,37,No Group
Manchester City Council - Chorlton,Chorlton Place,2018,December,52,Friday,28 Dec 2018,08:00,27,57,84,27,57,84,No Group
Manchester City Council - Chorlton,Chorlton Place,2018,December,52,Friday,28 Dec 2018,09:00,72,102,174,72,102,174,No Group
Manchester City Council - Chorlton,Chorlton Place,2018,December,52,Friday,28 Dec 2018,10:00,140,140,280,140,140,280,No Group
Manchester City Council - Chorlton,Chorlton Place,2018,December,52,Friday,28 Dec 2018,11:00,123,159,282,123,159,282,No Group
Manchester City Council - Chorlton,Chorlton Place,2018,December,52,Friday,28 Dec 2018,12:00,168,205,373,168,205,373,No Group
Manchester City Council - Chorlton,Chorlton Place,2018,December,52,Friday,28 Dec 2018,13:00,182,169,351,182,169,351,No Group
Manchester City Council - Chorlton,Chorlton Place,2018,December,52,Friday,28 Dec 2018,14:00,231,222,453,231,222,453,No Group
Manchester City Council - Chorlton,Chorlton Place,2018,December,52,Friday,28 Dec 2018,15:00,192,182,374,192,182,374,No Group
Manchester City Council - Chorlton,Chorlton Place,2018,December,52,Friday,28 Dec 2018,16:00,110,122,232,110,122,232,No Group
Manchester City Council - Chorlton,Chorlton Place,2018,December,52,Friday,28 Dec 2018,17:00,81,72,153,81,72,153,No Group
Manchester City Council - Chorlton,Chorlton Place,2018,December,52,Friday,28 Dec 2018,18:00,64,53,117,64,53,117,No Group
Manchester City Council - Chorlton,Chorlton Place,2018,December,52,Friday,28 Dec 2018,19:00,47,43,90,47,43,90,No Group
Manchester City Council - Chorlton,Chorlton Place,2018,December,52,Friday,28 Dec 2018,20:00,37,48,85,37,48,85,No Group
Manchester City Council - Chorlton,Chorlton Place,2018,December,52,Friday,28 Dec 2018,21:00,46,38,84,46,38,84,No Group
Manchester City Council - Chorlton,Chorlton Place,2018,December,52,Friday,28 Dec 2018,22:00,28,48,76,28,48,76,No Group
Manchester City Council - Chorlton,Chorlton Place,2018,December,52,Friday,28 Dec 2018,23:00,30,24,54,30,24,54,No Group
Manchester City Council - Chorlton,Chorlton Place,2018,December,52,Saturday,29 Dec 2018,00:00,22,17,39,22,17,39,No Group
Manchester City Council - Chorlton,Chorlton Place,2018,December,52,Saturday,29 Dec 2018,01:00,8,26,34,8,26,34,No Group
Manchester City Council - Chorlton,Chorlton Place,2018,December,52,Saturday,29 Dec 2018,02:00,6,4,10,6,4,10,No Group
Manchester City Council - Chorlton,Chorlton Place,2018,December,52,Saturday,29 Dec 2018,03:00,2,7,9,2,7,9,No Group
Manchester City Council - Chorlton,Chorlton Place,2018,December,52,Saturday,29 Dec 2018,04:00,4,5,9,4,5,9,No Group
Manchester City Council - Chorlton,Chorlton Place,2018,December,52,Saturday,29 Dec 2018,05:00,9,11,20,9,11,20,No Group
Manchester City Council - Chorlton,Chorlton Place,2018,December,52,Saturday,29 Dec 2018,06:00,5,10,15,5,10,15,No Group
Manchester City Council - Chorlton,Chorlton Place,2018,December,52,Saturday,29 Dec 2018,07:00,7,25,32,7,25,32,No Group
Manchester City Council - Chorlton,Chorlton Place,2018,December,52,Saturday,29 Dec 2018,08:00,20,35,55,20,35,55,No Group
Manchester City Council - Chorlton,Chorlton Place,2018,December,52,Saturday,29 Dec 2018,09:00,88,106,194,88,106,194,No Group
Manchester City Council - Chorlton,Chorlton Place,2018,December,52,Saturday,29 Dec 2018,10:00,148,159,307,148,159,307,No Group
Manchester City Council - Chorlton,Chorlton Place,2018,December,52,Saturday,29 Dec 2018,11:00,265,436,701,265,436,701,No Group
Manchester City Council - Chorlton,Chorlton Place,2018,December,52,Saturday,29 Dec 2018,12:00,235,262,497,235,262,497,No Group
Manchester City Council - Chorlton,Chorlton Place,2018,December,52,Saturday,29 Dec 2018,13:00,207,208,415,207,208,415,No Group
Manchester City Council - Chorlton,Chorlton Place,2018,December,52,Saturday,29 Dec 2018,14:00,211,224,435,211,224,435,No Group
Manchester City Council - Chorlton,Chorlton Place,2018,December,52,Saturday,29 Dec 2018,15:00,211,219,430,211,219,430,No Group
Manchester City Council - Chorlton,Chorlton Place,2018,December,52,Saturday,29 Dec 2018,16:00,156,124,280,156,124,280,No Group
Manchester City Council - Chorlton,Chorlton Place,2018,December,52,Saturday,29 Dec 2018,17:00,116,103,219,116,103,219,No Group
Manchester City Council - Chorlton,Chorlton Place,2018,December,52,Saturday,29 Dec 2018,18:00,80,59,139,80,59,139,No Group
Manchester City Council - Chorlton,Chorlton Place,2018,December,52,Saturday,29 Dec 2018,19:00,50,82,132,50,82,132,No Group
Manchester City Council - Chorlton,Chorlton Place,2018,December,52,Saturday,29 Dec 2018,20:00,42,54,96,42,54,96,No Group
Manchester City Council - Chorlton,Chorlton Place,2018,December,52,Saturday,29 Dec 2018,21:00,46,40,86,46,40,86,No Group
Manchester City Council - Chorlton,Chorlton Place,2018,December,52,Saturday,29 Dec 2018,22:00,37,48,85,37,48,85,No Group
Manchester City Council - Chorlton,Chorlton Place,2018,December,52,Saturday,29 Dec 2018,23:00,22,19,41,22,19,41,No Group
Manchester City Council - Chorlton,Chorlton Place,2018,December,52,Sunday,30 Dec 2018,00:00,19,21,40,19,21,40,No Group
Manchester City Council - Chorlton,Chorlton Place,2018,December,52,Sunday,30 Dec 2018,01:00,14,10,24,14,10,24,No Group
Manchester City Council - Chorlton,Chorlton Place,2018,December,52,Sunday,30 Dec 2018,02:00,8,9,17,8,9,17,No Group
Manchester City Council - Chorlton,Chorlton Place,2018,December,52,Sunday,30 Dec 2018,03:00,3,2,5,3,2,5,No Group
Manchester City Council - Chorlton,Chorlton Place,2018,December,52,Sunday,30 Dec 2018,04:00,3,1,4,3,1,4,No Group
Manchester City Council - Chorlton,Chorlton Place,2018,December,52,Sunday,30 Dec 2018,05:00,1,3,4,1,3,4,No Group
Manchester City Council - Chorlton,Chorlton Place,2018,December,52,Sunday,30 Dec 2018,06:00,7,5,12,7,5,12,No Group
Manchester City Council - Chorlton,Chorlton Place,2018,December,52,Sunday,30 Dec 2018,07:00,3,4,7,3,4,7,No Group
Manchester City Council - Chorlton,Chorlton Place,2018,December,52,Sunday,30 Dec 2018,08:00,18,24,42,18,24,42,No Group
Manchester City Council - Chorlton,Chorlton Place,2018,December,52,Sunday,30 Dec 2018,09:00,31,43,74,31,43,74,No Group
Manchester City Council - Chorlton,Chorlton Place,2018,December,52,Sunday,30 Dec 2018,10:00,77,92,169,77,92,169,No Group
Manchester City Council - Chorlton,Chorlton Place,2018,December,52,Sunday,30 Dec 2018,11:00,125,124,249,125,124,249,No Group
Manchester City Council - Chorlton,Chorlton Place,2018,December,52,Sunday,30 Dec 2018,12:00,141,152,293,141,152,293,No Group
Manchester City Council - Chorlton,Chorlton Place,2018,December,52,Sunday,30 Dec 2018,13:00,161,173,334,161,173,334,No Group
Manchester City Council - Chorlton,Chorlton Place,2018,December,52,Sunday,30 Dec 2018,14:00,147,174,321,147,174,321,No Group
Manchester City Council - Chorlton,Chorlton Place,2018,December,52,Sunday,30 Dec 2018,15:00,124,130,254,124,130,254,No Group
Manchester City Council - Chorlton,Chorlton Place,2018,December,52,Sunday,30 Dec 2018,16:00,85,91,176,85,91,176,No Group
Manchester City Council - Chorlton,Chorlton Place,2018,December,52,Sunday,30 Dec 2018,17:00,50,49,99,50,49,99,No Group
Manchester City Council - Chorlton,Chorlton Place,2018,December,52,Sunday,30 Dec 2018,18:00,42,43,85,42,43,85,No Group
Manchester City Council - Chorlton,Chorlton Place,2018,December,52,Sunday,30 Dec 2018,19:00,33,47,80,33,47,80,No Group
Manchester City Council - Chorlton,Chorlton Place,2018,December,52,Sunday,30 Dec 2018,20:00,33,31,64,33,31,64,No Group
Manchester City Council - Chorlton,Chorlton Place,2018,December,52,Sunday,30 Dec 2018,21:00,19,37,56,19,37,56,No Group
Manchester City Council - Chorlton,Chorlton Place,2018,December,52,Sunday,30 Dec 2018,22:00,13,22,35,13,22,35,No Group
Manchester City Council - Chorlton,Chorlton Place,2018,December,52,Sunday,30 Dec 2018,23:00,22,23,45,22,23,45,No Group
Manchester City Council - Chorlton,Chorlton Place,2019,January,1,Monday,31 Dec 2018,00:00,14,11,25,14,11,25,No Group
Manchester City Council - Chorlton,Chorlton Place,2019,January,1,Monday,31 Dec 2018,01:00,2,2,4,2,2,4,No Group
Manchester City Council - Chorlton,Chorlton Place,2019,January,1,Monday,31 Dec 2018,02:00,5,1,6,5,1,6,No Group
Manchester City Council - Chorlton,Chorlton Place,2019,January,1,Monday,31 Dec 2018,03:00,1,2,3,1,2,3,No Group
Manchester City Council - Chorlton,Chorlton Place,2019,January,1,Monday,31 Dec 2018,04:00,0,1,1,0,1,1,No Group
Manchester City Council - Chorlton,Chorlton Place,2019,January,1,Monday,31 Dec 2018,05:00,0,2,2,0,2,2,No Group
Manchester City Council - Chorlton,Chorlton Place,2019,January,1,Monday,31 Dec 2018,06:00,8,15,23,8,15,23,No Group
Manchester City Council - Chorlton,Chorlton Place,2019,January,1,Monday,31 Dec 2018,07:00,11,22,33,11,22,33,No Group
Manchester City Council - Chorlton,Chorlton Place,2019,January,1,Monday,31 Dec 2018,08:00,35,65,100,35,65,100,No Group
Manchester City Council - Chorlton,Chorlton Place,2019,January,1,Monday,31 Dec 2018,09:00,113,119,232,113,119,232,No Group
Manchester City Council - Chorlton,Chorlton Place,2019,January,1,Monday,31 Dec 2018,10:00,136,156,292,136,156,292,No Group
Manchester City Council - Chorlton,Chorlton Place,2019,January,1,Monday,31 Dec 2018,11:00,190,205,395,190,205,395,No Group
Manchester City Council - Chorlton,Chorlton Place,2019,January,1,Monday,31 Dec 2018,12:00,272,294,566,272,294,566,No Group
Manchester City Council - Chorlton,Chorlton Place,2019,January,1,Monday,31 Dec 2018,13:00,206,236,442,206,236,442,No Group
Manchester City Council - Chorlton,Chorlton Place,2019,January,1,Monday,31 Dec 2018,14:00,199,225,424,199,225,424,No Group
Manchester City Council - Chorlton,Chorlton Place,2019,January,1,Monday,31 Dec 2018,15:00,158,200,358,158,200,358,No Group
Manchester City Council - Chorlton,Chorlton Place,2019,January,1,Monday,31 Dec 2018,16:00,120,114,234,120,114,234,No Group
Manchester City Council - Chorlton,Chorlton Place,2019,January,1,Monday,31 Dec 2018,17:00,87,62,149,87,62,149,No Group
Manchester City Council - Chorlton,Chorlton Place,2019,January,1,Monday,31 Dec 2018,18:00,62,73,135,62,73,135,No Group
Manchester City Council - Chorlton,Chorlton Place,2019,January,1,Monday,31 Dec 2018,19:00,62,46,108,62,46,108,No Group
Manchester City Council - Chorlton,Chorlton Place,2019,January,1,Monday,31 Dec 2018,20:00,62,61,123,62,61,123,No Group
Manchester City Council - Chorlton,Chorlton Place,2019,January,1,Monday,31 Dec 2018,21:00,72,73,145,72,73,145,No Group
Manchester City Council - Chorlton,Chorlton Place,2019,January,1,Monday,31 Dec 2018,22:00,81,74,155,81,74,155,No Group
Manchester City Council - Chorlton,Chorlton Place,2019,January,1,Monday,31 Dec 2018,23:00,46,72,118,46,72,118,No Group
