Site,LocationName,BRCYear,BRCMonthName,BRCWeekNum,DayName,Date,Hour,InCount,OutCount,ReportCount,FactoredInCount,FactoredOutCount,FactoredReportCount,LocationGroup
Manchester City Council - Chorlton,Chorlton Place,2019,January,1,Tuesday,01 Jan 2019,00:00,39,39,78,39,39,78,No Group
Manchester City Council - Chorlton,Chorlton Place,2019,January,1,Tuesday,01 Jan 2019,01:00,40,69,109,40,69,109,No Group
Manchester City Council - Chorlton,Chorlton Place,2019,January,1,Tuesday,01 Jan 2019,02:00,14,30,44,14,30,44,No Group
Manchester City Council - Chorlton,Chorlton Place,2019,January,1,Tuesday,01 Jan 2019,03:00,5,7,12,5,7,12,No Group
Manchester City Council - Chorlton,Chorlton Place,2019,January,1,Tuesday,01 Jan 2019,04:00,14,12,26,14,12,26,No Group
Manchester City Council - Chorlton,Chorlton Place,2019,January,1,Tuesday,01 Jan 2019,05:00,4,3,7,4,3,7,No Group
Manchester City Council - Chorlton,Chorlton Place,2019,January,1,Tuesday,01 Jan 2019,06:00,2,4,6,2,4,6,No Group
Manchester City Council - Chorlton,Chorlton Place,2019,January,1,Tuesday,01 Jan 2019,07:00,4,2,6,4,2,6,No Group
Manchester City Council - Chorlton,Chorlton Place,2019,January,1,Tuesday,01 Jan 2019,08:00,7,21,28,7,21,28,No Group
Manchester City Council - Chorlton,Chorlton Place,2019,January,1,Tuesday,01 Jan 2019,09:00,18,18,36,18,18,36,No Group
Manchester City Council - Chorlton,Chorlton Place,2019,January,1,Tuesday,01 Jan 2019,10:00,47,57,104,47,57,104,No Group
Manchester City Council - Chorlton,Chorlton Place,2019,January,1,Tuesday,01 Jan 2019,11:00,101,330,431,101,330,431,No Group
Manchester City Council - Chorlton,Chorlton Place,2019,January,1,Tuesday,01 Jan 2019,12:00,89,111,200,89,111,200,No Group
Manchester City Council - Chorlton,Chorlton Place,2019,January,1,Tuesday,01 Jan 2019,13:00,84,103,187,84,103,187,No Group
Manchester City Council - Chorlton,Chorlton Place,2019,January,1,Tuesday,01 Jan 2019,14:00,110,112,222,110,112,222,No Group
Manchester City Council - Chorlton,Chorlton Place,2019,January,1,Tuesday,01 Jan 2019,15:00,87,90,177,87,90,177,No Group
Manchester City Council - Chorlton,Chorlton Place,2019,January,1,Tuesday,01 Jan 2019,16:00,37,58,95,37,58,95,No Group
Manchester City Council - Chorlton,Chorlton Place,2019,January,1,Tuesday,01 Jan 2019,17:00,43,46,89,43,46,89,No Group
Manchester City Council - Chorlton,Chorlton Place,2019,January,1,Tuesday,01 Jan 2019,18:00,28,34,62,28,34,62,No Group
Manchester City Council - Chorlton,Chorlton Place,2019,January,1,Tuesday,01 Jan 2019,19:00,22,26,48,22,26,48,No Group
Manchester City Council - Chorlton,Chorlton Place,2019,January,1,Tuesday,01 Jan 2019,20:00,24,16,40,24,16,40,No Group
Manchester City Council - Chorlton,Chorlton Place,2019,January,1,Tuesday,01 Jan 2019,21:00,16,12,28,16,12,28,No Group
Manchester City Council - Chorlton,Chorlton Place,2019,January,1,Tuesday,01 Jan 2019,22:00,19,9,28,19,9,28,No Group
Manchester City Council - Chorlton,Chorlton Place,2019,January,1,Tuesday,01 Jan 2019,23:00,13,12,25,13,12,25,No Group
Manchester City Council - Chorlton,Chorlton Place,2019,January,1,Wednesday,02 Jan 2019,00:00,2,1,3,2,1,3,No Group
Manchester City Council - Chorlton,Chorlton Place,2019,January,1,Wednesday,02 Jan 2019,01:00,1,0,1,1,0,1,No Group
Manchester City Council - Chorlton,Chorlton Place,2019,January,1,Wednesday,02 Jan 2019,02:00,0,0,0,0,0,0,No Group
Manchester City Council - Chorlton,Chorlton Place,2019,January,1,Wednesday,02 Jan 2019,03:00,0,4,4,0,4,4,No Group
Manchester City Council - Chorlton,Chorlton Place,2019,January,1,Wednesday,02 Jan 2019,04:00,1,3,4,1,3,4,No Group
Manchester City Council - Chorlton,Chorlton Place,2019,January,1,Wednesday,02 Jan 2019,05:00,0,4,4,0,4,4,No Group
Manchester City Council - Chorlton,Chorlton Place,2019,January,1,Wednesday,02 Jan 2019,06:00,11,8,19,11,8,19,No Group
Manchester City Council - Chorlton,Chorlton Place,2019,January,1,Wednesday,02 Jan 2019,07:00,9,41,50,9,41,50,No Group
Manchester City Council - Chorlton,Chorlton Place,2019,January,1,Wednesday,02 Jan 2019,08:00,27,90,117,27,90,117,No Group
Manchester City Council - Chorlton,Chorlton Place,2019,January,1,Wednesday,02 Jan 2019,09:00,55,87,142,55,87,142,No Group
Manchester City Council - Chorlton,Chorlton Place,2019,January,1,Wednesday,02 Jan 2019,10:00,103,99,202,103,99,202,No Group
Manchester City Council - Chorlton,Chorlton Place,2019,January,1,Wednesday,02 Jan 2019,11:00,128,137,265,128,137,265,No Group
Manchester City Council - Chorlton,Chorlton Place,2019,January,1,Wednesday,02 Jan 2019,12:00,142,174,316,142,174,316,No Group
Manchester City Council - Chorlton,Chorlton Place,2019,January,1,Wednesday,02 Jan 2019,13:00,151,203,354,151,203,354,No Group
Manchester City Council - Chorlton,Chorlton Place,2019,January,1,Wednesday,02 Jan 2019,14:00,174,181,355,174,181,355,No Group
Manchester City Council - Chorlton,Chorlton Place,2019,January,1,Wednesday,02 Jan 2019,15:00,224,214,438,224,214,438,No Group
Manchester City Council - Chorlton,Chorlton Place,2019,January,1,Wednesday,02 Jan 2019,16:00,132,117,249,132,117,249,No Group
Manchester City Council - Chorlton,Chorlton Place,2019,January,1,Wednesday,02 Jan 2019,17:00,103,83,186,103,83,186,No Group
Manchester City Council - Chorlton,Chorlton Place,2019,January,1,Wednesday,02 Jan 2019,18:00,89,57,146,89,57,146,No Group
Manchester City Council - Chorlton,Chorlton Place,2019,January,1,Wednesday,02 Jan 2019,19:00,61,47,108,61,47,108,No Group
Manchester City Council - Chorlton,Chorlton Place,2019,January,1,Wednesday,02 Jan 2019,20:00,33,27,60,33,27,60,No Group
Manchester City Council - Chorlton,Chorlton Place,2019,January,1,Wednesday,02 Jan 2019,21:00,26,26,52,26,26,52,No Group
Manchester City Council - Chorlton,Chorlton Place,2019,January,1,Wednesday,02 Jan 2019,22:00,13,30,43,13,30,43,No Group
Manchester City Council - Chorlton,Chorlton Place,2019,January,1,Wednesday,02 Jan 2019,23:00,12,22,34,12,22,34,No Group
Manchester City Council - Chorlton,Chorlton Place,2019,January,1,Thursday,03 Jan 2019,00:00,11,2,13,11,2,13,No Group
Manchester City Council - Chorlton,Chorlton Place,2019,January,1,Thursday,03 Jan 2019,01:00,2,2,4,2,2,4,No Group
Manchester City Council - Chorlton,Chorlton Place,2019,January,1,Thursday,03 Jan 2019,02:00,1,1,2,1,1,2,No Group
Manchester City Council - Chorlton,Chorlton Place,2019,January,1,Thursday,03 Jan 2019,03:00,1,2,3,1,2,3,No Group
Manchester City Council - Chorlton,Chorlton Place,2019,January,1,Thursday,03 Jan 2019,04:00,0,3,3,0,3,3,No Group
Manchester City Council - Chorlton,Chorlton Place,2019,January,1,Thursday,03 Jan 2019,05:00,1,4,5,1,4,5,No Group
Manchester City Council - Chorlton,Chorlton Place,2019,January,1,Thursday,03 Jan 2019,06:00,11,19,30,11,19,30,No Group
Manchester City Council - Chorlton,Chorlton Place,2019,January,1,Thursday,03 Jan 2019,07:00,20,60,80,20,60,80,No Group
Manchester City Council - Chorlton,Chorlton Place,2019,January,1,Thursday,03 Jan 2019,08:00,26,108,134,26,108,134,No Group
Manchester City Council - Chorlton,Chorlton Place,2019,January,1,Thursday,03 Jan 2019,09:00,60,94,154,60,94,154,No Group
Manchester City Council - Chorlton,Chorlton Place,2019,January,1,Thursday,03 Jan 2019,10:00,110,138,248,110,138,248,No Group
Manchester City Council - Chorlton,Chorlton Place,2019,January,1,Thursday,03 Jan 2019,11:00,150,170,320,150,170,320,No Group
Manchester City Council - Chorlton,Chorlton Place,2019,January,1,Thursday,03 Jan 2019,12:00,176,189,365,176,189,365,No Group
Manchester City Council - Chorlton,Chorlton Place,2019,January,1,Thursday,03 Jan 2019,13:00,175,171,346,175,171,346,No Group
Manchester City Council - Chorlton,Chorlton Place,2019,January,1,Thursday,03 Jan 2019,14:00,168,190,358,168,190,358,No Group
Manchester City Council - Chorlton,Chorlton Place,2019,January,1,Thursday,03 Jan 2019,15:00,165,192,357,165,192,357,No Group
Manchester City Council - Chorlton,Chorlton Place,2019,January,1,Thursday,03 Jan 2019,16:00,137,133,270,137,133,270,No Group
Manchester City Council - Chorlton,Chorlton Place,2019,January,1,Thursday,03 Jan 2019,17:00,102,101,203,102,101,203,No Group
Manchester City Council - Chorlton,Chorlton Place,2019,January,1,Thursday,03 Jan 2019,18:00,92,68,160,92,68,160,No Group
Manchester City Council - Chorlton,Chorlton Place,2019,January,1,Thursday,03 Jan 2019,19:00,69,51,120,69,51,120,No Group
Manchester City Council - Chorlton,Chorlton Place,2019,January,1,Thursday,03 Jan 2019,20:00,56,37,93,56,37,93,No Group
Manchester City Council - Chorlton,Chorlton Place,2019,January,1,Thursday,03 Jan 2019,21:00,35,44,79,35,44,79,No Group
Manchester City Council - Chorlton,Chorlton Place,2019,January,1,Thursday,03 Jan 2019,22:00,21,36,57,21,36,57,No Group
Manchester City Council - Chorlton,Chorlton Place,2019,January,1,Thursday,03 Jan 2019,23:00,19,20,39,19,20,39,No Group
Manchester City Council - Chorlton,Chorlton Place,2019,January,1,Friday,04 Jan 2019,00:00,13,5,18,13,5,18,No Group
Manchester City Council - Chorlton,Chorlton Place,2019,January,1,Friday,04 Jan 2019,01:00,5,1,6,5,1,6,No Group
Manchester City Council - Chorlton,Chorlton Place,2019,January,1,Friday,04 Jan 2019,02:00,1,2,3,1,2,3,No Group
Manchester City Council - Chorlton,Chorlton Place,2019,January,1,Friday,04 Jan 2019,03:00,1,2,3,1,2,3,No Group
Manchester City Council - Chorlton,Chorlton Place,2019,January,1,Friday,04 Jan 2019,04:00,3,1,4,3,1,4,No Group
Manchester City Council - Chorlton,Chorlton Place,2019,January,1,Friday,04 Jan 2019,05:00,5,9,14,5,9,14,No Group
Manchester City Council - Chorlton,Chorlton Place,2019,January,1,Friday,04 Jan 2019,06:00,9,20,29,9,20,29,No Group
Manchester City Council - Chorlton,Chorlton Place,2019,January,1,Friday,04 Jan 2019,07:00,16,57,73,16,57,73,No Group
Manchester City Council - Chorlton,Chorlton Place,2019,January,1,Friday,04 Jan 2019,08:00,23,105,128,23,105,128,No Group
Manchester City Council - Chorlton,Chorlton Place,2019,January,1,Friday,04 Jan 2019,09:00,76,114,190,76,114,190,No Group
Manchester City Council - Chorlton,Chorlton Place,2019,January,1,Friday,04 Jan 2019,10:00,112,146,258,112,146,258,No Group
Manchester City Council - Chorlton,Chorlton Place,2019,January,1,Friday,04 Jan 2019,11:00,148,172,320,148,172,320,No Group
Manchester City Council - Chorlton,Chorlton Place,2019,January,1,Friday,04 Jan 2019,12:00,193,212,405,193,212,405,No Group
Manchester City Council - Chorlton,Chorlton Place,2019,January,1,Friday,04 Jan 2019,13:00,182,200,382,182,200,382,No Group
Manchester City Council - Chorlton,Chorlton Place,2019,January,1,Friday,04 Jan 2019,14:00,178,217,395,178,217,395,No Group
Manchester City Council - Chorlton,Chorlton Place,2019,January,1,Friday,04 Jan 2019,15:00,189,193,382,189,193,382,No Group
Manchester City Council - Chorlton,Chorlton Place,2019,January,1,Friday,04 Jan 2019,16:00,166,165,331,166,165,331,No Group
Manchester City Council - Chorlton,Chorlton Place,2019,January,1,Friday,04 Jan 2019,17:00,107,107,214,107,107,214,No Group
Manchester City Council - Chorlton,Chorlton Place,2019,January,1,Friday,04 Jan 2019,18:00,98,62,160,98,62,160,No Group
Manchester City Council - Chorlton,Chorlton Place,2019,January,1,Friday,04 Jan 2019,19:00,57,65,122,57,65,122,No Group
Manchester City Council - Chorlton,Chorlton Place,2019,January,1,Friday,04 Jan 2019,20:00,58,41,99,58,41,99,No Group
Manchester City Council - Chorlton,Chorlton Place,2019,January,1,Friday,04 Jan 2019,21:00,30,37,67,30,37,67,No Group
Manchester City Council - Chorlton,Chorlton Place,2019,January,1,Friday,04 Jan 2019,22:00,40,40,80,40,40,80,No Group
Manchester City Council - Chorlton,Chorlton Place,2019,January,1,Friday,04 Jan 2019,23:00,37,22,59,37,22,59,No Group
Manchester City Council - Chorlton,Chorlton Place,2019,January,1,Saturday,05 Jan 2019,00:00,16,30,46,16,30,46,No Group
Manchester City Council - Chorlton,Chorlton Place,2019,January,1,Saturday,05 Jan 2019,01:00,11,4,15,11,4,15,No Group
Manchester City Council - Chorlton,Chorlton Place,2019,January,1,Saturday,05 Jan 2019,02:00,3,12,15,3,12,15,No Group
Manchester City Council - Chorlton,Chorlton Place,2019,January,1,Saturday,05 Jan 2019,03:00,0,2,2,0,2,2,No Group
Manchester City Council - Chorlton,Chorlton Place,2019,January,1,Saturday,05 Jan 2019,04:00,0,1,1,0,1,1,No Group
Manchester City Council - Chorlton,Chorlton Place,2019,January,1,Saturday,05 Jan 2019,05:00,11,16,27,11,16,27,No Group
Manchester City Council - Chorlton,Chorlton Place,2019,January,1,Saturday,05 Jan 2019,06:00,7,8,15,7,8,15,No Group
Manchester City Council - Chorlton,Chorlton Place,2019,January,1,Saturday,05 Jan 2019,07:00,8,24,32,8,24,32,No Group
Manchester City Council - Chorlton,Chorlton Place,2019,January,1,Saturday,05 Jan 2019,08:00,26,42,68,26,42,68,No Group
Manchester City Council - Chorlton,Chorlton Place,2019,January,1,Saturday,05 Jan 2019,09:00,81,110,191,81,110,191,No Group
Manchester City Council - Chorlton,Chorlton Place,2019,January,1,Saturday,05 Jan 2019,10:00,118,138,256,118,138,256,No Group
Manchester City Council - Chorlton,Chorlton Place,2019,January,1,Saturday,05 Jan 2019,11:00,228,238,466,228,238,466,No Group
Manchester City Council - Chorlton,Chorlton Place,2019,January,1,Saturday,05 Jan 2019,12:00,244,267,511,244,267,511,No Group
Manchester City Council - Chorlton,Chorlton Place,2019,January,1,Saturday,05 Jan 2019,13:00,257,291,548,257,291,548,No Group
Manchester City Council - Chorlton,Chorlton Place,2019,January,1,Saturday,05 Jan 2019,14:00,234,275,509,234,275,509,No Group
Manchester City Council - Chorlton,Chorlton Place,2019,January,1,Saturday,05 Jan 2019,15:00,245,292,537,245,292,537,No Group
Manchester City Council - Chorlton,Chorlton Place,2019,January,1,Saturday,05 Jan 2019,16:00,172,199,371,172,199,371,No Group
Manchester City Council - Chorlton,Chorlton Place,2019,January,1,Saturday,05 Jan 2019,17:00,115,88,203,115,88,203,No Group
Manchester City Council - Chorlton,Chorlton Place,2019,January,1,Saturday,05 Jan 2019,18:00,72,62,134,72,62,134,No Group
Manchester City Council - Chorlton,Chorlton Place,2019,January,1,Saturday,05 Jan 2019,19:00,71,52,123,71,52,123,No Group
Manchester City Council - Chorlton,Chorlton Place,2019,January,1,Saturday,05 Jan 2019,20:00,46,64,110,46,64,110,No Group
Manchester City Council - Chorlton,Chorlton Place,2019,January,1,Saturday,05 Jan 2019,21:00,43,53,96,43,53,96,No Group
Manchester City Council - Chorlton,Chorlton Place,2019,January,1,Saturday,05 Jan 2019,22:00,43,39,82,43,39,82,No Group
Manchester City Council - Chorlton,Chorlton Place,2019,January,1,Saturday,05 Jan 2019,23:00,29,16,45,29,16,45,No Group
Manchester City Council - Chorlton,Chorlton Place,2019,January,1,Sunday,06 Jan 2019,00:00,14,24,38,14,24,38,No Group
Manchester City Council - Chorlton,Chorlton Place,2019,January,1,Sunday,06 Jan 2019,01:00,13,9,22,13,9,22,No Group
Manchester City Council - Chorlton,Chorlton Place,2019,January,1,Sunday,06 Jan 2019,02:00,8,5,13,8,5,13,No Group
Manchester City Council - Chorlton,Chorlton Place,2019,January,1,Sunday,06 Jan 2019,03:00,0,0,0,0,0,0,No Group
Manchester City Council - Chorlton,Chorlton Place,2019,January,1,Sunday,06 Jan 2019,04:00,2,0,2,2,0,2,No Group
Manchester City Council - Chorlton,Chorlton Place,2019,January,1,Sunday,06 Jan 2019,05:00,0,1,1,0,1,1,No Group
Manchester City Council - Chorlton,Chorlton Place,2019,January,1,Sunday,06 Jan 2019,06:00,0,2,2,0,2,2,No Group
Manchester City Council - Chorlton,Chorlton Place,2019,January,1,Sunday,06 Jan 2019,07:00,2,4,6,2,4,6,No Group
Manchester City Council - Chorlton,Chorlton Place,2019,January,1,Sunday,06 Jan 2019,08:00,11,20,31,11,20,31,No Group
Manchester City Council - Chorlton,Chorlton Place,2019,January,1,Sunday,06 Jan 2019,09:00,22,43,65,22,43,65,No Group
Manchester City Council - Chorlton,Chorlton Place,2019,January,1,Sunday,06 Jan 2019,10:00,55,55,110,55,55,110,No Group
Manchester City Council - Chorlton,Chorlton Place,2019,January,1,Sunday,06 Jan 2019,11:00,90,98,188,90,98,188,No Group
Manchester City Council - Chorlton,Chorlton Place,2019,January,1,Sunday,06 Jan 2019,12:00,99,106,205,99,106,205,No Group
Manchester City Council - Chorlton,Chorlton Place,2019,January,1,Sunday,06 Jan 2019,13:00,103,140,243,103,140,243,No Group
Manchester City Council - Chorlton,Chorlton Place,2019,January,1,Sunday,06 Jan 2019,14:00,128,172,300,128,172,300,No Group
Manchester City Council - Chorlton,Chorlton Place,2019,January,1,Sunday,06 Jan 2019,15:00,109,141,250,109,141,250,No Group
Manchester City Council - Chorlton,Chorlton Place,2019,January,1,Sunday,06 Jan 2019,16:00,66,87,153,66,87,153,No Group
Manchester City Council - Chorlton,Chorlton Place,2019,January,1,Sunday,06 Jan 2019,17:00,27,41,68,27,41,68,No Group
Manchester City Council - Chorlton,Chorlton Place,2019,January,1,Sunday,06 Jan 2019,18:00,23,41,64,23,41,64,No Group
Manchester City Council - Chorlton,Chorlton Place,2019,January,1,Sunday,06 Jan 2019,19:00,21,31,52,21,31,52,No Group
Manchester City Council - Chorlton,Chorlton Place,2019,January,1,Sunday,06 Jan 2019,20:00,19,25,44,19,25,44,No Group
Manchester City Council - Chorlton,Chorlton Place,2019,January,1,Sunday,06 Jan 2019,21:00,23,22,45,23,22,45,No Group
Manchester City Council - Chorlton,Chorlton Place,2019,January,1,Sunday,06 Jan 2019,22:00,13,13,26,13,13,26,No Group
Manchester City Council - Chorlton,Chorlton Place,2019,January,1,Sunday,06 Jan 2019,23:00,13,4,17,13,4,17,No Group
Manchester City Council - Chorlton,Chorlton Place,2019,January,2,Monday,07 Jan 2019,00:00,3,0,3,3,0,3,No Group
Manchester City Council - Chorlton,Chorlton Place,2019,January,2,Monday,07 Jan 2019,01:00,1,1,2,1,1,2,No Group
Manchester City Council - Chorlton,Chorlton Place,2019,January,2,Monday,07 Jan 2019,02:00,0,1,1,0,1,1,No Group
Manchester City Council - Chorlton,Chorlton Place,2019,January,2,Monday,07 Jan 2019,03:00,0,0,0,0,0,0,No Group
Manchester City Council - Chorlton,Chorlton Place,2019,January,2,Monday,07 Jan 2019,04:00,0,6,6,0,6,6,No Group
Manchester City Council - Chorlton,Chorlton Place,2019,January,2,Monday,07 Jan 2019,05:00,5,8,13,5,8,13,No Group
Manchester City Council - Chorlton,Chorlton Place,2019,January,2,Monday,07 Jan 2019,06:00,4,12,16,4,12,16,No Group
Manchester City Council - Chorlton,Chorlton Place,2019,January,2,Monday,07 Jan 2019,07:00,22,67,89,22,67,89,No Group
Manchester City Council - Chorlton,Chorlton Place,2019,January,2,Monday,07 Jan 2019,08:00,33,116,149,33,116,149,No Group
Manchester City Council - Chorlton,Chorlton Place,2019,January,2,Monday,07 Jan 2019,09:00,89,113,202,89,113,202,No Group
Manchester City Council - Chorlton,Chorlton Place,2019,January,2,Monday,07 Jan 2019,10:00,122,134,256,122,134,256,No Group
Manchester City Council - Chorlton,Chorlton Place,2019,January,2,Monday,07 Jan 2019,11:00,97,131,228,97,131,228,No Group
Manchester City Council - Chorlton,Chorlton Place,2019,January,2,Monday,07 Jan 2019,12:00,130,151,281,130,151,281,No Group
Manchester City Council - Chorlton,Chorlton Place,2019,January,2,Monday,07 Jan 2019,13:00,137,161,298,137,161,298,No Group
Manchester City Council - Chorlton,Chorlton Place,2019,January,2,Monday,07 Jan 2019,14:00,169,148,317,169,148,317,No Group
Manchester City Council - Chorlton,Chorlton Place,2019,January,2,Monday,07 Jan 2019,15:00,114,135,249,114,135,249,No Group
Manchester City Council - Chorlton,Chorlton Place,2019,January,2,Monday,07 Jan 2019,16:00,112,104,216,112,104,216,No Group
Manchester City Council - Chorlton,Chorlton Place,2019,January,2,Monday,07 Jan 2019,17:00,90,85,175,90,85,175,No Group
Manchester City Council - Chorlton,Chorlton Place,2019,January,2,Monday,07 Jan 2019,18:00,105,60,165,105,60,165,No Group
Manchester City Council - Chorlton,Chorlton Place,2019,January,2,Monday,07 Jan 2019,19:00,66,44,110,66,44,110,No Group
Manchester City Council - Chorlton,Chorlton Place,2019,January,2,Monday,07 Jan 2019,20:00,35,47,82,35,47,82,No Group
Manchester City Council - Chorlton,Chorlton Place,2019,January,2,Monday,07 Jan 2019,21:00,27,26,53,27,26,53,No Group
Manchester City Council - Chorlton,Chorlton Place,2019,January,2,Monday,07 Jan 2019,22:00,17,11,28,17,11,28,No Group
Manchester City Council - Chorlton,Chorlton Place,2019,January,2,Monday,07 Jan 2019,23:00,11,11,22,11,11,22,No Group
Manchester City Council - Chorlton,Chorlton Place,2019,January,2,Tuesday,08 Jan 2019,00:00,3,0,3,3,0,3,No Group
Manchester City Council - Chorlton,Chorlton Place,2019,January,2,Tuesday,08 Jan 2019,01:00,2,0,2,2,0,2,No Group
Manchester City Council - Chorlton,Chorlton Place,2019,January,2,Tuesday,08 Jan 2019,02:00,1,1,2,1,1,2,No Group
Manchester City Council - Chorlton,Chorlton Place,2019,January,2,Tuesday,08 Jan 2019,03:00,0,2,2,0,2,2,No Group
Manchester City Council - Chorlton,Chorlton Place,2019,January,2,Tuesday,08 Jan 2019,04:00,1,3,4,1,3,4,No Group
Manchester City Council - Chorlton,Chorlton Place,2019,January,2,Tuesday,08 Jan 2019,05:00,0,6,6,0,6,6,No Group
Manchester City Council - Chorlton,Chorlton Place,2019,January,2,Tuesday,08 Jan 2019,06:00,5,17,22,5,17,22,No Group
Manchester City Council - Chorlton,Chorlton Place,2019,January,2,Tuesday,08 Jan 2019,07:00,23,86,109,23,86,109,No Group
Manchester City Council - Chorlton,Chorlton Place,2019,January,2,Tuesday,08 Jan 2019,08:00,38,139,177,38,139,177,No Group
Manchester City Council - Chorlton,Chorlton Place,2019,January,2,Tuesday,08 Jan 2019,09:00,86,111,197,86,111,197,No Group
Manchester City Council - Chorlton,Chorlton Place,2019,January,2,Tuesday,08 Jan 2019,10:00,258,452,710,258,452,710,No Group
Manchester City Council - Chorlton,Chorlton Place,2019,January,2,Tuesday,08 Jan 2019,11:00,530,1287,1817,530,1287,1817,No Group
Manchester City Council - Chorlton,Chorlton Place,2019,January,2,Tuesday,08 Jan 2019,12:00,272,509,781,272,509,781,No Group
Manchester City Council - Chorlton,Chorlton Place,2019,January,2,Tuesday,08 Jan 2019,13:00,143,185,328,143,185,328,No Group
Manchester City Council - Chorlton,Chorlton Place,2019,January,2,Tuesday,08 Jan 2019,14:00,174,191,365,174,191,365,No Group
Manchester City Council - Chorlton,Chorlton Place,2019,January,2,Tuesday,08 Jan 2019,15:00,165,158,323,165,158,323,No Group
Manchester City Council - Chorlton,Chorlton Place,2019,January,2,Tuesday,08 Jan 2019,16:00,129,133,262,129,133,262,No Group
Manchester City Council - Chorlton,Chorlton Place,2019,January,2,Tuesday,08 Jan 2019,17:00,136,112,248,136,112,248,No Group
Manchester City Council - Chorlton,Chorlton Place,2019,January,2,Tuesday,08 Jan 2019,18:00,112,82,194,112,82,194,No Group
Manchester City Council - Chorlton,Chorlton Place,2019,January,2,Tuesday,08 Jan 2019,19:00,69,52,121,69,52,121,No Group
Manchester City Council - Chorlton,Chorlton Place,2019,January,2,Tuesday,08 Jan 2019,20:00,45,44,89,45,44,89,No Group
Manchester City Council - Chorlton,Chorlton Place,2019,January,2,Tuesday,08 Jan 2019,21:00,29,27,56,29,27,56,No Group
Manchester City Council - Chorlton,Chorlton Place,2019,January,2,Tuesday,08 Jan 2019,22:00,14,8,22,14,8,22,No Group
Manchester City Council - Chorlton,Chorlton Place,2019,January,2,Tuesday,08 Jan 2019,23:00,15,10,25,15,10,25,No Group
Manchester City Council - Chorlton,Chorlton Place,2019,January,2,Wednesday,09 Jan 2019,00:00,4,0,4,4,0,4,No Group
Manchester City Council - Chorlton,Chorlton Place,2019,January,2,Wednesday,09 Jan 2019,01:00,2,0,2,2,0,2,No Group
Manchester City Council - Chorlton,Chorlton Place,2019,January,2,Wednesday,09 Jan 2019,02:00,0,0,0,0,0,0,No Group
Manchester City Council - Chorlton,Chorlton Place,2019,January,2,Wednesday,09 Jan 2019,03:00,0,2,2,0,2,2,No Group
Manchester City Council - Chorlton,Chorlton Place,2019,January,2,Wednesday,09 Jan 2019,04:00,0,1,1,0,1,1,No Group
Manchester City Council - Chorlton,Chorlton Place,2019,January,2,Wednesday,09 Jan 2019,05:00,5,10,15,5,10,15,No Group
Manchester City Council - Chorlton,Chorlton Place,2019,January,2,Wednesday,09 Jan 2019,06:00,7,17,24,7,17,24,No Group
Manchester City Council - Chorlton,Chorlton Place,2019,January,2,Wednesday,09 Jan 2019,07:00,27,84,111,27,84,111,No Group
Manchester City Council - Chorlton,Chorlton Place,2019,January,2,Wednesday,09 Jan 2019,08:00,32,128,160,32,128,160,No Group
Manchester City Council - Chorlton,Chorlton Place,2019,January,2,Wednesday,09 Jan 2019,09:00,72,118,190,72,118,190,No Group
Manchester City Council - Chorlton,Chorlton Place,2019,January,2,Wednesday,09 Jan 2019,10:00,220,476,696,220,476,696,No Group
Manchester City Council - Chorlton,Chorlton Place,2019,January,2,Wednesday,09 Jan 2019,11:00,178,283,461,178,283,461,No Group
Manchester City Council - Chorlton,Chorlton Place,2019,January,2,Wednesday,09 Jan 2019,12:00,151,166,317,151,166,317,No Group
Manchester City Council - Chorlton,Chorlton Place,2019,January,2,Wednesday,09 Jan 2019,13:00,138,155,293,138,155,293,No Group
Manchester City Council - Chorlton,Chorlton Place,2019,January,2,Wednesday,09 Jan 2019,14:00,152,151,303,152,151,303,No Group
Manchester City Council - Chorlton,Chorlton Place,2019,January,2,Wednesday,09 Jan 2019,15:00,153,162,315,153,162,315,No Group
Manchester City Council - Chorlton,Chorlton Place,2019,January,2,Wednesday,09 Jan 2019,16:00,124,139,263,124,139,263,No Group
Manchester City Council - Chorlton,Chorlton Place,2019,January,2,Wednesday,09 Jan 2019,17:00,90,74,164,90,74,164,No Group
Manchester City Council - Chorlton,Chorlton Place,2019,January,2,Wednesday,09 Jan 2019,18:00,87,61,148,87,61,148,No Group
Manchester City Council - Chorlton,Chorlton Place,2019,January,2,Wednesday,09 Jan 2019,19:00,66,47,113,66,47,113,No Group
Manchester City Council - Chorlton,Chorlton Place,2019,January,2,Wednesday,09 Jan 2019,20:00,47,35,82,47,35,82,No Group
Manchester City Council - Chorlton,Chorlton Place,2019,January,2,Wednesday,09 Jan 2019,21:00,25,26,51,25,26,51,No Group
Manchester City Council - Chorlton,Chorlton Place,2019,January,2,Wednesday,09 Jan 2019,22:00,22,23,45,22,23,45,No Group
Manchester City Council - Chorlton,Chorlton Place,2019,January,2,Wednesday,09 Jan 2019,23:00,18,9,27,18,9,27,No Group
Manchester City Council - Chorlton,Chorlton Place,2019,January,2,Thursday,10 Jan 2019,00:00,5,4,9,5,4,9,No Group
Manchester City Council - Chorlton,Chorlton Place,2019,January,2,Thursday,10 Jan 2019,01:00,0,0,0,0,0,0,No Group
Manchester City Council - Chorlton,Chorlton Place,2019,January,2,Thursday,10 Jan 2019,02:00,0,0,0,0,0,0,No Group
Manchester City Council - Chorlton,Chorlton Place,2019,January,2,Thursday,10 Jan 2019,03:00,1,2,3,1,2,3,No Group
Manchester City Council - Chorlton,Chorlton Place,2019,January,2,Thursday,10 Jan 2019,04:00,0,5,5,0,5,5,No Group
Manchester City Council - Chorlton,Chorlton Place,2019,January,2,Thursday,10 Jan 2019,05:00,2,4,6,2,4,6,No Group
Manchester City Council - Chorlton,Chorlton Place,2019,January,2,Thursday,10 Jan 2019,06:00,9,19,28,9,19,28,No Group
Manchester City Council - Chorlton,Chorlton Place,2019,January,2,Thursday,10 Jan 2019,07:00,32,89,121,32,89,121,No Group
Manchester City Council - Chorlton,Chorlton Place,2019,January,2,Thursday,10 Jan 2019,08:00,28,109,137,28,109,137,No Group
Manchester City Council - Chorlton,Chorlton Place,2019,January,2,Thursday,10 Jan 2019,09:00,63,101,164,63,101,164,No Group
Manchester City Council - Chorlton,Chorlton Place,2019,January,2,Thursday,10 Jan 2019,10:00,85,111,196,85,111,196,No Group
Manchester City Council - Chorlton,Chorlton Place,2019,January,2,Thursday,10 Jan 2019,11:00,99,122,221,99,122,221,No Group
Manchester City Council - Chorlton,Chorlton Place,2019,January,2,Thursday,10 Jan 2019,12:00,143,141,284,143,141,284,No Group
Manchester City Council - Chorlton,Chorlton Place,2019,January,2,Thursday,10 Jan 2019,13:00,130,165,295,130,165,295,No Group
Manchester City Council - Chorlton,Chorlton Place,2019,January,2,Thursday,10 Jan 2019,14:00,125,141,266,125,141,266,No Group
Manchester City Council - Chorlton,Chorlton Place,2019,January,2,Thursday,10 Jan 2019,15:00,131,141,272,131,141,272,No Group
Manchester City Council - Chorlton,Chorlton Place,2019,January,2,Thursday,10 Jan 2019,16:00,140,135,275,140,135,275,No Group
Manchester City Council - Chorlton,Chorlton Place,2019,January,2,Thursday,10 Jan 2019,17:00,112,85,197,112,85,197,No Group
Manchester City Council - Chorlton,Chorlton Place,2019,January,2,Thursday,10 Jan 2019,18:00,109,73,182,109,73,182,No Group
Manchester City Council - Chorlton,Chorlton Place,2019,January,2,Thursday,10 Jan 2019,19:00,65,55,120,65,55,120,No Group
Manchester City Council - Chorlton,Chorlton Place,2019,January,2,Thursday,10 Jan 2019,20:00,43,35,78,43,35,78,No Group
Manchester City Council - Chorlton,Chorlton Place,2019,January,2,Thursday,10 Jan 2019,21:00,28,30,58,28,30,58,No Group
Manchester City Council - Chorlton,Chorlton Place,2019,January,2,Thursday,10 Jan 2019,22:00,26,16,42,26,16,42,No Group
Manchester City Council - Chorlton,Chorlton Place,2019,January,2,Thursday,10 Jan 2019,23:00,15,20,35,15,20,35,No Group
Manchester City Council - Chorlton,Chorlton Place,2019,January,2,Friday,11 Jan 2019,00:00,12,6,18,12,6,18,No Group
Manchester City Council - Chorlton,Chorlton Place,2019,January,2,Friday,11 Jan 2019,01:00,2,1,3,2,1,3,No Group
Manchester City Council - Chorlton,Chorlton Place,2019,January,2,Friday,11 Jan 2019,02:00,0,0,0,0,0,0,No Group
Manchester City Council - Chorlton,Chorlton Place,2019,January,2,Friday,11 Jan 2019,03:00,0,2,2,0,2,2,No Group
Manchester City Council - Chorlton,Chorlton Place,2019,January,2,Friday,11 Jan 2019,04:00,0,1,1,0,1,1,No Group
Manchester City Council - Chorlton,Chorlton Place,2019,January,2,Friday,11 Jan 2019,05:00,2,6,8,2,6,8,No Group
Manchester City Council - Chorlton,Chorlton Place,2019,January,2,Friday,11 Jan 2019,06:00,9,17,26,9,17,26,No Group
Manchester City Council - Chorlton,Chorlton Place,2019,January,2,Friday,11 Jan 2019,07:00,27,93,120,27,93,120,No Group
Manchester City Council - Chorlton,Chorlton Place,2019,January,2,Friday,11 Jan 2019,08:00,27,129,156,27,129,156,No Group
Manchester City Council - Chorlton,Chorlton Place,2019,January,2,Friday,11 Jan 2019,09:00,102,136,238,102,136,238,No Group
Manchester City Council - Chorlton,Chorlton Place,2019,January,2,Friday,11 Jan 2019,10:00,137,138,275,137,138,275,No Group
Manchester City Council - Chorlton,Chorlton Place,2019,January,2,Friday,11 Jan 2019,11:00,165,181,346,165,181,346,No Group
Manchester City Council - Chorlton,Chorlton Place,2019,January,2,Friday,11 Jan 2019,12:00,170,209,379,170,209,379,No Group
Manchester City Council - Chorlton,Chorlton Place,2019,January,2,Friday,11 Jan 2019,13:00,149,187,336,149,187,336,No Group
Manchester City Council - Chorlton,Chorlton Place,2019,January,2,Friday,11 Jan 2019,14:00,175,201,376,175,201,376,No Group
Manchester City Council - Chorlton,Chorlton Place,2019,January,2,Friday,11 Jan 2019,15:00,168,180,348,168,180,348,No Group
Manchester City Council - Chorlton,Chorlton Place,2019,January,2,Friday,11 Jan 2019,16:00,139,124,263,139,124,263,No Group
Manchester City Council - Chorlton,Chorlton Place,2019,January,2,Friday,11 Jan 2019,17:00,100,81,181,100,81,181,No Group
Manchester City Council - Chorlton,Chorlton Place,2019,January,2,Friday,11 Jan 2019,18:00,99,77,176,99,77,176,No Group
Manchester City Council - Chorlton,Chorlton Place,2019,January,2,Friday,11 Jan 2019,19:00,64,71,135,64,71,135,No Group
Manchester City Council - Chorlton,Chorlton Place,2019,January,2,Friday,11 Jan 2019,20:00,43,47,90,43,47,90,No Group
Manchester City Council - Chorlton,Chorlton Place,2019,January,2,Friday,11 Jan 2019,21:00,45,44,89,45,44,89,No Group
Manchester City Council - Chorlton,Chorlton Place,2019,January,2,Friday,11 Jan 2019,22:00,37,38,75,37,38,75,No Group
Manchester City Council - Chorlton,Chorlton Place,2019,January,2,Friday,11 Jan 2019,23:00,20,23,43,20,23,43,No Group
Manchester City Council - Chorlton,Chorlton Place,2019,January,2,Saturday,12 Jan 2019,00:00,4,28,32,4,28,32,No Group
Manchester City Council - Chorlton,Chorlton Place,2019,January,2,Saturday,12 Jan 2019,01:00,7,10,17,7,10,17,No Group
Manchester City Council - Chorlton,Chorlton Place,2019,January,2,Saturday,12 Jan 2019,02:00,2,14,16,2,14,16,No Group
Manchester City Council - Chorlton,Chorlton Place,2019,January,2,Saturday,12 Jan 2019,03:00,1,1,2,1,1,2,No Group
Manchester City Council - Chorlton,Chorlton Place,2019,January,2,Saturday,12 Jan 2019,04:00,0,5,5,0,5,5,No Group
Manchester City Council - Chorlton,Chorlton Place,2019,January,2,Saturday,12 Jan 2019,05:00,13,16,29,13,16,29,No Group
Manchester City Council - Chorlton,Chorlton Place,2019,January,2,Saturday,12 Jan 2019,06:00,3,17,20,3,17,20,No Group
Manchester City Council - Chorlton,Chorlton Place,2019,January,2,Saturday,12 Jan 2019,07:00,11,42,53,11,42,53,No Group
Manchester City Council - Chorlton,Chorlton Place,2019,January,2,Saturday,12 Jan 2019,08:00,48,63,111,48,63,111,No Group
Manchester City Council - Chorlton,Chorlton Place,2019,January,2,Saturday,12 Jan 2019,09:00,109,144,253,109,144,253,No Group
Manchester City Council - Chorlton,Chorlton Place,2019,January,2,Saturday,12 Jan 2019,10:00,179,200,379,179,200,379,No Group
Manchester City Council - Chorlton,Chorlton Place,2019,January,2,Saturday,12 Jan 2019,11:00,234,276,510,234,276,510,No Group
Manchester City Council - Chorlton,Chorlton Place,2019,January,2,Saturday,12 Jan 2019,12:00,276,282,558,276,282,558,No Group
Manchester City Council - Chorlton,Chorlton Place,2019,January,2,Saturday,12 Jan 2019,13:00,250,279,529,250,279,529,No Group
Manchester City Council - Chorlton,Chorlton Place,2019,January,2,Saturday,12 Jan 2019,14:00,256,276,532,256,276,532,No Group
Manchester City Council - Chorlton,Chorlton Place,2019,January,2,Saturday,12 Jan 2019,15:00,301,369,670,301,369,670,No Group
Manchester City Council - Chorlton,Chorlton Place,2019,January,2,Saturday,12 Jan 2019,16:00,203,219,422,203,219,422,No Group
Manchester City Council - Chorlton,Chorlton Place,2019,January,2,Saturday,12 Jan 2019,17:00,51,89,140,51,89,140,No Group
Manchester City Council - Chorlton,Chorlton Place,2019,January,2,Saturday,12 Jan 2019,18:00,43,106,149,43,106,149,No Group
Manchester City Council - Chorlton,Chorlton Place,2019,January,2,Saturday,12 Jan 2019,19:00,56,85,141,56,85,141,No Group
Manchester City Council - Chorlton,Chorlton Place,2019,January,2,Saturday,12 Jan 2019,20:00,49,109,158,49,109,158,No Group
Manchester City Council - Chorlton,Chorlton Place,2019,January,2,Saturday,12 Jan 2019,21:00,47,59,106,47,59,106,No Group
Manchester City Council - Chorlton,Chorlton Place,2019,January,2,Saturday,12 Jan 2019,22:00,40,60,100,40,60,100,No Group
Manchester City Council - Chorlton,Chorlton Place,2019,January,2,Saturday,12 Jan 2019,23:00,19,29,48,19,29,48,No Group
Manchester City Council - Chorlton,Chorlton Place,2019,January,2,Sunday,13 Jan 2019,00:00,21,25,46,21,25,46,No Group
Manchester City Council - Chorlton,Chorlton Place,2019,January,2,Sunday,13 Jan 2019,01:00,13,13,26,13,13,26,No Group
Manchester City Council - Chorlton,Chorlton Place,2019,January,2,Sunday,13 Jan 2019,02:00,9,1,10,9,1,10,No Group
Manchester City Council - Chorlton,Chorlton Place,2019,January,2,Sunday,13 Jan 2019,03:00,1,2,3,1,2,3,No Group
Manchester City Council - Chorlton,Chorlton Place,2019,January,2,Sunday,13 Jan 2019,04:00,1,1,2,1,1,2,No Group
Manchester City Council - Chorlton,Chorlton Place,2019,January,2,Sunday,13 Jan 2019,05:00,1,1,2,1,1,2,No Group
Manchester City Council - Chorlton,Chorlton Place,2019,January,2,Sunday,13 Jan 2019,06:00,2,2,4,2,2,4,No Group
Manchester City Council - Chorlton,Chorlton Place,2019,January,2,Sunday,13 Jan 2019,07:00,1,18,19,1,18,19,No Group
Manchester City Council - Chorlton,Chorlton Place,2019,January,2,Sunday,13 Jan 2019,08:00,21,24,45,21,24,45,No Group
Manchester City Council - Chorlton,Chorlton Place,2019,January,2,Sunday,13 Jan 2019,09:00,43,68,111,43,68,111,No Group
Manchester City Council - Chorlton,Chorlton Place,2019,January,2,Sunday,13 Jan 2019,10:00,89,102,191,89,102,191,No Group
Manchester City Council - Chorlton,Chorlton Place,2019,January,2,Sunday,13 Jan 2019,11:00,75,104,179,75,104,179,No Group
Manchester City Council - Chorlton,Chorlton Place,2019,January,2,Sunday,13 Jan 2019,12:00,125,170,295,125,170,295,No Group
Manchester City Council - Chorlton,Chorlton Place,2019,January,2,Sunday,13 Jan 2019,13:00,176,258,434,176,258,434,No Group
Manchester City Council - Chorlton,Chorlton Place,2019,January,2,Sunday,13 Jan 2019,14:00,155,201,356,155,201,356,No Group
Manchester City Council - Chorlton,Chorlton Place,2019,January,2,Sunday,13 Jan 2019,15:00,155,169,324,155,169,324,No Group
Manchester City Council - Chorlton,Chorlton Place,2019,January,2,Sunday,13 Jan 2019,16:00,113,113,226,113,113,226,No Group
Manchester City Council - Chorlton,Chorlton Place,2019,January,2,Sunday,13 Jan 2019,17:00,52,62,114,52,62,114,No Group
Manchester City Council - Chorlton,Chorlton Place,2019,January,2,Sunday,13 Jan 2019,18:00,20,6,26,20,6,26,No Group
Manchester City Council - Chorlton,Chorlton Place,2019,January,2,Sunday,13 Jan 2019,19:00,4,48,52,4,48,52,No Group
Manchester City Council - Chorlton,Chorlton Place,2019,January,2,Sunday,13 Jan 2019,20:00,17,44,61,17,44,61,No Group
Manchester City Council - Chorlton,Chorlton Place,2019,January,2,Sunday,13 Jan 2019,21:00,13,43,56,13,43,56,No Group
Manchester City Council - Chorlton,Chorlton Place,2019,January,2,Sunday,13 Jan 2019,22:00,8,31,39,8,31,39,No Group
Manchester City Council - Chorlton,Chorlton Place,2019,January,2,Sunday,13 Jan 2019,23:00,4,12,16,4,12,16,No Group
Manchester City Council - Chorlton,Chorlton Place,2019,January,3,Monday,14 Jan 2019,00:00,4,2,6,4,2,6,No Group
Manchester City Council - Chorlton,Chorlton Place,2019,January,3,Monday,14 Jan 2019,01:00,1,0,1,1,0,1,No Group
Manchester City Council - Chorlton,Chorlton Place,2019,January,3,Monday,14 Jan 2019,02:00,0,3,3,0,3,3,No Group
Manchester City Council - Chorlton,Chorlton Place,2019,January,3,Monday,14 Jan 2019,03:00,1,0,1,1,0,1,No Group
Manchester City Council - Chorlton,Chorlton Place,2019,January,3,Monday,14 Jan 2019,04:00,0,4,4,0,4,4,No Group
Manchester City Council - Chorlton,Chorlton Place,2019,January,3,Monday,14 Jan 2019,05:00,1,5,6,1,5,6,No Group
Manchester City Council - Chorlton,Chorlton Place,2019,January,3,Monday,14 Jan 2019,06:00,12,16,28,12,16,28,No Group
Manchester City Council - Chorlton,Chorlton Place,2019,January,3,Monday,14 Jan 2019,07:00,26,88,114,26,88,114,No Group
Manchester City Council - Chorlton,Chorlton Place,2019,January,3,Monday,14 Jan 2019,08:00,36,112,148,36,112,148,No Group
Manchester City Council - Chorlton,Chorlton Place,2019,January,3,Monday,14 Jan 2019,09:00,78,129,207,78,129,207,No Group
Manchester City Council - Chorlton,Chorlton Place,2019,January,3,Monday,14 Jan 2019,10:00,72,71,143,72,71,143,No Group
Manchester City Council - Chorlton,Chorlton Place,2019,January,3,Monday,14 Jan 2019,11:00,127,171,298,127,171,298,No Group
Manchester City Council - Chorlton,Chorlton Place,2019,January,3,Monday,14 Jan 2019,12:00,132,171,303,132,171,303,No Group
Manchester City Council - Chorlton,Chorlton Place,2019,January,3,Monday,14 Jan 2019,13:00,139,168,307,139,168,307,No Group
Manchester City Council - Chorlton,Chorlton Place,2019,January,3,Monday,14 Jan 2019,14:00,135,164,299,135,164,299,No Group
Manchester City Council - Chorlton,Chorlton Place,2019,January,3,Monday,14 Jan 2019,15:00,146,161,307,146,161,307,No Group
Manchester City Council - Chorlton,Chorlton Place,2019,January,3,Monday,14 Jan 2019,16:00,137,117,254,137,117,254,No Group
Manchester City Council - Chorlton,Chorlton Place,2019,January,3,Monday,14 Jan 2019,17:00,117,86,203,117,86,203,No Group
Manchester City Council - Chorlton,Chorlton Place,2019,January,3,Monday,14 Jan 2019,18:00,95,65,160,95,65,160,No Group
Manchester City Council - Chorlton,Chorlton Place,2019,January,3,Monday,14 Jan 2019,19:00,76,52,128,76,52,128,No Group
Manchester City Council - Chorlton,Chorlton Place,2019,January,3,Monday,14 Jan 2019,20:00,50,41,91,50,41,91,No Group
Manchester City Council - Chorlton,Chorlton Place,2019,January,3,Monday,14 Jan 2019,21:00,24,44,68,24,44,68,No Group
Manchester City Council - Chorlton,Chorlton Place,2019,January,3,Monday,14 Jan 2019,22:00,17,10,27,17,10,27,No Group
Manchester City Council - Chorlton,Chorlton Place,2019,January,3,Monday,14 Jan 2019,23:00,13,23,36,13,23,36,No Group
Manchester City Council - Chorlton,Chorlton Place,2019,January,3,Tuesday,15 Jan 2019,00:00,5,1,6,5,1,6,No Group
Manchester City Council - Chorlton,Chorlton Place,2019,January,3,Tuesday,15 Jan 2019,01:00,0,0,0,0,0,0,No Group
Manchester City Council - Chorlton,Chorlton Place,2019,January,3,Tuesday,15 Jan 2019,02:00,12,8,20,12,8,20,No Group
Manchester City Council - Chorlton,Chorlton Place,2019,January,3,Tuesday,15 Jan 2019,03:00,0,1,1,0,1,1,No Group
Manchester City Council - Chorlton,Chorlton Place,2019,January,3,Tuesday,15 Jan 2019,04:00,0,2,2,0,2,2,No Group
Manchester City Council - Chorlton,Chorlton Place,2019,January,3,Tuesday,15 Jan 2019,05:00,5,6,11,5,6,11,No Group
Manchester City Council - Chorlton,Chorlton Place,2019,January,3,Tuesday,15 Jan 2019,06:00,13,35,48,13,35,48,No Group
Manchester City Council - Chorlton,Chorlton Place,2019,January,3,Tuesday,15 Jan 2019,07:00,20,81,101,20,81,101,No Group
Manchester City Council - Chorlton,Chorlton Place,2019,January,3,Tuesday,15 Jan 2019,08:00,54,136,190,54,136,190,No Group
Manchester City Council - Chorlton,Chorlton Place,2019,January,3,Tuesday,15 Jan 2019,09:00,86,137,223,86,137,223,No Group
Manchester City Council - Chorlton,Chorlton Place,2019,January,3,Tuesday,15 Jan 2019,10:00,131,124,255,131,124,255,No Group
Manchester City Council - Chorlton,Chorlton Place,2019,January,3,Tuesday,15 Jan 2019,11:00,87,100,187,87,100,187,No Group
Manchester City Council - Chorlton,Chorlton Place,2019,January,3,Tuesday,15 Jan 2019,12:00,182,204,386,182,204,386,No Group
Manchester City Council - Chorlton,Chorlton Place,2019,January,3,Tuesday,15 Jan 2019,13:00,149,177,326,149,177,326,No Group
Manchester City Council - Chorlton,Chorlton Place,2019,January,3,Tuesday,15 Jan 2019,14:00,164,165,329,164,165,329,No Group
Manchester City Council - Chorlton,Chorlton Place,2019,January,3,Tuesday,15 Jan 2019,15:00,170,167,337,170,167,337,No Group
Manchester City Council - Chorlton,Chorlton Place,2019,January,3,Tuesday,15 Jan 2019,16:00,138,101,239,138,101,239,No Group
Manchester City Council - Chorlton,Chorlton Place,2019,January,3,Tuesday,15 Jan 2019,17:00,134,97,231,134,97,231,No Group
Manchester City Council - Chorlton,Chorlton Place,2019,January,3,Tuesday,15 Jan 2019,18:00,111,88,199,111,88,199,No Group
Manchester City Council - Chorlton,Chorlton Place,2019,January,3,Tuesday,15 Jan 2019,19:00,78,45,123,78,45,123,No Group
Manchester City Council - Chorlton,Chorlton Place,2019,January,3,Tuesday,15 Jan 2019,20:00,48,32,80,48,32,80,No Group
Manchester City Council - Chorlton,Chorlton Place,2019,January,3,Tuesday,15 Jan 2019,21:00,34,26,60,34,26,60,No Group
Manchester City Council - Chorlton,Chorlton Place,2019,January,3,Tuesday,15 Jan 2019,22:00,26,18,44,26,18,44,No Group
Manchester City Council - Chorlton,Chorlton Place,2019,January,3,Tuesday,15 Jan 2019,23:00,17,14,31,17,14,31,No Group
Manchester City Council - Chorlton,Chorlton Place,2019,January,3,Wednesday,16 Jan 2019,00:00,7,8,15,7,8,15,No Group
Manchester City Council - Chorlton,Chorlton Place,2019,January,3,Wednesday,16 Jan 2019,01:00,1,0,1,1,0,1,No Group
Manchester City Council - Chorlton,Chorlton Place,2019,January,3,Wednesday,16 Jan 2019,02:00,1,1,2,1,1,2,No Group
Manchester City Council - Chorlton,Chorlton Place,2019,January,3,Wednesday,16 Jan 2019,03:00,0,1,1,0,1,1,No Group
Manchester City Council - Chorlton,Chorlton Place,2019,January,3,Wednesday,16 Jan 2019,04:00,1,3,4,1,3,4,No Group
Manchester City Council - Chorlton,Chorlton Place,2019,January,3,Wednesday,16 Jan 2019,05:00,2,6,8,2,6,8,No Group
Manchester City Council - Chorlton,Chorlton Place,2019,January,3,Wednesday,16 Jan 2019,06:00,7,25,32,7,25,32,No Group
Manchester City Council - Chorlton,Chorlton Place,2019,January,3,Wednesday,16 Jan 2019,07:00,21,126,147,21,126,147,No Group
Manchester City Council - Chorlton,Chorlton Place,2019,January,3,Wednesday,16 Jan 2019,08:00,51,166,217,51,166,217,No Group
Manchester City Council - Chorlton,Chorlton Place,2019,January,3,Wednesday,16 Jan 2019,09:00,109,189,298,109,189,298,No Group
Manchester City Council - Chorlton,Chorlton Place,2019,January,3,Wednesday,16 Jan 2019,10:00,133,158,291,133,158,291,No Group
Manchester City Council - Chorlton,Chorlton Place,2019,January,3,Wednesday,16 Jan 2019,11:00,157,201,358,157,201,358,No Group
Manchester City Council - Chorlton,Chorlton Place,2019,January,3,Wednesday,16 Jan 2019,12:00,193,196,389,193,196,389,No Group
Manchester City Council - Chorlton,Chorlton Place,2019,January,3,Wednesday,16 Jan 2019,13:00,155,168,323,155,168,323,No Group
Manchester City Council - Chorlton,Chorlton Place,2019,January,3,Wednesday,16 Jan 2019,14:00,75,121,196,75,121,196,No Group
Manchester City Council - Chorlton,Chorlton Place,2019,January,3,Wednesday,16 Jan 2019,15:00,86,163,249,86,163,249,No Group
Manchester City Council - Chorlton,Chorlton Place,2019,January,3,Wednesday,16 Jan 2019,16:00,29,87,116,29,87,116,No Group
Manchester City Council - Chorlton,Chorlton Place,2019,January,3,Wednesday,16 Jan 2019,17:00,9,63,72,9,63,72,No Group
Manchester City Council - Chorlton,Chorlton Place,2019,January,3,Wednesday,16 Jan 2019,18:00,17,52,69,17,52,69,No Group
Manchester City Council - Chorlton,Chorlton Place,2019,January,3,Wednesday,16 Jan 2019,19:00,34,80,114,34,80,114,No Group
Manchester City Council - Chorlton,Chorlton Place,2019,January,3,Wednesday,16 Jan 2019,20:00,41,51,92,41,51,92,No Group
Manchester City Council - Chorlton,Chorlton Place,2019,January,3,Wednesday,16 Jan 2019,21:00,21,63,84,21,63,84,No Group
Manchester City Council - Chorlton,Chorlton Place,2019,January,3,Wednesday,16 Jan 2019,22:00,21,56,77,21,56,77,No Group
Manchester City Council - Chorlton,Chorlton Place,2019,January,3,Wednesday,16 Jan 2019,23:00,8,26,34,8,26,34,No Group
Manchester City Council - Chorlton,Chorlton Place,2019,January,3,Thursday,17 Jan 2019,00:00,1,6,7,1,6,7,No Group
Manchester City Council - Chorlton,Chorlton Place,2019,January,3,Thursday,17 Jan 2019,01:00,1,3,4,1,3,4,No Group
Manchester City Council - Chorlton,Chorlton Place,2019,January,3,Thursday,17 Jan 2019,02:00,0,0,0,0,0,0,No Group
Manchester City Council - Chorlton,Chorlton Place,2019,January,3,Thursday,17 Jan 2019,03:00,0,1,1,0,1,1,No Group
Manchester City Council - Chorlton,Chorlton Place,2019,January,3,Thursday,17 Jan 2019,04:00,0,3,3,0,3,3,No Group
Manchester City Council - Chorlton,Chorlton Place,2019,January,3,Thursday,17 Jan 2019,05:00,0,2,2,0,2,2,No Group
Manchester City Council - Chorlton,Chorlton Place,2019,January,3,Thursday,17 Jan 2019,06:00,5,19,24,5,19,24,No Group
Manchester City Council - Chorlton,Chorlton Place,2019,January,3,Thursday,17 Jan 2019,07:00,26,73,99,26,73,99,No Group
Manchester City Council - Chorlton,Chorlton Place,2019,January,3,Thursday,17 Jan 2019,08:00,36,117,153,36,117,153,No Group
Manchester City Council - Chorlton,Chorlton Place,2019,January,3,Thursday,17 Jan 2019,09:00,87,144,231,87,144,231,No Group
Manchester City Council - Chorlton,Chorlton Place,2019,January,3,Thursday,17 Jan 2019,10:00,100,112,212,100,112,212,No Group
Manchester City Council - Chorlton,Chorlton Place,2019,January,3,Thursday,17 Jan 2019,11:00,124,147,271,124,147,271,No Group
Manchester City Council - Chorlton,Chorlton Place,2019,January,3,Thursday,17 Jan 2019,12:00,157,168,325,157,168,325,No Group
Manchester City Council - Chorlton,Chorlton Place,2019,January,3,Thursday,17 Jan 2019,13:00,143,175,318,143,175,318,No Group
Manchester City Council - Chorlton,Chorlton Place,2019,January,3,Thursday,17 Jan 2019,14:00,155,177,332,155,177,332,No Group
Manchester City Council - Chorlton,Chorlton Place,2019,January,3,Thursday,17 Jan 2019,15:00,143,136,279,143,136,279,No Group
Manchester City Council - Chorlton,Chorlton Place,2019,January,3,Thursday,17 Jan 2019,16:00,122,131,253,122,131,253,No Group
Manchester City Council - Chorlton,Chorlton Place,2019,January,3,Thursday,17 Jan 2019,17:00,127,77,204,127,77,204,No Group
Manchester City Council - Chorlton,Chorlton Place,2019,January,3,Thursday,17 Jan 2019,18:00,91,56,147,91,56,147,No Group
Manchester City Council - Chorlton,Chorlton Place,2019,January,3,Thursday,17 Jan 2019,19:00,75,55,130,75,55,130,No Group
Manchester City Council - Chorlton,Chorlton Place,2019,January,3,Thursday,17 Jan 2019,20:00,43,47,90,43,47,90,No Group
Manchester City Council - Chorlton,Chorlton Place,2019,January,3,Thursday,17 Jan 2019,21:00,33,41,74,33,41,74,No Group
Manchester City Council - Chorlton,Chorlton Place,2019,January,3,Thursday,17 Jan 2019,22:00,48,45,93,48,45,93,No Group
Manchester City Council - Chorlton,Chorlton Place,2019,January,3,Thursday,17 Jan 2019,23:00,18,4,22,18,4,22,No Group
Manchester City Council - Chorlton,Chorlton Place,2019,January,3,Friday,18 Jan 2019,00:00,2,1,3,2,1,3,No Group
Manchester City Council - Chorlton,Chorlton Place,2019,January,3,Friday,18 Jan 2019,01:00,6,1,7,6,1,7,No Group
Manchester City Council - Chorlton,Chorlton Place,2019,January,3,Friday,18 Jan 2019,02:00,1,0,1,1,0,1,No Group
Manchester City Council - Chorlton,Chorlton Place,2019,January,3,Friday,18 Jan 2019,03:00,0,1,1,0,1,1,No Group
Manchester City Council - Chorlton,Chorlton Place,2019,January,3,Friday,18 Jan 2019,04:00,0,1,1,0,1,1,No Group
Manchester City Council - Chorlton,Chorlton Place,2019,January,3,Friday,18 Jan 2019,05:00,2,6,8,2,6,8,No Group
Manchester City Council - Chorlton,Chorlton Place,2019,January,3,Friday,18 Jan 2019,06:00,11,24,35,11,24,35,No Group
Manchester City Council - Chorlton,Chorlton Place,2019,January,3,Friday,18 Jan 2019,07:00,28,87,115,28,87,115,No Group
Manchester City Council - Chorlton,Chorlton Place,2019,January,3,Friday,18 Jan 2019,08:00,30,112,142,30,112,142,No Group
Manchester City Council - Chorlton,Chorlton Place,2019,January,3,Friday,18 Jan 2019,09:00,85,135,220,85,135,220,No Group
Manchester City Council - Chorlton,Chorlton Place,2019,January,3,Friday,18 Jan 2019,10:00,83,94,177,83,94,177,No Group
Manchester City Council - Chorlton,Chorlton Place,2019,January,3,Friday,18 Jan 2019,11:00,152,173,325,152,173,325,No Group
Manchester City Council - Chorlton,Chorlton Place,2019,January,3,Friday,18 Jan 2019,12:00,166,199,365,166,199,365,No Group
Manchester City Council - Chorlton,Chorlton Place,2019,January,3,Friday,18 Jan 2019,13:00,173,189,362,173,189,362,No Group
Manchester City Council - Chorlton,Chorlton Place,2019,January,3,Friday,18 Jan 2019,14:00,183,227,410,183,227,410,No Group
Manchester City Council - Chorlton,Chorlton Place,2019,January,3,Friday,18 Jan 2019,15:00,160,211,371,160,211,371,No Group
Manchester City Council - Chorlton,Chorlton Place,2019,January,3,Friday,18 Jan 2019,16:00,148,130,278,148,130,278,No Group
Manchester City Council - Chorlton,Chorlton Place,2019,January,3,Friday,18 Jan 2019,17:00,149,180,329,149,180,329,No Group
Manchester City Council - Chorlton,Chorlton Place,2019,January,3,Friday,18 Jan 2019,18:00,100,101,201,100,101,201,No Group
Manchester City Council - Chorlton,Chorlton Place,2019,January,3,Friday,18 Jan 2019,19:00,56,67,123,56,67,123,No Group
Manchester City Council - Chorlton,Chorlton Place,2019,January,3,Friday,18 Jan 2019,20:00,28,55,83,28,55,83,No Group
Manchester City Council - Chorlton,Chorlton Place,2019,January,3,Friday,18 Jan 2019,21:00,21,48,69,21,48,69,No Group
Manchester City Council - Chorlton,Chorlton Place,2019,January,3,Friday,18 Jan 2019,22:00,20,61,81,20,61,81,No Group
Manchester City Council - Chorlton,Chorlton Place,2019,January,3,Friday,18 Jan 2019,23:00,16,21,37,16,21,37,No Group
Manchester City Council - Chorlton,Chorlton Place,2019,January,3,Saturday,19 Jan 2019,00:00,7,14,21,7,14,21,No Group
Manchester City Council - Chorlton,Chorlton Place,2019,January,3,Saturday,19 Jan 2019,01:00,4,4,8,4,4,8,No Group
Manchester City Council - Chorlton,Chorlton Place,2019,January,3,Saturday,19 Jan 2019,02:00,1,3,4,1,3,4,No Group
Manchester City Council - Chorlton,Chorlton Place,2019,January,3,Saturday,19 Jan 2019,03:00,1,3,4,1,3,4,No Group
Manchester City Council - Chorlton,Chorlton Place,2019,January,3,Saturday,19 Jan 2019,04:00,0,2,2,0,2,2,No Group
Manchester City Council - Chorlton,Chorlton Place,2019,January,3,Saturday,19 Jan 2019,05:00,12,9,21,12,9,21,No Group
Manchester City Council - Chorlton,Chorlton Place,2019,January,3,Saturday,19 Jan 2019,06:00,1,5,6,1,5,6,No Group
Manchester City Council - Chorlton,Chorlton Place,2019,January,3,Saturday,19 Jan 2019,07:00,8,19,27,8,19,27,No Group
Manchester City Council - Chorlton,Chorlton Place,2019,January,3,Saturday,19 Jan 2019,08:00,36,51,87,36,51,87,No Group
Manchester City Council - Chorlton,Chorlton Place,2019,January,3,Saturday,19 Jan 2019,09:00,95,130,225,95,130,225,No Group
Manchester City Council - Chorlton,Chorlton Place,2019,January,3,Saturday,19 Jan 2019,10:00,160,209,369,160,209,369,No Group
Manchester City Council - Chorlton,Chorlton Place,2019,January,3,Saturday,19 Jan 2019,11:00,233,241,474,233,241,474,No Group
Manchester City Council - Chorlton,Chorlton Place,2019,January,3,Saturday,19 Jan 2019,12:00,261,283,544,261,283,544,No Group
Manchester City Council - Chorlton,Chorlton Place,2019,January,3,Saturday,19 Jan 2019,13:00,298,349,647,298,349,647,No Group
Manchester City Council - Chorlton,Chorlton Place,2019,January,3,Saturday,19 Jan 2019,14:00,383,448,831,383,448,831,No Group
Manchester City Council - Chorlton,Chorlton Place,2019,January,3,Saturday,19 Jan 2019,15:00,324,372,696,324,372,696,No Group
Manchester City Council - Chorlton,Chorlton Place,2019,January,3,Saturday,19 Jan 2019,16:00,200,236,436,200,236,436,No Group
Manchester City Council - Chorlton,Chorlton Place,2019,January,3,Saturday,19 Jan 2019,17:00,84,103,187,84,103,187,No Group
Manchester City Council - Chorlton,Chorlton Place,2019,January,3,Saturday,19 Jan 2019,18:00,77,67,144,77,67,144,No Group
Manchester City Council - Chorlton,Chorlton Place,2019,January,3,Saturday,19 Jan 2019,19:00,49,62,111,49,62,111,No Group
Manchester City Council - Chorlton,Chorlton Place,2019,January,3,Saturday,19 Jan 2019,20:00,43,96,139,43,96,139,No Group
Manchester City Council - Chorlton,Chorlton Place,2019,January,3,Saturday,19 Jan 2019,21:00,44,77,121,44,77,121,No Group
Manchester City Council - Chorlton,Chorlton Place,2019,January,3,Saturday,19 Jan 2019,22:00,46,60,106,46,60,106,No Group
Manchester City Council - Chorlton,Chorlton Place,2019,January,3,Saturday,19 Jan 2019,23:00,22,36,58,22,36,58,No Group
Manchester City Council - Chorlton,Chorlton Place,2019,January,3,Sunday,20 Jan 2019,00:00,8,8,16,8,8,16,No Group
Manchester City Council - Chorlton,Chorlton Place,2019,January,3,Sunday,20 Jan 2019,01:00,7,9,16,7,9,16,No Group
Manchester City Council - Chorlton,Chorlton Place,2019,January,3,Sunday,20 Jan 2019,02:00,4,6,10,4,6,10,No Group
Manchester City Council - Chorlton,Chorlton Place,2019,January,3,Sunday,20 Jan 2019,03:00,1,0,1,1,0,1,No Group
Manchester City Council - Chorlton,Chorlton Place,2019,January,3,Sunday,20 Jan 2019,04:00,2,1,3,2,1,3,No Group
Manchester City Council - Chorlton,Chorlton Place,2019,January,3,Sunday,20 Jan 2019,05:00,1,0,1,1,0,1,No Group
Manchester City Council - Chorlton,Chorlton Place,2019,January,3,Sunday,20 Jan 2019,06:00,2,3,5,2,3,5,No Group
Manchester City Council - Chorlton,Chorlton Place,2019,January,3,Sunday,20 Jan 2019,07:00,7,16,23,7,16,23,No Group
Manchester City Council - Chorlton,Chorlton Place,2019,January,3,Sunday,20 Jan 2019,08:00,15,19,34,15,19,34,No Group
Manchester City Council - Chorlton,Chorlton Place,2019,January,3,Sunday,20 Jan 2019,09:00,42,57,99,42,57,99,No Group
Manchester City Council - Chorlton,Chorlton Place,2019,January,3,Sunday,20 Jan 2019,10:00,49,67,116,49,67,116,No Group
Manchester City Council - Chorlton,Chorlton Place,2019,January,3,Sunday,20 Jan 2019,11:00,81,105,186,81,105,186,No Group
Manchester City Council - Chorlton,Chorlton Place,2019,January,3,Sunday,20 Jan 2019,12:00,127,139,266,127,139,266,No Group
Manchester City Council - Chorlton,Chorlton Place,2019,January,3,Sunday,20 Jan 2019,13:00,140,188,328,140,188,328,No Group
Manchester City Council - Chorlton,Chorlton Place,2019,January,3,Sunday,20 Jan 2019,14:00,122,151,273,122,151,273,No Group
Manchester City Council - Chorlton,Chorlton Place,2019,January,3,Sunday,20 Jan 2019,15:00,110,169,279,110,169,279,No Group
Manchester City Council - Chorlton,Chorlton Place,2019,January,3,Sunday,20 Jan 2019,16:00,106,101,207,106,101,207,No Group
Manchester City Council - Chorlton,Chorlton Place,2019,January,3,Sunday,20 Jan 2019,17:00,67,85,152,67,85,152,No Group
Manchester City Council - Chorlton,Chorlton Place,2019,January,3,Sunday,20 Jan 2019,18:00,44,51,95,44,51,95,No Group
Manchester City Council - Chorlton,Chorlton Place,2019,January,3,Sunday,20 Jan 2019,19:00,33,32,65,33,32,65,No Group
Manchester City Council - Chorlton,Chorlton Place,2019,January,3,Sunday,20 Jan 2019,20:00,28,38,66,28,38,66,No Group
Manchester City Council - Chorlton,Chorlton Place,2019,January,3,Sunday,20 Jan 2019,21:00,20,16,36,20,16,36,No Group
Manchester City Council - Chorlton,Chorlton Place,2019,January,3,Sunday,20 Jan 2019,22:00,14,13,27,14,13,27,No Group
Manchester City Council - Chorlton,Chorlton Place,2019,January,3,Sunday,20 Jan 2019,23:00,4,5,9,4,5,9,No Group
Manchester City Council - Chorlton,Chorlton Place,2019,January,4,Monday,21 Jan 2019,00:00,4,6,10,4,6,10,No Group
Manchester City Council - Chorlton,Chorlton Place,2019,January,4,Monday,21 Jan 2019,01:00,1,0,1,1,0,1,No Group
Manchester City Council - Chorlton,Chorlton Place,2019,January,4,Monday,21 Jan 2019,02:00,0,2,2,0,2,2,No Group
Manchester City Council - Chorlton,Chorlton Place,2019,January,4,Monday,21 Jan 2019,03:00,0,1,1,0,1,1,No Group
Manchester City Council - Chorlton,Chorlton Place,2019,January,4,Monday,21 Jan 2019,04:00,3,4,7,3,4,7,No Group
Manchester City Council - Chorlton,Chorlton Place,2019,January,4,Monday,21 Jan 2019,05:00,5,4,9,5,4,9,No Group
Manchester City Council - Chorlton,Chorlton Place,2019,January,4,Monday,21 Jan 2019,06:00,8,29,37,8,29,37,No Group
Manchester City Council - Chorlton,Chorlton Place,2019,January,4,Monday,21 Jan 2019,07:00,26,122,148,26,122,148,No Group
Manchester City Council - Chorlton,Chorlton Place,2019,January,4,Monday,21 Jan 2019,08:00,23,117,140,23,117,140,No Group
Manchester City Council - Chorlton,Chorlton Place,2019,January,4,Monday,21 Jan 2019,09:00,87,145,232,87,145,232,No Group
Manchester City Council - Chorlton,Chorlton Place,2019,January,4,Monday,21 Jan 2019,10:00,106,134,240,106,134,240,No Group
Manchester City Council - Chorlton,Chorlton Place,2019,January,4,Monday,21 Jan 2019,11:00,166,240,406,166,240,406,No Group
Manchester City Council - Chorlton,Chorlton Place,2019,January,4,Monday,21 Jan 2019,12:00,158,174,332,158,174,332,No Group
Manchester City Council - Chorlton,Chorlton Place,2019,January,4,Monday,21 Jan 2019,13:00,132,142,274,132,142,274,No Group
Manchester City Council - Chorlton,Chorlton Place,2019,January,4,Monday,21 Jan 2019,14:00,103,142,245,103,142,245,No Group
Manchester City Council - Chorlton,Chorlton Place,2019,January,4,Monday,21 Jan 2019,15:00,138,142,280,138,142,280,No Group
Manchester City Council - Chorlton,Chorlton Place,2019,January,4,Monday,21 Jan 2019,16:00,156,118,274,156,118,274,No Group
Manchester City Council - Chorlton,Chorlton Place,2019,January,4,Monday,21 Jan 2019,17:00,109,66,175,109,66,175,No Group
Manchester City Council - Chorlton,Chorlton Place,2019,January,4,Monday,21 Jan 2019,18:00,95,71,166,95,71,166,No Group
Manchester City Council - Chorlton,Chorlton Place,2019,January,4,Monday,21 Jan 2019,19:00,64,42,106,64,42,106,No Group
Manchester City Council - Chorlton,Chorlton Place,2019,January,4,Monday,21 Jan 2019,20:00,48,50,98,48,50,98,No Group
Manchester City Council - Chorlton,Chorlton Place,2019,January,4,Monday,21 Jan 2019,21:00,23,41,64,23,41,64,No Group
Manchester City Council - Chorlton,Chorlton Place,2019,January,4,Monday,21 Jan 2019,22:00,15,46,61,15,46,61,No Group
Manchester City Council - Chorlton,Chorlton Place,2019,January,4,Monday,21 Jan 2019,23:00,9,5,14,9,5,14,No Group
Manchester City Council - Chorlton,Chorlton Place,2019,January,4,Tuesday,22 Jan 2019,00:00,3,7,10,3,7,10,No Group
Manchester City Council - Chorlton,Chorlton Place,2019,January,4,Tuesday,22 Jan 2019,01:00,0,1,1,0,1,1,No Group
Manchester City Council - Chorlton,Chorlton Place,2019,January,4,Tuesday,22 Jan 2019,02:00,2,7,9,2,7,9,No Group
Manchester City Council - Chorlton,Chorlton Place,2019,January,4,Tuesday,22 Jan 2019,03:00,0,1,1,0,1,1,No Group
Manchester City Council - Chorlton,Chorlton Place,2019,January,4,Tuesday,22 Jan 2019,04:00,0,2,2,0,2,2,No Group
Manchester City Council - Chorlton,Chorlton Place,2019,January,4,Tuesday,22 Jan 2019,05:00,3,6,9,3,6,9,No Group
Manchester City Council - Chorlton,Chorlton Place,2019,January,4,Tuesday,22 Jan 2019,06:00,7,28,35,7,28,35,No Group
Manchester City Council - Chorlton,Chorlton Place,2019,January,4,Tuesday,22 Jan 2019,07:00,62,119,181,62,119,181,No Group
Manchester City Council - Chorlton,Chorlton Place,2019,January,4,Tuesday,22 Jan 2019,08:00,36,152,188,36,152,188,No Group
Manchester City Council - Chorlton,Chorlton Place,2019,January,4,Tuesday,22 Jan 2019,09:00,93,141,234,93,141,234,No Group
Manchester City Council - Chorlton,Chorlton Place,2019,January,4,Tuesday,22 Jan 2019,10:00,116,141,257,116,141,257,No Group
Manchester City Council - Chorlton,Chorlton Place,2019,January,4,Tuesday,22 Jan 2019,11:00,128,191,319,128,191,319,No Group
Manchester City Council - Chorlton,Chorlton Place,2019,January,4,Tuesday,22 Jan 2019,12:00,147,232,379,147,232,379,No Group
Manchester City Council - Chorlton,Chorlton Place,2019,January,4,Tuesday,22 Jan 2019,13:00,178,210,388,178,210,388,No Group
Manchester City Council - Chorlton,Chorlton Place,2019,January,4,Tuesday,22 Jan 2019,14:00,172,209,381,172,209,381,No Group
Manchester City Council - Chorlton,Chorlton Place,2019,January,4,Tuesday,22 Jan 2019,15:00,139,172,311,139,172,311,No Group
Manchester City Council - Chorlton,Chorlton Place,2019,January,4,Tuesday,22 Jan 2019,16:00,131,111,242,131,111,242,No Group
Manchester City Council - Chorlton,Chorlton Place,2019,January,4,Tuesday,22 Jan 2019,17:00,104,85,189,104,85,189,No Group
Manchester City Council - Chorlton,Chorlton Place,2019,January,4,Tuesday,22 Jan 2019,18:00,83,68,151,83,68,151,No Group
Manchester City Council - Chorlton,Chorlton Place,2019,January,4,Tuesday,22 Jan 2019,19:00,56,41,97,56,41,97,No Group
Manchester City Council - Chorlton,Chorlton Place,2019,January,4,Tuesday,22 Jan 2019,20:00,39,30,69,39,30,69,No Group
Manchester City Council - Chorlton,Chorlton Place,2019,January,4,Tuesday,22 Jan 2019,21:00,26,21,47,26,21,47,No Group
Manchester City Council - Chorlton,Chorlton Place,2019,January,4,Tuesday,22 Jan 2019,22:00,29,48,77,29,48,77,No Group
Manchester City Council - Chorlton,Chorlton Place,2019,January,4,Tuesday,22 Jan 2019,23:00,10,4,14,10,4,14,No Group
Manchester City Council - Chorlton,Chorlton Place,2019,January,4,Wednesday,23 Jan 2019,00:00,0,1,1,0,1,1,No Group
Manchester City Council - Chorlton,Chorlton Place,2019,January,4,Wednesday,23 Jan 2019,01:00,0,0,0,0,0,0,No Group
Manchester City Council - Chorlton,Chorlton Place,2019,January,4,Wednesday,23 Jan 2019,02:00,0,0,0,0,0,0,No Group
Manchester City Council - Chorlton,Chorlton Place,2019,January,4,Wednesday,23 Jan 2019,03:00,0,3,3,0,3,3,No Group
Manchester City Council - Chorlton,Chorlton Place,2019,January,4,Wednesday,23 Jan 2019,04:00,0,0,0,0,0,0,No Group
Manchester City Council - Chorlton,Chorlton Place,2019,January,4,Wednesday,23 Jan 2019,05:00,0,0,0,0,0,0,No Group
Manchester City Council - Chorlton,Chorlton Place,2019,January,4,Wednesday,23 Jan 2019,06:00,8,16,24,8,16,24,No Group
Manchester City Council - Chorlton,Chorlton Place,2019,January,4,Wednesday,23 Jan 2019,07:00,19,83,102,19,83,102,No Group
Manchester City Council - Chorlton,Chorlton Place,2019,January,4,Wednesday,23 Jan 2019,08:00,36,128,164,36,128,164,No Group
Manchester City Council - Chorlton,Chorlton Place,2019,January,4,Wednesday,23 Jan 2019,09:00,78,131,209,78,131,209,No Group
Manchester City Council - Chorlton,Chorlton Place,2019,January,4,Wednesday,23 Jan 2019,10:00,152,244,396,152,244,396,No Group
Manchester City Council - Chorlton,Chorlton Place,2019,January,4,Wednesday,23 Jan 2019,11:00,154,207,361,154,207,361,No Group
Manchester City Council - Chorlton,Chorlton Place,2019,January,4,Wednesday,23 Jan 2019,12:00,162,178,340,162,178,340,No Group
Manchester City Council - Chorlton,Chorlton Place,2019,January,4,Wednesday,23 Jan 2019,13:00,148,175,323,148,175,323,No Group
Manchester City Council - Chorlton,Chorlton Place,2019,January,4,Wednesday,23 Jan 2019,14:00,133,151,284,133,151,284,No Group
Manchester City Council - Chorlton,Chorlton Place,2019,January,4,Wednesday,23 Jan 2019,15:00,154,179,333,154,179,333,No Group
Manchester City Council - Chorlton,Chorlton Place,2019,January,4,Wednesday,23 Jan 2019,16:00,95,114,209,95,114,209,No Group
Manchester City Council - Chorlton,Chorlton Place,2019,January,4,Wednesday,23 Jan 2019,17:00,67,73,140,67,73,140,No Group
Manchester City Council - Chorlton,Chorlton Place,2019,January,4,Wednesday,23 Jan 2019,18:00,63,45,108,63,45,108,No Group
Manchester City Council - Chorlton,Chorlton Place,2019,January,4,Wednesday,23 Jan 2019,19:00,53,37,90,53,37,90,No Group
Manchester City Council - Chorlton,Chorlton Place,2019,January,4,Wednesday,23 Jan 2019,20:00,48,32,80,48,32,80,No Group
Manchester City Council - Chorlton,Chorlton Place,2019,January,4,Wednesday,23 Jan 2019,21:00,41,26,67,41,26,67,No Group
Manchester City Council - Chorlton,Chorlton Place,2019,January,4,Wednesday,23 Jan 2019,22:00,21,22,43,21,22,43,No Group
Manchester City Council - Chorlton,Chorlton Place,2019,January,4,Wednesday,23 Jan 2019,23:00,21,17,38,21,17,38,No Group
Manchester City Council - Chorlton,Chorlton Place,2019,January,4,Thursday,24 Jan 2019,00:00,3,1,4,3,1,4,No Group
Manchester City Council - Chorlton,Chorlton Place,2019,January,4,Thursday,24 Jan 2019,01:00,1,2,3,1,2,3,No Group
Manchester City Council - Chorlton,Chorlton Place,2019,January,4,Thursday,24 Jan 2019,02:00,0,3,3,0,3,3,No Group
Manchester City Council - Chorlton,Chorlton Place,2019,January,4,Thursday,24 Jan 2019,03:00,0,1,1,0,1,1,No Group
Manchester City Council - Chorlton,Chorlton Place,2019,January,4,Thursday,24 Jan 2019,04:00,0,3,3,0,3,3,No Group
Manchester City Council - Chorlton,Chorlton Place,2019,January,4,Thursday,24 Jan 2019,05:00,0,6,6,0,6,6,No Group
Manchester City Council - Chorlton,Chorlton Place,2019,January,4,Thursday,24 Jan 2019,06:00,11,32,43,11,32,43,No Group
Manchester City Council - Chorlton,Chorlton Place,2019,January,4,Thursday,24 Jan 2019,07:00,27,128,155,27,128,155,No Group
Manchester City Council - Chorlton,Chorlton Place,2019,January,4,Thursday,24 Jan 2019,08:00,42,136,178,42,136,178,No Group
Manchester City Council - Chorlton,Chorlton Place,2019,January,4,Thursday,24 Jan 2019,09:00,92,148,240,92,148,240,No Group
Manchester City Council - Chorlton,Chorlton Place,2019,January,4,Thursday,24 Jan 2019,10:00,115,159,274,115,159,274,No Group
Manchester City Council - Chorlton,Chorlton Place,2019,January,4,Thursday,24 Jan 2019,11:00,140,153,293,140,153,293,No Group
Manchester City Council - Chorlton,Chorlton Place,2019,January,4,Thursday,24 Jan 2019,12:00,162,151,313,162,151,313,No Group
Manchester City Council - Chorlton,Chorlton Place,2019,January,4,Thursday,24 Jan 2019,13:00,125,158,283,125,158,283,No Group
Manchester City Council - Chorlton,Chorlton Place,2019,January,4,Thursday,24 Jan 2019,14:00,159,154,313,159,154,313,No Group
Manchester City Council - Chorlton,Chorlton Place,2019,January,4,Thursday,24 Jan 2019,15:00,139,167,306,139,167,306,No Group
Manchester City Council - Chorlton,Chorlton Place,2019,January,4,Thursday,24 Jan 2019,16:00,130,152,282,130,152,282,No Group
Manchester City Council - Chorlton,Chorlton Place,2019,January,4,Thursday,24 Jan 2019,17:00,107,96,203,107,96,203,No Group
Manchester City Council - Chorlton,Chorlton Place,2019,January,4,Thursday,24 Jan 2019,18:00,79,71,150,79,71,150,No Group
Manchester City Council - Chorlton,Chorlton Place,2019,January,4,Thursday,24 Jan 2019,19:00,61,48,109,61,48,109,No Group
Manchester City Council - Chorlton,Chorlton Place,2019,January,4,Thursday,24 Jan 2019,20:00,48,48,96,48,48,96,No Group
Manchester City Council - Chorlton,Chorlton Place,2019,January,4,Thursday,24 Jan 2019,21:00,16,60,76,16,60,76,No Group
Manchester City Council - Chorlton,Chorlton Place,2019,January,4,Thursday,24 Jan 2019,22:00,22,45,67,22,45,67,No Group
Manchester City Council - Chorlton,Chorlton Place,2019,January,4,Thursday,24 Jan 2019,23:00,11,20,31,11,20,31,No Group
Manchester City Council - Chorlton,Chorlton Place,2019,January,4,Friday,25 Jan 2019,00:00,8,13,21,8,13,21,No Group
Manchester City Council - Chorlton,Chorlton Place,2019,January,4,Friday,25 Jan 2019,01:00,1,0,1,1,0,1,No Group
Manchester City Council - Chorlton,Chorlton Place,2019,January,4,Friday,25 Jan 2019,02:00,1,1,2,1,1,2,No Group
Manchester City Council - Chorlton,Chorlton Place,2019,January,4,Friday,25 Jan 2019,03:00,0,1,1,0,1,1,No Group
Manchester City Council - Chorlton,Chorlton Place,2019,January,4,Friday,25 Jan 2019,04:00,1,3,4,1,3,4,No Group
Manchester City Council - Chorlton,Chorlton Place,2019,January,4,Friday,25 Jan 2019,05:00,3,12,15,3,12,15,No Group
Manchester City Council - Chorlton,Chorlton Place,2019,January,4,Friday,25 Jan 2019,06:00,3,38,41,3,38,41,No Group
Manchester City Council - Chorlton,Chorlton Place,2019,January,4,Friday,25 Jan 2019,07:00,25,140,165,25,140,165,No Group
Manchester City Council - Chorlton,Chorlton Place,2019,January,4,Friday,25 Jan 2019,08:00,35,138,173,35,138,173,No Group
Manchester City Council - Chorlton,Chorlton Place,2019,January,4,Friday,25 Jan 2019,09:00,109,154,263,109,154,263,No Group
Manchester City Council - Chorlton,Chorlton Place,2019,January,4,Friday,25 Jan 2019,10:00,179,204,383,179,204,383,No Group
Manchester City Council - Chorlton,Chorlton Place,2019,January,4,Friday,25 Jan 2019,11:00,210,223,433,210,223,433,No Group
Manchester City Council - Chorlton,Chorlton Place,2019,January,4,Friday,25 Jan 2019,12:00,336,336,672,336,336,672,No Group
Manchester City Council - Chorlton,Chorlton Place,2019,January,4,Friday,25 Jan 2019,13:00,213,252,465,213,252,465,No Group
Manchester City Council - Chorlton,Chorlton Place,2019,January,4,Friday,25 Jan 2019,14:00,265,285,550,265,285,550,No Group
Manchester City Council - Chorlton,Chorlton Place,2019,January,4,Friday,25 Jan 2019,15:00,182,172,354,182,172,354,No Group
Manchester City Council - Chorlton,Chorlton Place,2019,January,4,Friday,25 Jan 2019,16:00,190,187,377,190,187,377,No Group
Manchester City Council - Chorlton,Chorlton Place,2019,January,4,Friday,25 Jan 2019,17:00,111,100,211,111,100,211,No Group
Manchester City Council - Chorlton,Chorlton Place,2019,January,4,Friday,25 Jan 2019,18:00,84,93,177,84,93,177,No Group
Manchester City Council - Chorlton,Chorlton Place,2019,January,4,Friday,25 Jan 2019,19:00,114,117,231,114,117,231,No Group
Manchester City Council - Chorlton,Chorlton Place,2019,January,4,Friday,25 Jan 2019,20:00,49,70,119,49,70,119,No Group
Manchester City Council - Chorlton,Chorlton Place,2019,January,4,Friday,25 Jan 2019,21:00,59,89,148,59,89,148,No Group
Manchester City Council - Chorlton,Chorlton Place,2019,January,4,Friday,25 Jan 2019,22:00,56,94,150,56,94,150,No Group
Manchester City Council - Chorlton,Chorlton Place,2019,January,4,Friday,25 Jan 2019,23:00,22,54,76,22,54,76,No Group
Manchester City Council - Chorlton,Chorlton Place,2019,January,4,Saturday,26 Jan 2019,00:00,30,34,64,30,34,64,No Group
Manchester City Council - Chorlton,Chorlton Place,2019,January,4,Saturday,26 Jan 2019,01:00,6,12,18,6,12,18,No Group
Manchester City Council - Chorlton,Chorlton Place,2019,January,4,Saturday,26 Jan 2019,02:00,6,11,17,6,11,17,No Group
Manchester City Council - Chorlton,Chorlton Place,2019,January,4,Saturday,26 Jan 2019,03:00,0,3,3,0,3,3,No Group
Manchester City Council - Chorlton,Chorlton Place,2019,January,4,Saturday,26 Jan 2019,04:00,1,1,2,1,1,2,No Group
Manchester City Council - Chorlton,Chorlton Place,2019,January,4,Saturday,26 Jan 2019,05:00,4,5,9,4,5,9,No Group
Manchester City Council - Chorlton,Chorlton Place,2019,January,4,Saturday,26 Jan 2019,06:00,1,11,12,1,11,12,No Group
Manchester City Council - Chorlton,Chorlton Place,2019,January,4,Saturday,26 Jan 2019,07:00,10,13,23,10,13,23,No Group
Manchester City Council - Chorlton,Chorlton Place,2019,January,4,Saturday,26 Jan 2019,08:00,34,60,94,34,60,94,No Group
Manchester City Council - Chorlton,Chorlton Place,2019,January,4,Saturday,26 Jan 2019,09:00,104,122,226,104,122,226,No Group
Manchester City Council - Chorlton,Chorlton Place,2019,January,4,Saturday,26 Jan 2019,10:00,194,212,406,194,212,406,No Group
Manchester City Council - Chorlton,Chorlton Place,2019,January,4,Saturday,26 Jan 2019,11:00,243,300,543,243,300,543,No Group
Manchester City Council - Chorlton,Chorlton Place,2019,January,4,Saturday,26 Jan 2019,12:00,288,303,591,288,303,591,No Group
Manchester City Council - Chorlton,Chorlton Place,2019,January,4,Saturday,26 Jan 2019,13:00,272,305,577,272,305,577,No Group
Manchester City Council - Chorlton,Chorlton Place,2019,January,4,Saturday,26 Jan 2019,14:00,249,273,522,249,273,522,No Group
Manchester City Council - Chorlton,Chorlton Place,2019,January,4,Saturday,26 Jan 2019,15:00,205,263,468,205,263,468,No Group
Manchester City Council - Chorlton,Chorlton Place,2019,January,4,Saturday,26 Jan 2019,16:00,189,196,385,189,196,385,No Group
Manchester City Council - Chorlton,Chorlton Place,2019,January,4,Saturday,26 Jan 2019,17:00,83,87,170,83,87,170,No Group
Manchester City Council - Chorlton,Chorlton Place,2019,January,4,Saturday,26 Jan 2019,18:00,44,72,116,44,72,116,No Group
Manchester City Council - Chorlton,Chorlton Place,2019,January,4,Saturday,26 Jan 2019,19:00,63,65,128,63,65,128,No Group
Manchester City Council - Chorlton,Chorlton Place,2019,January,4,Saturday,26 Jan 2019,20:00,72,92,164,72,92,164,No Group
Manchester City Council - Chorlton,Chorlton Place,2019,January,4,Saturday,26 Jan 2019,21:00,35,59,94,35,59,94,No Group
Manchester City Council - Chorlton,Chorlton Place,2019,January,4,Saturday,26 Jan 2019,22:00,22,38,60,22,38,60,No Group
Manchester City Council - Chorlton,Chorlton Place,2019,January,4,Saturday,26 Jan 2019,23:00,12,31,43,12,31,43,No Group
Manchester City Council - Chorlton,Chorlton Place,2019,January,4,Sunday,27 Jan 2019,00:00,16,27,43,16,27,43,No Group
Manchester City Council - Chorlton,Chorlton Place,2019,January,4,Sunday,27 Jan 2019,01:00,4,11,15,4,11,15,No Group
Manchester City Council - Chorlton,Chorlton Place,2019,January,4,Sunday,27 Jan 2019,02:00,1,1,2,1,1,2,No Group
Manchester City Council - Chorlton,Chorlton Place,2019,January,4,Sunday,27 Jan 2019,03:00,0,0,0,0,0,0,No Group
Manchester City Council - Chorlton,Chorlton Place,2019,January,4,Sunday,27 Jan 2019,04:00,0,0,0,0,0,0,No Group
Manchester City Council - Chorlton,Chorlton Place,2019,January,4,Sunday,27 Jan 2019,05:00,0,0,0,0,0,0,No Group
Manchester City Council - Chorlton,Chorlton Place,2019,January,4,Sunday,27 Jan 2019,06:00,0,0,0,0,0,0,No Group
Manchester City Council - Chorlton,Chorlton Place,2019,January,4,Sunday,27 Jan 2019,07:00,3,0,3,3,0,3,No Group
Manchester City Council - Chorlton,Chorlton Place,2019,January,4,Sunday,27 Jan 2019,08:00,14,26,40,14,26,40,No Group
Manchester City Council - Chorlton,Chorlton Place,2019,January,4,Sunday,27 Jan 2019,09:00,34,62,96,34,62,96,No Group
Manchester City Council - Chorlton,Chorlton Place,2019,January,4,Sunday,27 Jan 2019,10:00,64,74,138,64,74,138,No Group
Manchester City Council - Chorlton,Chorlton Place,2019,January,4,Sunday,27 Jan 2019,11:00,82,102,184,82,102,184,No Group
Manchester City Council - Chorlton,Chorlton Place,2019,January,4,Sunday,27 Jan 2019,12:00,170,201,371,170,201,371,No Group
Manchester City Council - Chorlton,Chorlton Place,2019,January,4,Sunday,27 Jan 2019,13:00,141,161,302,141,161,302,No Group
Manchester City Council - Chorlton,Chorlton Place,2019,January,4,Sunday,27 Jan 2019,14:00,145,152,297,145,152,297,No Group
Manchester City Council - Chorlton,Chorlton Place,2019,January,4,Sunday,27 Jan 2019,15:00,113,142,255,113,142,255,No Group
Manchester City Council - Chorlton,Chorlton Place,2019,January,4,Sunday,27 Jan 2019,16:00,116,100,216,116,100,216,No Group
Manchester City Council - Chorlton,Chorlton Place,2019,January,4,Sunday,27 Jan 2019,17:00,74,81,155,74,81,155,No Group
Manchester City Council - Chorlton,Chorlton Place,2019,January,4,Sunday,27 Jan 2019,18:00,53,53,106,53,53,106,No Group
Manchester City Council - Chorlton,Chorlton Place,2019,January,4,Sunday,27 Jan 2019,19:00,35,45,80,35,45,80,No Group
Manchester City Council - Chorlton,Chorlton Place,2019,January,4,Sunday,27 Jan 2019,20:00,27,36,63,27,36,63,No Group
Manchester City Council - Chorlton,Chorlton Place,2019,January,4,Sunday,27 Jan 2019,21:00,32,17,49,32,17,49,No Group
Manchester City Council - Chorlton,Chorlton Place,2019,January,4,Sunday,27 Jan 2019,22:00,13,15,28,13,15,28,No Group
Manchester City Council - Chorlton,Chorlton Place,2019,January,4,Sunday,27 Jan 2019,23:00,6,7,13,6,7,13,No Group
Manchester City Council - Chorlton,Chorlton Place,2019,February,5,Monday,28 Jan 2019,00:00,3,4,7,3,4,7,No Group
Manchester City Council - Chorlton,Chorlton Place,2019,February,5,Monday,28 Jan 2019,01:00,1,0,1,1,0,1,No Group
Manchester City Council - Chorlton,Chorlton Place,2019,February,5,Monday,28 Jan 2019,02:00,0,1,1,0,1,1,No Group
Manchester City Council - Chorlton,Chorlton Place,2019,February,5,Monday,28 Jan 2019,03:00,0,2,2,0,2,2,No Group
Manchester City Council - Chorlton,Chorlton Place,2019,February,5,Monday,28 Jan 2019,04:00,0,4,4,0,4,4,No Group
Manchester City Council - Chorlton,Chorlton Place,2019,February,5,Monday,28 Jan 2019,05:00,1,1,2,1,1,2,No Group
Manchester City Council - Chorlton,Chorlton Place,2019,February,5,Monday,28 Jan 2019,06:00,3,9,12,3,9,12,No Group
Manchester City Council - Chorlton,Chorlton Place,2019,February,5,Monday,28 Jan 2019,07:00,32,101,133,32,101,133,No Group
Manchester City Council - Chorlton,Chorlton Place,2019,February,5,Monday,28 Jan 2019,08:00,54,165,219,54,165,219,No Group
Manchester City Council - Chorlton,Chorlton Place,2019,February,5,Monday,28 Jan 2019,09:00,88,142,230,88,142,230,No Group
Manchester City Council - Chorlton,Chorlton Place,2019,February,5,Monday,28 Jan 2019,10:00,260,779,1039,260,779,1039,No Group
Manchester City Council - Chorlton,Chorlton Place,2019,February,5,Monday,28 Jan 2019,11:00,371,909,1280,371,909,1280,No Group
Manchester City Council - Chorlton,Chorlton Place,2019,February,5,Monday,28 Jan 2019,12:00,363,463,826,363,463,826,No Group
Manchester City Council - Chorlton,Chorlton Place,2019,February,5,Monday,28 Jan 2019,13:00,180,172,352,180,172,352,No Group
Manchester City Council - Chorlton,Chorlton Place,2019,February,5,Monday,28 Jan 2019,14:00,150,204,354,150,204,354,No Group
Manchester City Council - Chorlton,Chorlton Place,2019,February,5,Monday,28 Jan 2019,15:00,150,167,317,150,167,317,No Group
Manchester City Council - Chorlton,Chorlton Place,2019,February,5,Monday,28 Jan 2019,16:00,154,138,292,154,138,292,No Group
Manchester City Council - Chorlton,Chorlton Place,2019,February,5,Monday,28 Jan 2019,17:00,136,105,241,136,105,241,No Group
Manchester City Council - Chorlton,Chorlton Place,2019,February,5,Monday,28 Jan 2019,18:00,118,76,194,118,76,194,No Group
Manchester City Council - Chorlton,Chorlton Place,2019,February,5,Monday,28 Jan 2019,19:00,71,51,122,71,51,122,No Group
Manchester City Council - Chorlton,Chorlton Place,2019,February,5,Monday,28 Jan 2019,20:00,47,41,88,47,41,88,No Group
Manchester City Council - Chorlton,Chorlton Place,2019,February,5,Monday,28 Jan 2019,21:00,17,25,42,17,25,42,No Group
Manchester City Council - Chorlton,Chorlton Place,2019,February,5,Monday,28 Jan 2019,22:00,15,34,49,15,34,49,No Group
Manchester City Council - Chorlton,Chorlton Place,2019,February,5,Monday,28 Jan 2019,23:00,5,16,21,5,16,21,No Group
Manchester City Council - Chorlton,Chorlton Place,2019,February,5,Tuesday,29 Jan 2019,00:00,2,4,6,2,4,6,No Group
Manchester City Council - Chorlton,Chorlton Place,2019,February,5,Tuesday,29 Jan 2019,01:00,1,1,2,1,1,2,No Group
Manchester City Council - Chorlton,Chorlton Place,2019,February,5,Tuesday,29 Jan 2019,02:00,5,7,12,5,7,12,No Group
Manchester City Council - Chorlton,Chorlton Place,2019,February,5,Tuesday,29 Jan 2019,03:00,0,3,3,0,3,3,No Group
Manchester City Council - Chorlton,Chorlton Place,2019,February,5,Tuesday,29 Jan 2019,04:00,0,5,5,0,5,5,No Group
Manchester City Council - Chorlton,Chorlton Place,2019,February,5,Tuesday,29 Jan 2019,05:00,0,7,7,0,7,7,No Group
Manchester City Council - Chorlton,Chorlton Place,2019,February,5,Tuesday,29 Jan 2019,06:00,4,20,24,4,20,24,No Group
Manchester City Council - Chorlton,Chorlton Place,2019,February,5,Tuesday,29 Jan 2019,07:00,20,99,119,20,99,119,No Group
Manchester City Council - Chorlton,Chorlton Place,2019,February,5,Tuesday,29 Jan 2019,08:00,46,160,206,46,160,206,No Group
Manchester City Council - Chorlton,Chorlton Place,2019,February,5,Tuesday,29 Jan 2019,09:00,81,141,222,81,141,222,No Group
Manchester City Council - Chorlton,Chorlton Place,2019,February,5,Tuesday,29 Jan 2019,10:00,148,175,323,148,175,323,No Group
Manchester City Council - Chorlton,Chorlton Place,2019,February,5,Tuesday,29 Jan 2019,11:00,182,227,409,182,227,409,No Group
Manchester City Council - Chorlton,Chorlton Place,2019,February,5,Tuesday,29 Jan 2019,12:00,180,189,369,180,189,369,No Group
Manchester City Council - Chorlton,Chorlton Place,2019,February,5,Tuesday,29 Jan 2019,13:00,167,187,354,167,187,354,No Group
Manchester City Council - Chorlton,Chorlton Place,2019,February,5,Tuesday,29 Jan 2019,14:00,185,172,357,185,172,357,No Group
Manchester City Council - Chorlton,Chorlton Place,2019,February,5,Tuesday,29 Jan 2019,15:00,189,165,354,189,165,354,No Group
Manchester City Council - Chorlton,Chorlton Place,2019,February,5,Tuesday,29 Jan 2019,16:00,139,144,283,139,144,283,No Group
Manchester City Council - Chorlton,Chorlton Place,2019,February,5,Tuesday,29 Jan 2019,17:00,78,58,136,78,58,136,No Group
Manchester City Council - Chorlton,Chorlton Place,2019,February,5,Tuesday,29 Jan 2019,18:00,59,34,93,59,34,93,No Group
Manchester City Council - Chorlton,Chorlton Place,2019,February,5,Tuesday,29 Jan 2019,19:00,47,27,74,47,27,74,No Group
Manchester City Council - Chorlton,Chorlton Place,2019,February,5,Tuesday,29 Jan 2019,20:00,31,13,44,31,13,44,No Group
Manchester City Council - Chorlton,Chorlton Place,2019,February,5,Tuesday,29 Jan 2019,21:00,12,9,21,12,9,21,No Group
Manchester City Council - Chorlton,Chorlton Place,2019,February,5,Tuesday,29 Jan 2019,22:00,15,7,22,15,7,22,No Group
Manchester City Council - Chorlton,Chorlton Place,2019,February,5,Tuesday,29 Jan 2019,23:00,14,4,18,14,4,18,No Group
Manchester City Council - Chorlton,Chorlton Place,2019,February,5,Wednesday,30 Jan 2019,00:00,3,3,6,3,3,6,No Group
Manchester City Council - Chorlton,Chorlton Place,2019,February,5,Wednesday,30 Jan 2019,01:00,1,0,1,1,0,1,No Group
Manchester City Council - Chorlton,Chorlton Place,2019,February,5,Wednesday,30 Jan 2019,02:00,0,0,0,0,0,0,No Group
Manchester City Council - Chorlton,Chorlton Place,2019,February,5,Wednesday,30 Jan 2019,03:00,0,2,2,0,2,2,No Group
Manchester City Council - Chorlton,Chorlton Place,2019,February,5,Wednesday,30 Jan 2019,04:00,0,1,1,0,1,1,No Group
Manchester City Council - Chorlton,Chorlton Place,2019,February,5,Wednesday,30 Jan 2019,05:00,2,5,7,2,5,7,No Group
Manchester City Council - Chorlton,Chorlton Place,2019,February,5,Wednesday,30 Jan 2019,06:00,7,19,26,7,19,26,No Group
Manchester City Council - Chorlton,Chorlton Place,2019,February,5,Wednesday,30 Jan 2019,07:00,22,97,119,22,97,119,No Group
Manchester City Council - Chorlton,Chorlton Place,2019,February,5,Wednesday,30 Jan 2019,08:00,39,140,179,39,140,179,No Group
Manchester City Council - Chorlton,Chorlton Place,2019,February,5,Wednesday,30 Jan 2019,09:00,86,146,232,86,146,232,No Group
Manchester City Council - Chorlton,Chorlton Place,2019,February,5,Wednesday,30 Jan 2019,10:00,168,292,460,168,292,460,No Group
Manchester City Council - Chorlton,Chorlton Place,2019,February,5,Wednesday,30 Jan 2019,11:00,163,230,393,163,230,393,No Group
Manchester City Council - Chorlton,Chorlton Place,2019,February,5,Wednesday,30 Jan 2019,12:00,168,180,348,168,180,348,No Group
Manchester City Council - Chorlton,Chorlton Place,2019,February,5,Wednesday,30 Jan 2019,13:00,147,166,313,147,166,313,No Group
Manchester City Council - Chorlton,Chorlton Place,2019,February,5,Wednesday,30 Jan 2019,14:00,120,141,261,120,141,261,No Group
Manchester City Council - Chorlton,Chorlton Place,2019,February,5,Wednesday,30 Jan 2019,15:00,131,168,299,131,168,299,No Group
Manchester City Council - Chorlton,Chorlton Place,2019,February,5,Wednesday,30 Jan 2019,16:00,82,113,195,82,113,195,No Group
Manchester City Council - Chorlton,Chorlton Place,2019,February,5,Wednesday,30 Jan 2019,17:00,55,70,125,55,70,125,No Group
Manchester City Council - Chorlton,Chorlton Place,2019,February,5,Wednesday,30 Jan 2019,18:00,55,52,107,55,52,107,No Group
Manchester City Council - Chorlton,Chorlton Place,2019,February,5,Wednesday,30 Jan 2019,19:00,51,54,105,51,54,105,No Group
Manchester City Council - Chorlton,Chorlton Place,2019,February,5,Wednesday,30 Jan 2019,20:00,45,39,84,45,39,84,No Group
Manchester City Council - Chorlton,Chorlton Place,2019,February,5,Wednesday,30 Jan 2019,21:00,29,38,67,29,38,67,No Group
Manchester City Council - Chorlton,Chorlton Place,2019,February,5,Wednesday,30 Jan 2019,22:00,21,33,54,21,33,54,No Group
Manchester City Council - Chorlton,Chorlton Place,2019,February,5,Wednesday,30 Jan 2019,23:00,15,17,32,15,17,32,No Group
Manchester City Council - Chorlton,Chorlton Place,2019,February,5,Thursday,31 Jan 2019,00:00,1,6,7,1,6,7,No Group
Manchester City Council - Chorlton,Chorlton Place,2019,February,5,Thursday,31 Jan 2019,01:00,2,1,3,2,1,3,No Group
Manchester City Council - Chorlton,Chorlton Place,2019,February,5,Thursday,31 Jan 2019,02:00,0,0,0,0,0,0,No Group
Manchester City Council - Chorlton,Chorlton Place,2019,February,5,Thursday,31 Jan 2019,03:00,0,1,1,0,1,1,No Group
Manchester City Council - Chorlton,Chorlton Place,2019,February,5,Thursday,31 Jan 2019,04:00,0,3,3,0,3,3,No Group
Manchester City Council - Chorlton,Chorlton Place,2019,February,5,Thursday,31 Jan 2019,05:00,2,3,5,2,3,5,No Group
Manchester City Council - Chorlton,Chorlton Place,2019,February,5,Thursday,31 Jan 2019,06:00,1,14,15,1,14,15,No Group
Manchester City Council - Chorlton,Chorlton Place,2019,February,5,Thursday,31 Jan 2019,07:00,33,111,144,33,111,144,No Group
Manchester City Council - Chorlton,Chorlton Place,2019,February,5,Thursday,31 Jan 2019,08:00,38,149,187,38,149,187,No Group
Manchester City Council - Chorlton,Chorlton Place,2019,February,5,Thursday,31 Jan 2019,09:00,88,116,204,88,116,204,No Group
Manchester City Council - Chorlton,Chorlton Place,2019,February,5,Thursday,31 Jan 2019,10:00,100,127,227,100,127,227,No Group
Manchester City Council - Chorlton,Chorlton Place,2019,February,5,Thursday,31 Jan 2019,11:00,121,140,261,121,140,261,No Group
Manchester City Council - Chorlton,Chorlton Place,2019,February,5,Thursday,31 Jan 2019,12:00,121,132,253,121,132,253,No Group
Manchester City Council - Chorlton,Chorlton Place,2019,February,5,Thursday,31 Jan 2019,13:00,150,170,320,150,170,320,No Group
Manchester City Council - Chorlton,Chorlton Place,2019,February,5,Thursday,31 Jan 2019,14:00,166,165,331,166,165,331,No Group
Manchester City Council - Chorlton,Chorlton Place,2019,February,5,Thursday,31 Jan 2019,15:00,168,198,366,168,198,366,No Group
Manchester City Council - Chorlton,Chorlton Place,2019,February,5,Thursday,31 Jan 2019,16:00,158,150,308,158,150,308,No Group
Manchester City Council - Chorlton,Chorlton Place,2019,February,5,Thursday,31 Jan 2019,17:00,120,85,205,120,85,205,No Group
Manchester City Council - Chorlton,Chorlton Place,2019,February,5,Thursday,31 Jan 2019,18:00,107,71,178,107,71,178,No Group
Manchester City Council - Chorlton,Chorlton Place,2019,February,5,Thursday,31 Jan 2019,19:00,84,55,139,84,55,139,No Group
Manchester City Council - Chorlton,Chorlton Place,2019,February,5,Thursday,31 Jan 2019,20:00,40,20,60,40,20,60,No Group
Manchester City Council - Chorlton,Chorlton Place,2019,February,5,Thursday,31 Jan 2019,21:00,35,34,69,35,34,69,No Group
Manchester City Council - Chorlton,Chorlton Place,2019,February,5,Thursday,31 Jan 2019,22:00,27,29,56,27,29,56,No Group
Manchester City Council - Chorlton,Chorlton Place,2019,February,5,Thursday,31 Jan 2019,23:00,20,9,29,20,9,29,No Group
Manchester City Council - Chorlton,Chorlton Place,2019,February,5,Friday,01 Feb 2019,00:00,6,4,10,6,4,10,No Group
Manchester City Council - Chorlton,Chorlton Place,2019,February,5,Friday,01 Feb 2019,01:00,1,3,4,1,3,4,No Group
Manchester City Council - Chorlton,Chorlton Place,2019,February,5,Friday,01 Feb 2019,02:00,0,1,1,0,1,1,No Group
Manchester City Council - Chorlton,Chorlton Place,2019,February,5,Friday,01 Feb 2019,03:00,1,2,3,1,2,3,No Group
Manchester City Council - Chorlton,Chorlton Place,2019,February,5,Friday,01 Feb 2019,04:00,0,3,3,0,3,3,No Group
Manchester City Council - Chorlton,Chorlton Place,2019,February,5,Friday,01 Feb 2019,05:00,3,4,7,3,4,7,No Group
Manchester City Council - Chorlton,Chorlton Place,2019,February,5,Friday,01 Feb 2019,06:00,3,27,30,3,27,30,No Group
Manchester City Council - Chorlton,Chorlton Place,2019,February,5,Friday,01 Feb 2019,07:00,24,96,120,24,96,120,No Group
Manchester City Council - Chorlton,Chorlton Place,2019,February,5,Friday,01 Feb 2019,08:00,32,134,166,32,134,166,No Group
Manchester City Council - Chorlton,Chorlton Place,2019,February,5,Friday,01 Feb 2019,09:00,101,157,258,101,157,258,No Group
Manchester City Council - Chorlton,Chorlton Place,2019,February,5,Friday,01 Feb 2019,10:00,168,216,384,168,216,384,No Group
Manchester City Council - Chorlton,Chorlton Place,2019,February,5,Friday,01 Feb 2019,11:00,306,489,795,306,489,795,No Group
Manchester City Council - Chorlton,Chorlton Place,2019,February,5,Friday,01 Feb 2019,12:00,256,294,550,256,294,550,No Group
Manchester City Council - Chorlton,Chorlton Place,2019,February,5,Friday,01 Feb 2019,13:00,164,197,361,164,197,361,No Group
Manchester City Council - Chorlton,Chorlton Place,2019,February,5,Friday,01 Feb 2019,14:00,185,190,375,185,190,375,No Group
Manchester City Council - Chorlton,Chorlton Place,2019,February,5,Friday,01 Feb 2019,15:00,182,172,354,182,172,354,No Group
Manchester City Council - Chorlton,Chorlton Place,2019,February,5,Friday,01 Feb 2019,16:00,178,152,330,178,152,330,No Group
Manchester City Council - Chorlton,Chorlton Place,2019,February,5,Friday,01 Feb 2019,17:00,128,106,234,128,106,234,No Group
Manchester City Council - Chorlton,Chorlton Place,2019,February,5,Friday,01 Feb 2019,18:00,92,53,145,92,53,145,No Group
Manchester City Council - Chorlton,Chorlton Place,2019,February,5,Friday,01 Feb 2019,19:00,70,22,92,70,22,92,No Group
Manchester City Council - Chorlton,Chorlton Place,2019,February,5,Friday,01 Feb 2019,20:00,55,22,77,55,22,77,No Group
Manchester City Council - Chorlton,Chorlton Place,2019,February,5,Friday,01 Feb 2019,21:00,38,13,51,38,13,51,No Group
Manchester City Council - Chorlton,Chorlton Place,2019,February,5,Friday,01 Feb 2019,22:00,25,13,38,25,13,38,No Group
Manchester City Council - Chorlton,Chorlton Place,2019,February,5,Friday,01 Feb 2019,23:00,23,10,33,23,10,33,No Group
Manchester City Council - Chorlton,Chorlton Place,2019,February,5,Saturday,02 Feb 2019,00:00,17,6,23,17,6,23,No Group
Manchester City Council - Chorlton,Chorlton Place,2019,February,5,Saturday,02 Feb 2019,01:00,13,9,22,13,9,22,No Group
Manchester City Council - Chorlton,Chorlton Place,2019,February,5,Saturday,02 Feb 2019,02:00,2,1,3,2,1,3,No Group
Manchester City Council - Chorlton,Chorlton Place,2019,February,5,Saturday,02 Feb 2019,03:00,1,2,3,1,2,3,No Group
Manchester City Council - Chorlton,Chorlton Place,2019,February,5,Saturday,02 Feb 2019,04:00,5,4,9,5,4,9,No Group
Manchester City Council - Chorlton,Chorlton Place,2019,February,5,Saturday,02 Feb 2019,05:00,11,12,23,11,12,23,No Group
Manchester City Council - Chorlton,Chorlton Place,2019,February,5,Saturday,02 Feb 2019,06:00,3,12,15,3,12,15,No Group
Manchester City Council - Chorlton,Chorlton Place,2019,February,5,Saturday,02 Feb 2019,07:00,8,20,28,8,20,28,No Group
Manchester City Council - Chorlton,Chorlton Place,2019,February,5,Saturday,02 Feb 2019,08:00,31,56,87,31,56,87,No Group
Manchester City Council - Chorlton,Chorlton Place,2019,February,5,Saturday,02 Feb 2019,09:00,88,122,210,88,122,210,No Group
Manchester City Council - Chorlton,Chorlton Place,2019,February,5,Saturday,02 Feb 2019,10:00,362,626,988,362,626,988,No Group
Manchester City Council - Chorlton,Chorlton Place,2019,February,5,Saturday,02 Feb 2019,11:00,640,1042,1682,640,1042,1682,No Group
Manchester City Council - Chorlton,Chorlton Place,2019,February,5,Saturday,02 Feb 2019,12:00,566,787,1353,566,787,1353,No Group
Manchester City Council - Chorlton,Chorlton Place,2019,February,5,Saturday,02 Feb 2019,13:00,280,288,568,280,288,568,No Group
Manchester City Council - Chorlton,Chorlton Place,2019,February,5,Saturday,02 Feb 2019,14:00,246,279,525,246,279,525,No Group
Manchester City Council - Chorlton,Chorlton Place,2019,February,5,Saturday,02 Feb 2019,15:00,263,285,548,263,285,548,No Group
Manchester City Council - Chorlton,Chorlton Place,2019,February,5,Saturday,02 Feb 2019,16:00,226,222,448,226,222,448,No Group
Manchester City Council - Chorlton,Chorlton Place,2019,February,5,Saturday,02 Feb 2019,17:00,127,100,227,127,100,227,No Group
Manchester City Council - Chorlton,Chorlton Place,2019,February,5,Saturday,02 Feb 2019,18:00,72,71,143,72,71,143,No Group
Manchester City Council - Chorlton,Chorlton Place,2019,February,5,Saturday,02 Feb 2019,19:00,80,90,170,80,90,170,No Group
Manchester City Council - Chorlton,Chorlton Place,2019,February,5,Saturday,02 Feb 2019,20:00,65,58,123,65,58,123,No Group
Manchester City Council - Chorlton,Chorlton Place,2019,February,5,Saturday,02 Feb 2019,21:00,76,41,117,76,41,117,No Group
Manchester City Council - Chorlton,Chorlton Place,2019,February,5,Saturday,02 Feb 2019,22:00,53,58,111,53,58,111,No Group
Manchester City Council - Chorlton,Chorlton Place,2019,February,5,Saturday,02 Feb 2019,23:00,28,49,77,28,49,77,No Group
Manchester City Council - Chorlton,Chorlton Place,2019,February,5,Sunday,03 Feb 2019,00:00,18,27,45,18,27,45,No Group
Manchester City Council - Chorlton,Chorlton Place,2019,February,5,Sunday,03 Feb 2019,01:00,18,10,28,18,10,28,No Group
Manchester City Council - Chorlton,Chorlton Place,2019,February,5,Sunday,03 Feb 2019,02:00,1,1,2,1,1,2,No Group
Manchester City Council - Chorlton,Chorlton Place,2019,February,5,Sunday,03 Feb 2019,03:00,2,1,3,2,1,3,No Group
Manchester City Council - Chorlton,Chorlton Place,2019,February,5,Sunday,03 Feb 2019,04:00,0,0,0,0,0,0,No Group
Manchester City Council - Chorlton,Chorlton Place,2019,February,5,Sunday,03 Feb 2019,05:00,2,1,3,2,1,3,No Group
Manchester City Council - Chorlton,Chorlton Place,2019,February,5,Sunday,03 Feb 2019,06:00,3,4,7,3,4,7,No Group
Manchester City Council - Chorlton,Chorlton Place,2019,February,5,Sunday,03 Feb 2019,07:00,3,8,11,3,8,11,No Group
Manchester City Council - Chorlton,Chorlton Place,2019,February,5,Sunday,03 Feb 2019,08:00,16,26,42,16,26,42,No Group
Manchester City Council - Chorlton,Chorlton Place,2019,February,5,Sunday,03 Feb 2019,09:00,18,39,57,18,39,57,No Group
Manchester City Council - Chorlton,Chorlton Place,2019,February,5,Sunday,03 Feb 2019,10:00,67,81,148,67,81,148,No Group
Manchester City Council - Chorlton,Chorlton Place,2019,February,5,Sunday,03 Feb 2019,11:00,79,103,182,79,103,182,No Group
Manchester City Council - Chorlton,Chorlton Place,2019,February,5,Sunday,03 Feb 2019,12:00,140,170,310,140,170,310,No Group
Manchester City Council - Chorlton,Chorlton Place,2019,February,5,Sunday,03 Feb 2019,13:00,153,179,332,153,179,332,No Group
Manchester City Council - Chorlton,Chorlton Place,2019,February,5,Sunday,03 Feb 2019,14:00,142,127,269,142,127,269,No Group
Manchester City Council - Chorlton,Chorlton Place,2019,February,5,Sunday,03 Feb 2019,15:00,119,170,289,119,170,289,No Group
Manchester City Council - Chorlton,Chorlton Place,2019,February,5,Sunday,03 Feb 2019,16:00,124,117,241,124,117,241,No Group
Manchester City Council - Chorlton,Chorlton Place,2019,February,5,Sunday,03 Feb 2019,17:00,61,87,148,61,87,148,No Group
Manchester City Council - Chorlton,Chorlton Place,2019,February,5,Sunday,03 Feb 2019,18:00,25,55,80,25,55,80,No Group
Manchester City Council - Chorlton,Chorlton Place,2019,February,5,Sunday,03 Feb 2019,19:00,34,41,75,34,41,75,No Group
Manchester City Council - Chorlton,Chorlton Place,2019,February,5,Sunday,03 Feb 2019,20:00,20,29,49,20,29,49,No Group
Manchester City Council - Chorlton,Chorlton Place,2019,February,5,Sunday,03 Feb 2019,21:00,23,22,45,23,22,45,No Group
Manchester City Council - Chorlton,Chorlton Place,2019,February,5,Sunday,03 Feb 2019,22:00,10,14,24,10,14,24,No Group
Manchester City Council - Chorlton,Chorlton Place,2019,February,5,Sunday,03 Feb 2019,23:00,11,4,15,11,4,15,No Group
Manchester City Council - Chorlton,Chorlton Place,2019,February,6,Monday,04 Feb 2019,00:00,6,1,7,6,1,7,No Group
Manchester City Council - Chorlton,Chorlton Place,2019,February,6,Monday,04 Feb 2019,01:00,1,2,3,1,2,3,No Group
Manchester City Council - Chorlton,Chorlton Place,2019,February,6,Monday,04 Feb 2019,02:00,5,1,6,5,1,6,No Group
Manchester City Council - Chorlton,Chorlton Place,2019,February,6,Monday,04 Feb 2019,03:00,1,1,2,1,1,2,No Group
Manchester City Council - Chorlton,Chorlton Place,2019,February,6,Monday,04 Feb 2019,04:00,5,4,9,5,4,9,No Group
Manchester City Council - Chorlton,Chorlton Place,2019,February,6,Monday,04 Feb 2019,05:00,0,6,6,0,6,6,No Group
Manchester City Council - Chorlton,Chorlton Place,2019,February,6,Monday,04 Feb 2019,06:00,3,31,34,3,31,34,No Group
Manchester City Council - Chorlton,Chorlton Place,2019,February,6,Monday,04 Feb 2019,07:00,22,122,144,22,122,144,No Group
Manchester City Council - Chorlton,Chorlton Place,2019,February,6,Monday,04 Feb 2019,08:00,38,155,193,38,155,193,No Group
Manchester City Council - Chorlton,Chorlton Place,2019,February,6,Monday,04 Feb 2019,09:00,103,153,256,103,153,256,No Group
Manchester City Council - Chorlton,Chorlton Place,2019,February,6,Monday,04 Feb 2019,10:00,120,150,270,120,150,270,No Group
Manchester City Council - Chorlton,Chorlton Place,2019,February,6,Monday,04 Feb 2019,11:00,330,778,1108,330,778,1108,No Group
Manchester City Council - Chorlton,Chorlton Place,2019,February,6,Monday,04 Feb 2019,12:00,262,429,691,262,429,691,No Group
Manchester City Council - Chorlton,Chorlton Place,2019,February,6,Monday,04 Feb 2019,13:00,160,157,317,160,157,317,No Group
Manchester City Council - Chorlton,Chorlton Place,2019,February,6,Monday,04 Feb 2019,14:00,156,174,330,156,174,330,No Group
Manchester City Council - Chorlton,Chorlton Place,2019,February,6,Monday,04 Feb 2019,15:00,151,153,304,151,153,304,No Group
Manchester City Council - Chorlton,Chorlton Place,2019,February,6,Monday,04 Feb 2019,16:00,161,120,281,161,120,281,No Group
Manchester City Council - Chorlton,Chorlton Place,2019,February,6,Monday,04 Feb 2019,17:00,145,112,257,145,112,257,No Group
Manchester City Council - Chorlton,Chorlton Place,2019,February,6,Monday,04 Feb 2019,18:00,87,60,147,87,60,147,No Group
Manchester City Council - Chorlton,Chorlton Place,2019,February,6,Monday,04 Feb 2019,19:00,92,57,149,92,57,149,No Group
Manchester City Council - Chorlton,Chorlton Place,2019,February,6,Monday,04 Feb 2019,20:00,59,44,103,59,44,103,No Group
Manchester City Council - Chorlton,Chorlton Place,2019,February,6,Monday,04 Feb 2019,21:00,44,46,90,44,46,90,No Group
Manchester City Council - Chorlton,Chorlton Place,2019,February,6,Monday,04 Feb 2019,22:00,18,31,49,18,31,49,No Group
Manchester City Council - Chorlton,Chorlton Place,2019,February,6,Monday,04 Feb 2019,23:00,9,12,21,9,12,21,No Group
Manchester City Council - Chorlton,Chorlton Place,2019,February,6,Tuesday,05 Feb 2019,00:00,7,3,10,7,3,10,No Group
Manchester City Council - Chorlton,Chorlton Place,2019,February,6,Tuesday,05 Feb 2019,01:00,7,9,16,7,9,16,No Group
Manchester City Council - Chorlton,Chorlton Place,2019,February,6,Tuesday,05 Feb 2019,02:00,8,3,11,8,3,11,No Group
Manchester City Council - Chorlton,Chorlton Place,2019,February,6,Tuesday,05 Feb 2019,03:00,0,2,2,0,2,2,No Group
Manchester City Council - Chorlton,Chorlton Place,2019,February,6,Tuesday,05 Feb 2019,04:00,0,4,4,0,4,4,No Group
Manchester City Council - Chorlton,Chorlton Place,2019,February,6,Tuesday,05 Feb 2019,05:00,2,7,9,2,7,9,No Group
Manchester City Council - Chorlton,Chorlton Place,2019,February,6,Tuesday,05 Feb 2019,06:00,7,33,40,7,33,40,No Group
Manchester City Council - Chorlton,Chorlton Place,2019,February,6,Tuesday,05 Feb 2019,07:00,34,94,128,34,94,128,No Group
Manchester City Council - Chorlton,Chorlton Place,2019,February,6,Tuesday,05 Feb 2019,08:00,42,141,183,42,141,183,No Group
Manchester City Council - Chorlton,Chorlton Place,2019,February,6,Tuesday,05 Feb 2019,09:00,90,157,247,90,157,247,No Group
Manchester City Council - Chorlton,Chorlton Place,2019,February,6,Tuesday,05 Feb 2019,10:00,112,140,252,112,140,252,No Group
Manchester City Council - Chorlton,Chorlton Place,2019,February,6,Tuesday,05 Feb 2019,11:00,135,175,310,135,175,310,No Group
Manchester City Council - Chorlton,Chorlton Place,2019,February,6,Tuesday,05 Feb 2019,12:00,177,178,355,177,178,355,No Group
Manchester City Council - Chorlton,Chorlton Place,2019,February,6,Tuesday,05 Feb 2019,13:00,140,173,313,140,173,313,No Group
Manchester City Council - Chorlton,Chorlton Place,2019,February,6,Tuesday,05 Feb 2019,14:00,182,196,378,182,196,378,No Group
Manchester City Council - Chorlton,Chorlton Place,2019,February,6,Tuesday,05 Feb 2019,15:00,179,177,356,179,177,356,No Group
Manchester City Council - Chorlton,Chorlton Place,2019,February,6,Tuesday,05 Feb 2019,16:00,194,151,345,194,151,345,No Group
Manchester City Council - Chorlton,Chorlton Place,2019,February,6,Tuesday,05 Feb 2019,17:00,109,95,204,109,95,204,No Group
Manchester City Council - Chorlton,Chorlton Place,2019,February,6,Tuesday,05 Feb 2019,18:00,75,67,142,75,67,142,No Group
Manchester City Council - Chorlton,Chorlton Place,2019,February,6,Tuesday,05 Feb 2019,19:00,61,57,118,61,57,118,No Group
Manchester City Council - Chorlton,Chorlton Place,2019,February,6,Tuesday,05 Feb 2019,20:00,31,40,71,31,40,71,No Group
Manchester City Council - Chorlton,Chorlton Place,2019,February,6,Tuesday,05 Feb 2019,21:00,19,28,47,19,28,47,No Group
Manchester City Council - Chorlton,Chorlton Place,2019,February,6,Tuesday,05 Feb 2019,22:00,22,32,54,22,32,54,No Group
Manchester City Council - Chorlton,Chorlton Place,2019,February,6,Tuesday,05 Feb 2019,23:00,9,12,21,9,12,21,No Group
Manchester City Council - Chorlton,Chorlton Place,2019,February,6,Wednesday,06 Feb 2019,00:00,2,3,5,2,3,5,No Group
Manchester City Council - Chorlton,Chorlton Place,2019,February,6,Wednesday,06 Feb 2019,01:00,2,1,3,2,1,3,No Group
Manchester City Council - Chorlton,Chorlton Place,2019,February,6,Wednesday,06 Feb 2019,02:00,1,1,2,1,1,2,No Group
Manchester City Council - Chorlton,Chorlton Place,2019,February,6,Wednesday,06 Feb 2019,03:00,1,1,2,1,1,2,No Group
Manchester City Council - Chorlton,Chorlton Place,2019,February,6,Wednesday,06 Feb 2019,04:00,1,1,2,1,1,2,No Group
Manchester City Council - Chorlton,Chorlton Place,2019,February,6,Wednesday,06 Feb 2019,05:00,1,7,8,1,7,8,No Group
Manchester City Council - Chorlton,Chorlton Place,2019,February,6,Wednesday,06 Feb 2019,06:00,4,20,24,4,20,24,No Group
Manchester City Council - Chorlton,Chorlton Place,2019,February,6,Wednesday,06 Feb 2019,07:00,26,92,118,26,92,118,No Group
Manchester City Council - Chorlton,Chorlton Place,2019,February,6,Wednesday,06 Feb 2019,08:00,44,143,187,44,143,187,No Group
Manchester City Council - Chorlton,Chorlton Place,2019,February,6,Wednesday,06 Feb 2019,09:00,83,139,222,83,139,222,No Group
Manchester City Council - Chorlton,Chorlton Place,2019,February,6,Wednesday,06 Feb 2019,10:00,115,152,267,115,152,267,No Group
Manchester City Council - Chorlton,Chorlton Place,2019,February,6,Wednesday,06 Feb 2019,11:00,151,139,290,151,139,290,No Group
Manchester City Council - Chorlton,Chorlton Place,2019,February,6,Wednesday,06 Feb 2019,12:00,217,208,425,217,208,425,No Group
Manchester City Council - Chorlton,Chorlton Place,2019,February,6,Wednesday,06 Feb 2019,13:00,164,178,342,164,178,342,No Group
Manchester City Council - Chorlton,Chorlton Place,2019,February,6,Wednesday,06 Feb 2019,14:00,164,150,314,164,150,314,No Group
Manchester City Council - Chorlton,Chorlton Place,2019,February,6,Wednesday,06 Feb 2019,15:00,185,196,381,185,196,381,No Group
Manchester City Council - Chorlton,Chorlton Place,2019,February,6,Wednesday,06 Feb 2019,16:00,175,142,317,175,142,317,No Group
Manchester City Council - Chorlton,Chorlton Place,2019,February,6,Wednesday,06 Feb 2019,17:00,138,94,232,138,94,232,No Group
Manchester City Council - Chorlton,Chorlton Place,2019,February,6,Wednesday,06 Feb 2019,18:00,92,71,163,92,71,163,No Group
Manchester City Council - Chorlton,Chorlton Place,2019,February,6,Wednesday,06 Feb 2019,19:00,96,69,165,96,69,165,No Group
Manchester City Council - Chorlton,Chorlton Place,2019,February,6,Wednesday,06 Feb 2019,20:00,58,38,96,58,38,96,No Group
Manchester City Council - Chorlton,Chorlton Place,2019,February,6,Wednesday,06 Feb 2019,21:00,36,37,73,36,37,73,No Group
Manchester City Council - Chorlton,Chorlton Place,2019,February,6,Wednesday,06 Feb 2019,22:00,40,25,65,40,25,65,No Group
Manchester City Council - Chorlton,Chorlton Place,2019,February,6,Wednesday,06 Feb 2019,23:00,16,11,27,16,11,27,No Group
Manchester City Council - Chorlton,Chorlton Place,2019,February,6,Thursday,07 Feb 2019,00:00,2,2,4,2,2,4,No Group
Manchester City Council - Chorlton,Chorlton Place,2019,February,6,Thursday,07 Feb 2019,01:00,4,1,5,4,1,5,No Group
Manchester City Council - Chorlton,Chorlton Place,2019,February,6,Thursday,07 Feb 2019,02:00,0,1,1,0,1,1,No Group
Manchester City Council - Chorlton,Chorlton Place,2019,February,6,Thursday,07 Feb 2019,03:00,0,2,2,0,2,2,No Group
Manchester City Council - Chorlton,Chorlton Place,2019,February,6,Thursday,07 Feb 2019,04:00,2,2,4,2,2,4,No Group
Manchester City Council - Chorlton,Chorlton Place,2019,February,6,Thursday,07 Feb 2019,05:00,1,5,6,1,5,6,No Group
Manchester City Council - Chorlton,Chorlton Place,2019,February,6,Thursday,07 Feb 2019,06:00,19,19,38,19,19,38,No Group
Manchester City Council - Chorlton,Chorlton Place,2019,February,6,Thursday,07 Feb 2019,07:00,45,121,166,45,121,166,No Group
Manchester City Council - Chorlton,Chorlton Place,2019,February,6,Thursday,07 Feb 2019,08:00,49,186,235,49,186,235,No Group
Manchester City Council - Chorlton,Chorlton Place,2019,February,6,Thursday,07 Feb 2019,09:00,123,184,307,123,184,307,No Group
Manchester City Council - Chorlton,Chorlton Place,2019,February,6,Thursday,07 Feb 2019,10:00,148,179,327,148,179,327,No Group
Manchester City Council - Chorlton,Chorlton Place,2019,February,6,Thursday,07 Feb 2019,11:00,190,200,390,190,200,390,No Group
Manchester City Council - Chorlton,Chorlton Place,2019,February,6,Thursday,07 Feb 2019,12:00,148,173,321,148,173,321,No Group
Manchester City Council - Chorlton,Chorlton Place,2019,February,6,Thursday,07 Feb 2019,13:00,137,169,306,137,169,306,No Group
Manchester City Council - Chorlton,Chorlton Place,2019,February,6,Thursday,07 Feb 2019,14:00,160,176,336,160,176,336,No Group
Manchester City Council - Chorlton,Chorlton Place,2019,February,6,Thursday,07 Feb 2019,15:00,187,148,335,187,148,335,No Group
Manchester City Council - Chorlton,Chorlton Place,2019,February,6,Thursday,07 Feb 2019,16:00,154,145,299,154,145,299,No Group
Manchester City Council - Chorlton,Chorlton Place,2019,February,6,Thursday,07 Feb 2019,17:00,119,90,209,119,90,209,No Group
Manchester City Council - Chorlton,Chorlton Place,2019,February,6,Thursday,07 Feb 2019,18:00,106,68,174,106,68,174,No Group
Manchester City Council - Chorlton,Chorlton Place,2019,February,6,Thursday,07 Feb 2019,19:00,74,48,122,74,48,122,No Group
Manchester City Council - Chorlton,Chorlton Place,2019,February,6,Thursday,07 Feb 2019,20:00,52,47,99,52,47,99,No Group
Manchester City Council - Chorlton,Chorlton Place,2019,February,6,Thursday,07 Feb 2019,21:00,47,39,86,47,39,86,No Group
Manchester City Council - Chorlton,Chorlton Place,2019,February,6,Thursday,07 Feb 2019,22:00,32,29,61,32,29,61,No Group
Manchester City Council - Chorlton,Chorlton Place,2019,February,6,Thursday,07 Feb 2019,23:00,18,20,38,18,20,38,No Group
Manchester City Council - Chorlton,Chorlton Place,2019,February,6,Friday,08 Feb 2019,00:00,10,8,18,10,8,18,No Group
Manchester City Council - Chorlton,Chorlton Place,2019,February,6,Friday,08 Feb 2019,01:00,2,5,7,2,5,7,No Group
Manchester City Council - Chorlton,Chorlton Place,2019,February,6,Friday,08 Feb 2019,02:00,1,3,4,1,3,4,No Group
Manchester City Council - Chorlton,Chorlton Place,2019,February,6,Friday,08 Feb 2019,03:00,5,7,12,5,7,12,No Group
Manchester City Council - Chorlton,Chorlton Place,2019,February,6,Friday,08 Feb 2019,04:00,0,2,2,0,2,2,No Group
Manchester City Council - Chorlton,Chorlton Place,2019,February,6,Friday,08 Feb 2019,05:00,1,7,8,1,7,8,No Group
Manchester City Council - Chorlton,Chorlton Place,2019,February,6,Friday,08 Feb 2019,06:00,7,24,31,7,24,31,No Group
Manchester City Council - Chorlton,Chorlton Place,2019,February,6,Friday,08 Feb 2019,07:00,25,115,140,25,115,140,No Group
Manchester City Council - Chorlton,Chorlton Place,2019,February,6,Friday,08 Feb 2019,08:00,37,146,183,37,146,183,No Group
Manchester City Council - Chorlton,Chorlton Place,2019,February,6,Friday,08 Feb 2019,09:00,144,219,363,144,219,363,No Group
Manchester City Council - Chorlton,Chorlton Place,2019,February,6,Friday,08 Feb 2019,10:00,193,193,386,193,193,386,No Group
Manchester City Council - Chorlton,Chorlton Place,2019,February,6,Friday,08 Feb 2019,11:00,218,216,434,218,216,434,No Group
Manchester City Council - Chorlton,Chorlton Place,2019,February,6,Friday,08 Feb 2019,12:00,209,219,428,209,219,428,No Group
Manchester City Council - Chorlton,Chorlton Place,2019,February,6,Friday,08 Feb 2019,13:00,185,206,391,185,206,391,No Group
Manchester City Council - Chorlton,Chorlton Place,2019,February,6,Friday,08 Feb 2019,14:00,178,223,401,178,223,401,No Group
Manchester City Council - Chorlton,Chorlton Place,2019,February,6,Friday,08 Feb 2019,15:00,178,192,370,178,192,370,No Group
Manchester City Council - Chorlton,Chorlton Place,2019,February,6,Friday,08 Feb 2019,16:00,185,149,334,185,149,334,No Group
Manchester City Council - Chorlton,Chorlton Place,2019,February,6,Friday,08 Feb 2019,17:00,148,108,256,148,108,256,No Group
Manchester City Council - Chorlton,Chorlton Place,2019,February,6,Friday,08 Feb 2019,18:00,122,86,208,122,86,208,No Group
Manchester City Council - Chorlton,Chorlton Place,2019,February,6,Friday,08 Feb 2019,19:00,72,78,150,72,78,150,No Group
Manchester City Council - Chorlton,Chorlton Place,2019,February,6,Friday,08 Feb 2019,20:00,72,58,130,72,58,130,No Group
Manchester City Council - Chorlton,Chorlton Place,2019,February,6,Friday,08 Feb 2019,21:00,57,53,110,57,53,110,No Group
Manchester City Council - Chorlton,Chorlton Place,2019,February,6,Friday,08 Feb 2019,22:00,38,39,77,38,39,77,No Group
Manchester City Council - Chorlton,Chorlton Place,2019,February,6,Friday,08 Feb 2019,23:00,33,48,81,33,48,81,No Group
Manchester City Council - Chorlton,Chorlton Place,2019,February,6,Saturday,09 Feb 2019,00:00,46,38,84,46,38,84,No Group
Manchester City Council - Chorlton,Chorlton Place,2019,February,6,Saturday,09 Feb 2019,01:00,11,12,23,11,12,23,No Group
Manchester City Council - Chorlton,Chorlton Place,2019,February,6,Saturday,09 Feb 2019,02:00,3,5,8,3,5,8,No Group
Manchester City Council - Chorlton,Chorlton Place,2019,February,6,Saturday,09 Feb 2019,03:00,0,4,4,0,4,4,No Group
Manchester City Council - Chorlton,Chorlton Place,2019,February,6,Saturday,09 Feb 2019,04:00,2,5,7,2,5,7,No Group
Manchester City Council - Chorlton,Chorlton Place,2019,February,6,Saturday,09 Feb 2019,05:00,6,17,23,6,17,23,No Group
Manchester City Council - Chorlton,Chorlton Place,2019,February,6,Saturday,09 Feb 2019,06:00,2,6,8,2,6,8,No Group
Manchester City Council - Chorlton,Chorlton Place,2019,February,6,Saturday,09 Feb 2019,07:00,6,15,21,6,15,21,No Group
Manchester City Council - Chorlton,Chorlton Place,2019,February,6,Saturday,09 Feb 2019,08:00,26,38,64,26,38,64,No Group
Manchester City Council - Chorlton,Chorlton Place,2019,February,6,Saturday,09 Feb 2019,09:00,102,126,228,102,126,228,No Group
Manchester City Council - Chorlton,Chorlton Place,2019,February,6,Saturday,09 Feb 2019,10:00,184,179,363,184,179,363,No Group
Manchester City Council - Chorlton,Chorlton Place,2019,February,6,Saturday,09 Feb 2019,11:00,273,333,606,273,333,606,No Group
Manchester City Council - Chorlton,Chorlton Place,2019,February,6,Saturday,09 Feb 2019,12:00,284,264,548,284,264,548,No Group
Manchester City Council - Chorlton,Chorlton Place,2019,February,6,Saturday,09 Feb 2019,13:00,232,307,539,232,307,539,No Group
Manchester City Council - Chorlton,Chorlton Place,2019,February,6,Saturday,09 Feb 2019,14:00,262,301,563,262,301,563,No Group
Manchester City Council - Chorlton,Chorlton Place,2019,February,6,Saturday,09 Feb 2019,15:00,243,265,508,243,265,508,No Group
Manchester City Council - Chorlton,Chorlton Place,2019,February,6,Saturday,09 Feb 2019,16:00,213,221,434,213,221,434,No Group
Manchester City Council - Chorlton,Chorlton Place,2019,February,6,Saturday,09 Feb 2019,17:00,152,124,276,152,124,276,No Group
Manchester City Council - Chorlton,Chorlton Place,2019,February,6,Saturday,09 Feb 2019,18:00,93,80,173,93,80,173,No Group
Manchester City Council - Chorlton,Chorlton Place,2019,February,6,Saturday,09 Feb 2019,19:00,71,84,155,71,84,155,No Group
Manchester City Council - Chorlton,Chorlton Place,2019,February,6,Saturday,09 Feb 2019,20:00,75,69,144,75,69,144,No Group
Manchester City Council - Chorlton,Chorlton Place,2019,February,6,Saturday,09 Feb 2019,21:00,65,66,131,65,66,131,No Group
Manchester City Council - Chorlton,Chorlton Place,2019,February,6,Saturday,09 Feb 2019,22:00,47,59,106,47,59,106,No Group
Manchester City Council - Chorlton,Chorlton Place,2019,February,6,Saturday,09 Feb 2019,23:00,34,39,73,34,39,73,No Group
Manchester City Council - Chorlton,Chorlton Place,2019,February,6,Sunday,10 Feb 2019,00:00,28,28,56,28,28,56,No Group
Manchester City Council - Chorlton,Chorlton Place,2019,February,6,Sunday,10 Feb 2019,01:00,17,24,41,17,24,41,No Group
Manchester City Council - Chorlton,Chorlton Place,2019,February,6,Sunday,10 Feb 2019,02:00,8,6,14,8,6,14,No Group
Manchester City Council - Chorlton,Chorlton Place,2019,February,6,Sunday,10 Feb 2019,03:00,1,4,5,1,4,5,No Group
Manchester City Council - Chorlton,Chorlton Place,2019,February,6,Sunday,10 Feb 2019,04:00,2,3,5,2,3,5,No Group
Manchester City Council - Chorlton,Chorlton Place,2019,February,6,Sunday,10 Feb 2019,05:00,1,1,2,1,1,2,No Group
Manchester City Council - Chorlton,Chorlton Place,2019,February,6,Sunday,10 Feb 2019,06:00,4,6,10,4,6,10,No Group
Manchester City Council - Chorlton,Chorlton Place,2019,February,6,Sunday,10 Feb 2019,07:00,6,10,16,6,10,16,No Group
Manchester City Council - Chorlton,Chorlton Place,2019,February,6,Sunday,10 Feb 2019,08:00,19,36,55,19,36,55,No Group
Manchester City Council - Chorlton,Chorlton Place,2019,February,6,Sunday,10 Feb 2019,09:00,39,63,102,39,63,102,No Group
Manchester City Council - Chorlton,Chorlton Place,2019,February,6,Sunday,10 Feb 2019,10:00,78,83,161,78,83,161,No Group
Manchester City Council - Chorlton,Chorlton Place,2019,February,6,Sunday,10 Feb 2019,11:00,132,246,378,132,246,378,No Group
Manchester City Council - Chorlton,Chorlton Place,2019,February,6,Sunday,10 Feb 2019,12:00,160,255,415,160,255,415,No Group
Manchester City Council - Chorlton,Chorlton Place,2019,February,6,Sunday,10 Feb 2019,13:00,119,122,241,119,122,241,No Group
Manchester City Council - Chorlton,Chorlton Place,2019,February,6,Sunday,10 Feb 2019,14:00,139,138,277,139,138,277,No Group
Manchester City Council - Chorlton,Chorlton Place,2019,February,6,Sunday,10 Feb 2019,15:00,133,125,258,133,125,258,No Group
Manchester City Council - Chorlton,Chorlton Place,2019,February,6,Sunday,10 Feb 2019,16:00,107,82,189,107,82,189,No Group
Manchester City Council - Chorlton,Chorlton Place,2019,February,6,Sunday,10 Feb 2019,17:00,69,67,136,69,67,136,No Group
Manchester City Council - Chorlton,Chorlton Place,2019,February,6,Sunday,10 Feb 2019,18:00,54,51,105,54,51,105,No Group
Manchester City Council - Chorlton,Chorlton Place,2019,February,6,Sunday,10 Feb 2019,19:00,29,46,75,29,46,75,No Group
Manchester City Council - Chorlton,Chorlton Place,2019,February,6,Sunday,10 Feb 2019,20:00,22,32,54,22,32,54,No Group
Manchester City Council - Chorlton,Chorlton Place,2019,February,6,Sunday,10 Feb 2019,21:00,20,24,44,20,24,44,No Group
Manchester City Council - Chorlton,Chorlton Place,2019,February,6,Sunday,10 Feb 2019,22:00,12,21,33,12,21,33,No Group
Manchester City Council - Chorlton,Chorlton Place,2019,February,6,Sunday,10 Feb 2019,23:00,8,9,17,8,9,17,No Group
Manchester City Council - Chorlton,Chorlton Place,2019,February,7,Monday,11 Feb 2019,00:00,8,4,12,8,4,12,No Group
Manchester City Council - Chorlton,Chorlton Place,2019,February,7,Monday,11 Feb 2019,01:00,0,0,0,0,0,0,No Group
Manchester City Council - Chorlton,Chorlton Place,2019,February,7,Monday,11 Feb 2019,02:00,0,0,0,0,0,0,No Group
Manchester City Council - Chorlton,Chorlton Place,2019,February,7,Monday,11 Feb 2019,03:00,0,2,2,0,2,2,No Group
Manchester City Council - Chorlton,Chorlton Place,2019,February,7,Monday,11 Feb 2019,04:00,0,2,2,0,2,2,No Group
Manchester City Council - Chorlton,Chorlton Place,2019,February,7,Monday,11 Feb 2019,05:00,3,4,7,3,4,7,No Group
Manchester City Council - Chorlton,Chorlton Place,2019,February,7,Monday,11 Feb 2019,06:00,5,13,18,5,13,18,No Group
Manchester City Council - Chorlton,Chorlton Place,2019,February,7,Monday,11 Feb 2019,07:00,27,84,111,27,84,111,No Group
Manchester City Council - Chorlton,Chorlton Place,2019,February,7,Monday,11 Feb 2019,08:00,27,125,152,27,125,152,No Group
Manchester City Council - Chorlton,Chorlton Place,2019,February,7,Monday,11 Feb 2019,09:00,91,128,219,91,128,219,No Group
Manchester City Council - Chorlton,Chorlton Place,2019,February,7,Monday,11 Feb 2019,10:00,251,577,828,251,577,828,No Group
Manchester City Council - Chorlton,Chorlton Place,2019,February,7,Monday,11 Feb 2019,11:00,343,769,1112,343,769,1112,No Group
Manchester City Council - Chorlton,Chorlton Place,2019,February,7,Monday,11 Feb 2019,12:00,336,463,799,336,463,799,No Group
Manchester City Council - Chorlton,Chorlton Place,2019,February,7,Monday,11 Feb 2019,13:00,158,172,330,158,172,330,No Group
Manchester City Council - Chorlton,Chorlton Place,2019,February,7,Monday,11 Feb 2019,14:00,163,190,353,163,190,353,No Group
Manchester City Council - Chorlton,Chorlton Place,2019,February,7,Monday,11 Feb 2019,15:00,166,180,346,166,180,346,No Group
Manchester City Council - Chorlton,Chorlton Place,2019,February,7,Monday,11 Feb 2019,16:00,155,145,300,155,145,300,No Group
Manchester City Council - Chorlton,Chorlton Place,2019,February,7,Monday,11 Feb 2019,17:00,146,90,236,146,90,236,No Group
Manchester City Council - Chorlton,Chorlton Place,2019,February,7,Monday,11 Feb 2019,18:00,140,83,223,140,83,223,No Group
Manchester City Council - Chorlton,Chorlton Place,2019,February,7,Monday,11 Feb 2019,19:00,82,63,145,82,63,145,No Group
Manchester City Council - Chorlton,Chorlton Place,2019,February,7,Monday,11 Feb 2019,20:00,60,48,108,60,48,108,No Group
Manchester City Council - Chorlton,Chorlton Place,2019,February,7,Monday,11 Feb 2019,21:00,34,49,83,34,49,83,No Group
Manchester City Council - Chorlton,Chorlton Place,2019,February,7,Monday,11 Feb 2019,22:00,27,30,57,27,30,57,No Group
Manchester City Council - Chorlton,Chorlton Place,2019,February,7,Monday,11 Feb 2019,23:00,14,20,34,14,20,34,No Group
Manchester City Council - Chorlton,Chorlton Place,2019,February,7,Tuesday,12 Feb 2019,00:00,3,0,3,3,0,3,No Group
Manchester City Council - Chorlton,Chorlton Place,2019,February,7,Tuesday,12 Feb 2019,01:00,4,2,6,4,2,6,No Group
Manchester City Council - Chorlton,Chorlton Place,2019,February,7,Tuesday,12 Feb 2019,02:00,5,6,11,5,6,11,No Group
Manchester City Council - Chorlton,Chorlton Place,2019,February,7,Tuesday,12 Feb 2019,03:00,0,1,1,0,1,1,No Group
Manchester City Council - Chorlton,Chorlton Place,2019,February,7,Tuesday,12 Feb 2019,04:00,0,3,3,0,3,3,No Group
Manchester City Council - Chorlton,Chorlton Place,2019,February,7,Tuesday,12 Feb 2019,05:00,3,12,15,3,12,15,No Group
Manchester City Council - Chorlton,Chorlton Place,2019,February,7,Tuesday,12 Feb 2019,06:00,9,24,33,9,24,33,No Group
Manchester City Council - Chorlton,Chorlton Place,2019,February,7,Tuesday,12 Feb 2019,07:00,31,90,121,31,90,121,No Group
Manchester City Council - Chorlton,Chorlton Place,2019,February,7,Tuesday,12 Feb 2019,08:00,44,129,173,44,129,173,No Group
Manchester City Council - Chorlton,Chorlton Place,2019,February,7,Tuesday,12 Feb 2019,09:00,101,134,235,101,134,235,No Group
Manchester City Council - Chorlton,Chorlton Place,2019,February,7,Tuesday,12 Feb 2019,10:00,119,134,253,119,134,253,No Group
Manchester City Council - Chorlton,Chorlton Place,2019,February,7,Tuesday,12 Feb 2019,11:00,155,145,300,155,145,300,No Group
Manchester City Council - Chorlton,Chorlton Place,2019,February,7,Tuesday,12 Feb 2019,12:00,172,189,361,172,189,361,No Group
Manchester City Council - Chorlton,Chorlton Place,2019,February,7,Tuesday,12 Feb 2019,13:00,151,161,312,151,161,312,No Group
Manchester City Council - Chorlton,Chorlton Place,2019,February,7,Tuesday,12 Feb 2019,14:00,159,182,341,159,182,341,No Group
Manchester City Council - Chorlton,Chorlton Place,2019,February,7,Tuesday,12 Feb 2019,15:00,205,161,366,205,161,366,No Group
Manchester City Council - Chorlton,Chorlton Place,2019,February,7,Tuesday,12 Feb 2019,16:00,170,140,310,170,140,310,No Group
Manchester City Council - Chorlton,Chorlton Place,2019,February,7,Tuesday,12 Feb 2019,17:00,115,105,220,115,105,220,No Group
Manchester City Council - Chorlton,Chorlton Place,2019,February,7,Tuesday,12 Feb 2019,18:00,118,88,206,118,88,206,No Group
Manchester City Council - Chorlton,Chorlton Place,2019,February,7,Tuesday,12 Feb 2019,19:00,105,70,175,105,70,175,No Group
Manchester City Council - Chorlton,Chorlton Place,2019,February,7,Tuesday,12 Feb 2019,20:00,53,43,96,53,43,96,No Group
Manchester City Council - Chorlton,Chorlton Place,2019,February,7,Tuesday,12 Feb 2019,21:00,48,47,95,48,47,95,No Group
Manchester City Council - Chorlton,Chorlton Place,2019,February,7,Tuesday,12 Feb 2019,22:00,35,72,107,35,72,107,No Group
Manchester City Council - Chorlton,Chorlton Place,2019,February,7,Tuesday,12 Feb 2019,23:00,30,20,50,30,20,50,No Group
Manchester City Council - Chorlton,Chorlton Place,2019,February,7,Wednesday,13 Feb 2019,00:00,14,0,14,14,0,14,No Group
Manchester City Council - Chorlton,Chorlton Place,2019,February,7,Wednesday,13 Feb 2019,01:00,3,0,3,3,0,3,No Group
Manchester City Council - Chorlton,Chorlton Place,2019,February,7,Wednesday,13 Feb 2019,02:00,0,1,1,0,1,1,No Group
Manchester City Council - Chorlton,Chorlton Place,2019,February,7,Wednesday,13 Feb 2019,03:00,2,3,5,2,3,5,No Group
Manchester City Council - Chorlton,Chorlton Place,2019,February,7,Wednesday,13 Feb 2019,04:00,0,4,4,0,4,4,No Group
Manchester City Council - Chorlton,Chorlton Place,2019,February,7,Wednesday,13 Feb 2019,05:00,5,11,16,5,11,16,No Group
Manchester City Council - Chorlton,Chorlton Place,2019,February,7,Wednesday,13 Feb 2019,06:00,4,18,22,4,18,22,No Group
Manchester City Council - Chorlton,Chorlton Place,2019,February,7,Wednesday,13 Feb 2019,07:00,26,104,130,26,104,130,No Group
Manchester City Council - Chorlton,Chorlton Place,2019,February,7,Wednesday,13 Feb 2019,08:00,39,135,174,39,135,174,No Group
Manchester City Council - Chorlton,Chorlton Place,2019,February,7,Wednesday,13 Feb 2019,09:00,100,128,228,100,128,228,No Group
Manchester City Council - Chorlton,Chorlton Place,2019,February,7,Wednesday,13 Feb 2019,10:00,162,186,348,162,186,348,No Group
Manchester City Council - Chorlton,Chorlton Place,2019,February,7,Wednesday,13 Feb 2019,11:00,164,209,373,164,209,373,No Group
Manchester City Council - Chorlton,Chorlton Place,2019,February,7,Wednesday,13 Feb 2019,12:00,216,293,509,216,293,509,No Group
Manchester City Council - Chorlton,Chorlton Place,2019,February,7,Wednesday,13 Feb 2019,13:00,179,202,381,179,202,381,No Group
Manchester City Council - Chorlton,Chorlton Place,2019,February,7,Wednesday,13 Feb 2019,14:00,186,176,362,186,176,362,No Group
Manchester City Council - Chorlton,Chorlton Place,2019,February,7,Wednesday,13 Feb 2019,15:00,192,191,383,192,191,383,No Group
Manchester City Council - Chorlton,Chorlton Place,2019,February,7,Wednesday,13 Feb 2019,16:00,193,172,365,193,172,365,No Group
Manchester City Council - Chorlton,Chorlton Place,2019,February,7,Wednesday,13 Feb 2019,17:00,145,118,263,145,118,263,No Group
Manchester City Council - Chorlton,Chorlton Place,2019,February,7,Wednesday,13 Feb 2019,18:00,119,105,224,119,105,224,No Group
Manchester City Council - Chorlton,Chorlton Place,2019,February,7,Wednesday,13 Feb 2019,19:00,114,69,183,114,69,183,No Group
Manchester City Council - Chorlton,Chorlton Place,2019,February,7,Wednesday,13 Feb 2019,20:00,59,45,104,59,45,104,No Group
Manchester City Council - Chorlton,Chorlton Place,2019,February,7,Wednesday,13 Feb 2019,21:00,32,32,64,32,32,64,No Group
Manchester City Council - Chorlton,Chorlton Place,2019,February,7,Wednesday,13 Feb 2019,22:00,30,23,53,30,23,53,No Group
Manchester City Council - Chorlton,Chorlton Place,2019,February,7,Wednesday,13 Feb 2019,23:00,18,18,36,18,18,36,No Group
Manchester City Council - Chorlton,Chorlton Place,2019,February,7,Thursday,14 Feb 2019,00:00,2,2,4,2,2,4,No Group
Manchester City Council - Chorlton,Chorlton Place,2019,February,7,Thursday,14 Feb 2019,01:00,2,2,4,2,2,4,No Group
Manchester City Council - Chorlton,Chorlton Place,2019,February,7,Thursday,14 Feb 2019,02:00,0,3,3,0,3,3,No Group
Manchester City Council - Chorlton,Chorlton Place,2019,February,7,Thursday,14 Feb 2019,03:00,1,2,3,1,2,3,No Group
Manchester City Council - Chorlton,Chorlton Place,2019,February,7,Thursday,14 Feb 2019,04:00,0,2,2,0,2,2,No Group
Manchester City Council - Chorlton,Chorlton Place,2019,February,7,Thursday,14 Feb 2019,05:00,2,9,11,2,9,11,No Group
Manchester City Council - Chorlton,Chorlton Place,2019,February,7,Thursday,14 Feb 2019,06:00,2,17,19,2,17,19,No Group
Manchester City Council - Chorlton,Chorlton Place,2019,February,7,Thursday,14 Feb 2019,07:00,20,86,106,20,86,106,No Group
Manchester City Council - Chorlton,Chorlton Place,2019,February,7,Thursday,14 Feb 2019,08:00,48,125,173,48,125,173,No Group
Manchester City Council - Chorlton,Chorlton Place,2019,February,7,Thursday,14 Feb 2019,09:00,160,209,369,160,209,369,No Group
Manchester City Council - Chorlton,Chorlton Place,2019,February,7,Thursday,14 Feb 2019,10:00,121,155,276,121,155,276,No Group
Manchester City Council - Chorlton,Chorlton Place,2019,February,7,Thursday,14 Feb 2019,11:00,150,164,314,150,164,314,No Group
Manchester City Council - Chorlton,Chorlton Place,2019,February,7,Thursday,14 Feb 2019,12:00,143,152,295,143,152,295,No Group
Manchester City Council - Chorlton,Chorlton Place,2019,February,7,Thursday,14 Feb 2019,13:00,137,165,302,137,165,302,No Group
Manchester City Council - Chorlton,Chorlton Place,2019,February,7,Thursday,14 Feb 2019,14:00,196,166,362,196,166,362,No Group
Manchester City Council - Chorlton,Chorlton Place,2019,February,7,Thursday,14 Feb 2019,15:00,190,200,390,190,200,390,No Group
Manchester City Council - Chorlton,Chorlton Place,2019,February,7,Thursday,14 Feb 2019,16:00,198,187,385,198,187,385,No Group
Manchester City Council - Chorlton,Chorlton Place,2019,February,7,Thursday,14 Feb 2019,17:00,148,106,254,148,106,254,No Group
Manchester City Council - Chorlton,Chorlton Place,2019,February,7,Thursday,14 Feb 2019,18:00,111,79,190,111,79,190,No Group
Manchester City Council - Chorlton,Chorlton Place,2019,February,7,Thursday,14 Feb 2019,19:00,96,78,174,96,78,174,No Group
Manchester City Council - Chorlton,Chorlton Place,2019,February,7,Thursday,14 Feb 2019,20:00,42,53,95,42,53,95,No Group
Manchester City Council - Chorlton,Chorlton Place,2019,February,7,Thursday,14 Feb 2019,21:00,36,41,77,36,41,77,No Group
Manchester City Council - Chorlton,Chorlton Place,2019,February,7,Thursday,14 Feb 2019,22:00,34,39,73,34,39,73,No Group
Manchester City Council - Chorlton,Chorlton Place,2019,February,7,Thursday,14 Feb 2019,23:00,10,9,19,10,9,19,No Group
Manchester City Council - Chorlton,Chorlton Place,2019,February,7,Friday,15 Feb 2019,00:00,5,2,7,5,2,7,No Group
Manchester City Council - Chorlton,Chorlton Place,2019,February,7,Friday,15 Feb 2019,01:00,4,2,6,4,2,6,No Group
Manchester City Council - Chorlton,Chorlton Place,2019,February,7,Friday,15 Feb 2019,02:00,0,2,2,0,2,2,No Group
Manchester City Council - Chorlton,Chorlton Place,2019,February,7,Friday,15 Feb 2019,03:00,0,4,4,0,4,4,No Group
Manchester City Council - Chorlton,Chorlton Place,2019,February,7,Friday,15 Feb 2019,04:00,0,1,1,0,1,1,No Group
Manchester City Council - Chorlton,Chorlton Place,2019,February,7,Friday,15 Feb 2019,05:00,0,8,8,0,8,8,No Group
Manchester City Council - Chorlton,Chorlton Place,2019,February,7,Friday,15 Feb 2019,06:00,4,22,26,4,22,26,No Group
Manchester City Council - Chorlton,Chorlton Place,2019,February,7,Friday,15 Feb 2019,07:00,53,94,147,53,94,147,No Group
Manchester City Council - Chorlton,Chorlton Place,2019,February,7,Friday,15 Feb 2019,08:00,47,148,195,47,148,195,No Group
Manchester City Council - Chorlton,Chorlton Place,2019,February,7,Friday,15 Feb 2019,09:00,186,241,427,186,241,427,No Group
Manchester City Council - Chorlton,Chorlton Place,2019,February,7,Friday,15 Feb 2019,10:00,316,749,1065,316,749,1065,No Group
Manchester City Council - Chorlton,Chorlton Place,2019,February,7,Friday,15 Feb 2019,11:00,405,777,1182,405,777,1182,No Group
Manchester City Council - Chorlton,Chorlton Place,2019,February,7,Friday,15 Feb 2019,12:00,477,599,1076,477,599,1076,No Group
Manchester City Council - Chorlton,Chorlton Place,2019,February,7,Friday,15 Feb 2019,13:00,366,425,791,366,425,791,No Group
Manchester City Council - Chorlton,Chorlton Place,2019,February,7,Friday,15 Feb 2019,14:00,222,220,442,222,220,442,No Group
Manchester City Council - Chorlton,Chorlton Place,2019,February,7,Friday,15 Feb 2019,15:00,217,177,394,217,177,394,No Group
Manchester City Council - Chorlton,Chorlton Place,2019,February,7,Friday,15 Feb 2019,16:00,183,173,356,183,173,356,No Group
Manchester City Council - Chorlton,Chorlton Place,2019,February,7,Friday,15 Feb 2019,17:00,173,127,300,173,127,300,No Group
Manchester City Council - Chorlton,Chorlton Place,2019,February,7,Friday,15 Feb 2019,18:00,138,111,249,138,111,249,No Group
Manchester City Council - Chorlton,Chorlton Place,2019,February,7,Friday,15 Feb 2019,19:00,122,113,235,122,113,235,No Group
Manchester City Council - Chorlton,Chorlton Place,2019,February,7,Friday,15 Feb 2019,20:00,97,63,160,97,63,160,No Group
Manchester City Council - Chorlton,Chorlton Place,2019,February,7,Friday,15 Feb 2019,21:00,65,59,124,65,59,124,No Group
Manchester City Council - Chorlton,Chorlton Place,2019,February,7,Friday,15 Feb 2019,22:00,49,48,97,49,48,97,No Group
Manchester City Council - Chorlton,Chorlton Place,2019,February,7,Friday,15 Feb 2019,23:00,32,53,85,32,53,85,No Group
Manchester City Council - Chorlton,Chorlton Place,2019,February,7,Saturday,16 Feb 2019,00:00,30,25,55,30,25,55,No Group
Manchester City Council - Chorlton,Chorlton Place,2019,February,7,Saturday,16 Feb 2019,01:00,13,15,28,13,15,28,No Group
Manchester City Council - Chorlton,Chorlton Place,2019,February,7,Saturday,16 Feb 2019,02:00,4,2,6,4,2,6,No Group
Manchester City Council - Chorlton,Chorlton Place,2019,February,7,Saturday,16 Feb 2019,03:00,1,5,6,1,5,6,No Group
Manchester City Council - Chorlton,Chorlton Place,2019,February,7,Saturday,16 Feb 2019,04:00,1,1,2,1,1,2,No Group
Manchester City Council - Chorlton,Chorlton Place,2019,February,7,Saturday,16 Feb 2019,05:00,4,6,10,4,6,10,No Group
Manchester City Council - Chorlton,Chorlton Place,2019,February,7,Saturday,16 Feb 2019,06:00,3,11,14,3,11,14,No Group
Manchester City Council - Chorlton,Chorlton Place,2019,February,7,Saturday,16 Feb 2019,07:00,15,23,38,15,23,38,No Group
Manchester City Council - Chorlton,Chorlton Place,2019,February,7,Saturday,16 Feb 2019,08:00,41,67,108,41,67,108,No Group
Manchester City Council - Chorlton,Chorlton Place,2019,February,7,Saturday,16 Feb 2019,09:00,108,192,300,108,192,300,No Group
Manchester City Council - Chorlton,Chorlton Place,2019,February,7,Saturday,16 Feb 2019,10:00,253,471,724,253,471,724,No Group
Manchester City Council - Chorlton,Chorlton Place,2019,February,7,Saturday,16 Feb 2019,11:00,548,833,1381,548,833,1381,No Group
Manchester City Council - Chorlton,Chorlton Place,2019,February,7,Saturday,16 Feb 2019,12:00,601,631,1232,601,631,1232,No Group
Manchester City Council - Chorlton,Chorlton Place,2019,February,7,Saturday,16 Feb 2019,13:00,475,492,967,475,492,967,No Group
Manchester City Council - Chorlton,Chorlton Place,2019,February,7,Saturday,16 Feb 2019,14:00,303,339,642,303,339,642,No Group
Manchester City Council - Chorlton,Chorlton Place,2019,February,7,Saturday,16 Feb 2019,15:00,295,274,569,295,274,569,No Group
Manchester City Council - Chorlton,Chorlton Place,2019,February,7,Saturday,16 Feb 2019,16:00,202,219,421,202,219,421,No Group
Manchester City Council - Chorlton,Chorlton Place,2019,February,7,Saturday,16 Feb 2019,17:00,137,138,275,137,138,275,No Group
Manchester City Council - Chorlton,Chorlton Place,2019,February,7,Saturday,16 Feb 2019,18:00,93,93,186,93,93,186,No Group
Manchester City Council - Chorlton,Chorlton Place,2019,February,7,Saturday,16 Feb 2019,19:00,93,103,196,93,103,196,No Group
Manchester City Council - Chorlton,Chorlton Place,2019,February,7,Saturday,16 Feb 2019,20:00,81,74,155,81,74,155,No Group
Manchester City Council - Chorlton,Chorlton Place,2019,February,7,Saturday,16 Feb 2019,21:00,73,88,161,73,88,161,No Group
Manchester City Council - Chorlton,Chorlton Place,2019,February,7,Saturday,16 Feb 2019,22:00,61,89,150,61,89,150,No Group
Manchester City Council - Chorlton,Chorlton Place,2019,February,7,Saturday,16 Feb 2019,23:00,62,62,124,62,62,124,No Group
Manchester City Council - Chorlton,Chorlton Place,2019,February,7,Sunday,17 Feb 2019,00:00,25,45,70,25,45,70,No Group
Manchester City Council - Chorlton,Chorlton Place,2019,February,7,Sunday,17 Feb 2019,01:00,9,18,27,9,18,27,No Group
Manchester City Council - Chorlton,Chorlton Place,2019,February,7,Sunday,17 Feb 2019,02:00,6,8,14,6,8,14,No Group
Manchester City Council - Chorlton,Chorlton Place,2019,February,7,Sunday,17 Feb 2019,03:00,0,1,1,0,1,1,No Group
Manchester City Council - Chorlton,Chorlton Place,2019,February,7,Sunday,17 Feb 2019,04:00,2,1,3,2,1,3,No Group
Manchester City Council - Chorlton,Chorlton Place,2019,February,7,Sunday,17 Feb 2019,05:00,0,0,0,0,0,0,No Group
Manchester City Council - Chorlton,Chorlton Place,2019,February,7,Sunday,17 Feb 2019,06:00,2,7,9,2,7,9,No Group
Manchester City Council - Chorlton,Chorlton Place,2019,February,7,Sunday,17 Feb 2019,07:00,3,10,13,3,10,13,No Group
Manchester City Council - Chorlton,Chorlton Place,2019,February,7,Sunday,17 Feb 2019,08:00,21,32,53,21,32,53,No Group
Manchester City Council - Chorlton,Chorlton Place,2019,February,7,Sunday,17 Feb 2019,09:00,27,59,86,27,59,86,No Group
Manchester City Council - Chorlton,Chorlton Place,2019,February,7,Sunday,17 Feb 2019,10:00,97,154,251,97,154,251,No Group
Manchester City Council - Chorlton,Chorlton Place,2019,February,7,Sunday,17 Feb 2019,11:00,125,115,240,125,115,240,No Group
Manchester City Council - Chorlton,Chorlton Place,2019,February,7,Sunday,17 Feb 2019,12:00,132,138,270,132,138,270,No Group
Manchester City Council - Chorlton,Chorlton Place,2019,February,7,Sunday,17 Feb 2019,13:00,131,167,298,131,167,298,No Group
Manchester City Council - Chorlton,Chorlton Place,2019,February,7,Sunday,17 Feb 2019,14:00,163,204,367,163,204,367,No Group
Manchester City Council - Chorlton,Chorlton Place,2019,February,7,Sunday,17 Feb 2019,15:00,127,128,255,127,128,255,No Group
Manchester City Council - Chorlton,Chorlton Place,2019,February,7,Sunday,17 Feb 2019,16:00,98,110,208,98,110,208,No Group
Manchester City Council - Chorlton,Chorlton Place,2019,February,7,Sunday,17 Feb 2019,17:00,65,70,135,65,70,135,No Group
Manchester City Council - Chorlton,Chorlton Place,2019,February,7,Sunday,17 Feb 2019,18:00,74,65,139,74,65,139,No Group
Manchester City Council - Chorlton,Chorlton Place,2019,February,7,Sunday,17 Feb 2019,19:00,43,50,93,43,50,93,No Group
Manchester City Council - Chorlton,Chorlton Place,2019,February,7,Sunday,17 Feb 2019,20:00,31,40,71,31,40,71,No Group
Manchester City Council - Chorlton,Chorlton Place,2019,February,7,Sunday,17 Feb 2019,21:00,24,21,45,24,21,45,No Group
Manchester City Council - Chorlton,Chorlton Place,2019,February,7,Sunday,17 Feb 2019,22:00,22,28,50,22,28,50,No Group
Manchester City Council - Chorlton,Chorlton Place,2019,February,7,Sunday,17 Feb 2019,23:00,20,5,25,20,5,25,No Group
Manchester City Council - Chorlton,Chorlton Place,2019,February,8,Monday,18 Feb 2019,00:00,6,6,12,6,6,12,No Group
Manchester City Council - Chorlton,Chorlton Place,2019,February,8,Monday,18 Feb 2019,01:00,1,2,3,1,2,3,No Group
Manchester City Council - Chorlton,Chorlton Place,2019,February,8,Monday,18 Feb 2019,02:00,0,3,3,0,3,3,No Group
Manchester City Council - Chorlton,Chorlton Place,2019,February,8,Monday,18 Feb 2019,03:00,0,1,1,0,1,1,No Group
Manchester City Council - Chorlton,Chorlton Place,2019,February,8,Monday,18 Feb 2019,04:00,1,3,4,1,3,4,No Group
Manchester City Council - Chorlton,Chorlton Place,2019,February,8,Monday,18 Feb 2019,05:00,2,7,9,2,7,9,No Group
Manchester City Council - Chorlton,Chorlton Place,2019,February,8,Monday,18 Feb 2019,06:00,7,21,28,7,21,28,No Group
Manchester City Council - Chorlton,Chorlton Place,2019,February,8,Monday,18 Feb 2019,07:00,22,78,100,22,78,100,No Group
Manchester City Council - Chorlton,Chorlton Place,2019,February,8,Monday,18 Feb 2019,08:00,29,111,140,29,111,140,No Group
Manchester City Council - Chorlton,Chorlton Place,2019,February,8,Monday,18 Feb 2019,09:00,86,129,215,86,129,215,No Group
Manchester City Council - Chorlton,Chorlton Place,2019,February,8,Monday,18 Feb 2019,10:00,142,140,282,142,140,282,No Group
Manchester City Council - Chorlton,Chorlton Place,2019,February,8,Monday,18 Feb 2019,11:00,163,239,402,163,239,402,No Group
Manchester City Council - Chorlton,Chorlton Place,2019,February,8,Monday,18 Feb 2019,12:00,167,199,366,167,199,366,No Group
Manchester City Council - Chorlton,Chorlton Place,2019,February,8,Monday,18 Feb 2019,13:00,167,155,322,167,155,322,No Group
Manchester City Council - Chorlton,Chorlton Place,2019,February,8,Monday,18 Feb 2019,14:00,170,179,349,170,179,349,No Group
Manchester City Council - Chorlton,Chorlton Place,2019,February,8,Monday,18 Feb 2019,15:00,130,147,277,130,147,277,No Group
Manchester City Council - Chorlton,Chorlton Place,2019,February,8,Monday,18 Feb 2019,16:00,144,118,262,144,118,262,No Group
Manchester City Council - Chorlton,Chorlton Place,2019,February,8,Monday,18 Feb 2019,17:00,133,99,232,133,99,232,No Group
Manchester City Council - Chorlton,Chorlton Place,2019,February,8,Monday,18 Feb 2019,18:00,101,89,190,101,89,190,No Group
Manchester City Council - Chorlton,Chorlton Place,2019,February,8,Monday,18 Feb 2019,19:00,72,74,146,72,74,146,No Group
Manchester City Council - Chorlton,Chorlton Place,2019,February,8,Monday,18 Feb 2019,20:00,37,38,75,37,38,75,No Group
Manchester City Council - Chorlton,Chorlton Place,2019,February,8,Monday,18 Feb 2019,21:00,30,39,69,30,39,69,No Group
Manchester City Council - Chorlton,Chorlton Place,2019,February,8,Monday,18 Feb 2019,22:00,19,17,36,19,17,36,No Group
Manchester City Council - Chorlton,Chorlton Place,2019,February,8,Monday,18 Feb 2019,23:00,16,13,29,16,13,29,No Group
Manchester City Council - Chorlton,Chorlton Place,2019,February,8,Tuesday,19 Feb 2019,00:00,8,0,8,8,0,8,No Group
Manchester City Council - Chorlton,Chorlton Place,2019,February,8,Tuesday,19 Feb 2019,01:00,13,5,18,13,5,18,No Group
Manchester City Council - Chorlton,Chorlton Place,2019,February,8,Tuesday,19 Feb 2019,02:00,0,1,1,0,1,1,No Group
Manchester City Council - Chorlton,Chorlton Place,2019,February,8,Tuesday,19 Feb 2019,03:00,0,1,1,0,1,1,No Group
Manchester City Council - Chorlton,Chorlton Place,2019,February,8,Tuesday,19 Feb 2019,04:00,0,2,2,0,2,2,No Group
Manchester City Council - Chorlton,Chorlton Place,2019,February,8,Tuesday,19 Feb 2019,05:00,3,7,10,3,7,10,No Group
Manchester City Council - Chorlton,Chorlton Place,2019,February,8,Tuesday,19 Feb 2019,06:00,5,24,29,5,24,29,No Group
Manchester City Council - Chorlton,Chorlton Place,2019,February,8,Tuesday,19 Feb 2019,07:00,25,90,115,25,90,115,No Group
Manchester City Council - Chorlton,Chorlton Place,2019,February,8,Tuesday,19 Feb 2019,08:00,30,123,153,30,123,153,No Group
Manchester City Council - Chorlton,Chorlton Place,2019,February,8,Tuesday,19 Feb 2019,09:00,92,129,221,92,129,221,No Group
Manchester City Council - Chorlton,Chorlton Place,2019,February,8,Tuesday,19 Feb 2019,10:00,140,149,289,140,149,289,No Group
Manchester City Council - Chorlton,Chorlton Place,2019,February,8,Tuesday,19 Feb 2019,11:00,151,165,316,151,165,316,No Group
Manchester City Council - Chorlton,Chorlton Place,2019,February,8,Tuesday,19 Feb 2019,12:00,198,187,385,198,187,385,No Group
Manchester City Council - Chorlton,Chorlton Place,2019,February,8,Tuesday,19 Feb 2019,13:00,189,168,357,189,168,357,No Group
Manchester City Council - Chorlton,Chorlton Place,2019,February,8,Tuesday,19 Feb 2019,14:00,155,182,337,155,182,337,No Group
Manchester City Council - Chorlton,Chorlton Place,2019,February,8,Tuesday,19 Feb 2019,15:00,151,125,276,151,125,276,No Group
Manchester City Council - Chorlton,Chorlton Place,2019,February,8,Tuesday,19 Feb 2019,16:00,167,145,312,167,145,312,No Group
Manchester City Council - Chorlton,Chorlton Place,2019,February,8,Tuesday,19 Feb 2019,17:00,133,89,222,133,89,222,No Group
Manchester City Council - Chorlton,Chorlton Place,2019,February,8,Tuesday,19 Feb 2019,18:00,123,72,195,123,72,195,No Group
Manchester City Council - Chorlton,Chorlton Place,2019,February,8,Tuesday,19 Feb 2019,19:00,84,72,156,84,72,156,No Group
Manchester City Council - Chorlton,Chorlton Place,2019,February,8,Tuesday,19 Feb 2019,20:00,32,43,75,32,43,75,No Group
Manchester City Council - Chorlton,Chorlton Place,2019,February,8,Tuesday,19 Feb 2019,21:00,27,42,69,27,42,69,No Group
Manchester City Council - Chorlton,Chorlton Place,2019,February,8,Tuesday,19 Feb 2019,22:00,15,35,50,15,35,50,No Group
Manchester City Council - Chorlton,Chorlton Place,2019,February,8,Tuesday,19 Feb 2019,23:00,27,25,52,27,25,52,No Group
Manchester City Council - Chorlton,Chorlton Place,2019,February,8,Wednesday,20 Feb 2019,00:00,10,10,20,10,10,20,No Group
Manchester City Council - Chorlton,Chorlton Place,2019,February,8,Wednesday,20 Feb 2019,01:00,1,1,2,1,1,2,No Group
Manchester City Council - Chorlton,Chorlton Place,2019,February,8,Wednesday,20 Feb 2019,02:00,0,0,0,0,0,0,No Group
Manchester City Council - Chorlton,Chorlton Place,2019,February,8,Wednesday,20 Feb 2019,03:00,1,2,3,1,2,3,No Group
Manchester City Council - Chorlton,Chorlton Place,2019,February,8,Wednesday,20 Feb 2019,04:00,0,2,2,0,2,2,No Group
Manchester City Council - Chorlton,Chorlton Place,2019,February,8,Wednesday,20 Feb 2019,05:00,3,9,12,3,9,12,No Group
Manchester City Council - Chorlton,Chorlton Place,2019,February,8,Wednesday,20 Feb 2019,06:00,3,20,23,3,20,23,No Group
Manchester City Council - Chorlton,Chorlton Place,2019,February,8,Wednesday,20 Feb 2019,07:00,18,91,109,18,91,109,No Group
Manchester City Council - Chorlton,Chorlton Place,2019,February,8,Wednesday,20 Feb 2019,08:00,52,145,197,52,145,197,No Group
Manchester City Council - Chorlton,Chorlton Place,2019,February,8,Wednesday,20 Feb 2019,09:00,91,137,228,91,137,228,No Group
Manchester City Council - Chorlton,Chorlton Place,2019,February,8,Wednesday,20 Feb 2019,10:00,136,144,280,136,144,280,No Group
Manchester City Council - Chorlton,Chorlton Place,2019,February,8,Wednesday,20 Feb 2019,11:00,150,151,301,150,151,301,No Group
Manchester City Council - Chorlton,Chorlton Place,2019,February,8,Wednesday,20 Feb 2019,12:00,170,170,340,170,170,340,No Group
Manchester City Council - Chorlton,Chorlton Place,2019,February,8,Wednesday,20 Feb 2019,13:00,161,199,360,161,199,360,No Group
Manchester City Council - Chorlton,Chorlton Place,2019,February,8,Wednesday,20 Feb 2019,14:00,191,167,358,191,167,358,No Group
Manchester City Council - Chorlton,Chorlton Place,2019,February,8,Wednesday,20 Feb 2019,15:00,289,205,494,289,205,494,No Group
Manchester City Council - Chorlton,Chorlton Place,2019,February,8,Wednesday,20 Feb 2019,16:00,181,158,339,181,158,339,No Group
Manchester City Council - Chorlton,Chorlton Place,2019,February,8,Wednesday,20 Feb 2019,17:00,132,89,221,132,89,221,No Group
Manchester City Council - Chorlton,Chorlton Place,2019,February,8,Wednesday,20 Feb 2019,18:00,69,43,112,69,43,112,No Group
Manchester City Council - Chorlton,Chorlton Place,2019,February,8,Wednesday,20 Feb 2019,19:00,76,63,139,76,63,139,No Group
Manchester City Council - Chorlton,Chorlton Place,2019,February,8,Wednesday,20 Feb 2019,20:00,31,40,71,31,40,71,No Group
Manchester City Council - Chorlton,Chorlton Place,2019,February,8,Wednesday,20 Feb 2019,21:00,43,34,77,43,34,77,No Group
Manchester City Council - Chorlton,Chorlton Place,2019,February,8,Wednesday,20 Feb 2019,22:00,21,28,49,21,28,49,No Group
Manchester City Council - Chorlton,Chorlton Place,2019,February,8,Wednesday,20 Feb 2019,23:00,19,13,32,19,13,32,No Group
Manchester City Council - Chorlton,Chorlton Place,2019,February,8,Thursday,21 Feb 2019,00:00,4,2,6,4,2,6,No Group
Manchester City Council - Chorlton,Chorlton Place,2019,February,8,Thursday,21 Feb 2019,01:00,0,2,2,0,2,2,No Group
Manchester City Council - Chorlton,Chorlton Place,2019,February,8,Thursday,21 Feb 2019,02:00,0,2,2,0,2,2,No Group
Manchester City Council - Chorlton,Chorlton Place,2019,February,8,Thursday,21 Feb 2019,03:00,2,1,3,2,1,3,No Group
Manchester City Council - Chorlton,Chorlton Place,2019,February,8,Thursday,21 Feb 2019,04:00,1,2,3,1,2,3,No Group
Manchester City Council - Chorlton,Chorlton Place,2019,February,8,Thursday,21 Feb 2019,05:00,1,4,5,1,4,5,No Group
Manchester City Council - Chorlton,Chorlton Place,2019,February,8,Thursday,21 Feb 2019,06:00,7,26,33,7,26,33,No Group
Manchester City Council - Chorlton,Chorlton Place,2019,February,8,Thursday,21 Feb 2019,07:00,22,84,106,22,84,106,No Group
Manchester City Council - Chorlton,Chorlton Place,2019,February,8,Thursday,21 Feb 2019,08:00,29,107,136,29,107,136,No Group
Manchester City Council - Chorlton,Chorlton Place,2019,February,8,Thursday,21 Feb 2019,09:00,90,179,269,90,179,269,No Group
Manchester City Council - Chorlton,Chorlton Place,2019,February,8,Thursday,21 Feb 2019,10:00,232,488,720,232,488,720,No Group
Manchester City Council - Chorlton,Chorlton Place,2019,February,8,Thursday,21 Feb 2019,11:00,177,423,600,177,423,600,No Group
Manchester City Council - Chorlton,Chorlton Place,2019,February,8,Thursday,21 Feb 2019,12:00,440,554,994,440,554,994,No Group
Manchester City Council - Chorlton,Chorlton Place,2019,February,8,Thursday,21 Feb 2019,13:00,206,197,403,206,197,403,No Group
Manchester City Council - Chorlton,Chorlton Place,2019,February,8,Thursday,21 Feb 2019,14:00,221,257,478,221,257,478,No Group
Manchester City Council - Chorlton,Chorlton Place,2019,February,8,Thursday,21 Feb 2019,15:00,163,219,382,163,219,382,No Group
Manchester City Council - Chorlton,Chorlton Place,2019,February,8,Thursday,21 Feb 2019,16:00,145,168,313,145,168,313,No Group
Manchester City Council - Chorlton,Chorlton Place,2019,February,8,Thursday,21 Feb 2019,17:00,124,94,218,124,94,218,No Group
Manchester City Council - Chorlton,Chorlton Place,2019,February,8,Thursday,21 Feb 2019,18:00,82,87,169,82,87,169,No Group
Manchester City Council - Chorlton,Chorlton Place,2019,February,8,Thursday,21 Feb 2019,19:00,88,72,160,88,72,160,No Group
Manchester City Council - Chorlton,Chorlton Place,2019,February,8,Thursday,21 Feb 2019,20:00,48,40,88,48,40,88,No Group
Manchester City Council - Chorlton,Chorlton Place,2019,February,8,Thursday,21 Feb 2019,21:00,46,36,82,46,36,82,No Group
Manchester City Council - Chorlton,Chorlton Place,2019,February,8,Thursday,21 Feb 2019,22:00,20,17,37,20,17,37,No Group
Manchester City Council - Chorlton,Chorlton Place,2019,February,8,Thursday,21 Feb 2019,23:00,26,21,47,26,21,47,No Group
Manchester City Council - Chorlton,Chorlton Place,2019,February,8,Friday,22 Feb 2019,00:00,26,17,43,26,17,43,No Group
Manchester City Council - Chorlton,Chorlton Place,2019,February,8,Friday,22 Feb 2019,01:00,1,0,1,1,0,1,No Group
Manchester City Council - Chorlton,Chorlton Place,2019,February,8,Friday,22 Feb 2019,02:00,1,2,3,1,2,3,No Group
Manchester City Council - Chorlton,Chorlton Place,2019,February,8,Friday,22 Feb 2019,03:00,0,6,6,0,6,6,No Group
Manchester City Council - Chorlton,Chorlton Place,2019,February,8,Friday,22 Feb 2019,04:00,1,1,2,1,1,2,No Group
Manchester City Council - Chorlton,Chorlton Place,2019,February,8,Friday,22 Feb 2019,05:00,4,8,12,4,8,12,No Group
Manchester City Council - Chorlton,Chorlton Place,2019,February,8,Friday,22 Feb 2019,06:00,2,22,24,2,22,24,No Group
Manchester City Council - Chorlton,Chorlton Place,2019,February,8,Friday,22 Feb 2019,07:00,12,64,76,12,64,76,No Group
Manchester City Council - Chorlton,Chorlton Place,2019,February,8,Friday,22 Feb 2019,08:00,36,116,152,36,116,152,No Group
Manchester City Council - Chorlton,Chorlton Place,2019,February,8,Friday,22 Feb 2019,09:00,90,142,232,90,142,232,No Group
Manchester City Council - Chorlton,Chorlton Place,2019,February,8,Friday,22 Feb 2019,10:00,156,254,410,156,254,410,No Group
Manchester City Council - Chorlton,Chorlton Place,2019,February,8,Friday,22 Feb 2019,11:00,308,746,1054,308,746,1054,No Group
Manchester City Council - Chorlton,Chorlton Place,2019,February,8,Friday,22 Feb 2019,12:00,485,746,1231,485,746,1231,No Group
Manchester City Council - Chorlton,Chorlton Place,2019,February,8,Friday,22 Feb 2019,13:00,506,523,1029,506,523,1029,No Group
Manchester City Council - Chorlton,Chorlton Place,2019,February,8,Friday,22 Feb 2019,14:00,377,405,782,377,405,782,No Group
Manchester City Council - Chorlton,Chorlton Place,2019,February,8,Friday,22 Feb 2019,15:00,227,242,469,227,242,469,No Group
Manchester City Council - Chorlton,Chorlton Place,2019,February,8,Friday,22 Feb 2019,16:00,150,170,320,150,170,320,No Group
Manchester City Council - Chorlton,Chorlton Place,2019,February,8,Friday,22 Feb 2019,17:00,120,116,236,120,116,236,No Group
Manchester City Council - Chorlton,Chorlton Place,2019,February,8,Friday,22 Feb 2019,18:00,85,104,189,85,104,189,No Group
Manchester City Council - Chorlton,Chorlton Place,2019,February,8,Friday,22 Feb 2019,19:00,41,43,84,41,43,84,No Group
Manchester City Council - Chorlton,Chorlton Place,2019,February,8,Friday,22 Feb 2019,20:00,63,48,111,63,48,111,No Group
Manchester City Council - Chorlton,Chorlton Place,2019,February,8,Friday,22 Feb 2019,21:00,51,40,91,51,40,91,No Group
Manchester City Council - Chorlton,Chorlton Place,2019,February,8,Friday,22 Feb 2019,22:00,53,57,110,53,57,110,No Group
Manchester City Council - Chorlton,Chorlton Place,2019,February,8,Friday,22 Feb 2019,23:00,54,72,126,54,72,126,No Group
Manchester City Council - Chorlton,Chorlton Place,2019,February,8,Saturday,23 Feb 2019,00:00,24,49,73,24,49,73,No Group
Manchester City Council - Chorlton,Chorlton Place,2019,February,8,Saturday,23 Feb 2019,01:00,21,20,41,21,20,41,No Group
Manchester City Council - Chorlton,Chorlton Place,2019,February,8,Saturday,23 Feb 2019,02:00,5,8,13,5,8,13,No Group
Manchester City Council - Chorlton,Chorlton Place,2019,February,8,Saturday,23 Feb 2019,03:00,4,4,8,4,4,8,No Group
Manchester City Council - Chorlton,Chorlton Place,2019,February,8,Saturday,23 Feb 2019,04:00,4,4,8,4,4,8,No Group
Manchester City Council - Chorlton,Chorlton Place,2019,February,8,Saturday,23 Feb 2019,05:00,1,3,4,1,3,4,No Group
Manchester City Council - Chorlton,Chorlton Place,2019,February,8,Saturday,23 Feb 2019,06:00,8,12,20,8,12,20,No Group
Manchester City Council - Chorlton,Chorlton Place,2019,February,8,Saturday,23 Feb 2019,07:00,12,27,39,12,27,39,No Group
Manchester City Council - Chorlton,Chorlton Place,2019,February,8,Saturday,23 Feb 2019,08:00,45,69,114,45,69,114,No Group
Manchester City Council - Chorlton,Chorlton Place,2019,February,8,Saturday,23 Feb 2019,09:00,274,391,665,274,391,665,No Group
Manchester City Council - Chorlton,Chorlton Place,2019,February,8,Saturday,23 Feb 2019,10:00,341,688,1029,341,688,1029,No Group
Manchester City Council - Chorlton,Chorlton Place,2019,February,8,Saturday,23 Feb 2019,11:00,502,943,1445,502,943,1445,No Group
Manchester City Council - Chorlton,Chorlton Place,2019,February,8,Saturday,23 Feb 2019,12:00,658,864,1522,658,864,1522,No Group
Manchester City Council - Chorlton,Chorlton Place,2019,February,8,Saturday,23 Feb 2019,13:00,588,689,1277,588,689,1277,No Group
Manchester City Council - Chorlton,Chorlton Place,2019,February,8,Saturday,23 Feb 2019,14:00,294,323,617,294,323,617,No Group
Manchester City Council - Chorlton,Chorlton Place,2019,February,8,Saturday,23 Feb 2019,15:00,258,240,498,258,240,498,No Group
Manchester City Council - Chorlton,Chorlton Place,2019,February,8,Saturday,23 Feb 2019,16:00,200,212,412,200,212,412,No Group
Manchester City Council - Chorlton,Chorlton Place,2019,February,8,Saturday,23 Feb 2019,17:00,97,98,195,97,98,195,No Group
Manchester City Council - Chorlton,Chorlton Place,2019,February,8,Saturday,23 Feb 2019,18:00,78,93,171,78,93,171,No Group
Manchester City Council - Chorlton,Chorlton Place,2019,February,8,Saturday,23 Feb 2019,19:00,70,70,140,70,70,140,No Group
Manchester City Council - Chorlton,Chorlton Place,2019,February,8,Saturday,23 Feb 2019,20:00,69,56,125,69,56,125,No Group
Manchester City Council - Chorlton,Chorlton Place,2019,February,8,Saturday,23 Feb 2019,21:00,56,49,105,56,49,105,No Group
Manchester City Council - Chorlton,Chorlton Place,2019,February,8,Saturday,23 Feb 2019,22:00,35,64,99,35,64,99,No Group
Manchester City Council - Chorlton,Chorlton Place,2019,February,8,Saturday,23 Feb 2019,23:00,42,58,100,42,58,100,No Group
Manchester City Council - Chorlton,Chorlton Place,2019,February,8,Sunday,24 Feb 2019,00:00,25,26,51,25,26,51,No Group
Manchester City Council - Chorlton,Chorlton Place,2019,February,8,Sunday,24 Feb 2019,01:00,22,15,37,22,15,37,No Group
Manchester City Council - Chorlton,Chorlton Place,2019,February,8,Sunday,24 Feb 2019,02:00,12,22,34,12,22,34,No Group
Manchester City Council - Chorlton,Chorlton Place,2019,February,8,Sunday,24 Feb 2019,03:00,8,7,15,8,7,15,No Group
Manchester City Council - Chorlton,Chorlton Place,2019,February,8,Sunday,24 Feb 2019,04:00,0,0,0,0,0,0,No Group
Manchester City Council - Chorlton,Chorlton Place,2019,February,8,Sunday,24 Feb 2019,05:00,3,2,5,3,2,5,No Group
Manchester City Council - Chorlton,Chorlton Place,2019,February,8,Sunday,24 Feb 2019,06:00,3,5,8,3,5,8,No Group
Manchester City Council - Chorlton,Chorlton Place,2019,February,8,Sunday,24 Feb 2019,07:00,6,10,16,6,10,16,No Group
Manchester City Council - Chorlton,Chorlton Place,2019,February,8,Sunday,24 Feb 2019,08:00,15,35,50,15,35,50,No Group
Manchester City Council - Chorlton,Chorlton Place,2019,February,8,Sunday,24 Feb 2019,09:00,74,131,205,74,131,205,No Group
Manchester City Council - Chorlton,Chorlton Place,2019,February,8,Sunday,24 Feb 2019,10:00,103,438,541,103,438,541,No Group
Manchester City Council - Chorlton,Chorlton Place,2019,February,8,Sunday,24 Feb 2019,11:00,243,531,774,243,531,774,No Group
Manchester City Council - Chorlton,Chorlton Place,2019,February,8,Sunday,24 Feb 2019,12:00,369,497,866,369,497,866,No Group
Manchester City Council - Chorlton,Chorlton Place,2019,February,8,Sunday,24 Feb 2019,13:00,410,455,865,410,455,865,No Group
Manchester City Council - Chorlton,Chorlton Place,2019,February,8,Sunday,24 Feb 2019,14:00,202,234,436,202,234,436,No Group
Manchester City Council - Chorlton,Chorlton Place,2019,February,8,Sunday,24 Feb 2019,15:00,189,214,403,189,214,403,No Group
Manchester City Council - Chorlton,Chorlton Place,2019,February,8,Sunday,24 Feb 2019,16:00,119,130,249,119,130,249,No Group
Manchester City Council - Chorlton,Chorlton Place,2019,February,8,Sunday,24 Feb 2019,17:00,78,106,184,78,106,184,No Group
Manchester City Council - Chorlton,Chorlton Place,2019,February,8,Sunday,24 Feb 2019,18:00,51,55,106,51,55,106,No Group
Manchester City Council - Chorlton,Chorlton Place,2019,February,8,Sunday,24 Feb 2019,19:00,72,90,162,72,90,162,No Group
Manchester City Council - Chorlton,Chorlton Place,2019,February,8,Sunday,24 Feb 2019,20:00,43,49,92,43,49,92,No Group
Manchester City Council - Chorlton,Chorlton Place,2019,February,8,Sunday,24 Feb 2019,21:00,22,29,51,22,29,51,No Group
Manchester City Council - Chorlton,Chorlton Place,2019,February,8,Sunday,24 Feb 2019,22:00,12,24,36,12,24,36,No Group
Manchester City Council - Chorlton,Chorlton Place,2019,February,8,Sunday,24 Feb 2019,23:00,15,20,35,15,20,35,No Group
Manchester City Council - Chorlton,Chorlton Place,2019,March,9,Monday,25 Feb 2019,00:00,7,4,11,7,4,11,No Group
Manchester City Council - Chorlton,Chorlton Place,2019,March,9,Monday,25 Feb 2019,01:00,1,2,3,1,2,3,No Group
Manchester City Council - Chorlton,Chorlton Place,2019,March,9,Monday,25 Feb 2019,02:00,0,1,1,0,1,1,No Group
Manchester City Council - Chorlton,Chorlton Place,2019,March,9,Monday,25 Feb 2019,03:00,0,1,1,0,1,1,No Group
Manchester City Council - Chorlton,Chorlton Place,2019,March,9,Monday,25 Feb 2019,04:00,2,3,5,2,3,5,No Group
Manchester City Council - Chorlton,Chorlton Place,2019,March,9,Monday,25 Feb 2019,05:00,3,8,11,3,8,11,No Group
Manchester City Council - Chorlton,Chorlton Place,2019,March,9,Monday,25 Feb 2019,06:00,4,23,27,4,23,27,No Group
Manchester City Council - Chorlton,Chorlton Place,2019,March,9,Monday,25 Feb 2019,07:00,22,77,99,22,77,99,No Group
Manchester City Council - Chorlton,Chorlton Place,2019,March,9,Monday,25 Feb 2019,08:00,47,200,247,47,200,247,No Group
Manchester City Council - Chorlton,Chorlton Place,2019,March,9,Monday,25 Feb 2019,09:00,182,398,580,182,398,580,No Group
Manchester City Council - Chorlton,Chorlton Place,2019,March,9,Monday,25 Feb 2019,10:00,221,522,743,221,522,743,No Group
Manchester City Council - Chorlton,Chorlton Place,2019,March,9,Monday,25 Feb 2019,11:00,276,551,827,276,551,827,No Group
Manchester City Council - Chorlton,Chorlton Place,2019,March,9,Monday,25 Feb 2019,12:00,452,576,1028,452,576,1028,No Group
Manchester City Council - Chorlton,Chorlton Place,2019,March,9,Monday,25 Feb 2019,13:00,456,503,959,456,503,959,No Group
Manchester City Council - Chorlton,Chorlton Place,2019,March,9,Monday,25 Feb 2019,14:00,385,410,795,385,410,795,No Group
Manchester City Council - Chorlton,Chorlton Place,2019,March,9,Monday,25 Feb 2019,15:00,283,328,611,283,328,611,No Group
Manchester City Council - Chorlton,Chorlton Place,2019,March,9,Monday,25 Feb 2019,16:00,177,150,327,177,150,327,No Group
Manchester City Council - Chorlton,Chorlton Place,2019,March,9,Monday,25 Feb 2019,17:00,107,113,220,107,113,220,No Group
Manchester City Council - Chorlton,Chorlton Place,2019,March,9,Monday,25 Feb 2019,18:00,109,76,185,109,76,185,No Group
Manchester City Council - Chorlton,Chorlton Place,2019,March,9,Monday,25 Feb 2019,19:00,76,50,126,76,50,126,No Group
Manchester City Council - Chorlton,Chorlton Place,2019,March,9,Monday,25 Feb 2019,20:00,34,35,69,34,35,69,No Group
Manchester City Council - Chorlton,Chorlton Place,2019,March,9,Monday,25 Feb 2019,21:00,37,46,83,37,46,83,No Group
Manchester City Council - Chorlton,Chorlton Place,2019,March,9,Monday,25 Feb 2019,22:00,13,16,29,13,16,29,No Group
Manchester City Council - Chorlton,Chorlton Place,2019,March,9,Monday,25 Feb 2019,23:00,12,14,26,12,14,26,No Group
Manchester City Council - Chorlton,Chorlton Place,2019,March,9,Tuesday,26 Feb 2019,00:00,5,1,6,5,1,6,No Group
Manchester City Council - Chorlton,Chorlton Place,2019,March,9,Tuesday,26 Feb 2019,01:00,1,0,1,1,0,1,No Group
Manchester City Council - Chorlton,Chorlton Place,2019,March,9,Tuesday,26 Feb 2019,02:00,11,3,14,11,3,14,No Group
Manchester City Council - Chorlton,Chorlton Place,2019,March,9,Tuesday,26 Feb 2019,03:00,0,1,1,0,1,1,No Group
Manchester City Council - Chorlton,Chorlton Place,2019,March,9,Tuesday,26 Feb 2019,04:00,0,3,3,0,3,3,No Group
Manchester City Council - Chorlton,Chorlton Place,2019,March,9,Tuesday,26 Feb 2019,05:00,0,9,9,0,9,9,No Group
Manchester City Council - Chorlton,Chorlton Place,2019,March,9,Tuesday,26 Feb 2019,06:00,13,22,35,13,22,35,No Group
Manchester City Council - Chorlton,Chorlton Place,2019,March,9,Tuesday,26 Feb 2019,07:00,26,92,118,26,92,118,No Group
Manchester City Council - Chorlton,Chorlton Place,2019,March,9,Tuesday,26 Feb 2019,08:00,60,196,256,60,196,256,No Group
Manchester City Council - Chorlton,Chorlton Place,2019,March,9,Tuesday,26 Feb 2019,09:00,166,417,583,166,417,583,No Group
Manchester City Council - Chorlton,Chorlton Place,2019,March,9,Tuesday,26 Feb 2019,10:00,263,541,804,263,541,804,No Group
Manchester City Council - Chorlton,Chorlton Place,2019,March,9,Tuesday,26 Feb 2019,11:00,378,659,1037,378,659,1037,No Group
Manchester City Council - Chorlton,Chorlton Place,2019,March,9,Tuesday,26 Feb 2019,12:00,452,665,1117,452,665,1117,No Group
Manchester City Council - Chorlton,Chorlton Place,2019,March,9,Tuesday,26 Feb 2019,13:00,468,564,1032,468,564,1032,No Group
Manchester City Council - Chorlton,Chorlton Place,2019,March,9,Tuesday,26 Feb 2019,14:00,312,314,626,312,314,626,No Group
Manchester City Council - Chorlton,Chorlton Place,2019,March,9,Tuesday,26 Feb 2019,15:00,249,312,561,249,312,561,No Group
Manchester City Council - Chorlton,Chorlton Place,2019,March,9,Tuesday,26 Feb 2019,16:00,153,131,284,153,131,284,No Group
Manchester City Council - Chorlton,Chorlton Place,2019,March,9,Tuesday,26 Feb 2019,17:00,118,95,213,118,95,213,No Group
Manchester City Council - Chorlton,Chorlton Place,2019,March,9,Tuesday,26 Feb 2019,18:00,109,101,210,109,101,210,No Group
Manchester City Council - Chorlton,Chorlton Place,2019,March,9,Tuesday,26 Feb 2019,19:00,76,70,146,76,70,146,No Group
Manchester City Council - Chorlton,Chorlton Place,2019,March,9,Tuesday,26 Feb 2019,20:00,38,43,81,38,43,81,No Group
Manchester City Council - Chorlton,Chorlton Place,2019,March,9,Tuesday,26 Feb 2019,21:00,23,39,62,23,39,62,No Group
Manchester City Council - Chorlton,Chorlton Place,2019,March,9,Tuesday,26 Feb 2019,22:00,22,33,55,22,33,55,No Group
Manchester City Council - Chorlton,Chorlton Place,2019,March,9,Tuesday,26 Feb 2019,23:00,14,9,23,14,9,23,No Group
Manchester City Council - Chorlton,Chorlton Place,2019,March,9,Wednesday,27 Feb 2019,00:00,6,0,6,6,0,6,No Group
Manchester City Council - Chorlton,Chorlton Place,2019,March,9,Wednesday,27 Feb 2019,01:00,2,4,6,2,4,6,No Group
Manchester City Council - Chorlton,Chorlton Place,2019,March,9,Wednesday,27 Feb 2019,02:00,0,1,1,0,1,1,No Group
Manchester City Council - Chorlton,Chorlton Place,2019,March,9,Wednesday,27 Feb 2019,03:00,0,1,1,0,1,1,No Group
Manchester City Council - Chorlton,Chorlton Place,2019,March,9,Wednesday,27 Feb 2019,04:00,0,5,5,0,5,5,No Group
Manchester City Council - Chorlton,Chorlton Place,2019,March,9,Wednesday,27 Feb 2019,05:00,5,9,14,5,9,14,No Group
Manchester City Council - Chorlton,Chorlton Place,2019,March,9,Wednesday,27 Feb 2019,06:00,12,23,35,12,23,35,No Group
Manchester City Council - Chorlton,Chorlton Place,2019,March,9,Wednesday,27 Feb 2019,07:00,19,92,111,19,92,111,No Group
Manchester City Council - Chorlton,Chorlton Place,2019,March,9,Wednesday,27 Feb 2019,08:00,53,189,242,53,189,242,No Group
Manchester City Council - Chorlton,Chorlton Place,2019,March,9,Wednesday,27 Feb 2019,09:00,157,415,572,157,415,572,No Group
Manchester City Council - Chorlton,Chorlton Place,2019,March,9,Wednesday,27 Feb 2019,10:00,279,482,761,279,482,761,No Group
Manchester City Council - Chorlton,Chorlton Place,2019,March,9,Wednesday,27 Feb 2019,11:00,359,619,978,359,619,978,No Group
Manchester City Council - Chorlton,Chorlton Place,2019,March,9,Wednesday,27 Feb 2019,12:00,434,647,1081,434,647,1081,No Group
Manchester City Council - Chorlton,Chorlton Place,2019,March,9,Wednesday,27 Feb 2019,13:00,403,501,904,403,501,904,No Group
Manchester City Council - Chorlton,Chorlton Place,2019,March,9,Wednesday,27 Feb 2019,14:00,335,421,756,335,421,756,No Group
Manchester City Council - Chorlton,Chorlton Place,2019,March,9,Wednesday,27 Feb 2019,15:00,262,269,531,262,269,531,No Group
Manchester City Council - Chorlton,Chorlton Place,2019,March,9,Wednesday,27 Feb 2019,16:00,159,136,295,159,136,295,No Group
Manchester City Council - Chorlton,Chorlton Place,2019,March,9,Wednesday,27 Feb 2019,17:00,109,118,227,109,118,227,No Group
Manchester City Council - Chorlton,Chorlton Place,2019,March,9,Wednesday,27 Feb 2019,18:00,92,96,188,92,96,188,No Group
Manchester City Council - Chorlton,Chorlton Place,2019,March,9,Wednesday,27 Feb 2019,19:00,99,73,172,99,73,172,No Group
Manchester City Council - Chorlton,Chorlton Place,2019,March,9,Wednesday,27 Feb 2019,20:00,44,50,94,44,50,94,No Group
Manchester City Council - Chorlton,Chorlton Place,2019,March,9,Wednesday,27 Feb 2019,21:00,50,49,99,50,49,99,No Group
Manchester City Council - Chorlton,Chorlton Place,2019,March,9,Wednesday,27 Feb 2019,22:00,38,15,53,38,15,53,No Group
Manchester City Council - Chorlton,Chorlton Place,2019,March,9,Wednesday,27 Feb 2019,23:00,31,27,58,31,27,58,No Group
Manchester City Council - Chorlton,Chorlton Place,2019,March,9,Thursday,28 Feb 2019,00:00,5,3,8,5,3,8,No Group
Manchester City Council - Chorlton,Chorlton Place,2019,March,9,Thursday,28 Feb 2019,01:00,4,0,4,4,0,4,No Group
Manchester City Council - Chorlton,Chorlton Place,2019,March,9,Thursday,28 Feb 2019,02:00,0,2,2,0,2,2,No Group
Manchester City Council - Chorlton,Chorlton Place,2019,March,9,Thursday,28 Feb 2019,03:00,0,2,2,0,2,2,No Group
Manchester City Council - Chorlton,Chorlton Place,2019,March,9,Thursday,28 Feb 2019,04:00,0,1,1,0,1,1,No Group
Manchester City Council - Chorlton,Chorlton Place,2019,March,9,Thursday,28 Feb 2019,05:00,0,6,6,0,6,6,No Group
Manchester City Council - Chorlton,Chorlton Place,2019,March,9,Thursday,28 Feb 2019,06:00,8,20,28,8,20,28,No Group
Manchester City Council - Chorlton,Chorlton Place,2019,March,9,Thursday,28 Feb 2019,07:00,24,95,119,24,95,119,No Group
Manchester City Council - Chorlton,Chorlton Place,2019,March,9,Thursday,28 Feb 2019,08:00,39,130,169,39,130,169,No Group
Manchester City Council - Chorlton,Chorlton Place,2019,March,9,Thursday,28 Feb 2019,09:00,69,138,207,69,138,207,No Group
Manchester City Council - Chorlton,Chorlton Place,2019,March,9,Thursday,28 Feb 2019,10:00,124,135,259,124,135,259,No Group
Manchester City Council - Chorlton,Chorlton Place,2019,March,9,Thursday,28 Feb 2019,11:00,119,151,270,119,151,270,No Group
Manchester City Council - Chorlton,Chorlton Place,2019,March,9,Thursday,28 Feb 2019,12:00,156,176,332,156,176,332,No Group
Manchester City Council - Chorlton,Chorlton Place,2019,March,9,Thursday,28 Feb 2019,13:00,139,163,302,139,163,302,No Group
Manchester City Council - Chorlton,Chorlton Place,2019,March,9,Thursday,28 Feb 2019,14:00,150,183,333,150,183,333,No Group
Manchester City Council - Chorlton,Chorlton Place,2019,March,9,Thursday,28 Feb 2019,15:00,174,201,375,174,201,375,No Group
Manchester City Council - Chorlton,Chorlton Place,2019,March,9,Thursday,28 Feb 2019,16:00,172,151,323,172,151,323,No Group
Manchester City Council - Chorlton,Chorlton Place,2019,March,9,Thursday,28 Feb 2019,17:00,140,113,253,140,113,253,No Group
Manchester City Council - Chorlton,Chorlton Place,2019,March,9,Thursday,28 Feb 2019,18:00,45,50,95,45,50,95,No Group
Manchester City Council - Chorlton,Chorlton Place,2019,March,9,Thursday,28 Feb 2019,19:00,33,46,79,33,46,79,No Group
Manchester City Council - Chorlton,Chorlton Place,2019,March,9,Thursday,28 Feb 2019,20:00,33,39,72,33,39,72,No Group
Manchester City Council - Chorlton,Chorlton Place,2019,March,9,Thursday,28 Feb 2019,21:00,22,38,60,22,38,60,No Group
Manchester City Council - Chorlton,Chorlton Place,2019,March,9,Thursday,28 Feb 2019,22:00,92,5,97,92,5,97,No Group
Manchester City Council - Chorlton,Chorlton Place,2019,March,9,Thursday,28 Feb 2019,23:00,46,2,48,46,2,48,No Group
Manchester City Council - Chorlton,Chorlton Place,2019,March,9,Friday,01 Mar 2019,00:00,28,0,28,28,0,28,No Group
Manchester City Council - Chorlton,Chorlton Place,2019,March,9,Friday,01 Mar 2019,01:00,10,1,11,10,1,11,No Group
Manchester City Council - Chorlton,Chorlton Place,2019,March,9,Friday,01 Mar 2019,02:00,11,1,12,11,1,12,No Group
Manchester City Council - Chorlton,Chorlton Place,2019,March,9,Friday,01 Mar 2019,03:00,14,3,17,14,3,17,No Group
Manchester City Council - Chorlton,Chorlton Place,2019,March,9,Friday,01 Mar 2019,04:00,14,1,15,14,1,15,No Group
Manchester City Council - Chorlton,Chorlton Place,2019,March,9,Friday,01 Mar 2019,05:00,30,5,35,30,5,35,No Group
Manchester City Council - Chorlton,Chorlton Place,2019,March,9,Friday,01 Mar 2019,06:00,67,19,86,67,19,86,No Group
Manchester City Council - Chorlton,Chorlton Place,2019,March,9,Friday,01 Mar 2019,07:00,27,49,76,27,49,76,No Group
Manchester City Council - Chorlton,Chorlton Place,2019,March,9,Friday,01 Mar 2019,08:00,22,112,134,22,112,134,No Group
Manchester City Council - Chorlton,Chorlton Place,2019,March,9,Friday,01 Mar 2019,09:00,59,97,156,59,97,156,No Group
Manchester City Council - Chorlton,Chorlton Place,2019,March,9,Friday,01 Mar 2019,10:00,112,117,229,112,117,229,No Group
Manchester City Council - Chorlton,Chorlton Place,2019,March,9,Friday,01 Mar 2019,11:00,145,184,329,145,184,329,No Group
Manchester City Council - Chorlton,Chorlton Place,2019,March,9,Friday,01 Mar 2019,12:00,178,212,390,178,212,390,No Group
Manchester City Council - Chorlton,Chorlton Place,2019,March,9,Friday,01 Mar 2019,13:00,187,196,383,187,196,383,No Group
Manchester City Council - Chorlton,Chorlton Place,2019,March,9,Friday,01 Mar 2019,14:00,194,201,395,194,201,395,No Group
Manchester City Council - Chorlton,Chorlton Place,2019,March,9,Friday,01 Mar 2019,15:00,181,198,379,181,198,379,No Group
Manchester City Council - Chorlton,Chorlton Place,2019,March,9,Friday,01 Mar 2019,16:00,152,153,305,152,153,305,No Group
Manchester City Council - Chorlton,Chorlton Place,2019,March,9,Friday,01 Mar 2019,17:00,132,90,222,132,90,222,No Group
Manchester City Council - Chorlton,Chorlton Place,2019,March,9,Friday,01 Mar 2019,18:00,100,92,192,100,92,192,No Group
Manchester City Council - Chorlton,Chorlton Place,2019,March,9,Friday,01 Mar 2019,19:00,70,75,145,70,75,145,No Group
Manchester City Council - Chorlton,Chorlton Place,2019,March,9,Friday,01 Mar 2019,20:00,67,78,145,67,78,145,No Group
Manchester City Council - Chorlton,Chorlton Place,2019,March,9,Friday,01 Mar 2019,21:00,50,44,94,50,44,94,No Group
Manchester City Council - Chorlton,Chorlton Place,2019,March,9,Friday,01 Mar 2019,22:00,38,42,80,38,42,80,No Group
Manchester City Council - Chorlton,Chorlton Place,2019,March,9,Friday,01 Mar 2019,23:00,27,32,59,27,32,59,No Group
Manchester City Council - Chorlton,Chorlton Place,2019,March,9,Saturday,02 Mar 2019,00:00,19,21,40,19,21,40,No Group
Manchester City Council - Chorlton,Chorlton Place,2019,March,9,Saturday,02 Mar 2019,01:00,20,27,47,20,27,47,No Group
Manchester City Council - Chorlton,Chorlton Place,2019,March,9,Saturday,02 Mar 2019,02:00,1,16,17,1,16,17,No Group
Manchester City Council - Chorlton,Chorlton Place,2019,March,9,Saturday,02 Mar 2019,03:00,2,9,11,2,9,11,No Group
Manchester City Council - Chorlton,Chorlton Place,2019,March,9,Saturday,02 Mar 2019,04:00,3,4,7,3,4,7,No Group
Manchester City Council - Chorlton,Chorlton Place,2019,March,9,Saturday,02 Mar 2019,05:00,2,9,11,2,9,11,No Group
Manchester City Council - Chorlton,Chorlton Place,2019,March,9,Saturday,02 Mar 2019,06:00,7,16,23,7,16,23,No Group
Manchester City Council - Chorlton,Chorlton Place,2019,March,9,Saturday,02 Mar 2019,07:00,13,23,36,13,23,36,No Group
Manchester City Council - Chorlton,Chorlton Place,2019,March,9,Saturday,02 Mar 2019,08:00,57,69,126,57,69,126,No Group
Manchester City Council - Chorlton,Chorlton Place,2019,March,9,Saturday,02 Mar 2019,09:00,159,173,332,159,173,332,No Group
Manchester City Council - Chorlton,Chorlton Place,2019,March,9,Saturday,02 Mar 2019,10:00,204,250,454,204,250,454,No Group
Manchester City Council - Chorlton,Chorlton Place,2019,March,9,Saturday,02 Mar 2019,11:00,403,646,1049,403,646,1049,No Group
Manchester City Council - Chorlton,Chorlton Place,2019,March,9,Saturday,02 Mar 2019,12:00,466,572,1038,466,572,1038,No Group
Manchester City Council - Chorlton,Chorlton Place,2019,March,9,Saturday,02 Mar 2019,13:00,260,291,551,260,291,551,No Group
Manchester City Council - Chorlton,Chorlton Place,2019,March,9,Saturday,02 Mar 2019,14:00,289,287,576,289,287,576,No Group
Manchester City Council - Chorlton,Chorlton Place,2019,March,9,Saturday,02 Mar 2019,15:00,212,261,473,212,261,473,No Group
Manchester City Council - Chorlton,Chorlton Place,2019,March,9,Saturday,02 Mar 2019,16:00,172,151,323,172,151,323,No Group
Manchester City Council - Chorlton,Chorlton Place,2019,March,9,Saturday,02 Mar 2019,17:00,113,105,218,113,105,218,No Group
Manchester City Council - Chorlton,Chorlton Place,2019,March,9,Saturday,02 Mar 2019,18:00,66,81,147,66,81,147,No Group
Manchester City Council - Chorlton,Chorlton Place,2019,March,9,Saturday,02 Mar 2019,19:00,65,72,137,65,72,137,No Group
Manchester City Council - Chorlton,Chorlton Place,2019,March,9,Saturday,02 Mar 2019,20:00,52,63,115,52,63,115,No Group
Manchester City Council - Chorlton,Chorlton Place,2019,March,9,Saturday,02 Mar 2019,21:00,50,62,112,50,62,112,No Group
Manchester City Council - Chorlton,Chorlton Place,2019,March,9,Saturday,02 Mar 2019,22:00,37,45,82,37,45,82,No Group
Manchester City Council - Chorlton,Chorlton Place,2019,March,9,Saturday,02 Mar 2019,23:00,43,35,78,43,35,78,No Group
Manchester City Council - Chorlton,Chorlton Place,2019,March,9,Sunday,03 Mar 2019,00:00,26,18,44,26,18,44,No Group
Manchester City Council - Chorlton,Chorlton Place,2019,March,9,Sunday,03 Mar 2019,01:00,16,4,20,16,4,20,No Group
Manchester City Council - Chorlton,Chorlton Place,2019,March,9,Sunday,03 Mar 2019,02:00,8,8,16,8,8,16,No Group
Manchester City Council - Chorlton,Chorlton Place,2019,March,9,Sunday,03 Mar 2019,03:00,3,1,4,3,1,4,No Group
Manchester City Council - Chorlton,Chorlton Place,2019,March,9,Sunday,03 Mar 2019,04:00,1,0,1,1,0,1,No Group
Manchester City Council - Chorlton,Chorlton Place,2019,March,9,Sunday,03 Mar 2019,05:00,1,2,3,1,2,3,No Group
Manchester City Council - Chorlton,Chorlton Place,2019,March,9,Sunday,03 Mar 2019,06:00,3,6,9,3,6,9,No Group
Manchester City Council - Chorlton,Chorlton Place,2019,March,9,Sunday,03 Mar 2019,07:00,9,12,21,9,12,21,No Group
Manchester City Council - Chorlton,Chorlton Place,2019,March,9,Sunday,03 Mar 2019,08:00,19,28,47,19,28,47,No Group
Manchester City Council - Chorlton,Chorlton Place,2019,March,9,Sunday,03 Mar 2019,09:00,60,67,127,60,67,127,No Group
Manchester City Council - Chorlton,Chorlton Place,2019,March,9,Sunday,03 Mar 2019,10:00,176,125,301,176,125,301,No Group
Manchester City Council - Chorlton,Chorlton Place,2019,March,9,Sunday,03 Mar 2019,11:00,125,153,278,125,153,278,No Group
Manchester City Council - Chorlton,Chorlton Place,2019,March,9,Sunday,03 Mar 2019,12:00,167,179,346,167,179,346,No Group
Manchester City Council - Chorlton,Chorlton Place,2019,March,9,Sunday,03 Mar 2019,13:00,150,197,347,150,197,347,No Group
Manchester City Council - Chorlton,Chorlton Place,2019,March,9,Sunday,03 Mar 2019,14:00,173,182,355,173,182,355,No Group
Manchester City Council - Chorlton,Chorlton Place,2019,March,9,Sunday,03 Mar 2019,15:00,139,156,295,139,156,295,No Group
Manchester City Council - Chorlton,Chorlton Place,2019,March,9,Sunday,03 Mar 2019,16:00,157,174,331,157,174,331,No Group
Manchester City Council - Chorlton,Chorlton Place,2019,March,9,Sunday,03 Mar 2019,17:00,77,93,170,77,93,170,No Group
Manchester City Council - Chorlton,Chorlton Place,2019,March,9,Sunday,03 Mar 2019,18:00,49,73,122,49,73,122,No Group
Manchester City Council - Chorlton,Chorlton Place,2019,March,9,Sunday,03 Mar 2019,19:00,38,55,93,38,55,93,No Group
Manchester City Council - Chorlton,Chorlton Place,2019,March,9,Sunday,03 Mar 2019,20:00,27,36,63,27,36,63,No Group
Manchester City Council - Chorlton,Chorlton Place,2019,March,9,Sunday,03 Mar 2019,21:00,14,21,35,14,21,35,No Group
Manchester City Council - Chorlton,Chorlton Place,2019,March,9,Sunday,03 Mar 2019,22:00,11,44,55,11,44,55,No Group
Manchester City Council - Chorlton,Chorlton Place,2019,March,9,Sunday,03 Mar 2019,23:00,8,7,15,8,7,15,No Group
Manchester City Council - Chorlton,Chorlton Place,2019,March,10,Monday,04 Mar 2019,00:00,9,14,23,9,14,23,No Group
Manchester City Council - Chorlton,Chorlton Place,2019,March,10,Monday,04 Mar 2019,01:00,4,4,8,4,4,8,No Group
Manchester City Council - Chorlton,Chorlton Place,2019,March,10,Monday,04 Mar 2019,02:00,0,1,1,0,1,1,No Group
Manchester City Council - Chorlton,Chorlton Place,2019,March,10,Monday,04 Mar 2019,03:00,0,1,1,0,1,1,No Group
Manchester City Council - Chorlton,Chorlton Place,2019,March,10,Monday,04 Mar 2019,04:00,0,1,1,0,1,1,No Group
Manchester City Council - Chorlton,Chorlton Place,2019,March,10,Monday,04 Mar 2019,05:00,0,4,4,0,4,4,No Group
Manchester City Council - Chorlton,Chorlton Place,2019,March,10,Monday,04 Mar 2019,06:00,12,24,36,12,24,36,No Group
Manchester City Council - Chorlton,Chorlton Place,2019,March,10,Monday,04 Mar 2019,07:00,34,87,121,34,87,121,No Group
Manchester City Council - Chorlton,Chorlton Place,2019,March,10,Monday,04 Mar 2019,08:00,37,148,185,37,148,185,No Group
Manchester City Council - Chorlton,Chorlton Place,2019,March,10,Monday,04 Mar 2019,09:00,121,311,432,121,311,432,No Group
Manchester City Council - Chorlton,Chorlton Place,2019,March,10,Monday,04 Mar 2019,10:00,163,331,494,163,331,494,No Group
Manchester City Council - Chorlton,Chorlton Place,2019,March,10,Monday,04 Mar 2019,11:00,182,314,496,182,314,496,No Group
Manchester City Council - Chorlton,Chorlton Place,2019,March,10,Monday,04 Mar 2019,12:00,352,496,848,352,496,848,No Group
Manchester City Council - Chorlton,Chorlton Place,2019,March,10,Monday,04 Mar 2019,13:00,175,220,395,175,220,395,No Group
Manchester City Council - Chorlton,Chorlton Place,2019,March,10,Monday,04 Mar 2019,14:00,166,227,393,166,227,393,No Group
Manchester City Council - Chorlton,Chorlton Place,2019,March,10,Monday,04 Mar 2019,15:00,153,180,333,153,180,333,No Group
Manchester City Council - Chorlton,Chorlton Place,2019,March,10,Monday,04 Mar 2019,16:00,154,141,295,154,141,295,No Group
Manchester City Council - Chorlton,Chorlton Place,2019,March,10,Monday,04 Mar 2019,17:00,137,97,234,137,97,234,No Group
Manchester City Council - Chorlton,Chorlton Place,2019,March,10,Monday,04 Mar 2019,18:00,101,86,187,101,86,187,No Group
Manchester City Council - Chorlton,Chorlton Place,2019,March,10,Monday,04 Mar 2019,19:00,36,50,86,36,50,86,No Group
Manchester City Council - Chorlton,Chorlton Place,2019,March,10,Monday,04 Mar 2019,20:00,32,56,88,32,56,88,No Group
Manchester City Council - Chorlton,Chorlton Place,2019,March,10,Monday,04 Mar 2019,21:00,15,41,56,15,41,56,No Group
Manchester City Council - Chorlton,Chorlton Place,2019,March,10,Monday,04 Mar 2019,22:00,8,23,31,8,23,31,No Group
Manchester City Council - Chorlton,Chorlton Place,2019,March,10,Monday,04 Mar 2019,23:00,14,4,18,14,4,18,No Group
Manchester City Council - Chorlton,Chorlton Place,2019,March,10,Tuesday,05 Mar 2019,00:00,5,1,6,5,1,6,No Group
Manchester City Council - Chorlton,Chorlton Place,2019,March,10,Tuesday,05 Mar 2019,01:00,2,1,3,2,1,3,No Group
Manchester City Council - Chorlton,Chorlton Place,2019,March,10,Tuesday,05 Mar 2019,02:00,5,9,14,5,9,14,No Group
Manchester City Council - Chorlton,Chorlton Place,2019,March,10,Tuesday,05 Mar 2019,03:00,0,1,1,0,1,1,No Group
Manchester City Council - Chorlton,Chorlton Place,2019,March,10,Tuesday,05 Mar 2019,04:00,0,2,2,0,2,2,No Group
Manchester City Council - Chorlton,Chorlton Place,2019,March,10,Tuesday,05 Mar 2019,05:00,5,10,15,5,10,15,No Group
Manchester City Council - Chorlton,Chorlton Place,2019,March,10,Tuesday,05 Mar 2019,06:00,7,23,30,7,23,30,No Group
Manchester City Council - Chorlton,Chorlton Place,2019,March,10,Tuesday,05 Mar 2019,07:00,26,106,132,26,106,132,No Group
Manchester City Council - Chorlton,Chorlton Place,2019,March,10,Tuesday,05 Mar 2019,08:00,38,189,227,38,189,227,No Group
Manchester City Council - Chorlton,Chorlton Place,2019,March,10,Tuesday,05 Mar 2019,09:00,116,177,293,116,177,293,No Group
Manchester City Council - Chorlton,Chorlton Place,2019,March,10,Tuesday,05 Mar 2019,10:00,147,233,380,147,233,380,No Group
Manchester City Council - Chorlton,Chorlton Place,2019,March,10,Tuesday,05 Mar 2019,11:00,214,268,482,214,268,482,No Group
Manchester City Council - Chorlton,Chorlton Place,2019,March,10,Tuesday,05 Mar 2019,12:00,163,180,343,163,180,343,No Group
Manchester City Council - Chorlton,Chorlton Place,2019,March,10,Tuesday,05 Mar 2019,13:00,247,382,629,247,382,629,No Group
Manchester City Council - Chorlton,Chorlton Place,2019,March,10,Tuesday,05 Mar 2019,14:00,197,250,447,197,250,447,No Group
Manchester City Council - Chorlton,Chorlton Place,2019,March,10,Tuesday,05 Mar 2019,15:00,219,272,491,219,272,491,No Group
Manchester City Council - Chorlton,Chorlton Place,2019,March,10,Tuesday,05 Mar 2019,16:00,218,223,441,218,223,441,No Group
Manchester City Council - Chorlton,Chorlton Place,2019,March,10,Tuesday,05 Mar 2019,17:00,110,79,189,110,79,189,No Group
Manchester City Council - Chorlton,Chorlton Place,2019,March,10,Tuesday,05 Mar 2019,18:00,104,70,174,104,70,174,No Group
Manchester City Council - Chorlton,Chorlton Place,2019,March,10,Tuesday,05 Mar 2019,19:00,72,39,111,72,39,111,No Group
Manchester City Council - Chorlton,Chorlton Place,2019,March,10,Tuesday,05 Mar 2019,20:00,30,31,61,30,31,61,No Group
Manchester City Council - Chorlton,Chorlton Place,2019,March,10,Tuesday,05 Mar 2019,21:00,22,31,53,22,31,53,No Group
Manchester City Council - Chorlton,Chorlton Place,2019,March,10,Tuesday,05 Mar 2019,22:00,13,26,39,13,26,39,No Group
Manchester City Council - Chorlton,Chorlton Place,2019,March,10,Tuesday,05 Mar 2019,23:00,12,16,28,12,16,28,No Group
Manchester City Council - Chorlton,Chorlton Place,2019,March,10,Wednesday,06 Mar 2019,00:00,0,10,10,0,10,10,No Group
Manchester City Council - Chorlton,Chorlton Place,2019,March,10,Wednesday,06 Mar 2019,01:00,3,5,8,3,5,8,No Group
Manchester City Council - Chorlton,Chorlton Place,2019,March,10,Wednesday,06 Mar 2019,02:00,4,6,10,4,6,10,No Group
Manchester City Council - Chorlton,Chorlton Place,2019,March,10,Wednesday,06 Mar 2019,03:00,0,3,3,0,3,3,No Group
Manchester City Council - Chorlton,Chorlton Place,2019,March,10,Wednesday,06 Mar 2019,04:00,0,3,3,0,3,3,No Group
Manchester City Council - Chorlton,Chorlton Place,2019,March,10,Wednesday,06 Mar 2019,05:00,2,9,11,2,9,11,No Group
Manchester City Council - Chorlton,Chorlton Place,2019,March,10,Wednesday,06 Mar 2019,06:00,3,24,27,3,24,27,No Group
Manchester City Council - Chorlton,Chorlton Place,2019,March,10,Wednesday,06 Mar 2019,07:00,23,97,120,23,97,120,No Group
Manchester City Council - Chorlton,Chorlton Place,2019,March,10,Wednesday,06 Mar 2019,08:00,32,133,165,32,133,165,No Group
Manchester City Council - Chorlton,Chorlton Place,2019,March,10,Wednesday,06 Mar 2019,09:00,80,124,204,80,124,204,No Group
Manchester City Council - Chorlton,Chorlton Place,2019,March,10,Wednesday,06 Mar 2019,10:00,120,142,262,120,142,262,No Group
Manchester City Council - Chorlton,Chorlton Place,2019,March,10,Wednesday,06 Mar 2019,11:00,67,70,137,67,70,137,No Group
Manchester City Council - Chorlton,Chorlton Place,2019,March,10,Wednesday,06 Mar 2019,12:00,145,190,335,145,190,335,No Group
Manchester City Council - Chorlton,Chorlton Place,2019,March,10,Wednesday,06 Mar 2019,13:00,149,197,346,149,197,346,No Group
Manchester City Council - Chorlton,Chorlton Place,2019,March,10,Wednesday,06 Mar 2019,14:00,149,151,300,149,151,300,No Group
Manchester City Council - Chorlton,Chorlton Place,2019,March,10,Wednesday,06 Mar 2019,15:00,165,190,355,165,190,355,No Group
Manchester City Council - Chorlton,Chorlton Place,2019,March,10,Wednesday,06 Mar 2019,16:00,105,92,197,105,92,197,No Group
Manchester City Council - Chorlton,Chorlton Place,2019,March,10,Wednesday,06 Mar 2019,17:00,85,61,146,85,61,146,No Group
Manchester City Council - Chorlton,Chorlton Place,2019,March,10,Wednesday,06 Mar 2019,18:00,106,77,183,106,77,183,No Group
Manchester City Council - Chorlton,Chorlton Place,2019,March,10,Wednesday,06 Mar 2019,19:00,76,62,138,76,62,138,No Group
Manchester City Council - Chorlton,Chorlton Place,2019,March,10,Wednesday,06 Mar 2019,20:00,42,49,91,42,49,91,No Group
Manchester City Council - Chorlton,Chorlton Place,2019,March,10,Wednesday,06 Mar 2019,21:00,30,36,66,30,36,66,No Group
Manchester City Council - Chorlton,Chorlton Place,2019,March,10,Wednesday,06 Mar 2019,22:00,25,34,59,25,34,59,No Group
Manchester City Council - Chorlton,Chorlton Place,2019,March,10,Wednesday,06 Mar 2019,23:00,18,8,26,18,8,26,No Group
Manchester City Council - Chorlton,Chorlton Place,2019,March,10,Thursday,07 Mar 2019,00:00,10,1,11,10,1,11,No Group
Manchester City Council - Chorlton,Chorlton Place,2019,March,10,Thursday,07 Mar 2019,01:00,3,1,4,3,1,4,No Group
Manchester City Council - Chorlton,Chorlton Place,2019,March,10,Thursday,07 Mar 2019,02:00,0,1,1,0,1,1,No Group
Manchester City Council - Chorlton,Chorlton Place,2019,March,10,Thursday,07 Mar 2019,03:00,0,1,1,0,1,1,No Group
Manchester City Council - Chorlton,Chorlton Place,2019,March,10,Thursday,07 Mar 2019,04:00,0,3,3,0,3,3,No Group
Manchester City Council - Chorlton,Chorlton Place,2019,March,10,Thursday,07 Mar 2019,05:00,1,3,4,1,3,4,No Group
Manchester City Council - Chorlton,Chorlton Place,2019,March,10,Thursday,07 Mar 2019,06:00,7,25,32,7,25,32,No Group
Manchester City Council - Chorlton,Chorlton Place,2019,March,10,Thursday,07 Mar 2019,07:00,55,129,184,55,129,184,No Group
Manchester City Council - Chorlton,Chorlton Place,2019,March,10,Thursday,07 Mar 2019,08:00,46,218,264,46,218,264,No Group
Manchester City Council - Chorlton,Chorlton Place,2019,March,10,Thursday,07 Mar 2019,09:00,123,184,307,123,184,307,No Group
Manchester City Council - Chorlton,Chorlton Place,2019,March,10,Thursday,07 Mar 2019,10:00,243,214,457,243,214,457,No Group
Manchester City Council - Chorlton,Chorlton Place,2019,March,10,Thursday,07 Mar 2019,11:00,153,166,319,153,166,319,No Group
Manchester City Council - Chorlton,Chorlton Place,2019,March,10,Thursday,07 Mar 2019,12:00,167,237,404,167,237,404,No Group
Manchester City Council - Chorlton,Chorlton Place,2019,March,10,Thursday,07 Mar 2019,13:00,210,238,448,210,238,448,No Group
Manchester City Council - Chorlton,Chorlton Place,2019,March,10,Thursday,07 Mar 2019,14:00,204,223,427,204,223,427,No Group
Manchester City Council - Chorlton,Chorlton Place,2019,March,10,Thursday,07 Mar 2019,15:00,190,195,385,190,195,385,No Group
Manchester City Council - Chorlton,Chorlton Place,2019,March,10,Thursday,07 Mar 2019,16:00,157,157,314,157,157,314,No Group
Manchester City Council - Chorlton,Chorlton Place,2019,March,10,Thursday,07 Mar 2019,17:00,132,98,230,132,98,230,No Group
Manchester City Council - Chorlton,Chorlton Place,2019,March,10,Thursday,07 Mar 2019,18:00,91,66,157,91,66,157,No Group
Manchester City Council - Chorlton,Chorlton Place,2019,March,10,Thursday,07 Mar 2019,19:00,63,52,115,63,52,115,No Group
Manchester City Council - Chorlton,Chorlton Place,2019,March,10,Thursday,07 Mar 2019,20:00,49,48,97,49,48,97,No Group
Manchester City Council - Chorlton,Chorlton Place,2019,March,10,Thursday,07 Mar 2019,21:00,18,32,50,18,32,50,No Group
Manchester City Council - Chorlton,Chorlton Place,2019,March,10,Thursday,07 Mar 2019,22:00,17,14,31,17,14,31,No Group
Manchester City Council - Chorlton,Chorlton Place,2019,March,10,Thursday,07 Mar 2019,23:00,18,11,29,18,11,29,No Group
Manchester City Council - Chorlton,Chorlton Place,2019,March,10,Friday,08 Mar 2019,00:00,8,2,10,8,2,10,No Group
Manchester City Council - Chorlton,Chorlton Place,2019,March,10,Friday,08 Mar 2019,01:00,2,1,3,2,1,3,No Group
Manchester City Council - Chorlton,Chorlton Place,2019,March,10,Friday,08 Mar 2019,02:00,0,1,1,0,1,1,No Group
Manchester City Council - Chorlton,Chorlton Place,2019,March,10,Friday,08 Mar 2019,03:00,0,2,2,0,2,2,No Group
Manchester City Council - Chorlton,Chorlton Place,2019,March,10,Friday,08 Mar 2019,04:00,5,5,10,5,5,10,No Group
Manchester City Council - Chorlton,Chorlton Place,2019,March,10,Friday,08 Mar 2019,05:00,2,7,9,2,7,9,No Group
Manchester City Council - Chorlton,Chorlton Place,2019,March,10,Friday,08 Mar 2019,06:00,5,24,29,5,24,29,No Group
Manchester City Council - Chorlton,Chorlton Place,2019,March,10,Friday,08 Mar 2019,07:00,25,95,120,25,95,120,No Group
Manchester City Council - Chorlton,Chorlton Place,2019,March,10,Friday,08 Mar 2019,08:00,39,115,154,39,115,154,No Group
Manchester City Council - Chorlton,Chorlton Place,2019,March,10,Friday,08 Mar 2019,09:00,101,157,258,101,157,258,No Group
Manchester City Council - Chorlton,Chorlton Place,2019,March,10,Friday,08 Mar 2019,10:00,111,166,277,111,166,277,No Group
Manchester City Council - Chorlton,Chorlton Place,2019,March,10,Friday,08 Mar 2019,11:00,152,193,345,152,193,345,No Group
Manchester City Council - Chorlton,Chorlton Place,2019,March,10,Friday,08 Mar 2019,12:00,262,234,496,262,234,496,No Group
Manchester City Council - Chorlton,Chorlton Place,2019,March,10,Friday,08 Mar 2019,13:00,181,258,439,181,258,439,No Group
Manchester City Council - Chorlton,Chorlton Place,2019,March,10,Friday,08 Mar 2019,14:00,172,204,376,172,204,376,No Group
Manchester City Council - Chorlton,Chorlton Place,2019,March,10,Friday,08 Mar 2019,15:00,225,239,464,225,239,464,No Group
Manchester City Council - Chorlton,Chorlton Place,2019,March,10,Friday,08 Mar 2019,16:00,230,194,424,230,194,424,No Group
Manchester City Council - Chorlton,Chorlton Place,2019,March,10,Friday,08 Mar 2019,17:00,133,112,245,133,112,245,No Group
Manchester City Council - Chorlton,Chorlton Place,2019,March,10,Friday,08 Mar 2019,18:00,68,77,145,68,77,145,No Group
Manchester City Council - Chorlton,Chorlton Place,2019,March,10,Friday,08 Mar 2019,19:00,48,67,115,48,67,115,No Group
Manchester City Council - Chorlton,Chorlton Place,2019,March,10,Friday,08 Mar 2019,20:00,36,83,119,36,83,119,No Group
Manchester City Council - Chorlton,Chorlton Place,2019,March,10,Friday,08 Mar 2019,21:00,26,47,73,26,47,73,No Group
Manchester City Council - Chorlton,Chorlton Place,2019,March,10,Friday,08 Mar 2019,22:00,38,30,68,38,30,68,No Group
Manchester City Council - Chorlton,Chorlton Place,2019,March,10,Friday,08 Mar 2019,23:00,19,44,63,19,44,63,No Group
Manchester City Council - Chorlton,Chorlton Place,2019,March,10,Saturday,09 Mar 2019,00:00,22,20,42,22,20,42,No Group
Manchester City Council - Chorlton,Chorlton Place,2019,March,10,Saturday,09 Mar 2019,01:00,13,7,20,13,7,20,No Group
Manchester City Council - Chorlton,Chorlton Place,2019,March,10,Saturday,09 Mar 2019,02:00,8,11,19,8,11,19,No Group
Manchester City Council - Chorlton,Chorlton Place,2019,March,10,Saturday,09 Mar 2019,03:00,1,2,3,1,2,3,No Group
Manchester City Council - Chorlton,Chorlton Place,2019,March,10,Saturday,09 Mar 2019,04:00,3,3,6,3,3,6,No Group
Manchester City Council - Chorlton,Chorlton Place,2019,March,10,Saturday,09 Mar 2019,05:00,2,5,7,2,5,7,No Group
Manchester City Council - Chorlton,Chorlton Place,2019,March,10,Saturday,09 Mar 2019,06:00,4,9,13,4,9,13,No Group
Manchester City Council - Chorlton,Chorlton Place,2019,March,10,Saturday,09 Mar 2019,07:00,14,40,54,14,40,54,No Group
Manchester City Council - Chorlton,Chorlton Place,2019,March,10,Saturday,09 Mar 2019,08:00,122,96,218,122,96,218,No Group
Manchester City Council - Chorlton,Chorlton Place,2019,March,10,Saturday,09 Mar 2019,09:00,122,128,250,122,128,250,No Group
Manchester City Council - Chorlton,Chorlton Place,2019,March,10,Saturday,09 Mar 2019,10:00,196,205,401,196,205,401,No Group
Manchester City Council - Chorlton,Chorlton Place,2019,March,10,Saturday,09 Mar 2019,11:00,321,387,708,321,387,708,No Group
Manchester City Council - Chorlton,Chorlton Place,2019,March,10,Saturday,09 Mar 2019,12:00,315,390,705,315,390,705,No Group
Manchester City Council - Chorlton,Chorlton Place,2019,March,10,Saturday,09 Mar 2019,13:00,263,296,559,263,296,559,No Group
Manchester City Council - Chorlton,Chorlton Place,2019,March,10,Saturday,09 Mar 2019,14:00,223,303,526,223,303,526,No Group
Manchester City Council - Chorlton,Chorlton Place,2019,March,10,Saturday,09 Mar 2019,15:00,301,321,622,301,321,622,No Group
Manchester City Council - Chorlton,Chorlton Place,2019,March,10,Saturday,09 Mar 2019,16:00,237,225,462,237,225,462,No Group
Manchester City Council - Chorlton,Chorlton Place,2019,March,10,Saturday,09 Mar 2019,17:00,123,118,241,123,118,241,No Group
Manchester City Council - Chorlton,Chorlton Place,2019,March,10,Saturday,09 Mar 2019,18:00,74,81,155,74,81,155,No Group
Manchester City Council - Chorlton,Chorlton Place,2019,March,10,Saturday,09 Mar 2019,19:00,43,75,118,43,75,118,No Group
Manchester City Council - Chorlton,Chorlton Place,2019,March,10,Saturday,09 Mar 2019,20:00,47,53,100,47,53,100,No Group
Manchester City Council - Chorlton,Chorlton Place,2019,March,10,Saturday,09 Mar 2019,21:00,45,51,96,45,51,96,No Group
Manchester City Council - Chorlton,Chorlton Place,2019,March,10,Saturday,09 Mar 2019,22:00,23,26,49,23,26,49,No Group
Manchester City Council - Chorlton,Chorlton Place,2019,March,10,Saturday,09 Mar 2019,23:00,32,21,53,32,21,53,No Group
Manchester City Council - Chorlton,Chorlton Place,2019,March,10,Sunday,10 Mar 2019,00:00,19,28,47,19,28,47,No Group
Manchester City Council - Chorlton,Chorlton Place,2019,March,10,Sunday,10 Mar 2019,01:00,12,6,18,12,6,18,No Group
Manchester City Council - Chorlton,Chorlton Place,2019,March,10,Sunday,10 Mar 2019,02:00,3,4,7,3,4,7,No Group
Manchester City Council - Chorlton,Chorlton Place,2019,March,10,Sunday,10 Mar 2019,03:00,1,6,7,1,6,7,No Group
Manchester City Council - Chorlton,Chorlton Place,2019,March,10,Sunday,10 Mar 2019,04:00,1,1,2,1,1,2,No Group
Manchester City Council - Chorlton,Chorlton Place,2019,March,10,Sunday,10 Mar 2019,05:00,3,0,3,3,0,3,No Group
Manchester City Council - Chorlton,Chorlton Place,2019,March,10,Sunday,10 Mar 2019,06:00,5,5,10,5,5,10,No Group
Manchester City Council - Chorlton,Chorlton Place,2019,March,10,Sunday,10 Mar 2019,07:00,5,10,15,5,10,15,No Group
Manchester City Council - Chorlton,Chorlton Place,2019,March,10,Sunday,10 Mar 2019,08:00,37,40,77,37,40,77,No Group
Manchester City Council - Chorlton,Chorlton Place,2019,March,10,Sunday,10 Mar 2019,09:00,71,102,173,71,102,173,No Group
Manchester City Council - Chorlton,Chorlton Place,2019,March,10,Sunday,10 Mar 2019,10:00,69,108,177,69,108,177,No Group
Manchester City Council - Chorlton,Chorlton Place,2019,March,10,Sunday,10 Mar 2019,11:00,145,185,330,145,185,330,No Group
Manchester City Council - Chorlton,Chorlton Place,2019,March,10,Sunday,10 Mar 2019,12:00,172,213,385,172,213,385,No Group
Manchester City Council - Chorlton,Chorlton Place,2019,March,10,Sunday,10 Mar 2019,13:00,115,189,304,115,189,304,No Group
Manchester City Council - Chorlton,Chorlton Place,2019,March,10,Sunday,10 Mar 2019,14:00,144,190,334,144,190,334,No Group
Manchester City Council - Chorlton,Chorlton Place,2019,March,10,Sunday,10 Mar 2019,15:00,141,141,282,141,141,282,No Group
Manchester City Council - Chorlton,Chorlton Place,2019,March,10,Sunday,10 Mar 2019,16:00,74,87,161,74,87,161,No Group
Manchester City Council - Chorlton,Chorlton Place,2019,March,10,Sunday,10 Mar 2019,17:00,77,65,142,77,65,142,No Group
Manchester City Council - Chorlton,Chorlton Place,2019,March,10,Sunday,10 Mar 2019,18:00,51,75,126,51,75,126,No Group
Manchester City Council - Chorlton,Chorlton Place,2019,March,10,Sunday,10 Mar 2019,19:00,21,43,64,21,43,64,No Group
Manchester City Council - Chorlton,Chorlton Place,2019,March,10,Sunday,10 Mar 2019,20:00,24,27,51,24,27,51,No Group
Manchester City Council - Chorlton,Chorlton Place,2019,March,10,Sunday,10 Mar 2019,21:00,7,29,36,7,29,36,No Group
Manchester City Council - Chorlton,Chorlton Place,2019,March,10,Sunday,10 Mar 2019,22:00,11,19,30,11,19,30,No Group
Manchester City Council - Chorlton,Chorlton Place,2019,March,10,Sunday,10 Mar 2019,23:00,10,6,16,10,6,16,No Group
Manchester City Council - Chorlton,Chorlton Place,2019,March,11,Monday,11 Mar 2019,00:00,4,11,15,4,11,15,No Group
Manchester City Council - Chorlton,Chorlton Place,2019,March,11,Monday,11 Mar 2019,01:00,2,4,6,2,4,6,No Group
Manchester City Council - Chorlton,Chorlton Place,2019,March,11,Monday,11 Mar 2019,02:00,0,2,2,0,2,2,No Group
Manchester City Council - Chorlton,Chorlton Place,2019,March,11,Monday,11 Mar 2019,03:00,0,1,1,0,1,1,No Group
Manchester City Council - Chorlton,Chorlton Place,2019,March,11,Monday,11 Mar 2019,04:00,1,0,1,1,0,1,No Group
Manchester City Council - Chorlton,Chorlton Place,2019,March,11,Monday,11 Mar 2019,05:00,0,4,4,0,4,4,No Group
Manchester City Council - Chorlton,Chorlton Place,2019,March,11,Monday,11 Mar 2019,06:00,8,19,27,8,19,27,No Group
Manchester City Council - Chorlton,Chorlton Place,2019,March,11,Monday,11 Mar 2019,07:00,23,88,111,23,88,111,No Group
Manchester City Council - Chorlton,Chorlton Place,2019,March,11,Monday,11 Mar 2019,08:00,51,151,202,51,151,202,No Group
Manchester City Council - Chorlton,Chorlton Place,2019,March,11,Monday,11 Mar 2019,09:00,120,213,333,120,213,333,No Group
Manchester City Council - Chorlton,Chorlton Place,2019,March,11,Monday,11 Mar 2019,10:00,198,314,512,198,314,512,No Group
Manchester City Council - Chorlton,Chorlton Place,2019,March,11,Monday,11 Mar 2019,11:00,206,252,458,206,252,458,No Group
Manchester City Council - Chorlton,Chorlton Place,2019,March,11,Monday,11 Mar 2019,12:00,217,273,490,217,273,490,No Group
Manchester City Council - Chorlton,Chorlton Place,2019,March,11,Monday,11 Mar 2019,13:00,251,285,536,251,285,536,No Group
Manchester City Council - Chorlton,Chorlton Place,2019,March,11,Monday,11 Mar 2019,14:00,175,210,385,175,210,385,No Group
Manchester City Council - Chorlton,Chorlton Place,2019,March,11,Monday,11 Mar 2019,15:00,163,168,331,163,168,331,No Group
Manchester City Council - Chorlton,Chorlton Place,2019,March,11,Monday,11 Mar 2019,16:00,146,141,287,146,141,287,No Group
Manchester City Council - Chorlton,Chorlton Place,2019,March,11,Monday,11 Mar 2019,17:00,110,103,213,110,103,213,No Group
Manchester City Council - Chorlton,Chorlton Place,2019,March,11,Monday,11 Mar 2019,18:00,98,86,184,98,86,184,No Group
Manchester City Council - Chorlton,Chorlton Place,2019,March,11,Monday,11 Mar 2019,19:00,59,43,102,59,43,102,No Group
Manchester City Council - Chorlton,Chorlton Place,2019,March,11,Monday,11 Mar 2019,20:00,42,32,74,42,32,74,No Group
Manchester City Council - Chorlton,Chorlton Place,2019,March,11,Monday,11 Mar 2019,21:00,19,36,55,19,36,55,No Group
Manchester City Council - Chorlton,Chorlton Place,2019,March,11,Monday,11 Mar 2019,22:00,18,24,42,18,24,42,No Group
Manchester City Council - Chorlton,Chorlton Place,2019,March,11,Monday,11 Mar 2019,23:00,7,12,19,7,12,19,No Group
Manchester City Council - Chorlton,Chorlton Place,2019,March,11,Tuesday,12 Mar 2019,00:00,4,21,25,4,21,25,No Group
Manchester City Council - Chorlton,Chorlton Place,2019,March,11,Tuesday,12 Mar 2019,01:00,0,10,10,0,10,10,No Group
Manchester City Council - Chorlton,Chorlton Place,2019,March,11,Tuesday,12 Mar 2019,02:00,6,7,13,6,7,13,No Group
Manchester City Council - Chorlton,Chorlton Place,2019,March,11,Tuesday,12 Mar 2019,03:00,2,3,5,2,3,5,No Group
Manchester City Council - Chorlton,Chorlton Place,2019,March,11,Tuesday,12 Mar 2019,04:00,2,2,4,2,2,4,No Group
Manchester City Council - Chorlton,Chorlton Place,2019,March,11,Tuesday,12 Mar 2019,05:00,4,14,18,4,14,18,No Group
Manchester City Council - Chorlton,Chorlton Place,2019,March,11,Tuesday,12 Mar 2019,06:00,16,56,72,16,56,72,No Group
Manchester City Council - Chorlton,Chorlton Place,2019,March,11,Tuesday,12 Mar 2019,07:00,43,170,213,43,170,213,No Group
Manchester City Council - Chorlton,Chorlton Place,2019,March,11,Tuesday,12 Mar 2019,08:00,62,200,262,62,200,262,No Group
Manchester City Council - Chorlton,Chorlton Place,2019,March,11,Tuesday,12 Mar 2019,09:00,93,202,295,93,202,295,No Group
Manchester City Council - Chorlton,Chorlton Place,2019,March,11,Tuesday,12 Mar 2019,10:00,162,174,336,162,174,336,No Group
Manchester City Council - Chorlton,Chorlton Place,2019,March,11,Tuesday,12 Mar 2019,11:00,187,357,544,187,357,544,No Group
Manchester City Council - Chorlton,Chorlton Place,2019,March,11,Tuesday,12 Mar 2019,12:00,180,203,383,180,203,383,No Group
Manchester City Council - Chorlton,Chorlton Place,2019,March,11,Tuesday,12 Mar 2019,13:00,156,195,351,156,195,351,No Group
Manchester City Council - Chorlton,Chorlton Place,2019,March,11,Tuesday,12 Mar 2019,14:00,165,179,344,165,179,344,No Group
Manchester City Council - Chorlton,Chorlton Place,2019,March,11,Tuesday,12 Mar 2019,15:00,204,263,467,204,263,467,No Group
Manchester City Council - Chorlton,Chorlton Place,2019,March,11,Tuesday,12 Mar 2019,16:00,188,161,349,188,161,349,No Group
Manchester City Council - Chorlton,Chorlton Place,2019,March,11,Tuesday,12 Mar 2019,17:00,113,96,209,113,96,209,No Group
Manchester City Council - Chorlton,Chorlton Place,2019,March,11,Tuesday,12 Mar 2019,18:00,111,91,202,111,91,202,No Group
Manchester City Council - Chorlton,Chorlton Place,2019,March,11,Tuesday,12 Mar 2019,19:00,64,36,100,64,36,100,No Group
Manchester City Council - Chorlton,Chorlton Place,2019,March,11,Tuesday,12 Mar 2019,20:00,37,32,69,37,32,69,No Group
Manchester City Council - Chorlton,Chorlton Place,2019,March,11,Tuesday,12 Mar 2019,21:00,26,33,59,26,33,59,No Group
Manchester City Council - Chorlton,Chorlton Place,2019,March,11,Tuesday,12 Mar 2019,22:00,22,18,40,22,18,40,No Group
Manchester City Council - Chorlton,Chorlton Place,2019,March,11,Tuesday,12 Mar 2019,23:00,16,8,24,16,8,24,No Group
Manchester City Council - Chorlton,Chorlton Place,2019,March,11,Wednesday,13 Mar 2019,00:00,2,3,5,2,3,5,No Group
Manchester City Council - Chorlton,Chorlton Place,2019,March,11,Wednesday,13 Mar 2019,01:00,0,5,5,0,5,5,No Group
Manchester City Council - Chorlton,Chorlton Place,2019,March,11,Wednesday,13 Mar 2019,02:00,0,3,3,0,3,3,No Group
Manchester City Council - Chorlton,Chorlton Place,2019,March,11,Wednesday,13 Mar 2019,03:00,1,5,6,1,5,6,No Group
Manchester City Council - Chorlton,Chorlton Place,2019,March,11,Wednesday,13 Mar 2019,04:00,0,5,5,0,5,5,No Group
Manchester City Council - Chorlton,Chorlton Place,2019,March,11,Wednesday,13 Mar 2019,05:00,2,12,14,2,12,14,No Group
Manchester City Council - Chorlton,Chorlton Place,2019,March,11,Wednesday,13 Mar 2019,06:00,15,45,60,15,45,60,No Group
Manchester City Council - Chorlton,Chorlton Place,2019,March,11,Wednesday,13 Mar 2019,07:00,31,115,146,31,115,146,No Group
Manchester City Council - Chorlton,Chorlton Place,2019,March,11,Wednesday,13 Mar 2019,08:00,50,140,190,50,140,190,No Group
Manchester City Council - Chorlton,Chorlton Place,2019,March,11,Wednesday,13 Mar 2019,09:00,80,163,243,80,163,243,No Group
Manchester City Council - Chorlton,Chorlton Place,2019,March,11,Wednesday,13 Mar 2019,10:00,109,129,238,109,129,238,No Group
Manchester City Council - Chorlton,Chorlton Place,2019,March,11,Wednesday,13 Mar 2019,11:00,138,159,297,138,159,297,No Group
Manchester City Council - Chorlton,Chorlton Place,2019,March,11,Wednesday,13 Mar 2019,12:00,120,143,263,120,143,263,No Group
Manchester City Council - Chorlton,Chorlton Place,2019,March,11,Wednesday,13 Mar 2019,13:00,143,172,315,143,172,315,No Group
Manchester City Council - Chorlton,Chorlton Place,2019,March,11,Wednesday,13 Mar 2019,14:00,106,143,249,106,143,249,No Group
Manchester City Council - Chorlton,Chorlton Place,2019,March,11,Wednesday,13 Mar 2019,15:00,134,154,288,134,154,288,No Group
Manchester City Council - Chorlton,Chorlton Place,2019,March,11,Wednesday,13 Mar 2019,16:00,119,114,233,119,114,233,No Group
Manchester City Council - Chorlton,Chorlton Place,2019,March,11,Wednesday,13 Mar 2019,17:00,151,108,259,151,108,259,No Group
Manchester City Council - Chorlton,Chorlton Place,2019,March,11,Wednesday,13 Mar 2019,18:00,95,74,169,95,74,169,No Group
Manchester City Council - Chorlton,Chorlton Place,2019,March,11,Wednesday,13 Mar 2019,19:00,75,49,124,75,49,124,No Group
Manchester City Council - Chorlton,Chorlton Place,2019,March,11,Wednesday,13 Mar 2019,20:00,40,32,72,40,32,72,No Group
Manchester City Council - Chorlton,Chorlton Place,2019,March,11,Wednesday,13 Mar 2019,21:00,22,22,44,22,22,44,No Group
Manchester City Council - Chorlton,Chorlton Place,2019,March,11,Wednesday,13 Mar 2019,22:00,15,26,41,15,26,41,No Group
Manchester City Council - Chorlton,Chorlton Place,2019,March,11,Wednesday,13 Mar 2019,23:00,8,19,27,8,19,27,No Group
Manchester City Council - Chorlton,Chorlton Place,2019,March,11,Thursday,14 Mar 2019,00:00,3,5,8,3,5,8,No Group
Manchester City Council - Chorlton,Chorlton Place,2019,March,11,Thursday,14 Mar 2019,01:00,4,10,14,4,10,14,No Group
Manchester City Council - Chorlton,Chorlton Place,2019,March,11,Thursday,14 Mar 2019,02:00,1,5,6,1,5,6,No Group
Manchester City Council - Chorlton,Chorlton Place,2019,March,11,Thursday,14 Mar 2019,03:00,2,1,3,2,1,3,No Group
Manchester City Council - Chorlton,Chorlton Place,2019,March,11,Thursday,14 Mar 2019,04:00,0,5,5,0,5,5,No Group
Manchester City Council - Chorlton,Chorlton Place,2019,March,11,Thursday,14 Mar 2019,05:00,22,25,47,22,25,47,No Group
Manchester City Council - Chorlton,Chorlton Place,2019,March,11,Thursday,14 Mar 2019,06:00,13,52,65,13,52,65,No Group
Manchester City Council - Chorlton,Chorlton Place,2019,March,11,Thursday,14 Mar 2019,07:00,36,108,144,36,108,144,No Group
Manchester City Council - Chorlton,Chorlton Place,2019,March,11,Thursday,14 Mar 2019,08:00,49,146,195,49,146,195,No Group
Manchester City Council - Chorlton,Chorlton Place,2019,March,11,Thursday,14 Mar 2019,09:00,105,210,315,105,210,315,No Group
Manchester City Council - Chorlton,Chorlton Place,2019,March,11,Thursday,14 Mar 2019,10:00,124,218,342,124,218,342,No Group
Manchester City Council - Chorlton,Chorlton Place,2019,March,11,Thursday,14 Mar 2019,11:00,196,324,520,196,324,520,No Group
Manchester City Council - Chorlton,Chorlton Place,2019,March,11,Thursday,14 Mar 2019,12:00,253,322,575,253,322,575,No Group
Manchester City Council - Chorlton,Chorlton Place,2019,March,11,Thursday,14 Mar 2019,13:00,204,230,434,204,230,434,No Group
Manchester City Council - Chorlton,Chorlton Place,2019,March,11,Thursday,14 Mar 2019,14:00,147,163,310,147,163,310,No Group
Manchester City Council - Chorlton,Chorlton Place,2019,March,11,Thursday,14 Mar 2019,15:00,152,170,322,152,170,322,No Group
Manchester City Council - Chorlton,Chorlton Place,2019,March,11,Thursday,14 Mar 2019,16:00,164,138,302,164,138,302,No Group
Manchester City Council - Chorlton,Chorlton Place,2019,March,11,Thursday,14 Mar 2019,17:00,110,88,198,110,88,198,No Group
Manchester City Council - Chorlton,Chorlton Place,2019,March,11,Thursday,14 Mar 2019,18:00,84,67,151,84,67,151,No Group
Manchester City Council - Chorlton,Chorlton Place,2019,March,11,Thursday,14 Mar 2019,19:00,69,58,127,69,58,127,No Group
Manchester City Council - Chorlton,Chorlton Place,2019,March,11,Thursday,14 Mar 2019,20:00,44,30,74,44,30,74,No Group
Manchester City Council - Chorlton,Chorlton Place,2019,March,11,Thursday,14 Mar 2019,21:00,28,36,64,28,36,64,No Group
Manchester City Council - Chorlton,Chorlton Place,2019,March,11,Thursday,14 Mar 2019,22:00,18,34,52,18,34,52,No Group
Manchester City Council - Chorlton,Chorlton Place,2019,March,11,Thursday,14 Mar 2019,23:00,1,1,2,1,1,2,No Group
Manchester City Council - Chorlton,Chorlton Place,2019,March,11,Friday,15 Mar 2019,00:00,3,1,4,3,1,4,No Group
Manchester City Council - Chorlton,Chorlton Place,2019,March,11,Friday,15 Mar 2019,01:00,0,2,2,0,2,2,No Group
Manchester City Council - Chorlton,Chorlton Place,2019,March,11,Friday,15 Mar 2019,02:00,0,3,3,0,3,3,No Group
Manchester City Council - Chorlton,Chorlton Place,2019,March,11,Friday,15 Mar 2019,03:00,0,7,7,0,7,7,No Group
Manchester City Council - Chorlton,Chorlton Place,2019,March,11,Friday,15 Mar 2019,04:00,0,5,5,0,5,5,No Group
Manchester City Council - Chorlton,Chorlton Place,2019,March,11,Friday,15 Mar 2019,05:00,1,16,17,1,16,17,No Group
Manchester City Council - Chorlton,Chorlton Place,2019,March,11,Friday,15 Mar 2019,06:00,9,29,38,9,29,38,No Group
Manchester City Council - Chorlton,Chorlton Place,2019,March,11,Friday,15 Mar 2019,07:00,33,89,122,33,89,122,No Group
Manchester City Council - Chorlton,Chorlton Place,2019,March,11,Friday,15 Mar 2019,08:00,48,141,189,48,141,189,No Group
Manchester City Council - Chorlton,Chorlton Place,2019,March,11,Friday,15 Mar 2019,09:00,107,156,263,107,156,263,No Group
Manchester City Council - Chorlton,Chorlton Place,2019,March,11,Friday,15 Mar 2019,10:00,130,174,304,130,174,304,No Group
Manchester City Council - Chorlton,Chorlton Place,2019,March,11,Friday,15 Mar 2019,11:00,144,166,310,144,166,310,No Group
Manchester City Council - Chorlton,Chorlton Place,2019,March,11,Friday,15 Mar 2019,12:00,171,181,352,171,181,352,No Group
Manchester City Council - Chorlton,Chorlton Place,2019,March,11,Friday,15 Mar 2019,13:00,156,190,346,156,190,346,No Group
Manchester City Council - Chorlton,Chorlton Place,2019,March,11,Friday,15 Mar 2019,14:00,168,165,333,168,165,333,No Group
Manchester City Council - Chorlton,Chorlton Place,2019,March,11,Friday,15 Mar 2019,15:00,205,210,415,205,210,415,No Group
Manchester City Council - Chorlton,Chorlton Place,2019,March,11,Friday,15 Mar 2019,16:00,163,172,335,163,172,335,No Group
Manchester City Council - Chorlton,Chorlton Place,2019,March,11,Friday,15 Mar 2019,17:00,141,108,249,141,108,249,No Group
Manchester City Council - Chorlton,Chorlton Place,2019,March,11,Friday,15 Mar 2019,18:00,113,90,203,113,90,203,No Group
Manchester City Council - Chorlton,Chorlton Place,2019,March,11,Friday,15 Mar 2019,19:00,84,85,169,84,85,169,No Group
Manchester City Council - Chorlton,Chorlton Place,2019,March,11,Friday,15 Mar 2019,20:00,75,78,153,75,78,153,No Group
Manchester City Council - Chorlton,Chorlton Place,2019,March,11,Friday,15 Mar 2019,21:00,61,89,150,61,89,150,No Group
Manchester City Council - Chorlton,Chorlton Place,2019,March,11,Friday,15 Mar 2019,22:00,43,62,105,43,62,105,No Group
Manchester City Council - Chorlton,Chorlton Place,2019,March,11,Friday,15 Mar 2019,23:00,44,44,88,44,44,88,No Group
Manchester City Council - Chorlton,Chorlton Place,2019,March,11,Saturday,16 Mar 2019,00:00,33,40,73,33,40,73,No Group
Manchester City Council - Chorlton,Chorlton Place,2019,March,11,Saturday,16 Mar 2019,01:00,19,19,38,19,19,38,No Group
Manchester City Council - Chorlton,Chorlton Place,2019,March,11,Saturday,16 Mar 2019,02:00,0,12,12,0,12,12,No Group
Manchester City Council - Chorlton,Chorlton Place,2019,March,11,Saturday,16 Mar 2019,03:00,1,9,10,1,9,10,No Group
Manchester City Council - Chorlton,Chorlton Place,2019,March,11,Saturday,16 Mar 2019,04:00,2,6,8,2,6,8,No Group
Manchester City Council - Chorlton,Chorlton Place,2019,March,11,Saturday,16 Mar 2019,05:00,6,6,12,6,6,12,No Group
Manchester City Council - Chorlton,Chorlton Place,2019,March,11,Saturday,16 Mar 2019,06:00,14,17,31,14,17,31,No Group
Manchester City Council - Chorlton,Chorlton Place,2019,March,11,Saturday,16 Mar 2019,07:00,11,43,54,11,43,54,No Group
Manchester City Council - Chorlton,Chorlton Place,2019,March,11,Saturday,16 Mar 2019,08:00,51,92,143,51,92,143,No Group
Manchester City Council - Chorlton,Chorlton Place,2019,March,11,Saturday,16 Mar 2019,09:00,173,235,408,173,235,408,No Group
Manchester City Council - Chorlton,Chorlton Place,2019,March,11,Saturday,16 Mar 2019,10:00,173,204,377,173,204,377,No Group
Manchester City Council - Chorlton,Chorlton Place,2019,March,11,Saturday,16 Mar 2019,11:00,245,260,505,245,260,505,No Group
Manchester City Council - Chorlton,Chorlton Place,2019,March,11,Saturday,16 Mar 2019,12:00,298,343,641,298,343,641,No Group
Manchester City Council - Chorlton,Chorlton Place,2019,March,11,Saturday,16 Mar 2019,13:00,270,348,618,270,348,618,No Group
Manchester City Council - Chorlton,Chorlton Place,2019,March,11,Saturday,16 Mar 2019,14:00,271,293,564,271,293,564,No Group
Manchester City Council - Chorlton,Chorlton Place,2019,March,11,Saturday,16 Mar 2019,15:00,170,186,356,170,186,356,No Group
Manchester City Council - Chorlton,Chorlton Place,2019,March,11,Saturday,16 Mar 2019,16:00,181,181,362,181,181,362,No Group
Manchester City Council - Chorlton,Chorlton Place,2019,March,11,Saturday,16 Mar 2019,17:00,123,102,225,123,102,225,No Group
Manchester City Council - Chorlton,Chorlton Place,2019,March,11,Saturday,16 Mar 2019,18:00,71,68,139,71,68,139,No Group
Manchester City Council - Chorlton,Chorlton Place,2019,March,11,Saturday,16 Mar 2019,19:00,61,76,137,61,76,137,No Group
Manchester City Council - Chorlton,Chorlton Place,2019,March,11,Saturday,16 Mar 2019,20:00,31,54,85,31,54,85,No Group
Manchester City Council - Chorlton,Chorlton Place,2019,March,11,Saturday,16 Mar 2019,21:00,22,43,65,22,43,65,No Group
Manchester City Council - Chorlton,Chorlton Place,2019,March,11,Saturday,16 Mar 2019,22:00,38,38,76,38,38,76,No Group
Manchester City Council - Chorlton,Chorlton Place,2019,March,11,Saturday,16 Mar 2019,23:00,28,37,65,28,37,65,No Group
Manchester City Council - Chorlton,Chorlton Place,2019,March,11,Sunday,17 Mar 2019,00:00,24,25,49,24,25,49,No Group
Manchester City Council - Chorlton,Chorlton Place,2019,March,11,Sunday,17 Mar 2019,01:00,9,12,21,9,12,21,No Group
Manchester City Council - Chorlton,Chorlton Place,2019,March,11,Sunday,17 Mar 2019,02:00,1,12,13,1,12,13,No Group
Manchester City Council - Chorlton,Chorlton Place,2019,March,11,Sunday,17 Mar 2019,03:00,0,1,1,0,1,1,No Group
Manchester City Council - Chorlton,Chorlton Place,2019,March,11,Sunday,17 Mar 2019,04:00,2,0,2,2,0,2,No Group
Manchester City Council - Chorlton,Chorlton Place,2019,March,11,Sunday,17 Mar 2019,05:00,7,2,9,7,2,9,No Group
Manchester City Council - Chorlton,Chorlton Place,2019,March,11,Sunday,17 Mar 2019,06:00,5,5,10,5,5,10,No Group
Manchester City Council - Chorlton,Chorlton Place,2019,March,11,Sunday,17 Mar 2019,07:00,4,12,16,4,12,16,No Group
Manchester City Council - Chorlton,Chorlton Place,2019,March,11,Sunday,17 Mar 2019,08:00,20,28,48,20,28,48,No Group
Manchester City Council - Chorlton,Chorlton Place,2019,March,11,Sunday,17 Mar 2019,09:00,52,183,235,52,183,235,No Group
Manchester City Council - Chorlton,Chorlton Place,2019,March,11,Sunday,17 Mar 2019,10:00,115,142,257,115,142,257,No Group
Manchester City Council - Chorlton,Chorlton Place,2019,March,11,Sunday,17 Mar 2019,11:00,142,205,347,142,205,347,No Group
Manchester City Council - Chorlton,Chorlton Place,2019,March,11,Sunday,17 Mar 2019,12:00,165,246,411,165,246,411,No Group
Manchester City Council - Chorlton,Chorlton Place,2019,March,11,Sunday,17 Mar 2019,13:00,149,214,363,149,214,363,No Group
Manchester City Council - Chorlton,Chorlton Place,2019,March,11,Sunday,17 Mar 2019,14:00,172,219,391,172,219,391,No Group
Manchester City Council - Chorlton,Chorlton Place,2019,March,11,Sunday,17 Mar 2019,15:00,189,145,334,189,145,334,No Group
Manchester City Council - Chorlton,Chorlton Place,2019,March,11,Sunday,17 Mar 2019,16:00,83,94,177,83,94,177,No Group
Manchester City Council - Chorlton,Chorlton Place,2019,March,11,Sunday,17 Mar 2019,17:00,82,76,158,82,76,158,No Group
Manchester City Council - Chorlton,Chorlton Place,2019,March,11,Sunday,17 Mar 2019,18:00,54,47,101,54,47,101,No Group
Manchester City Council - Chorlton,Chorlton Place,2019,March,11,Sunday,17 Mar 2019,19:00,29,32,61,29,32,61,No Group
Manchester City Council - Chorlton,Chorlton Place,2019,March,11,Sunday,17 Mar 2019,20:00,32,39,71,32,39,71,No Group
Manchester City Council - Chorlton,Chorlton Place,2019,March,11,Sunday,17 Mar 2019,21:00,25,25,50,25,25,50,No Group
Manchester City Council - Chorlton,Chorlton Place,2019,March,11,Sunday,17 Mar 2019,22:00,22,26,48,22,26,48,No Group
Manchester City Council - Chorlton,Chorlton Place,2019,March,11,Sunday,17 Mar 2019,23:00,13,7,20,13,7,20,No Group
Manchester City Council - Chorlton,Chorlton Place,2019,March,12,Monday,18 Mar 2019,00:00,9,5,14,9,5,14,No Group
Manchester City Council - Chorlton,Chorlton Place,2019,March,12,Monday,18 Mar 2019,01:00,1,1,2,1,1,2,No Group
Manchester City Council - Chorlton,Chorlton Place,2019,March,12,Monday,18 Mar 2019,02:00,0,1,1,0,1,1,No Group
Manchester City Council - Chorlton,Chorlton Place,2019,March,12,Monday,18 Mar 2019,03:00,1,1,2,1,1,2,No Group
Manchester City Council - Chorlton,Chorlton Place,2019,March,12,Monday,18 Mar 2019,04:00,0,5,5,0,5,5,No Group
Manchester City Council - Chorlton,Chorlton Place,2019,March,12,Monday,18 Mar 2019,05:00,2,4,6,2,4,6,No Group
Manchester City Council - Chorlton,Chorlton Place,2019,March,12,Monday,18 Mar 2019,06:00,5,24,29,5,24,29,No Group
Manchester City Council - Chorlton,Chorlton Place,2019,March,12,Monday,18 Mar 2019,07:00,27,77,104,27,77,104,No Group
Manchester City Council - Chorlton,Chorlton Place,2019,March,12,Monday,18 Mar 2019,08:00,50,126,176,50,126,176,No Group
Manchester City Council - Chorlton,Chorlton Place,2019,March,12,Monday,18 Mar 2019,09:00,75,130,205,75,130,205,No Group
Manchester City Council - Chorlton,Chorlton Place,2019,March,12,Monday,18 Mar 2019,10:00,105,120,225,105,120,225,No Group
Manchester City Council - Chorlton,Chorlton Place,2019,March,12,Monday,18 Mar 2019,11:00,121,124,245,121,124,245,No Group
Manchester City Council - Chorlton,Chorlton Place,2019,March,12,Monday,18 Mar 2019,12:00,161,184,345,161,184,345,No Group
Manchester City Council - Chorlton,Chorlton Place,2019,March,12,Monday,18 Mar 2019,13:00,179,202,381,179,202,381,No Group
Manchester City Council - Chorlton,Chorlton Place,2019,March,12,Monday,18 Mar 2019,14:00,175,211,386,175,211,386,No Group
Manchester City Council - Chorlton,Chorlton Place,2019,March,12,Monday,18 Mar 2019,15:00,223,271,494,223,271,494,No Group
Manchester City Council - Chorlton,Chorlton Place,2019,March,12,Monday,18 Mar 2019,16:00,285,221,506,285,221,506,No Group
Manchester City Council - Chorlton,Chorlton Place,2019,March,12,Monday,18 Mar 2019,17:00,165,96,261,165,96,261,No Group
Manchester City Council - Chorlton,Chorlton Place,2019,March,12,Monday,18 Mar 2019,18:00,117,71,188,117,71,188,No Group
Manchester City Council - Chorlton,Chorlton Place,2019,March,12,Monday,18 Mar 2019,19:00,52,40,92,52,40,92,No Group
Manchester City Council - Chorlton,Chorlton Place,2019,March,12,Monday,18 Mar 2019,20:00,28,41,69,28,41,69,No Group
Manchester City Council - Chorlton,Chorlton Place,2019,March,12,Monday,18 Mar 2019,21:00,14,28,42,14,28,42,No Group
Manchester City Council - Chorlton,Chorlton Place,2019,March,12,Monday,18 Mar 2019,22:00,21,38,59,21,38,59,No Group
Manchester City Council - Chorlton,Chorlton Place,2019,March,12,Monday,18 Mar 2019,23:00,7,8,15,7,8,15,No Group
Manchester City Council - Chorlton,Chorlton Place,2019,March,12,Tuesday,19 Mar 2019,00:00,2,0,2,2,0,2,No Group
Manchester City Council - Chorlton,Chorlton Place,2019,March,12,Tuesday,19 Mar 2019,01:00,0,2,2,0,2,2,No Group
Manchester City Council - Chorlton,Chorlton Place,2019,March,12,Tuesday,19 Mar 2019,02:00,4,8,12,4,8,12,No Group
Manchester City Council - Chorlton,Chorlton Place,2019,March,12,Tuesday,19 Mar 2019,03:00,0,2,2,0,2,2,No Group
Manchester City Council - Chorlton,Chorlton Place,2019,March,12,Tuesday,19 Mar 2019,04:00,2,3,5,2,3,5,No Group
Manchester City Council - Chorlton,Chorlton Place,2019,March,12,Tuesday,19 Mar 2019,05:00,13,10,23,13,10,23,No Group
Manchester City Council - Chorlton,Chorlton Place,2019,March,12,Tuesday,19 Mar 2019,06:00,9,33,42,9,33,42,No Group
Manchester City Council - Chorlton,Chorlton Place,2019,March,12,Tuesday,19 Mar 2019,07:00,39,127,166,39,127,166,No Group
Manchester City Council - Chorlton,Chorlton Place,2019,March,12,Tuesday,19 Mar 2019,08:00,32,137,169,32,137,169,No Group
Manchester City Council - Chorlton,Chorlton Place,2019,March,12,Tuesday,19 Mar 2019,09:00,112,146,258,112,146,258,No Group
Manchester City Council - Chorlton,Chorlton Place,2019,March,12,Tuesday,19 Mar 2019,10:00,136,155,291,136,155,291,No Group
Manchester City Council - Chorlton,Chorlton Place,2019,March,12,Tuesday,19 Mar 2019,11:00,127,134,261,127,134,261,No Group
Manchester City Council - Chorlton,Chorlton Place,2019,March,12,Tuesday,19 Mar 2019,12:00,171,225,396,171,225,396,No Group
Manchester City Council - Chorlton,Chorlton Place,2019,March,12,Tuesday,19 Mar 2019,13:00,122,150,272,122,150,272,No Group
Manchester City Council - Chorlton,Chorlton Place,2019,March,12,Tuesday,19 Mar 2019,14:00,145,157,302,145,157,302,No Group
Manchester City Council - Chorlton,Chorlton Place,2019,March,12,Tuesday,19 Mar 2019,15:00,138,165,303,138,165,303,No Group
Manchester City Council - Chorlton,Chorlton Place,2019,March,12,Tuesday,19 Mar 2019,16:00,138,122,260,138,122,260,No Group
Manchester City Council - Chorlton,Chorlton Place,2019,March,12,Tuesday,19 Mar 2019,17:00,105,78,183,105,78,183,No Group
Manchester City Council - Chorlton,Chorlton Place,2019,March,12,Tuesday,19 Mar 2019,18:00,100,79,179,100,79,179,No Group
Manchester City Council - Chorlton,Chorlton Place,2019,March,12,Tuesday,19 Mar 2019,19:00,56,58,114,56,58,114,No Group
Manchester City Council - Chorlton,Chorlton Place,2019,March,12,Tuesday,19 Mar 2019,20:00,48,43,91,48,43,91,No Group
Manchester City Council - Chorlton,Chorlton Place,2019,March,12,Tuesday,19 Mar 2019,21:00,22,24,46,22,24,46,No Group
Manchester City Council - Chorlton,Chorlton Place,2019,March,12,Tuesday,19 Mar 2019,22:00,20,20,40,20,20,40,No Group
Manchester City Council - Chorlton,Chorlton Place,2019,March,12,Tuesday,19 Mar 2019,23:00,13,12,25,13,12,25,No Group
Manchester City Council - Chorlton,Chorlton Place,2019,March,12,Wednesday,20 Mar 2019,00:00,6,2,8,6,2,8,No Group
Manchester City Council - Chorlton,Chorlton Place,2019,March,12,Wednesday,20 Mar 2019,01:00,4,0,4,4,0,4,No Group
Manchester City Council - Chorlton,Chorlton Place,2019,March,12,Wednesday,20 Mar 2019,02:00,2,2,4,2,2,4,No Group
Manchester City Council - Chorlton,Chorlton Place,2019,March,12,Wednesday,20 Mar 2019,03:00,0,1,1,0,1,1,No Group
Manchester City Council - Chorlton,Chorlton Place,2019,March,12,Wednesday,20 Mar 2019,04:00,0,5,5,0,5,5,No Group
Manchester City Council - Chorlton,Chorlton Place,2019,March,12,Wednesday,20 Mar 2019,05:00,2,4,6,2,4,6,No Group
Manchester City Council - Chorlton,Chorlton Place,2019,March,12,Wednesday,20 Mar 2019,06:00,2,17,19,2,17,19,No Group
Manchester City Council - Chorlton,Chorlton Place,2019,March,12,Wednesday,20 Mar 2019,07:00,19,76,95,19,76,95,No Group
Manchester City Council - Chorlton,Chorlton Place,2019,March,12,Wednesday,20 Mar 2019,08:00,42,138,180,42,138,180,No Group
Manchester City Council - Chorlton,Chorlton Place,2019,March,12,Wednesday,20 Mar 2019,09:00,114,173,287,114,173,287,No Group
Manchester City Council - Chorlton,Chorlton Place,2019,March,12,Wednesday,20 Mar 2019,10:00,185,315,500,185,315,500,No Group
Manchester City Council - Chorlton,Chorlton Place,2019,March,12,Wednesday,20 Mar 2019,11:00,269,384,653,269,384,653,No Group
Manchester City Council - Chorlton,Chorlton Place,2019,March,12,Wednesday,20 Mar 2019,12:00,292,409,701,292,409,701,No Group
Manchester City Council - Chorlton,Chorlton Place,2019,March,12,Wednesday,20 Mar 2019,13:00,234,265,499,234,265,499,No Group
Manchester City Council - Chorlton,Chorlton Place,2019,March,12,Wednesday,20 Mar 2019,14:00,168,237,405,168,237,405,No Group
Manchester City Council - Chorlton,Chorlton Place,2019,March,12,Wednesday,20 Mar 2019,15:00,191,242,433,191,242,433,No Group
Manchester City Council - Chorlton,Chorlton Place,2019,March,12,Wednesday,20 Mar 2019,16:00,154,174,328,154,174,328,No Group
Manchester City Council - Chorlton,Chorlton Place,2019,March,12,Wednesday,20 Mar 2019,17:00,124,113,237,124,113,237,No Group
Manchester City Council - Chorlton,Chorlton Place,2019,March,12,Wednesday,20 Mar 2019,18:00,98,72,170,98,72,170,No Group
Manchester City Council - Chorlton,Chorlton Place,2019,March,12,Wednesday,20 Mar 2019,19:00,79,54,133,79,54,133,No Group
Manchester City Council - Chorlton,Chorlton Place,2019,March,12,Wednesday,20 Mar 2019,20:00,39,38,77,39,38,77,No Group
Manchester City Council - Chorlton,Chorlton Place,2019,March,12,Wednesday,20 Mar 2019,21:00,43,34,77,43,34,77,No Group
Manchester City Council - Chorlton,Chorlton Place,2019,March,12,Wednesday,20 Mar 2019,22:00,28,9,37,28,9,37,No Group
Manchester City Council - Chorlton,Chorlton Place,2019,March,12,Wednesday,20 Mar 2019,23:00,15,7,22,15,7,22,No Group
Manchester City Council - Chorlton,Chorlton Place,2019,March,12,Thursday,21 Mar 2019,00:00,5,4,9,5,4,9,No Group
Manchester City Council - Chorlton,Chorlton Place,2019,March,12,Thursday,21 Mar 2019,01:00,0,0,0,0,0,0,No Group
Manchester City Council - Chorlton,Chorlton Place,2019,March,12,Thursday,21 Mar 2019,02:00,0,1,1,0,1,1,No Group
Manchester City Council - Chorlton,Chorlton Place,2019,March,12,Thursday,21 Mar 2019,03:00,0,2,2,0,2,2,No Group
Manchester City Council - Chorlton,Chorlton Place,2019,March,12,Thursday,21 Mar 2019,04:00,2,6,8,2,6,8,No Group
Manchester City Council - Chorlton,Chorlton Place,2019,March,12,Thursday,21 Mar 2019,05:00,3,4,7,3,4,7,No Group
Manchester City Council - Chorlton,Chorlton Place,2019,March,12,Thursday,21 Mar 2019,06:00,8,21,29,8,21,29,No Group
Manchester City Council - Chorlton,Chorlton Place,2019,March,12,Thursday,21 Mar 2019,07:00,33,107,140,33,107,140,No Group
Manchester City Council - Chorlton,Chorlton Place,2019,March,12,Thursday,21 Mar 2019,08:00,46,130,176,46,130,176,No Group
Manchester City Council - Chorlton,Chorlton Place,2019,March,12,Thursday,21 Mar 2019,09:00,87,136,223,87,136,223,No Group
Manchester City Council - Chorlton,Chorlton Place,2019,March,12,Thursday,21 Mar 2019,10:00,117,116,233,117,116,233,No Group
Manchester City Council - Chorlton,Chorlton Place,2019,March,12,Thursday,21 Mar 2019,11:00,160,159,319,160,159,319,No Group
Manchester City Council - Chorlton,Chorlton Place,2019,March,12,Thursday,21 Mar 2019,12:00,153,177,330,153,177,330,No Group
Manchester City Council - Chorlton,Chorlton Place,2019,March,12,Thursday,21 Mar 2019,13:00,131,153,284,131,153,284,No Group
Manchester City Council - Chorlton,Chorlton Place,2019,March,12,Thursday,21 Mar 2019,14:00,157,184,341,157,184,341,No Group
Manchester City Council - Chorlton,Chorlton Place,2019,March,12,Thursday,21 Mar 2019,15:00,124,160,284,124,160,284,No Group
Manchester City Council - Chorlton,Chorlton Place,2019,March,12,Thursday,21 Mar 2019,16:00,134,126,260,134,126,260,No Group
Manchester City Council - Chorlton,Chorlton Place,2019,March,12,Thursday,21 Mar 2019,17:00,125,106,231,125,106,231,No Group
Manchester City Council - Chorlton,Chorlton Place,2019,March,12,Thursday,21 Mar 2019,18:00,103,77,180,103,77,180,No Group
Manchester City Council - Chorlton,Chorlton Place,2019,March,12,Thursday,21 Mar 2019,19:00,97,76,173,97,76,173,No Group
Manchester City Council - Chorlton,Chorlton Place,2019,March,12,Thursday,21 Mar 2019,20:00,45,31,76,45,31,76,No Group
Manchester City Council - Chorlton,Chorlton Place,2019,March,12,Thursday,21 Mar 2019,21:00,30,32,62,30,32,62,No Group
Manchester City Council - Chorlton,Chorlton Place,2019,March,12,Thursday,21 Mar 2019,22:00,16,8,24,16,8,24,No Group
Manchester City Council - Chorlton,Chorlton Place,2019,March,12,Thursday,21 Mar 2019,23:00,18,9,27,18,9,27,No Group
Manchester City Council - Chorlton,Chorlton Place,2019,March,12,Friday,22 Mar 2019,00:00,11,4,15,11,4,15,No Group
Manchester City Council - Chorlton,Chorlton Place,2019,March,12,Friday,22 Mar 2019,01:00,1,2,3,1,2,3,No Group
Manchester City Council - Chorlton,Chorlton Place,2019,March,12,Friday,22 Mar 2019,02:00,0,0,0,0,0,0,No Group
Manchester City Council - Chorlton,Chorlton Place,2019,March,12,Friday,22 Mar 2019,03:00,0,3,3,0,3,3,No Group
Manchester City Council - Chorlton,Chorlton Place,2019,March,12,Friday,22 Mar 2019,04:00,0,4,4,0,4,4,No Group
Manchester City Council - Chorlton,Chorlton Place,2019,March,12,Friday,22 Mar 2019,05:00,2,3,5,2,3,5,No Group
Manchester City Council - Chorlton,Chorlton Place,2019,March,12,Friday,22 Mar 2019,06:00,4,22,26,4,22,26,No Group
Manchester City Council - Chorlton,Chorlton Place,2019,March,12,Friday,22 Mar 2019,07:00,32,89,121,32,89,121,No Group
Manchester City Council - Chorlton,Chorlton Place,2019,March,12,Friday,22 Mar 2019,08:00,48,148,196,48,148,196,No Group
Manchester City Council - Chorlton,Chorlton Place,2019,March,12,Friday,22 Mar 2019,09:00,97,137,234,97,137,234,No Group
Manchester City Council - Chorlton,Chorlton Place,2019,March,12,Friday,22 Mar 2019,10:00,124,135,259,124,135,259,No Group
Manchester City Council - Chorlton,Chorlton Place,2019,March,12,Friday,22 Mar 2019,11:00,134,166,300,134,166,300,No Group
Manchester City Council - Chorlton,Chorlton Place,2019,March,12,Friday,22 Mar 2019,12:00,166,191,357,166,191,357,No Group
Manchester City Council - Chorlton,Chorlton Place,2019,March,12,Friday,22 Mar 2019,13:00,156,205,361,156,205,361,No Group
Manchester City Council - Chorlton,Chorlton Place,2019,March,12,Friday,22 Mar 2019,14:00,178,195,373,178,195,373,No Group
Manchester City Council - Chorlton,Chorlton Place,2019,March,12,Friday,22 Mar 2019,15:00,163,174,337,163,174,337,No Group
Manchester City Council - Chorlton,Chorlton Place,2019,March,12,Friday,22 Mar 2019,16:00,156,161,317,156,161,317,No Group
Manchester City Council - Chorlton,Chorlton Place,2019,March,12,Friday,22 Mar 2019,17:00,127,91,218,127,91,218,No Group
Manchester City Council - Chorlton,Chorlton Place,2019,March,12,Friday,22 Mar 2019,18:00,105,92,197,105,92,197,No Group
Manchester City Council - Chorlton,Chorlton Place,2019,March,12,Friday,22 Mar 2019,19:00,113,78,191,113,78,191,No Group
Manchester City Council - Chorlton,Chorlton Place,2019,March,12,Friday,22 Mar 2019,20:00,44,37,81,44,37,81,No Group
Manchester City Council - Chorlton,Chorlton Place,2019,March,12,Friday,22 Mar 2019,21:00,72,48,120,72,48,120,No Group
Manchester City Council - Chorlton,Chorlton Place,2019,March,12,Friday,22 Mar 2019,22:00,33,41,74,33,41,74,No Group
Manchester City Council - Chorlton,Chorlton Place,2019,March,12,Friday,22 Mar 2019,23:00,36,38,74,36,38,74,No Group
Manchester City Council - Chorlton,Chorlton Place,2019,March,12,Saturday,23 Mar 2019,00:00,24,36,60,24,36,60,No Group
Manchester City Council - Chorlton,Chorlton Place,2019,March,12,Saturday,23 Mar 2019,01:00,18,35,53,18,35,53,No Group
Manchester City Council - Chorlton,Chorlton Place,2019,March,12,Saturday,23 Mar 2019,02:00,15,12,27,15,12,27,No Group
Manchester City Council - Chorlton,Chorlton Place,2019,March,12,Saturday,23 Mar 2019,03:00,10,9,19,10,9,19,No Group
Manchester City Council - Chorlton,Chorlton Place,2019,March,12,Saturday,23 Mar 2019,04:00,1,2,3,1,2,3,No Group
Manchester City Council - Chorlton,Chorlton Place,2019,March,12,Saturday,23 Mar 2019,05:00,7,18,25,7,18,25,No Group
Manchester City Council - Chorlton,Chorlton Place,2019,March,12,Saturday,23 Mar 2019,06:00,5,9,14,5,9,14,No Group
Manchester City Council - Chorlton,Chorlton Place,2019,March,12,Saturday,23 Mar 2019,07:00,13,25,38,13,25,38,No Group
Manchester City Council - Chorlton,Chorlton Place,2019,March,12,Saturday,23 Mar 2019,08:00,50,58,108,50,58,108,No Group
Manchester City Council - Chorlton,Chorlton Place,2019,March,12,Saturday,23 Mar 2019,09:00,177,206,383,177,206,383,No Group
Manchester City Council - Chorlton,Chorlton Place,2019,March,12,Saturday,23 Mar 2019,10:00,274,326,600,274,326,600,No Group
Manchester City Council - Chorlton,Chorlton Place,2019,March,12,Saturday,23 Mar 2019,11:00,323,431,754,323,431,754,No Group
Manchester City Council - Chorlton,Chorlton Place,2019,March,12,Saturday,23 Mar 2019,12:00,289,369,658,289,369,658,No Group
Manchester City Council - Chorlton,Chorlton Place,2019,March,12,Saturday,23 Mar 2019,13:00,271,307,578,271,307,578,No Group
Manchester City Council - Chorlton,Chorlton Place,2019,March,12,Saturday,23 Mar 2019,14:00,296,287,583,296,287,583,No Group
Manchester City Council - Chorlton,Chorlton Place,2019,March,12,Saturday,23 Mar 2019,15:00,251,270,521,251,270,521,No Group
Manchester City Council - Chorlton,Chorlton Place,2019,March,12,Saturday,23 Mar 2019,16:00,214,213,427,214,213,427,No Group
Manchester City Council - Chorlton,Chorlton Place,2019,March,12,Saturday,23 Mar 2019,17:00,109,103,212,109,103,212,No Group
Manchester City Council - Chorlton,Chorlton Place,2019,March,12,Saturday,23 Mar 2019,18:00,100,74,174,100,74,174,No Group
Manchester City Council - Chorlton,Chorlton Place,2019,March,12,Saturday,23 Mar 2019,19:00,73,81,154,73,81,154,No Group
Manchester City Council - Chorlton,Chorlton Place,2019,March,12,Saturday,23 Mar 2019,20:00,66,85,151,66,85,151,No Group
Manchester City Council - Chorlton,Chorlton Place,2019,March,12,Saturday,23 Mar 2019,21:00,52,50,102,52,50,102,No Group
Manchester City Council - Chorlton,Chorlton Place,2019,March,12,Saturday,23 Mar 2019,22:00,32,39,71,32,39,71,No Group
Manchester City Council - Chorlton,Chorlton Place,2019,March,12,Saturday,23 Mar 2019,23:00,45,66,111,45,66,111,No Group
Manchester City Council - Chorlton,Chorlton Place,2019,March,12,Sunday,24 Mar 2019,00:00,28,19,47,28,19,47,No Group
Manchester City Council - Chorlton,Chorlton Place,2019,March,12,Sunday,24 Mar 2019,01:00,21,30,51,21,30,51,No Group
Manchester City Council - Chorlton,Chorlton Place,2019,March,12,Sunday,24 Mar 2019,02:00,11,17,28,11,17,28,No Group
Manchester City Council - Chorlton,Chorlton Place,2019,March,12,Sunday,24 Mar 2019,03:00,0,5,5,0,5,5,No Group
Manchester City Council - Chorlton,Chorlton Place,2019,March,12,Sunday,24 Mar 2019,04:00,4,4,8,4,4,8,No Group
Manchester City Council - Chorlton,Chorlton Place,2019,March,12,Sunday,24 Mar 2019,05:00,1,1,2,1,1,2,No Group
Manchester City Council - Chorlton,Chorlton Place,2019,March,12,Sunday,24 Mar 2019,06:00,5,4,9,5,4,9,No Group
Manchester City Council - Chorlton,Chorlton Place,2019,March,12,Sunday,24 Mar 2019,07:00,5,17,22,5,17,22,No Group
Manchester City Council - Chorlton,Chorlton Place,2019,March,12,Sunday,24 Mar 2019,08:00,21,44,65,21,44,65,No Group
Manchester City Council - Chorlton,Chorlton Place,2019,March,12,Sunday,24 Mar 2019,09:00,48,89,137,48,89,137,No Group
Manchester City Council - Chorlton,Chorlton Place,2019,March,12,Sunday,24 Mar 2019,10:00,86,116,202,86,116,202,No Group
Manchester City Council - Chorlton,Chorlton Place,2019,March,12,Sunday,24 Mar 2019,11:00,124,174,298,124,174,298,No Group
Manchester City Council - Chorlton,Chorlton Place,2019,March,12,Sunday,24 Mar 2019,12:00,253,310,563,253,310,563,No Group
Manchester City Council - Chorlton,Chorlton Place,2019,March,12,Sunday,24 Mar 2019,13:00,217,279,496,217,279,496,No Group
Manchester City Council - Chorlton,Chorlton Place,2019,March,12,Sunday,24 Mar 2019,14:00,155,184,339,155,184,339,No Group
Manchester City Council - Chorlton,Chorlton Place,2019,March,12,Sunday,24 Mar 2019,15:00,145,142,287,145,142,287,No Group
Manchester City Council - Chorlton,Chorlton Place,2019,March,12,Sunday,24 Mar 2019,16:00,68,78,146,68,78,146,No Group
Manchester City Council - Chorlton,Chorlton Place,2019,March,12,Sunday,24 Mar 2019,17:00,79,79,158,79,79,158,No Group
Manchester City Council - Chorlton,Chorlton Place,2019,March,12,Sunday,24 Mar 2019,18:00,46,60,106,46,60,106,No Group
Manchester City Council - Chorlton,Chorlton Place,2019,March,12,Sunday,24 Mar 2019,19:00,38,38,76,38,38,76,No Group
Manchester City Council - Chorlton,Chorlton Place,2019,March,12,Sunday,24 Mar 2019,20:00,31,38,69,31,38,69,No Group
Manchester City Council - Chorlton,Chorlton Place,2019,March,12,Sunday,24 Mar 2019,21:00,12,8,20,12,8,20,No Group
Manchester City Council - Chorlton,Chorlton Place,2019,March,12,Sunday,24 Mar 2019,22:00,11,11,22,11,11,22,No Group
Manchester City Council - Chorlton,Chorlton Place,2019,March,12,Sunday,24 Mar 2019,23:00,7,6,13,7,6,13,No Group
Manchester City Council - Chorlton,Chorlton Place,2019,March,13,Monday,25 Mar 2019,00:00,7,5,12,7,5,12,No Group
Manchester City Council - Chorlton,Chorlton Place,2019,March,13,Monday,25 Mar 2019,01:00,0,2,2,0,2,2,No Group
Manchester City Council - Chorlton,Chorlton Place,2019,March,13,Monday,25 Mar 2019,02:00,1,1,2,1,1,2,No Group
Manchester City Council - Chorlton,Chorlton Place,2019,March,13,Monday,25 Mar 2019,03:00,6,9,15,6,9,15,No Group
Manchester City Council - Chorlton,Chorlton Place,2019,March,13,Monday,25 Mar 2019,04:00,0,4,4,0,4,4,No Group
Manchester City Council - Chorlton,Chorlton Place,2019,March,13,Monday,25 Mar 2019,05:00,1,6,7,1,6,7,No Group
Manchester City Council - Chorlton,Chorlton Place,2019,March,13,Monday,25 Mar 2019,06:00,6,18,24,6,18,24,No Group
Manchester City Council - Chorlton,Chorlton Place,2019,March,13,Monday,25 Mar 2019,07:00,30,115,145,30,115,145,No Group
Manchester City Council - Chorlton,Chorlton Place,2019,March,13,Monday,25 Mar 2019,08:00,50,214,264,50,214,264,No Group
Manchester City Council - Chorlton,Chorlton Place,2019,March,13,Monday,25 Mar 2019,09:00,127,208,335,127,208,335,No Group
Manchester City Council - Chorlton,Chorlton Place,2019,March,13,Monday,25 Mar 2019,10:00,147,263,410,147,263,410,No Group
Manchester City Council - Chorlton,Chorlton Place,2019,March,13,Monday,25 Mar 2019,11:00,272,382,654,272,382,654,No Group
Manchester City Council - Chorlton,Chorlton Place,2019,March,13,Monday,25 Mar 2019,12:00,293,404,697,293,404,697,No Group
Manchester City Council - Chorlton,Chorlton Place,2019,March,13,Monday,25 Mar 2019,13:00,254,305,559,254,305,559,No Group
Manchester City Council - Chorlton,Chorlton Place,2019,March,13,Monday,25 Mar 2019,14:00,267,292,559,267,292,559,No Group
Manchester City Council - Chorlton,Chorlton Place,2019,March,13,Monday,25 Mar 2019,15:00,199,292,491,199,292,491,No Group
Manchester City Council - Chorlton,Chorlton Place,2019,March,13,Monday,25 Mar 2019,16:00,194,239,433,194,239,433,No Group
Manchester City Council - Chorlton,Chorlton Place,2019,March,13,Monday,25 Mar 2019,17:00,133,122,255,133,122,255,No Group
Manchester City Council - Chorlton,Chorlton Place,2019,March,13,Monday,25 Mar 2019,18:00,98,65,163,98,65,163,No Group
Manchester City Council - Chorlton,Chorlton Place,2019,March,13,Monday,25 Mar 2019,19:00,66,63,129,66,63,129,No Group
Manchester City Council - Chorlton,Chorlton Place,2019,March,13,Monday,25 Mar 2019,20:00,40,28,68,40,28,68,No Group
Manchester City Council - Chorlton,Chorlton Place,2019,March,13,Monday,25 Mar 2019,21:00,35,45,80,35,45,80,No Group
Manchester City Council - Chorlton,Chorlton Place,2019,March,13,Monday,25 Mar 2019,22:00,12,15,27,12,15,27,No Group
Manchester City Council - Chorlton,Chorlton Place,2019,March,13,Monday,25 Mar 2019,23:00,8,10,18,8,10,18,No Group
Manchester City Council - Chorlton,Chorlton Place,2019,March,13,Tuesday,26 Mar 2019,00:00,2,0,2,2,0,2,No Group
Manchester City Council - Chorlton,Chorlton Place,2019,March,13,Tuesday,26 Mar 2019,01:00,5,1,6,5,1,6,No Group
Manchester City Council - Chorlton,Chorlton Place,2019,March,13,Tuesday,26 Mar 2019,02:00,8,11,19,8,11,19,No Group
Manchester City Council - Chorlton,Chorlton Place,2019,March,13,Tuesday,26 Mar 2019,03:00,0,2,2,0,2,2,No Group
Manchester City Council - Chorlton,Chorlton Place,2019,March,13,Tuesday,26 Mar 2019,04:00,0,1,1,0,1,1,No Group
Manchester City Council - Chorlton,Chorlton Place,2019,March,13,Tuesday,26 Mar 2019,05:00,7,10,17,7,10,17,No Group
Manchester City Council - Chorlton,Chorlton Place,2019,March,13,Tuesday,26 Mar 2019,06:00,8,23,31,8,23,31,No Group
Manchester City Council - Chorlton,Chorlton Place,2019,March,13,Tuesday,26 Mar 2019,07:00,30,102,132,30,102,132,No Group
Manchester City Council - Chorlton,Chorlton Place,2019,March,13,Tuesday,26 Mar 2019,08:00,29,147,176,29,147,176,No Group
Manchester City Council - Chorlton,Chorlton Place,2019,March,13,Tuesday,26 Mar 2019,09:00,96,139,235,96,139,235,No Group
Manchester City Council - Chorlton,Chorlton Place,2019,March,13,Tuesday,26 Mar 2019,10:00,102,112,214,102,112,214,No Group
Manchester City Council - Chorlton,Chorlton Place,2019,March,13,Tuesday,26 Mar 2019,11:00,131,162,293,131,162,293,No Group
Manchester City Council - Chorlton,Chorlton Place,2019,March,13,Tuesday,26 Mar 2019,12:00,209,279,488,209,279,488,No Group
Manchester City Council - Chorlton,Chorlton Place,2019,March,13,Tuesday,26 Mar 2019,13:00,185,198,383,185,198,383,No Group
Manchester City Council - Chorlton,Chorlton Place,2019,March,13,Tuesday,26 Mar 2019,14:00,131,160,291,131,160,291,No Group
Manchester City Council - Chorlton,Chorlton Place,2019,March,13,Tuesday,26 Mar 2019,15:00,156,164,320,156,164,320,No Group
Manchester City Council - Chorlton,Chorlton Place,2019,March,13,Tuesday,26 Mar 2019,16:00,156,169,325,156,169,325,No Group
Manchester City Council - Chorlton,Chorlton Place,2019,March,13,Tuesday,26 Mar 2019,17:00,113,72,185,113,72,185,No Group
Manchester City Council - Chorlton,Chorlton Place,2019,March,13,Tuesday,26 Mar 2019,18:00,93,61,154,93,61,154,No Group
Manchester City Council - Chorlton,Chorlton Place,2019,March,13,Tuesday,26 Mar 2019,19:00,70,57,127,70,57,127,No Group
Manchester City Council - Chorlton,Chorlton Place,2019,March,13,Tuesday,26 Mar 2019,20:00,48,42,90,48,42,90,No Group
Manchester City Council - Chorlton,Chorlton Place,2019,March,13,Tuesday,26 Mar 2019,21:00,23,20,43,23,20,43,No Group
Manchester City Council - Chorlton,Chorlton Place,2019,March,13,Tuesday,26 Mar 2019,22:00,15,18,33,15,18,33,No Group
Manchester City Council - Chorlton,Chorlton Place,2019,March,13,Tuesday,26 Mar 2019,23:00,12,5,17,12,5,17,No Group
Manchester City Council - Chorlton,Chorlton Place,2019,March,13,Wednesday,27 Mar 2019,00:00,11,3,14,11,3,14,No Group
Manchester City Council - Chorlton,Chorlton Place,2019,March,13,Wednesday,27 Mar 2019,01:00,4,1,5,4,1,5,No Group
Manchester City Council - Chorlton,Chorlton Place,2019,March,13,Wednesday,27 Mar 2019,02:00,0,1,1,0,1,1,No Group
Manchester City Council - Chorlton,Chorlton Place,2019,March,13,Wednesday,27 Mar 2019,03:00,1,5,6,1,5,6,No Group
Manchester City Council - Chorlton,Chorlton Place,2019,March,13,Wednesday,27 Mar 2019,04:00,0,4,4,0,4,4,No Group
Manchester City Council - Chorlton,Chorlton Place,2019,March,13,Wednesday,27 Mar 2019,05:00,4,7,11,4,7,11,No Group
Manchester City Council - Chorlton,Chorlton Place,2019,March,13,Wednesday,27 Mar 2019,06:00,9,23,32,9,23,32,No Group
Manchester City Council - Chorlton,Chorlton Place,2019,March,13,Wednesday,27 Mar 2019,07:00,33,97,130,33,97,130,No Group
Manchester City Council - Chorlton,Chorlton Place,2019,March,13,Wednesday,27 Mar 2019,08:00,31,114,145,31,114,145,No Group
Manchester City Council - Chorlton,Chorlton Place,2019,March,13,Wednesday,27 Mar 2019,09:00,83,119,202,83,119,202,No Group
Manchester City Council - Chorlton,Chorlton Place,2019,March,13,Wednesday,27 Mar 2019,10:00,113,142,255,113,142,255,No Group
Manchester City Council - Chorlton,Chorlton Place,2019,March,13,Wednesday,27 Mar 2019,11:00,97,136,233,97,136,233,No Group
Manchester City Council - Chorlton,Chorlton Place,2019,March,13,Wednesday,27 Mar 2019,12:00,160,167,327,160,167,327,No Group
Manchester City Council - Chorlton,Chorlton Place,2019,March,13,Wednesday,27 Mar 2019,13:00,164,179,343,164,179,343,No Group
Manchester City Council - Chorlton,Chorlton Place,2019,March,13,Wednesday,27 Mar 2019,14:00,167,171,338,167,171,338,No Group
Manchester City Council - Chorlton,Chorlton Place,2019,March,13,Wednesday,27 Mar 2019,15:00,164,161,325,164,161,325,No Group
Manchester City Council - Chorlton,Chorlton Place,2019,March,13,Wednesday,27 Mar 2019,16:00,152,123,275,152,123,275,No Group
Manchester City Council - Chorlton,Chorlton Place,2019,March,13,Wednesday,27 Mar 2019,17:00,121,116,237,121,116,237,No Group
Manchester City Council - Chorlton,Chorlton Place,2019,March,13,Wednesday,27 Mar 2019,18:00,88,60,148,88,60,148,No Group
Manchester City Council - Chorlton,Chorlton Place,2019,March,13,Wednesday,27 Mar 2019,19:00,79,83,162,79,83,162,No Group
Manchester City Council - Chorlton,Chorlton Place,2019,March,13,Wednesday,27 Mar 2019,20:00,42,32,74,42,32,74,No Group
Manchester City Council - Chorlton,Chorlton Place,2019,March,13,Wednesday,27 Mar 2019,21:00,37,32,69,37,32,69,No Group
Manchester City Council - Chorlton,Chorlton Place,2019,March,13,Wednesday,27 Mar 2019,22:00,21,12,33,21,12,33,No Group
Manchester City Council - Chorlton,Chorlton Place,2019,March,13,Wednesday,27 Mar 2019,23:00,16,20,36,16,20,36,No Group
Manchester City Council - Chorlton,Chorlton Place,2019,March,13,Thursday,28 Mar 2019,00:00,9,0,9,9,0,9,No Group
Manchester City Council - Chorlton,Chorlton Place,2019,March,13,Thursday,28 Mar 2019,01:00,3,0,3,3,0,3,No Group
Manchester City Council - Chorlton,Chorlton Place,2019,March,13,Thursday,28 Mar 2019,02:00,2,2,4,2,2,4,No Group
Manchester City Council - Chorlton,Chorlton Place,2019,March,13,Thursday,28 Mar 2019,03:00,0,4,4,0,4,4,No Group
Manchester City Council - Chorlton,Chorlton Place,2019,March,13,Thursday,28 Mar 2019,04:00,0,3,3,0,3,3,No Group
Manchester City Council - Chorlton,Chorlton Place,2019,March,13,Thursday,28 Mar 2019,05:00,1,6,7,1,6,7,No Group
Manchester City Council - Chorlton,Chorlton Place,2019,March,13,Thursday,28 Mar 2019,06:00,15,31,46,15,31,46,No Group
Manchester City Council - Chorlton,Chorlton Place,2019,March,13,Thursday,28 Mar 2019,07:00,24,103,127,24,103,127,No Group
Manchester City Council - Chorlton,Chorlton Place,2019,March,13,Thursday,28 Mar 2019,08:00,49,129,178,49,129,178,No Group
Manchester City Council - Chorlton,Chorlton Place,2019,March,13,Thursday,28 Mar 2019,09:00,105,250,355,105,250,355,No Group
Manchester City Council - Chorlton,Chorlton Place,2019,March,13,Thursday,28 Mar 2019,10:00,178,261,439,178,261,439,No Group
Manchester City Council - Chorlton,Chorlton Place,2019,March,13,Thursday,28 Mar 2019,11:00,277,372,649,277,372,649,No Group
Manchester City Council - Chorlton,Chorlton Place,2019,March,13,Thursday,28 Mar 2019,12:00,281,400,681,281,400,681,No Group
Manchester City Council - Chorlton,Chorlton Place,2019,March,13,Thursday,28 Mar 2019,13:00,264,403,667,264,403,667,No Group
Manchester City Council - Chorlton,Chorlton Place,2019,March,13,Thursday,28 Mar 2019,14:00,166,253,419,166,253,419,No Group
Manchester City Council - Chorlton,Chorlton Place,2019,March,13,Thursday,28 Mar 2019,15:00,181,213,394,181,213,394,No Group
Manchester City Council - Chorlton,Chorlton Place,2019,March,13,Thursday,28 Mar 2019,16:00,130,210,340,130,210,340,No Group
Manchester City Council - Chorlton,Chorlton Place,2019,March,13,Thursday,28 Mar 2019,17:00,122,106,228,122,106,228,No Group
Manchester City Council - Chorlton,Chorlton Place,2019,March,13,Thursday,28 Mar 2019,18:00,93,92,185,93,92,185,No Group
Manchester City Council - Chorlton,Chorlton Place,2019,March,13,Thursday,28 Mar 2019,19:00,74,64,138,74,64,138,No Group
Manchester City Council - Chorlton,Chorlton Place,2019,March,13,Thursday,28 Mar 2019,20:00,61,43,104,61,43,104,No Group
Manchester City Council - Chorlton,Chorlton Place,2019,March,13,Thursday,28 Mar 2019,21:00,36,30,66,36,30,66,No Group
Manchester City Council - Chorlton,Chorlton Place,2019,March,13,Thursday,28 Mar 2019,22:00,26,22,48,26,22,48,No Group
Manchester City Council - Chorlton,Chorlton Place,2019,March,13,Thursday,28 Mar 2019,23:00,20,17,37,20,17,37,No Group
Manchester City Council - Chorlton,Chorlton Place,2019,March,13,Friday,29 Mar 2019,00:00,11,6,17,11,6,17,No Group
Manchester City Council - Chorlton,Chorlton Place,2019,March,13,Friday,29 Mar 2019,01:00,4,0,4,4,0,4,No Group
Manchester City Council - Chorlton,Chorlton Place,2019,March,13,Friday,29 Mar 2019,02:00,0,0,0,0,0,0,No Group
Manchester City Council - Chorlton,Chorlton Place,2019,March,13,Friday,29 Mar 2019,03:00,1,2,3,1,2,3,No Group
Manchester City Council - Chorlton,Chorlton Place,2019,March,13,Friday,29 Mar 2019,04:00,0,2,2,0,2,2,No Group
Manchester City Council - Chorlton,Chorlton Place,2019,March,13,Friday,29 Mar 2019,05:00,4,8,12,4,8,12,No Group
Manchester City Council - Chorlton,Chorlton Place,2019,March,13,Friday,29 Mar 2019,06:00,15,25,40,15,25,40,No Group
Manchester City Council - Chorlton,Chorlton Place,2019,March,13,Friday,29 Mar 2019,07:00,45,122,167,45,122,167,No Group
Manchester City Council - Chorlton,Chorlton Place,2019,March,13,Friday,29 Mar 2019,08:00,49,202,251,49,202,251,No Group
Manchester City Council - Chorlton,Chorlton Place,2019,March,13,Friday,29 Mar 2019,09:00,147,240,387,147,240,387,No Group
Manchester City Council - Chorlton,Chorlton Place,2019,March,13,Friday,29 Mar 2019,10:00,187,253,440,187,253,440,No Group
Manchester City Council - Chorlton,Chorlton Place,2019,March,13,Friday,29 Mar 2019,11:00,325,404,729,325,404,729,No Group
Manchester City Council - Chorlton,Chorlton Place,2019,March,13,Friday,29 Mar 2019,12:00,351,453,804,351,453,804,No Group
Manchester City Council - Chorlton,Chorlton Place,2019,March,13,Friday,29 Mar 2019,13:00,377,417,794,377,417,794,No Group
Manchester City Council - Chorlton,Chorlton Place,2019,March,13,Friday,29 Mar 2019,14:00,285,337,622,285,337,622,No Group
Manchester City Council - Chorlton,Chorlton Place,2019,March,13,Friday,29 Mar 2019,15:00,285,322,607,285,322,607,No Group
Manchester City Council - Chorlton,Chorlton Place,2019,March,13,Friday,29 Mar 2019,16:00,233,229,462,233,229,462,No Group
Manchester City Council - Chorlton,Chorlton Place,2019,March,13,Friday,29 Mar 2019,17:00,132,135,267,132,135,267,No Group
Manchester City Council - Chorlton,Chorlton Place,2019,March,13,Friday,29 Mar 2019,18:00,116,122,238,116,122,238,No Group
Manchester City Council - Chorlton,Chorlton Place,2019,March,13,Friday,29 Mar 2019,19:00,81,94,175,81,94,175,No Group
Manchester City Council - Chorlton,Chorlton Place,2019,March,13,Friday,29 Mar 2019,20:00,90,84,174,90,84,174,No Group
Manchester City Council - Chorlton,Chorlton Place,2019,March,13,Friday,29 Mar 2019,21:00,62,61,123,62,61,123,No Group
Manchester City Council - Chorlton,Chorlton Place,2019,March,13,Friday,29 Mar 2019,22:00,74,52,126,74,52,126,No Group
Manchester City Council - Chorlton,Chorlton Place,2019,March,13,Friday,29 Mar 2019,23:00,34,42,76,34,42,76,No Group
Manchester City Council - Chorlton,Chorlton Place,2019,March,13,Saturday,30 Mar 2019,00:00,26,40,66,26,40,66,No Group
Manchester City Council - Chorlton,Chorlton Place,2019,March,13,Saturday,30 Mar 2019,01:00,18,12,30,18,12,30,No Group
Manchester City Council - Chorlton,Chorlton Place,2019,March,13,Saturday,30 Mar 2019,02:00,11,18,29,11,18,29,No Group
Manchester City Council - Chorlton,Chorlton Place,2019,March,13,Saturday,30 Mar 2019,03:00,2,1,3,2,1,3,No Group
Manchester City Council - Chorlton,Chorlton Place,2019,March,13,Saturday,30 Mar 2019,04:00,3,3,6,3,3,6,No Group
Manchester City Council - Chorlton,Chorlton Place,2019,March,13,Saturday,30 Mar 2019,05:00,9,12,21,9,12,21,No Group
Manchester City Council - Chorlton,Chorlton Place,2019,March,13,Saturday,30 Mar 2019,06:00,11,12,23,11,12,23,No Group
Manchester City Council - Chorlton,Chorlton Place,2019,March,13,Saturday,30 Mar 2019,07:00,10,24,34,10,24,34,No Group
Manchester City Council - Chorlton,Chorlton Place,2019,March,13,Saturday,30 Mar 2019,08:00,51,67,118,51,67,118,No Group
Manchester City Council - Chorlton,Chorlton Place,2019,March,13,Saturday,30 Mar 2019,09:00,138,153,291,138,153,291,No Group
Manchester City Council - Chorlton,Chorlton Place,2019,March,13,Saturday,30 Mar 2019,10:00,233,235,468,233,235,468,No Group
Manchester City Council - Chorlton,Chorlton Place,2019,March,13,Saturday,30 Mar 2019,11:00,375,410,785,375,410,785,No Group
Manchester City Council - Chorlton,Chorlton Place,2019,March,13,Saturday,30 Mar 2019,12:00,392,381,773,392,381,773,No Group
Manchester City Council - Chorlton,Chorlton Place,2019,March,13,Saturday,30 Mar 2019,13:00,276,326,602,276,326,602,No Group
Manchester City Council - Chorlton,Chorlton Place,2019,March,13,Saturday,30 Mar 2019,14:00,293,342,635,293,342,635,No Group
Manchester City Council - Chorlton,Chorlton Place,2019,March,13,Saturday,30 Mar 2019,15:00,302,389,691,302,389,691,No Group
Manchester City Council - Chorlton,Chorlton Place,2019,March,13,Saturday,30 Mar 2019,16:00,223,256,479,223,256,479,No Group
Manchester City Council - Chorlton,Chorlton Place,2019,March,13,Saturday,30 Mar 2019,17:00,131,154,285,131,154,285,No Group
Manchester City Council - Chorlton,Chorlton Place,2019,March,13,Saturday,30 Mar 2019,18:00,115,116,231,115,116,231,No Group
Manchester City Council - Chorlton,Chorlton Place,2019,March,13,Saturday,30 Mar 2019,19:00,114,113,227,114,113,227,No Group
Manchester City Council - Chorlton,Chorlton Place,2019,March,13,Saturday,30 Mar 2019,20:00,59,82,141,59,82,141,No Group
Manchester City Council - Chorlton,Chorlton Place,2019,March,13,Saturday,30 Mar 2019,21:00,44,54,98,44,54,98,No Group
Manchester City Council - Chorlton,Chorlton Place,2019,March,13,Saturday,30 Mar 2019,22:00,35,33,68,35,33,68,No Group
Manchester City Council - Chorlton,Chorlton Place,2019,March,13,Saturday,30 Mar 2019,23:00,35,22,57,35,22,57,No Group
Manchester City Council - Chorlton,Chorlton Place,2019,March,13,Sunday,31 Mar 2019,00:00,0,0,0,0,0,0,No Group
Manchester City Council - Chorlton,Chorlton Place,2019,March,13,Sunday,31 Mar 2019,01:00,32,25,57,32,25,57,No Group
Manchester City Council - Chorlton,Chorlton Place,2019,March,13,Sunday,31 Mar 2019,02:00,14,9,23,14,9,23,No Group
Manchester City Council - Chorlton,Chorlton Place,2019,March,13,Sunday,31 Mar 2019,03:00,8,3,11,8,3,11,No Group
Manchester City Council - Chorlton,Chorlton Place,2019,March,13,Sunday,31 Mar 2019,04:00,4,0,4,4,0,4,No Group
Manchester City Council - Chorlton,Chorlton Place,2019,March,13,Sunday,31 Mar 2019,05:00,1,3,4,1,3,4,No Group
Manchester City Council - Chorlton,Chorlton Place,2019,March,13,Sunday,31 Mar 2019,06:00,1,1,2,1,1,2,No Group
Manchester City Council - Chorlton,Chorlton Place,2019,March,13,Sunday,31 Mar 2019,07:00,7,13,20,7,13,20,No Group
Manchester City Council - Chorlton,Chorlton Place,2019,March,13,Sunday,31 Mar 2019,08:00,23,31,54,23,31,54,No Group
Manchester City Council - Chorlton,Chorlton Place,2019,March,13,Sunday,31 Mar 2019,09:00,38,58,96,38,58,96,No Group
Manchester City Council - Chorlton,Chorlton Place,2019,March,13,Sunday,31 Mar 2019,10:00,70,114,184,70,114,184,No Group
Manchester City Council - Chorlton,Chorlton Place,2019,March,13,Sunday,31 Mar 2019,11:00,125,148,273,125,148,273,No Group
Manchester City Council - Chorlton,Chorlton Place,2019,March,13,Sunday,31 Mar 2019,12:00,162,175,337,162,175,337,No Group
Manchester City Council - Chorlton,Chorlton Place,2019,March,13,Sunday,31 Mar 2019,13:00,106,127,233,106,127,233,No Group
Manchester City Council - Chorlton,Chorlton Place,2019,March,13,Sunday,31 Mar 2019,14:00,111,147,258,111,147,258,No Group
Manchester City Council - Chorlton,Chorlton Place,2019,March,13,Sunday,31 Mar 2019,15:00,95,86,181,95,86,181,No Group
Manchester City Council - Chorlton,Chorlton Place,2019,March,13,Sunday,31 Mar 2019,16:00,64,87,151,64,87,151,No Group
Manchester City Council - Chorlton,Chorlton Place,2019,March,13,Sunday,31 Mar 2019,17:00,57,88,145,57,88,145,No Group
Manchester City Council - Chorlton,Chorlton Place,2019,March,13,Sunday,31 Mar 2019,18:00,82,70,152,82,70,152,No Group
Manchester City Council - Chorlton,Chorlton Place,2019,March,13,Sunday,31 Mar 2019,19:00,45,36,81,45,36,81,No Group
Manchester City Council - Chorlton,Chorlton Place,2019,March,13,Sunday,31 Mar 2019,20:00,35,52,87,35,52,87,No Group
Manchester City Council - Chorlton,Chorlton Place,2019,March,13,Sunday,31 Mar 2019,21:00,21,26,47,21,26,47,No Group
Manchester City Council - Chorlton,Chorlton Place,2019,March,13,Sunday,31 Mar 2019,22:00,16,17,33,16,17,33,No Group
Manchester City Council - Chorlton,Chorlton Place,2019,March,13,Sunday,31 Mar 2019,23:00,10,9,19,10,9,19,No Group
Manchester City Council - Chorlton,Chorlton Place,2019,April,14,Monday,01 Apr 2019,00:00,11,11,22,11,11,22,No Group
Manchester City Council - Chorlton,Chorlton Place,2019,April,14,Monday,01 Apr 2019,01:00,3,2,5,3,2,5,No Group
Manchester City Council - Chorlton,Chorlton Place,2019,April,14,Monday,01 Apr 2019,02:00,0,1,1,0,1,1,No Group
Manchester City Council - Chorlton,Chorlton Place,2019,April,14,Monday,01 Apr 2019,03:00,1,1,2,1,1,2,No Group
Manchester City Council - Chorlton,Chorlton Place,2019,April,14,Monday,01 Apr 2019,04:00,2,1,3,2,1,3,No Group
Manchester City Council - Chorlton,Chorlton Place,2019,April,14,Monday,01 Apr 2019,05:00,4,3,7,4,3,7,No Group
Manchester City Council - Chorlton,Chorlton Place,2019,April,14,Monday,01 Apr 2019,06:00,16,24,40,16,24,40,No Group
Manchester City Council - Chorlton,Chorlton Place,2019,April,14,Monday,01 Apr 2019,07:00,18,89,107,18,89,107,No Group
Manchester City Council - Chorlton,Chorlton Place,2019,April,14,Monday,01 Apr 2019,08:00,35,108,143,35,108,143,No Group
Manchester City Council - Chorlton,Chorlton Place,2019,April,14,Monday,01 Apr 2019,09:00,75,110,185,75,110,185,No Group
Manchester City Council - Chorlton,Chorlton Place,2019,April,14,Monday,01 Apr 2019,10:00,92,114,206,92,114,206,No Group
Manchester City Council - Chorlton,Chorlton Place,2019,April,14,Monday,01 Apr 2019,11:00,117,139,256,117,139,256,No Group
Manchester City Council - Chorlton,Chorlton Place,2019,April,14,Monday,01 Apr 2019,12:00,153,156,309,153,156,309,No Group
Manchester City Council - Chorlton,Chorlton Place,2019,April,14,Monday,01 Apr 2019,13:00,112,147,259,112,147,259,No Group
Manchester City Council - Chorlton,Chorlton Place,2019,April,14,Monday,01 Apr 2019,14:00,146,162,308,146,162,308,No Group
Manchester City Council - Chorlton,Chorlton Place,2019,April,14,Monday,01 Apr 2019,15:00,195,243,438,195,243,438,No Group
Manchester City Council - Chorlton,Chorlton Place,2019,April,14,Monday,01 Apr 2019,16:00,208,200,408,208,200,408,No Group
Manchester City Council - Chorlton,Chorlton Place,2019,April,14,Monday,01 Apr 2019,17:00,136,107,243,136,107,243,No Group
Manchester City Council - Chorlton,Chorlton Place,2019,April,14,Monday,01 Apr 2019,18:00,104,68,172,104,68,172,No Group
Manchester City Council - Chorlton,Chorlton Place,2019,April,14,Monday,01 Apr 2019,19:00,79,43,122,79,43,122,No Group
Manchester City Council - Chorlton,Chorlton Place,2019,April,14,Monday,01 Apr 2019,20:00,58,52,110,58,52,110,No Group
Manchester City Council - Chorlton,Chorlton Place,2019,April,14,Monday,01 Apr 2019,21:00,35,40,75,35,40,75,No Group
Manchester City Council - Chorlton,Chorlton Place,2019,April,14,Monday,01 Apr 2019,22:00,21,21,42,21,21,42,No Group
Manchester City Council - Chorlton,Chorlton Place,2019,April,14,Monday,01 Apr 2019,23:00,14,16,30,14,16,30,No Group
Manchester City Council - Chorlton,Chorlton Place,2019,April,14,Tuesday,02 Apr 2019,00:00,6,1,7,6,1,7,No Group
Manchester City Council - Chorlton,Chorlton Place,2019,April,14,Tuesday,02 Apr 2019,01:00,0,0,0,0,0,0,No Group
Manchester City Council - Chorlton,Chorlton Place,2019,April,14,Tuesday,02 Apr 2019,02:00,4,6,10,4,6,10,No Group
Manchester City Council - Chorlton,Chorlton Place,2019,April,14,Tuesday,02 Apr 2019,03:00,6,8,14,6,8,14,No Group
Manchester City Council - Chorlton,Chorlton Place,2019,April,14,Tuesday,02 Apr 2019,04:00,4,4,8,4,4,8,No Group
Manchester City Council - Chorlton,Chorlton Place,2019,April,14,Tuesday,02 Apr 2019,05:00,3,2,5,3,2,5,No Group
Manchester City Council - Chorlton,Chorlton Place,2019,April,14,Tuesday,02 Apr 2019,06:00,10,27,37,10,27,37,No Group
Manchester City Council - Chorlton,Chorlton Place,2019,April,14,Tuesday,02 Apr 2019,07:00,39,141,180,39,141,180,No Group
Manchester City Council - Chorlton,Chorlton Place,2019,April,14,Tuesday,02 Apr 2019,08:00,39,149,188,39,149,188,No Group
Manchester City Council - Chorlton,Chorlton Place,2019,April,14,Tuesday,02 Apr 2019,09:00,80,170,250,80,170,250,No Group
Manchester City Council - Chorlton,Chorlton Place,2019,April,14,Tuesday,02 Apr 2019,10:00,119,125,244,119,125,244,No Group
Manchester City Council - Chorlton,Chorlton Place,2019,April,14,Tuesday,02 Apr 2019,11:00,129,157,286,129,157,286,No Group
Manchester City Council - Chorlton,Chorlton Place,2019,April,14,Tuesday,02 Apr 2019,12:00,202,221,423,202,221,423,No Group
Manchester City Council - Chorlton,Chorlton Place,2019,April,14,Tuesday,02 Apr 2019,13:00,187,215,402,187,215,402,No Group
Manchester City Council - Chorlton,Chorlton Place,2019,April,14,Tuesday,02 Apr 2019,14:00,186,231,417,186,231,417,No Group
Manchester City Council - Chorlton,Chorlton Place,2019,April,14,Tuesday,02 Apr 2019,15:00,158,190,348,158,190,348,No Group
Manchester City Council - Chorlton,Chorlton Place,2019,April,14,Tuesday,02 Apr 2019,16:00,161,127,288,161,127,288,No Group
Manchester City Council - Chorlton,Chorlton Place,2019,April,14,Tuesday,02 Apr 2019,17:00,113,88,201,113,88,201,No Group
Manchester City Council - Chorlton,Chorlton Place,2019,April,14,Tuesday,02 Apr 2019,18:00,125,106,231,125,106,231,No Group
Manchester City Council - Chorlton,Chorlton Place,2019,April,14,Tuesday,02 Apr 2019,19:00,85,57,142,85,57,142,No Group
Manchester City Council - Chorlton,Chorlton Place,2019,April,14,Tuesday,02 Apr 2019,20:00,52,39,91,52,39,91,No Group
Manchester City Council - Chorlton,Chorlton Place,2019,April,14,Tuesday,02 Apr 2019,21:00,22,49,71,22,49,71,No Group
Manchester City Council - Chorlton,Chorlton Place,2019,April,14,Tuesday,02 Apr 2019,22:00,30,19,49,30,19,49,No Group
Manchester City Council - Chorlton,Chorlton Place,2019,April,14,Tuesday,02 Apr 2019,23:00,23,9,32,23,9,32,No Group
Manchester City Council - Chorlton,Chorlton Place,2019,April,14,Wednesday,03 Apr 2019,00:00,9,3,12,9,3,12,No Group
Manchester City Council - Chorlton,Chorlton Place,2019,April,14,Wednesday,03 Apr 2019,01:00,1,4,5,1,4,5,No Group
Manchester City Council - Chorlton,Chorlton Place,2019,April,14,Wednesday,03 Apr 2019,02:00,0,1,1,0,1,1,No Group
Manchester City Council - Chorlton,Chorlton Place,2019,April,14,Wednesday,03 Apr 2019,03:00,1,3,4,1,3,4,No Group
Manchester City Council - Chorlton,Chorlton Place,2019,April,14,Wednesday,03 Apr 2019,04:00,1,5,6,1,5,6,No Group
Manchester City Council - Chorlton,Chorlton Place,2019,April,14,Wednesday,03 Apr 2019,05:00,1,5,6,1,5,6,No Group
Manchester City Council - Chorlton,Chorlton Place,2019,April,14,Wednesday,03 Apr 2019,06:00,7,24,31,7,24,31,No Group
Manchester City Council - Chorlton,Chorlton Place,2019,April,14,Wednesday,03 Apr 2019,07:00,24,95,119,24,95,119,No Group
Manchester City Council - Chorlton,Chorlton Place,2019,April,14,Wednesday,03 Apr 2019,08:00,34,112,146,34,112,146,No Group
Manchester City Council - Chorlton,Chorlton Place,2019,April,14,Wednesday,03 Apr 2019,09:00,102,134,236,102,134,236,No Group
Manchester City Council - Chorlton,Chorlton Place,2019,April,14,Wednesday,03 Apr 2019,10:00,123,119,242,123,119,242,No Group
Manchester City Council - Chorlton,Chorlton Place,2019,April,14,Wednesday,03 Apr 2019,11:00,129,174,303,129,174,303,No Group
Manchester City Council - Chorlton,Chorlton Place,2019,April,14,Wednesday,03 Apr 2019,12:00,187,214,401,187,214,401,No Group
Manchester City Council - Chorlton,Chorlton Place,2019,April,14,Wednesday,03 Apr 2019,13:00,207,228,435,207,228,435,No Group
Manchester City Council - Chorlton,Chorlton Place,2019,April,14,Wednesday,03 Apr 2019,14:00,205,221,426,205,221,426,No Group
Manchester City Council - Chorlton,Chorlton Place,2019,April,14,Wednesday,03 Apr 2019,15:00,153,154,307,153,154,307,No Group
Manchester City Council - Chorlton,Chorlton Place,2019,April,14,Wednesday,03 Apr 2019,16:00,156,173,329,156,173,329,No Group
Manchester City Council - Chorlton,Chorlton Place,2019,April,14,Wednesday,03 Apr 2019,17:00,149,127,276,149,127,276,No Group
Manchester City Council - Chorlton,Chorlton Place,2019,April,14,Wednesday,03 Apr 2019,18:00,103,93,196,103,93,196,No Group
Manchester City Council - Chorlton,Chorlton Place,2019,April,14,Wednesday,03 Apr 2019,19:00,88,60,148,88,60,148,No Group
Manchester City Council - Chorlton,Chorlton Place,2019,April,14,Wednesday,03 Apr 2019,20:00,71,45,116,71,45,116,No Group
Manchester City Council - Chorlton,Chorlton Place,2019,April,14,Wednesday,03 Apr 2019,21:00,42,47,89,42,47,89,No Group
Manchester City Council - Chorlton,Chorlton Place,2019,April,14,Wednesday,03 Apr 2019,22:00,29,25,54,29,25,54,No Group
Manchester City Council - Chorlton,Chorlton Place,2019,April,14,Wednesday,03 Apr 2019,23:00,22,16,38,22,16,38,No Group
Manchester City Council - Chorlton,Chorlton Place,2019,April,14,Thursday,04 Apr 2019,00:00,5,2,7,5,2,7,No Group
Manchester City Council - Chorlton,Chorlton Place,2019,April,14,Thursday,04 Apr 2019,01:00,3,1,4,3,1,4,No Group
Manchester City Council - Chorlton,Chorlton Place,2019,April,14,Thursday,04 Apr 2019,02:00,0,2,2,0,2,2,No Group
Manchester City Council - Chorlton,Chorlton Place,2019,April,14,Thursday,04 Apr 2019,03:00,0,1,1,0,1,1,No Group
Manchester City Council - Chorlton,Chorlton Place,2019,April,14,Thursday,04 Apr 2019,04:00,0,4,4,0,4,4,No Group
Manchester City Council - Chorlton,Chorlton Place,2019,April,14,Thursday,04 Apr 2019,05:00,3,3,6,3,3,6,No Group
Manchester City Council - Chorlton,Chorlton Place,2019,April,14,Thursday,04 Apr 2019,06:00,10,22,32,10,22,32,No Group
Manchester City Council - Chorlton,Chorlton Place,2019,April,14,Thursday,04 Apr 2019,07:00,27,104,131,27,104,131,No Group
Manchester City Council - Chorlton,Chorlton Place,2019,April,14,Thursday,04 Apr 2019,08:00,38,119,157,38,119,157,No Group
Manchester City Council - Chorlton,Chorlton Place,2019,April,14,Thursday,04 Apr 2019,09:00,78,174,252,78,174,252,No Group
Manchester City Council - Chorlton,Chorlton Place,2019,April,14,Thursday,04 Apr 2019,10:00,131,158,289,131,158,289,No Group
Manchester City Council - Chorlton,Chorlton Place,2019,April,14,Thursday,04 Apr 2019,11:00,116,141,257,116,141,257,No Group
Manchester City Council - Chorlton,Chorlton Place,2019,April,14,Thursday,04 Apr 2019,12:00,165,170,335,165,170,335,No Group
Manchester City Council - Chorlton,Chorlton Place,2019,April,14,Thursday,04 Apr 2019,13:00,127,141,268,127,141,268,No Group
Manchester City Council - Chorlton,Chorlton Place,2019,April,14,Thursday,04 Apr 2019,14:00,157,162,319,157,162,319,No Group
Manchester City Council - Chorlton,Chorlton Place,2019,April,14,Thursday,04 Apr 2019,15:00,159,198,357,159,198,357,No Group
Manchester City Council - Chorlton,Chorlton Place,2019,April,14,Thursday,04 Apr 2019,16:00,233,164,397,233,164,397,No Group
Manchester City Council - Chorlton,Chorlton Place,2019,April,14,Thursday,04 Apr 2019,17:00,180,109,289,180,109,289,No Group
Manchester City Council - Chorlton,Chorlton Place,2019,April,14,Thursday,04 Apr 2019,18:00,231,190,421,231,190,421,No Group
Manchester City Council - Chorlton,Chorlton Place,2019,April,14,Thursday,04 Apr 2019,19:00,114,98,212,114,98,212,No Group
Manchester City Council - Chorlton,Chorlton Place,2019,April,14,Thursday,04 Apr 2019,20:00,38,47,85,38,47,85,No Group
Manchester City Council - Chorlton,Chorlton Place,2019,April,14,Thursday,04 Apr 2019,21:00,31,45,76,31,45,76,No Group
Manchester City Council - Chorlton,Chorlton Place,2019,April,14,Thursday,04 Apr 2019,22:00,20,23,43,20,23,43,No Group
Manchester City Council - Chorlton,Chorlton Place,2019,April,14,Thursday,04 Apr 2019,23:00,18,18,36,18,18,36,No Group
Manchester City Council - Chorlton,Chorlton Place,2019,April,14,Friday,05 Apr 2019,00:00,7,2,9,7,2,9,No Group
Manchester City Council - Chorlton,Chorlton Place,2019,April,14,Friday,05 Apr 2019,01:00,1,1,2,1,1,2,No Group
Manchester City Council - Chorlton,Chorlton Place,2019,April,14,Friday,05 Apr 2019,02:00,0,0,0,0,0,0,No Group
Manchester City Council - Chorlton,Chorlton Place,2019,April,14,Friday,05 Apr 2019,03:00,0,2,2,0,2,2,No Group
Manchester City Council - Chorlton,Chorlton Place,2019,April,14,Friday,05 Apr 2019,04:00,1,2,3,1,2,3,No Group
Manchester City Council - Chorlton,Chorlton Place,2019,April,14,Friday,05 Apr 2019,05:00,3,13,16,3,13,16,No Group
Manchester City Council - Chorlton,Chorlton Place,2019,April,14,Friday,05 Apr 2019,06:00,7,20,27,7,20,27,No Group
Manchester City Council - Chorlton,Chorlton Place,2019,April,14,Friday,05 Apr 2019,07:00,23,88,111,23,88,111,No Group
Manchester City Council - Chorlton,Chorlton Place,2019,April,14,Friday,05 Apr 2019,08:00,41,117,158,41,117,158,No Group
Manchester City Council - Chorlton,Chorlton Place,2019,April,14,Friday,05 Apr 2019,09:00,101,150,251,101,150,251,No Group
Manchester City Council - Chorlton,Chorlton Place,2019,April,14,Friday,05 Apr 2019,10:00,142,147,289,142,147,289,No Group
Manchester City Council - Chorlton,Chorlton Place,2019,April,14,Friday,05 Apr 2019,11:00,169,203,372,169,203,372,No Group
Manchester City Council - Chorlton,Chorlton Place,2019,April,14,Friday,05 Apr 2019,12:00,152,201,353,152,201,353,No Group
Manchester City Council - Chorlton,Chorlton Place,2019,April,14,Friday,05 Apr 2019,13:00,250,302,552,250,302,552,No Group
Manchester City Council - Chorlton,Chorlton Place,2019,April,14,Friday,05 Apr 2019,14:00,220,243,463,220,243,463,No Group
Manchester City Council - Chorlton,Chorlton Place,2019,April,14,Friday,05 Apr 2019,15:00,167,180,347,167,180,347,No Group
Manchester City Council - Chorlton,Chorlton Place,2019,April,14,Friday,05 Apr 2019,16:00,147,145,292,147,145,292,No Group
Manchester City Council - Chorlton,Chorlton Place,2019,April,14,Friday,05 Apr 2019,17:00,123,119,242,123,119,242,No Group
Manchester City Council - Chorlton,Chorlton Place,2019,April,14,Friday,05 Apr 2019,18:00,106,89,195,106,89,195,No Group
Manchester City Council - Chorlton,Chorlton Place,2019,April,14,Friday,05 Apr 2019,19:00,77,87,164,77,87,164,No Group
Manchester City Council - Chorlton,Chorlton Place,2019,April,14,Friday,05 Apr 2019,20:00,71,61,132,71,61,132,No Group
Manchester City Council - Chorlton,Chorlton Place,2019,April,14,Friday,05 Apr 2019,21:00,46,52,98,46,52,98,No Group
Manchester City Council - Chorlton,Chorlton Place,2019,April,14,Friday,05 Apr 2019,22:00,52,36,88,52,36,88,No Group
Manchester City Council - Chorlton,Chorlton Place,2019,April,14,Friday,05 Apr 2019,23:00,28,34,62,28,34,62,No Group
Manchester City Council - Chorlton,Chorlton Place,2019,April,14,Saturday,06 Apr 2019,00:00,17,36,53,17,36,53,No Group
Manchester City Council - Chorlton,Chorlton Place,2019,April,14,Saturday,06 Apr 2019,01:00,19,11,30,19,11,30,No Group
Manchester City Council - Chorlton,Chorlton Place,2019,April,14,Saturday,06 Apr 2019,02:00,10,1,11,10,1,11,No Group
Manchester City Council - Chorlton,Chorlton Place,2019,April,14,Saturday,06 Apr 2019,03:00,0,4,4,0,4,4,No Group
Manchester City Council - Chorlton,Chorlton Place,2019,April,14,Saturday,06 Apr 2019,04:00,6,8,14,6,8,14,No Group
Manchester City Council - Chorlton,Chorlton Place,2019,April,14,Saturday,06 Apr 2019,05:00,6,10,16,6,10,16,No Group
Manchester City Council - Chorlton,Chorlton Place,2019,April,14,Saturday,06 Apr 2019,06:00,7,9,16,7,9,16,No Group
Manchester City Council - Chorlton,Chorlton Place,2019,April,14,Saturday,06 Apr 2019,07:00,20,24,44,20,24,44,No Group
Manchester City Council - Chorlton,Chorlton Place,2019,April,14,Saturday,06 Apr 2019,08:00,36,57,93,36,57,93,No Group
Manchester City Council - Chorlton,Chorlton Place,2019,April,14,Saturday,06 Apr 2019,09:00,144,174,318,144,174,318,No Group
Manchester City Council - Chorlton,Chorlton Place,2019,April,14,Saturday,06 Apr 2019,10:00,180,286,466,180,286,466,No Group
Manchester City Council - Chorlton,Chorlton Place,2019,April,14,Saturday,06 Apr 2019,11:00,321,329,650,321,329,650,No Group
Manchester City Council - Chorlton,Chorlton Place,2019,April,14,Saturday,06 Apr 2019,12:00,429,535,964,429,535,964,No Group
Manchester City Council - Chorlton,Chorlton Place,2019,April,14,Saturday,06 Apr 2019,13:00,510,600,1110,510,600,1110,No Group
Manchester City Council - Chorlton,Chorlton Place,2019,April,14,Saturday,06 Apr 2019,14:00,490,563,1053,490,563,1053,No Group
Manchester City Council - Chorlton,Chorlton Place,2019,April,14,Saturday,06 Apr 2019,15:00,380,383,763,380,383,763,No Group
Manchester City Council - Chorlton,Chorlton Place,2019,April,14,Saturday,06 Apr 2019,16:00,270,287,557,270,287,557,No Group
Manchester City Council - Chorlton,Chorlton Place,2019,April,14,Saturday,06 Apr 2019,17:00,177,160,337,177,160,337,No Group
Manchester City Council - Chorlton,Chorlton Place,2019,April,14,Saturday,06 Apr 2019,18:00,104,120,224,104,120,224,No Group
Manchester City Council - Chorlton,Chorlton Place,2019,April,14,Saturday,06 Apr 2019,19:00,89,120,209,89,120,209,No Group
Manchester City Council - Chorlton,Chorlton Place,2019,April,14,Saturday,06 Apr 2019,20:00,66,87,153,66,87,153,No Group
Manchester City Council - Chorlton,Chorlton Place,2019,April,14,Saturday,06 Apr 2019,21:00,51,76,127,51,76,127,No Group
Manchester City Council - Chorlton,Chorlton Place,2019,April,14,Saturday,06 Apr 2019,22:00,45,51,96,45,51,96,No Group
Manchester City Council - Chorlton,Chorlton Place,2019,April,14,Saturday,06 Apr 2019,23:00,30,47,77,30,47,77,No Group
Manchester City Council - Chorlton,Chorlton Place,2019,April,14,Sunday,07 Apr 2019,00:00,33,21,54,33,21,54,No Group
Manchester City Council - Chorlton,Chorlton Place,2019,April,14,Sunday,07 Apr 2019,01:00,20,18,38,20,18,38,No Group
Manchester City Council - Chorlton,Chorlton Place,2019,April,14,Sunday,07 Apr 2019,02:00,12,10,22,12,10,22,No Group
Manchester City Council - Chorlton,Chorlton Place,2019,April,14,Sunday,07 Apr 2019,03:00,2,3,5,2,3,5,No Group
Manchester City Council - Chorlton,Chorlton Place,2019,April,14,Sunday,07 Apr 2019,04:00,0,0,0,0,0,0,No Group
Manchester City Council - Chorlton,Chorlton Place,2019,April,14,Sunday,07 Apr 2019,05:00,1,2,3,1,2,3,No Group
Manchester City Council - Chorlton,Chorlton Place,2019,April,14,Sunday,07 Apr 2019,06:00,9,9,18,9,9,18,No Group
Manchester City Council - Chorlton,Chorlton Place,2019,April,14,Sunday,07 Apr 2019,07:00,12,13,25,12,13,25,No Group
Manchester City Council - Chorlton,Chorlton Place,2019,April,14,Sunday,07 Apr 2019,08:00,19,28,47,19,28,47,No Group
Manchester City Council - Chorlton,Chorlton Place,2019,April,14,Sunday,07 Apr 2019,09:00,23,38,61,23,38,61,No Group
Manchester City Council - Chorlton,Chorlton Place,2019,April,14,Sunday,07 Apr 2019,10:00,83,87,170,83,87,170,No Group
Manchester City Council - Chorlton,Chorlton Place,2019,April,14,Sunday,07 Apr 2019,11:00,94,82,176,94,82,176,No Group
Manchester City Council - Chorlton,Chorlton Place,2019,April,14,Sunday,07 Apr 2019,12:00,118,127,245,118,127,245,No Group
Manchester City Council - Chorlton,Chorlton Place,2019,April,14,Sunday,07 Apr 2019,13:00,149,226,375,149,226,375,No Group
Manchester City Council - Chorlton,Chorlton Place,2019,April,14,Sunday,07 Apr 2019,14:00,122,142,264,122,142,264,No Group
Manchester City Council - Chorlton,Chorlton Place,2019,April,14,Sunday,07 Apr 2019,15:00,136,139,275,136,139,275,No Group
Manchester City Council - Chorlton,Chorlton Place,2019,April,14,Sunday,07 Apr 2019,16:00,89,102,191,89,102,191,No Group
Manchester City Council - Chorlton,Chorlton Place,2019,April,14,Sunday,07 Apr 2019,17:00,72,87,159,72,87,159,No Group
Manchester City Council - Chorlton,Chorlton Place,2019,April,14,Sunday,07 Apr 2019,18:00,61,64,125,61,64,125,No Group
Manchester City Council - Chorlton,Chorlton Place,2019,April,14,Sunday,07 Apr 2019,19:00,54,56,110,54,56,110,No Group
Manchester City Council - Chorlton,Chorlton Place,2019,April,14,Sunday,07 Apr 2019,20:00,35,42,77,35,42,77,No Group
Manchester City Council - Chorlton,Chorlton Place,2019,April,14,Sunday,07 Apr 2019,21:00,33,18,51,33,18,51,No Group
Manchester City Council - Chorlton,Chorlton Place,2019,April,14,Sunday,07 Apr 2019,22:00,20,16,36,20,16,36,No Group
Manchester City Council - Chorlton,Chorlton Place,2019,April,14,Sunday,07 Apr 2019,23:00,9,14,23,9,14,23,No Group
Manchester City Council - Chorlton,Chorlton Place,2019,April,15,Monday,08 Apr 2019,00:00,6,1,7,6,1,7,No Group
Manchester City Council - Chorlton,Chorlton Place,2019,April,15,Monday,08 Apr 2019,01:00,1,1,2,1,1,2,No Group
Manchester City Council - Chorlton,Chorlton Place,2019,April,15,Monday,08 Apr 2019,02:00,1,1,2,1,1,2,No Group
Manchester City Council - Chorlton,Chorlton Place,2019,April,15,Monday,08 Apr 2019,03:00,0,2,2,0,2,2,No Group
Manchester City Council - Chorlton,Chorlton Place,2019,April,15,Monday,08 Apr 2019,04:00,4,4,8,4,4,8,No Group
Manchester City Council - Chorlton,Chorlton Place,2019,April,15,Monday,08 Apr 2019,05:00,1,3,4,1,3,4,No Group
Manchester City Council - Chorlton,Chorlton Place,2019,April,15,Monday,08 Apr 2019,06:00,18,25,43,18,25,43,No Group
Manchester City Council - Chorlton,Chorlton Place,2019,April,15,Monday,08 Apr 2019,07:00,19,81,100,19,81,100,No Group
Manchester City Council - Chorlton,Chorlton Place,2019,April,15,Monday,08 Apr 2019,08:00,42,109,151,42,109,151,No Group
Manchester City Council - Chorlton,Chorlton Place,2019,April,15,Monday,08 Apr 2019,09:00,106,149,255,106,149,255,No Group
Manchester City Council - Chorlton,Chorlton Place,2019,April,15,Monday,08 Apr 2019,10:00,125,186,311,125,186,311,No Group
Manchester City Council - Chorlton,Chorlton Place,2019,April,15,Monday,08 Apr 2019,11:00,160,225,385,160,225,385,No Group
Manchester City Council - Chorlton,Chorlton Place,2019,April,15,Monday,08 Apr 2019,12:00,271,327,598,271,327,598,No Group
Manchester City Council - Chorlton,Chorlton Place,2019,April,15,Monday,08 Apr 2019,13:00,351,457,808,351,457,808,No Group
Manchester City Council - Chorlton,Chorlton Place,2019,April,15,Monday,08 Apr 2019,14:00,301,347,648,301,347,648,No Group
Manchester City Council - Chorlton,Chorlton Place,2019,April,15,Monday,08 Apr 2019,15:00,220,216,436,220,216,436,No Group
Manchester City Council - Chorlton,Chorlton Place,2019,April,15,Monday,08 Apr 2019,16:00,149,165,314,149,165,314,No Group
Manchester City Council - Chorlton,Chorlton Place,2019,April,15,Monday,08 Apr 2019,17:00,143,134,277,143,134,277,No Group
Manchester City Council - Chorlton,Chorlton Place,2019,April,15,Monday,08 Apr 2019,18:00,103,79,182,103,79,182,No Group
Manchester City Council - Chorlton,Chorlton Place,2019,April,15,Monday,08 Apr 2019,19:00,75,69,144,75,69,144,No Group
Manchester City Council - Chorlton,Chorlton Place,2019,April,15,Monday,08 Apr 2019,20:00,54,36,90,54,36,90,No Group
Manchester City Council - Chorlton,Chorlton Place,2019,April,15,Monday,08 Apr 2019,21:00,32,52,84,32,52,84,No Group
Manchester City Council - Chorlton,Chorlton Place,2019,April,15,Monday,08 Apr 2019,22:00,25,17,42,25,17,42,No Group
Manchester City Council - Chorlton,Chorlton Place,2019,April,15,Monday,08 Apr 2019,23:00,10,7,17,10,7,17,No Group
Manchester City Council - Chorlton,Chorlton Place,2019,April,15,Tuesday,09 Apr 2019,00:00,6,3,9,6,3,9,No Group
Manchester City Council - Chorlton,Chorlton Place,2019,April,15,Tuesday,09 Apr 2019,01:00,7,6,13,7,6,13,No Group
Manchester City Council - Chorlton,Chorlton Place,2019,April,15,Tuesday,09 Apr 2019,02:00,3,1,4,3,1,4,No Group
Manchester City Council - Chorlton,Chorlton Place,2019,April,15,Tuesday,09 Apr 2019,03:00,0,1,1,0,1,1,No Group
Manchester City Council - Chorlton,Chorlton Place,2019,April,15,Tuesday,09 Apr 2019,04:00,0,1,1,0,1,1,No Group
Manchester City Council - Chorlton,Chorlton Place,2019,April,15,Tuesday,09 Apr 2019,05:00,2,6,8,2,6,8,No Group
Manchester City Council - Chorlton,Chorlton Place,2019,April,15,Tuesday,09 Apr 2019,06:00,16,26,42,16,26,42,No Group
Manchester City Council - Chorlton,Chorlton Place,2019,April,15,Tuesday,09 Apr 2019,07:00,20,86,106,20,86,106,No Group
Manchester City Council - Chorlton,Chorlton Place,2019,April,15,Tuesday,09 Apr 2019,08:00,33,95,128,33,95,128,No Group
Manchester City Council - Chorlton,Chorlton Place,2019,April,15,Tuesday,09 Apr 2019,09:00,80,124,204,80,124,204,No Group
Manchester City Council - Chorlton,Chorlton Place,2019,April,15,Tuesday,09 Apr 2019,10:00,111,155,266,111,155,266,No Group
Manchester City Council - Chorlton,Chorlton Place,2019,April,15,Tuesday,09 Apr 2019,11:00,189,244,433,189,244,433,No Group
Manchester City Council - Chorlton,Chorlton Place,2019,April,15,Tuesday,09 Apr 2019,12:00,313,380,693,313,380,693,No Group
Manchester City Council - Chorlton,Chorlton Place,2019,April,15,Tuesday,09 Apr 2019,13:00,285,390,675,285,390,675,No Group
Manchester City Council - Chorlton,Chorlton Place,2019,April,15,Tuesday,09 Apr 2019,14:00,319,346,665,319,346,665,No Group
Manchester City Council - Chorlton,Chorlton Place,2019,April,15,Tuesday,09 Apr 2019,15:00,198,195,393,198,195,393,No Group
Manchester City Council - Chorlton,Chorlton Place,2019,April,15,Tuesday,09 Apr 2019,16:00,186,188,374,186,188,374,No Group
Manchester City Council - Chorlton,Chorlton Place,2019,April,15,Tuesday,09 Apr 2019,17:00,145,119,264,145,119,264,No Group
Manchester City Council - Chorlton,Chorlton Place,2019,April,15,Tuesday,09 Apr 2019,18:00,86,77,163,86,77,163,No Group
Manchester City Council - Chorlton,Chorlton Place,2019,April,15,Tuesday,09 Apr 2019,19:00,93,63,156,93,63,156,No Group
Manchester City Council - Chorlton,Chorlton Place,2019,April,15,Tuesday,09 Apr 2019,20:00,44,39,83,44,39,83,No Group
Manchester City Council - Chorlton,Chorlton Place,2019,April,15,Tuesday,09 Apr 2019,21:00,36,40,76,36,40,76,No Group
Manchester City Council - Chorlton,Chorlton Place,2019,April,15,Tuesday,09 Apr 2019,22:00,30,38,68,30,38,68,No Group
Manchester City Council - Chorlton,Chorlton Place,2019,April,15,Tuesday,09 Apr 2019,23:00,31,21,52,31,21,52,No Group
Manchester City Council - Chorlton,Chorlton Place,2019,April,15,Wednesday,10 Apr 2019,00:00,7,4,11,7,4,11,No Group
Manchester City Council - Chorlton,Chorlton Place,2019,April,15,Wednesday,10 Apr 2019,01:00,2,3,5,2,3,5,No Group
Manchester City Council - Chorlton,Chorlton Place,2019,April,15,Wednesday,10 Apr 2019,02:00,0,2,2,0,2,2,No Group
Manchester City Council - Chorlton,Chorlton Place,2019,April,15,Wednesday,10 Apr 2019,03:00,0,5,5,0,5,5,No Group
Manchester City Council - Chorlton,Chorlton Place,2019,April,15,Wednesday,10 Apr 2019,04:00,2,5,7,2,5,7,No Group
Manchester City Council - Chorlton,Chorlton Place,2019,April,15,Wednesday,10 Apr 2019,05:00,2,11,13,2,11,13,No Group
Manchester City Council - Chorlton,Chorlton Place,2019,April,15,Wednesday,10 Apr 2019,06:00,9,21,30,9,21,30,No Group
Manchester City Council - Chorlton,Chorlton Place,2019,April,15,Wednesday,10 Apr 2019,07:00,16,83,99,16,83,99,No Group
Manchester City Council - Chorlton,Chorlton Place,2019,April,15,Wednesday,10 Apr 2019,08:00,34,106,140,34,106,140,No Group
Manchester City Council - Chorlton,Chorlton Place,2019,April,15,Wednesday,10 Apr 2019,09:00,64,120,184,64,120,184,No Group
Manchester City Council - Chorlton,Chorlton Place,2019,April,15,Wednesday,10 Apr 2019,10:00,133,160,293,133,160,293,No Group
Manchester City Council - Chorlton,Chorlton Place,2019,April,15,Wednesday,10 Apr 2019,11:00,162,207,369,162,207,369,No Group
Manchester City Council - Chorlton,Chorlton Place,2019,April,15,Wednesday,10 Apr 2019,12:00,292,361,653,292,361,653,No Group
Manchester City Council - Chorlton,Chorlton Place,2019,April,15,Wednesday,10 Apr 2019,13:00,285,367,652,285,367,652,No Group
Manchester City Council - Chorlton,Chorlton Place,2019,April,15,Wednesday,10 Apr 2019,14:00,261,319,580,261,319,580,No Group
Manchester City Council - Chorlton,Chorlton Place,2019,April,15,Wednesday,10 Apr 2019,15:00,247,287,534,247,287,534,No Group
Manchester City Council - Chorlton,Chorlton Place,2019,April,15,Wednesday,10 Apr 2019,16:00,186,199,385,186,199,385,No Group
Manchester City Council - Chorlton,Chorlton Place,2019,April,15,Wednesday,10 Apr 2019,17:00,156,137,293,156,137,293,No Group
Manchester City Council - Chorlton,Chorlton Place,2019,April,15,Wednesday,10 Apr 2019,18:00,133,93,226,133,93,226,No Group
Manchester City Council - Chorlton,Chorlton Place,2019,April,15,Wednesday,10 Apr 2019,19:00,102,83,185,102,83,185,No Group
Manchester City Council - Chorlton,Chorlton Place,2019,April,15,Wednesday,10 Apr 2019,20:00,63,57,120,63,57,120,No Group
Manchester City Council - Chorlton,Chorlton Place,2019,April,15,Wednesday,10 Apr 2019,21:00,32,47,79,32,47,79,No Group
Manchester City Council - Chorlton,Chorlton Place,2019,April,15,Wednesday,10 Apr 2019,22:00,38,66,104,38,66,104,No Group
Manchester City Council - Chorlton,Chorlton Place,2019,April,15,Wednesday,10 Apr 2019,23:00,20,26,46,20,26,46,No Group
Manchester City Council - Chorlton,Chorlton Place,2019,April,15,Thursday,11 Apr 2019,00:00,10,3,13,10,3,13,No Group
Manchester City Council - Chorlton,Chorlton Place,2019,April,15,Thursday,11 Apr 2019,01:00,1,6,7,1,6,7,No Group
Manchester City Council - Chorlton,Chorlton Place,2019,April,15,Thursday,11 Apr 2019,02:00,3,1,4,3,1,4,No Group
Manchester City Council - Chorlton,Chorlton Place,2019,April,15,Thursday,11 Apr 2019,03:00,4,6,10,4,6,10,No Group
Manchester City Council - Chorlton,Chorlton Place,2019,April,15,Thursday,11 Apr 2019,04:00,0,5,5,0,5,5,No Group
Manchester City Council - Chorlton,Chorlton Place,2019,April,15,Thursday,11 Apr 2019,05:00,7,6,13,7,6,13,No Group
Manchester City Council - Chorlton,Chorlton Place,2019,April,15,Thursday,11 Apr 2019,06:00,11,20,31,11,20,31,No Group
Manchester City Council - Chorlton,Chorlton Place,2019,April,15,Thursday,11 Apr 2019,07:00,38,88,126,38,88,126,No Group
Manchester City Council - Chorlton,Chorlton Place,2019,April,15,Thursday,11 Apr 2019,08:00,43,125,168,43,125,168,No Group
Manchester City Council - Chorlton,Chorlton Place,2019,April,15,Thursday,11 Apr 2019,09:00,97,161,258,97,161,258,No Group
Manchester City Council - Chorlton,Chorlton Place,2019,April,15,Thursday,11 Apr 2019,10:00,139,171,310,139,171,310,No Group
Manchester City Council - Chorlton,Chorlton Place,2019,April,15,Thursday,11 Apr 2019,11:00,162,237,399,162,237,399,No Group
Manchester City Council - Chorlton,Chorlton Place,2019,April,15,Thursday,11 Apr 2019,12:00,301,428,729,301,428,729,No Group
Manchester City Council - Chorlton,Chorlton Place,2019,April,15,Thursday,11 Apr 2019,13:00,332,423,755,332,423,755,No Group
Manchester City Council - Chorlton,Chorlton Place,2019,April,15,Thursday,11 Apr 2019,14:00,329,383,712,329,383,712,No Group
Manchester City Council - Chorlton,Chorlton Place,2019,April,15,Thursday,11 Apr 2019,15:00,222,267,489,222,267,489,No Group
Manchester City Council - Chorlton,Chorlton Place,2019,April,15,Thursday,11 Apr 2019,16:00,144,183,327,144,183,327,No Group
Manchester City Council - Chorlton,Chorlton Place,2019,April,15,Thursday,11 Apr 2019,17:00,128,108,236,128,108,236,No Group
Manchester City Council - Chorlton,Chorlton Place,2019,April,15,Thursday,11 Apr 2019,18:00,98,88,186,98,88,186,No Group
Manchester City Council - Chorlton,Chorlton Place,2019,April,15,Thursday,11 Apr 2019,19:00,87,82,169,87,82,169,No Group
Manchester City Council - Chorlton,Chorlton Place,2019,April,15,Thursday,11 Apr 2019,20:00,52,46,98,52,46,98,No Group
Manchester City Council - Chorlton,Chorlton Place,2019,April,15,Thursday,11 Apr 2019,21:00,26,32,58,26,32,58,No Group
Manchester City Council - Chorlton,Chorlton Place,2019,April,15,Thursday,11 Apr 2019,22:00,26,16,42,26,16,42,No Group
Manchester City Council - Chorlton,Chorlton Place,2019,April,15,Thursday,11 Apr 2019,23:00,23,10,33,23,10,33,No Group
Manchester City Council - Chorlton,Chorlton Place,2019,April,15,Friday,12 Apr 2019,00:00,9,9,18,9,9,18,No Group
Manchester City Council - Chorlton,Chorlton Place,2019,April,15,Friday,12 Apr 2019,01:00,0,3,3,0,3,3,No Group
Manchester City Council - Chorlton,Chorlton Place,2019,April,15,Friday,12 Apr 2019,02:00,0,3,3,0,3,3,No Group
Manchester City Council - Chorlton,Chorlton Place,2019,April,15,Friday,12 Apr 2019,03:00,1,3,4,1,3,4,No Group
Manchester City Council - Chorlton,Chorlton Place,2019,April,15,Friday,12 Apr 2019,04:00,0,2,2,0,2,2,No Group
Manchester City Council - Chorlton,Chorlton Place,2019,April,15,Friday,12 Apr 2019,05:00,4,9,13,4,9,13,No Group
Manchester City Council - Chorlton,Chorlton Place,2019,April,15,Friday,12 Apr 2019,06:00,7,21,28,7,21,28,No Group
Manchester City Council - Chorlton,Chorlton Place,2019,April,15,Friday,12 Apr 2019,07:00,37,69,106,37,69,106,No Group
Manchester City Council - Chorlton,Chorlton Place,2019,April,15,Friday,12 Apr 2019,08:00,34,102,136,34,102,136,No Group
Manchester City Council - Chorlton,Chorlton Place,2019,April,15,Friday,12 Apr 2019,09:00,111,164,275,111,164,275,No Group
Manchester City Council - Chorlton,Chorlton Place,2019,April,15,Friday,12 Apr 2019,10:00,157,215,372,157,215,372,No Group
Manchester City Council - Chorlton,Chorlton Place,2019,April,15,Friday,12 Apr 2019,11:00,232,269,501,232,269,501,No Group
Manchester City Council - Chorlton,Chorlton Place,2019,April,15,Friday,12 Apr 2019,12:00,239,305,544,239,305,544,No Group
Manchester City Council - Chorlton,Chorlton Place,2019,April,15,Friday,12 Apr 2019,13:00,186,229,415,186,229,415,No Group
Manchester City Council - Chorlton,Chorlton Place,2019,April,15,Friday,12 Apr 2019,14:00,170,191,361,170,191,361,No Group
Manchester City Council - Chorlton,Chorlton Place,2019,April,15,Friday,12 Apr 2019,15:00,132,159,291,132,159,291,No Group
Manchester City Council - Chorlton,Chorlton Place,2019,April,15,Friday,12 Apr 2019,16:00,169,167,336,169,167,336,No Group
Manchester City Council - Chorlton,Chorlton Place,2019,April,15,Friday,12 Apr 2019,17:00,120,102,222,120,102,222,No Group
Manchester City Council - Chorlton,Chorlton Place,2019,April,15,Friday,12 Apr 2019,18:00,106,96,202,106,96,202,No Group
Manchester City Council - Chorlton,Chorlton Place,2019,April,15,Friday,12 Apr 2019,19:00,85,54,139,85,54,139,No Group
Manchester City Council - Chorlton,Chorlton Place,2019,April,15,Friday,12 Apr 2019,20:00,54,56,110,54,56,110,No Group
Manchester City Council - Chorlton,Chorlton Place,2019,April,15,Friday,12 Apr 2019,21:00,46,46,92,46,46,92,No Group
Manchester City Council - Chorlton,Chorlton Place,2019,April,15,Friday,12 Apr 2019,22:00,14,50,64,14,50,64,No Group
Manchester City Council - Chorlton,Chorlton Place,2019,April,15,Friday,12 Apr 2019,23:00,27,23,50,27,23,50,No Group
Manchester City Council - Chorlton,Chorlton Place,2019,April,15,Saturday,13 Apr 2019,00:00,17,30,47,17,30,47,No Group
Manchester City Council - Chorlton,Chorlton Place,2019,April,15,Saturday,13 Apr 2019,01:00,10,12,22,10,12,22,No Group
Manchester City Council - Chorlton,Chorlton Place,2019,April,15,Saturday,13 Apr 2019,02:00,5,2,7,5,2,7,No Group
Manchester City Council - Chorlton,Chorlton Place,2019,April,15,Saturday,13 Apr 2019,03:00,2,0,2,2,0,2,No Group
Manchester City Council - Chorlton,Chorlton Place,2019,April,15,Saturday,13 Apr 2019,04:00,2,5,7,2,5,7,No Group
Manchester City Council - Chorlton,Chorlton Place,2019,April,15,Saturday,13 Apr 2019,05:00,8,8,16,8,8,16,No Group
Manchester City Council - Chorlton,Chorlton Place,2019,April,15,Saturday,13 Apr 2019,06:00,3,9,12,3,9,12,No Group
Manchester City Council - Chorlton,Chorlton Place,2019,April,15,Saturday,13 Apr 2019,07:00,13,35,48,13,35,48,No Group
Manchester City Council - Chorlton,Chorlton Place,2019,April,15,Saturday,13 Apr 2019,08:00,49,74,123,49,74,123,No Group
Manchester City Council - Chorlton,Chorlton Place,2019,April,15,Saturday,13 Apr 2019,09:00,127,165,292,127,165,292,No Group
Manchester City Council - Chorlton,Chorlton Place,2019,April,15,Saturday,13 Apr 2019,10:00,190,215,405,190,215,405,No Group
Manchester City Council - Chorlton,Chorlton Place,2019,April,15,Saturday,13 Apr 2019,11:00,244,270,514,244,270,514,No Group
Manchester City Council - Chorlton,Chorlton Place,2019,April,15,Saturday,13 Apr 2019,12:00,247,315,562,247,315,562,No Group
Manchester City Council - Chorlton,Chorlton Place,2019,April,15,Saturday,13 Apr 2019,13:00,389,442,831,389,442,831,No Group
Manchester City Council - Chorlton,Chorlton Place,2019,April,15,Saturday,13 Apr 2019,14:00,276,312,588,276,312,588,No Group
Manchester City Council - Chorlton,Chorlton Place,2019,April,15,Saturday,13 Apr 2019,15:00,225,235,460,225,235,460,No Group
Manchester City Council - Chorlton,Chorlton Place,2019,April,15,Saturday,13 Apr 2019,16:00,183,205,388,183,205,388,No Group
Manchester City Council - Chorlton,Chorlton Place,2019,April,15,Saturday,13 Apr 2019,17:00,144,115,259,144,115,259,No Group
Manchester City Council - Chorlton,Chorlton Place,2019,April,15,Saturday,13 Apr 2019,18:00,106,106,212,106,106,212,No Group
Manchester City Council - Chorlton,Chorlton Place,2019,April,15,Saturday,13 Apr 2019,19:00,74,117,191,74,117,191,No Group
Manchester City Council - Chorlton,Chorlton Place,2019,April,15,Saturday,13 Apr 2019,20:00,88,102,190,88,102,190,No Group
Manchester City Council - Chorlton,Chorlton Place,2019,April,15,Saturday,13 Apr 2019,21:00,50,53,103,50,53,103,No Group
Manchester City Council - Chorlton,Chorlton Place,2019,April,15,Saturday,13 Apr 2019,22:00,50,45,95,50,45,95,No Group
Manchester City Council - Chorlton,Chorlton Place,2019,April,15,Saturday,13 Apr 2019,23:00,53,52,105,53,52,105,No Group
Manchester City Council - Chorlton,Chorlton Place,2019,April,15,Sunday,14 Apr 2019,00:00,14,19,33,14,19,33,No Group
Manchester City Council - Chorlton,Chorlton Place,2019,April,15,Sunday,14 Apr 2019,01:00,9,7,16,9,7,16,No Group
Manchester City Council - Chorlton,Chorlton Place,2019,April,15,Sunday,14 Apr 2019,02:00,5,4,9,5,4,9,No Group
Manchester City Council - Chorlton,Chorlton Place,2019,April,15,Sunday,14 Apr 2019,03:00,2,4,6,2,4,6,No Group
Manchester City Council - Chorlton,Chorlton Place,2019,April,15,Sunday,14 Apr 2019,04:00,0,0,0,0,0,0,No Group
Manchester City Council - Chorlton,Chorlton Place,2019,April,15,Sunday,14 Apr 2019,05:00,3,2,5,3,2,5,No Group
Manchester City Council - Chorlton,Chorlton Place,2019,April,15,Sunday,14 Apr 2019,06:00,3,7,10,3,7,10,No Group
Manchester City Council - Chorlton,Chorlton Place,2019,April,15,Sunday,14 Apr 2019,07:00,5,4,9,5,4,9,No Group
Manchester City Council - Chorlton,Chorlton Place,2019,April,15,Sunday,14 Apr 2019,08:00,22,30,52,22,30,52,No Group
Manchester City Council - Chorlton,Chorlton Place,2019,April,15,Sunday,14 Apr 2019,09:00,45,42,87,45,42,87,No Group
Manchester City Council - Chorlton,Chorlton Place,2019,April,15,Sunday,14 Apr 2019,10:00,58,90,148,58,90,148,No Group
Manchester City Council - Chorlton,Chorlton Place,2019,April,15,Sunday,14 Apr 2019,11:00,60,86,146,60,86,146,No Group
Manchester City Council - Chorlton,Chorlton Place,2019,April,15,Sunday,14 Apr 2019,12:00,104,91,195,104,91,195,No Group
Manchester City Council - Chorlton,Chorlton Place,2019,April,15,Sunday,14 Apr 2019,13:00,110,138,248,110,138,248,No Group
Manchester City Council - Chorlton,Chorlton Place,2019,April,15,Sunday,14 Apr 2019,14:00,113,101,214,113,101,214,No Group
Manchester City Council - Chorlton,Chorlton Place,2019,April,15,Sunday,14 Apr 2019,15:00,97,88,185,97,88,185,No Group
Manchester City Council - Chorlton,Chorlton Place,2019,April,15,Sunday,14 Apr 2019,16:00,86,99,185,86,99,185,No Group
Manchester City Council - Chorlton,Chorlton Place,2019,April,15,Sunday,14 Apr 2019,17:00,45,65,110,45,65,110,No Group
Manchester City Council - Chorlton,Chorlton Place,2019,April,15,Sunday,14 Apr 2019,18:00,59,53,112,59,53,112,No Group
Manchester City Council - Chorlton,Chorlton Place,2019,April,15,Sunday,14 Apr 2019,19:00,33,64,97,33,64,97,No Group
Manchester City Council - Chorlton,Chorlton Place,2019,April,15,Sunday,14 Apr 2019,20:00,32,35,67,32,35,67,No Group
Manchester City Council - Chorlton,Chorlton Place,2019,April,15,Sunday,14 Apr 2019,21:00,21,30,51,21,30,51,No Group
Manchester City Council - Chorlton,Chorlton Place,2019,April,15,Sunday,14 Apr 2019,22:00,30,17,47,30,17,47,No Group
Manchester City Council - Chorlton,Chorlton Place,2019,April,15,Sunday,14 Apr 2019,23:00,14,17,31,14,17,31,No Group
Manchester City Council - Chorlton,Chorlton Place,2019,April,16,Monday,15 Apr 2019,00:00,7,6,13,7,6,13,No Group
Manchester City Council - Chorlton,Chorlton Place,2019,April,16,Monday,15 Apr 2019,01:00,3,0,3,3,0,3,No Group
Manchester City Council - Chorlton,Chorlton Place,2019,April,16,Monday,15 Apr 2019,02:00,1,0,1,1,0,1,No Group
Manchester City Council - Chorlton,Chorlton Place,2019,April,16,Monday,15 Apr 2019,03:00,0,2,2,0,2,2,No Group
Manchester City Council - Chorlton,Chorlton Place,2019,April,16,Monday,15 Apr 2019,04:00,1,0,1,1,0,1,No Group
Manchester City Council - Chorlton,Chorlton Place,2019,April,16,Monday,15 Apr 2019,05:00,2,5,7,2,5,7,No Group
Manchester City Council - Chorlton,Chorlton Place,2019,April,16,Monday,15 Apr 2019,06:00,10,26,36,10,26,36,No Group
Manchester City Council - Chorlton,Chorlton Place,2019,April,16,Monday,15 Apr 2019,07:00,14,60,74,14,60,74,No Group
Manchester City Council - Chorlton,Chorlton Place,2019,April,16,Monday,15 Apr 2019,08:00,30,107,137,30,107,137,No Group
Manchester City Council - Chorlton,Chorlton Place,2019,April,16,Monday,15 Apr 2019,09:00,76,113,189,76,113,189,No Group
Manchester City Council - Chorlton,Chorlton Place,2019,April,16,Monday,15 Apr 2019,10:00,128,129,257,128,129,257,No Group
Manchester City Council - Chorlton,Chorlton Place,2019,April,16,Monday,15 Apr 2019,11:00,149,176,325,149,176,325,No Group
Manchester City Council - Chorlton,Chorlton Place,2019,April,16,Monday,15 Apr 2019,12:00,252,352,604,252,352,604,No Group
Manchester City Council - Chorlton,Chorlton Place,2019,April,16,Monday,15 Apr 2019,13:00,263,363,626,263,363,626,No Group
Manchester City Council - Chorlton,Chorlton Place,2019,April,16,Monday,15 Apr 2019,14:00,147,186,333,147,186,333,No Group
Manchester City Council - Chorlton,Chorlton Place,2019,April,16,Monday,15 Apr 2019,15:00,141,152,293,141,152,293,No Group
Manchester City Council - Chorlton,Chorlton Place,2019,April,16,Monday,15 Apr 2019,16:00,147,161,308,147,161,308,No Group
Manchester City Council - Chorlton,Chorlton Place,2019,April,16,Monday,15 Apr 2019,17:00,141,89,230,141,89,230,No Group
Manchester City Council - Chorlton,Chorlton Place,2019,April,16,Monday,15 Apr 2019,18:00,110,81,191,110,81,191,No Group
Manchester City Council - Chorlton,Chorlton Place,2019,April,16,Monday,15 Apr 2019,19:00,78,59,137,78,59,137,No Group
Manchester City Council - Chorlton,Chorlton Place,2019,April,16,Monday,15 Apr 2019,20:00,52,44,96,52,44,96,No Group
Manchester City Council - Chorlton,Chorlton Place,2019,April,16,Monday,15 Apr 2019,21:00,22,36,58,22,36,58,No Group
Manchester City Council - Chorlton,Chorlton Place,2019,April,16,Monday,15 Apr 2019,22:00,13,29,42,13,29,42,No Group
Manchester City Council - Chorlton,Chorlton Place,2019,April,16,Monday,15 Apr 2019,23:00,8,15,23,8,15,23,No Group
Manchester City Council - Chorlton,Chorlton Place,2019,April,16,Tuesday,16 Apr 2019,00:00,13,3,16,13,3,16,No Group
Manchester City Council - Chorlton,Chorlton Place,2019,April,16,Tuesday,16 Apr 2019,01:00,0,1,1,0,1,1,No Group
Manchester City Council - Chorlton,Chorlton Place,2019,April,16,Tuesday,16 Apr 2019,02:00,6,5,11,6,5,11,No Group
Manchester City Council - Chorlton,Chorlton Place,2019,April,16,Tuesday,16 Apr 2019,03:00,2,3,5,2,3,5,No Group
Manchester City Council - Chorlton,Chorlton Place,2019,April,16,Tuesday,16 Apr 2019,04:00,1,6,7,1,6,7,No Group
Manchester City Council - Chorlton,Chorlton Place,2019,April,16,Tuesday,16 Apr 2019,05:00,4,5,9,4,5,9,No Group
Manchester City Council - Chorlton,Chorlton Place,2019,April,16,Tuesday,16 Apr 2019,06:00,10,28,38,10,28,38,No Group
Manchester City Council - Chorlton,Chorlton Place,2019,April,16,Tuesday,16 Apr 2019,07:00,24,79,103,24,79,103,No Group
Manchester City Council - Chorlton,Chorlton Place,2019,April,16,Tuesday,16 Apr 2019,08:00,36,114,150,36,114,150,No Group
Manchester City Council - Chorlton,Chorlton Place,2019,April,16,Tuesday,16 Apr 2019,09:00,101,128,229,101,128,229,No Group
Manchester City Council - Chorlton,Chorlton Place,2019,April,16,Tuesday,16 Apr 2019,10:00,124,137,261,124,137,261,No Group
Manchester City Council - Chorlton,Chorlton Place,2019,April,16,Tuesday,16 Apr 2019,11:00,168,178,346,168,178,346,No Group
Manchester City Council - Chorlton,Chorlton Place,2019,April,16,Tuesday,16 Apr 2019,12:00,170,198,368,170,198,368,No Group
Manchester City Council - Chorlton,Chorlton Place,2019,April,16,Tuesday,16 Apr 2019,13:00,188,202,390,188,202,390,No Group
Manchester City Council - Chorlton,Chorlton Place,2019,April,16,Tuesday,16 Apr 2019,14:00,139,156,295,139,156,295,No Group
Manchester City Council - Chorlton,Chorlton Place,2019,April,16,Tuesday,16 Apr 2019,15:00,180,172,352,180,172,352,No Group
Manchester City Council - Chorlton,Chorlton Place,2019,April,16,Tuesday,16 Apr 2019,16:00,168,191,359,168,191,359,No Group
Manchester City Council - Chorlton,Chorlton Place,2019,April,16,Tuesday,16 Apr 2019,17:00,129,86,215,129,86,215,No Group
Manchester City Council - Chorlton,Chorlton Place,2019,April,16,Tuesday,16 Apr 2019,18:00,91,80,171,91,80,171,No Group
Manchester City Council - Chorlton,Chorlton Place,2019,April,16,Tuesday,16 Apr 2019,19:00,102,73,175,102,73,175,No Group
Manchester City Council - Chorlton,Chorlton Place,2019,April,16,Tuesday,16 Apr 2019,20:00,58,56,114,58,56,114,No Group
Manchester City Council - Chorlton,Chorlton Place,2019,April,16,Tuesday,16 Apr 2019,21:00,28,44,72,28,44,72,No Group
Manchester City Council - Chorlton,Chorlton Place,2019,April,16,Tuesday,16 Apr 2019,22:00,27,32,59,27,32,59,No Group
Manchester City Council - Chorlton,Chorlton Place,2019,April,16,Tuesday,16 Apr 2019,23:00,17,14,31,17,14,31,No Group
Manchester City Council - Chorlton,Chorlton Place,2019,April,16,Wednesday,17 Apr 2019,00:00,11,12,23,11,12,23,No Group
Manchester City Council - Chorlton,Chorlton Place,2019,April,16,Wednesday,17 Apr 2019,01:00,1,0,1,1,0,1,No Group
Manchester City Council - Chorlton,Chorlton Place,2019,April,16,Wednesday,17 Apr 2019,02:00,0,1,1,0,1,1,No Group
Manchester City Council - Chorlton,Chorlton Place,2019,April,16,Wednesday,17 Apr 2019,03:00,0,5,5,0,5,5,No Group
Manchester City Council - Chorlton,Chorlton Place,2019,April,16,Wednesday,17 Apr 2019,04:00,2,5,7,2,5,7,No Group
Manchester City Council - Chorlton,Chorlton Place,2019,April,16,Wednesday,17 Apr 2019,05:00,1,6,7,1,6,7,No Group
Manchester City Council - Chorlton,Chorlton Place,2019,April,16,Wednesday,17 Apr 2019,06:00,7,19,26,7,19,26,No Group
Manchester City Council - Chorlton,Chorlton Place,2019,April,16,Wednesday,17 Apr 2019,07:00,28,80,108,28,80,108,No Group
Manchester City Council - Chorlton,Chorlton Place,2019,April,16,Wednesday,17 Apr 2019,08:00,48,115,163,48,115,163,No Group
Manchester City Council - Chorlton,Chorlton Place,2019,April,16,Wednesday,17 Apr 2019,09:00,70,125,195,70,125,195,No Group
Manchester City Council - Chorlton,Chorlton Place,2019,April,16,Wednesday,17 Apr 2019,10:00,151,189,340,151,189,340,No Group
Manchester City Council - Chorlton,Chorlton Place,2019,April,16,Wednesday,17 Apr 2019,11:00,174,223,397,174,223,397,No Group
Manchester City Council - Chorlton,Chorlton Place,2019,April,16,Wednesday,17 Apr 2019,12:00,261,282,543,261,282,543,No Group
Manchester City Council - Chorlton,Chorlton Place,2019,April,16,Wednesday,17 Apr 2019,13:00,323,374,697,323,374,697,No Group
Manchester City Council - Chorlton,Chorlton Place,2019,April,16,Wednesday,17 Apr 2019,14:00,266,327,593,266,327,593,No Group
Manchester City Council - Chorlton,Chorlton Place,2019,April,16,Wednesday,17 Apr 2019,15:00,211,234,445,211,234,445,No Group
Manchester City Council - Chorlton,Chorlton Place,2019,April,16,Wednesday,17 Apr 2019,16:00,149,161,310,149,161,310,No Group
Manchester City Council - Chorlton,Chorlton Place,2019,April,16,Wednesday,17 Apr 2019,17:00,143,106,249,143,106,249,No Group
Manchester City Council - Chorlton,Chorlton Place,2019,April,16,Wednesday,17 Apr 2019,18:00,109,79,188,109,79,188,No Group
Manchester City Council - Chorlton,Chorlton Place,2019,April,16,Wednesday,17 Apr 2019,19:00,104,69,173,104,69,173,No Group
Manchester City Council - Chorlton,Chorlton Place,2019,April,16,Wednesday,17 Apr 2019,20:00,61,61,122,61,61,122,No Group
Manchester City Council - Chorlton,Chorlton Place,2019,April,16,Wednesday,17 Apr 2019,21:00,35,45,80,35,45,80,No Group
Manchester City Council - Chorlton,Chorlton Place,2019,April,16,Wednesday,17 Apr 2019,22:00,37,42,79,37,42,79,No Group
Manchester City Council - Chorlton,Chorlton Place,2019,April,16,Wednesday,17 Apr 2019,23:00,27,26,53,27,26,53,No Group
Manchester City Council - Chorlton,Chorlton Place,2019,April,16,Thursday,18 Apr 2019,00:00,9,1,10,9,1,10,No Group
Manchester City Council - Chorlton,Chorlton Place,2019,April,16,Thursday,18 Apr 2019,01:00,5,6,11,5,6,11,No Group
Manchester City Council - Chorlton,Chorlton Place,2019,April,16,Thursday,18 Apr 2019,02:00,0,2,2,0,2,2,No Group
Manchester City Council - Chorlton,Chorlton Place,2019,April,16,Thursday,18 Apr 2019,03:00,0,1,1,0,1,1,No Group
Manchester City Council - Chorlton,Chorlton Place,2019,April,16,Thursday,18 Apr 2019,04:00,3,3,6,3,3,6,No Group
Manchester City Council - Chorlton,Chorlton Place,2019,April,16,Thursday,18 Apr 2019,05:00,2,5,7,2,5,7,No Group
Manchester City Council - Chorlton,Chorlton Place,2019,April,16,Thursday,18 Apr 2019,06:00,13,21,34,13,21,34,No Group
Manchester City Council - Chorlton,Chorlton Place,2019,April,16,Thursday,18 Apr 2019,07:00,35,75,110,35,75,110,No Group
Manchester City Council - Chorlton,Chorlton Place,2019,April,16,Thursday,18 Apr 2019,08:00,70,149,219,70,149,219,No Group
Manchester City Council - Chorlton,Chorlton Place,2019,April,16,Thursday,18 Apr 2019,09:00,107,133,240,107,133,240,No Group
Manchester City Council - Chorlton,Chorlton Place,2019,April,16,Thursday,18 Apr 2019,10:00,151,170,321,151,170,321,No Group
Manchester City Council - Chorlton,Chorlton Place,2019,April,16,Thursday,18 Apr 2019,11:00,207,250,457,207,250,457,No Group
Manchester City Council - Chorlton,Chorlton Place,2019,April,16,Thursday,18 Apr 2019,12:00,232,245,477,232,245,477,No Group
Manchester City Council - Chorlton,Chorlton Place,2019,April,16,Thursday,18 Apr 2019,13:00,178,227,405,178,227,405,No Group
Manchester City Council - Chorlton,Chorlton Place,2019,April,16,Thursday,18 Apr 2019,14:00,212,227,439,212,227,439,No Group
Manchester City Council - Chorlton,Chorlton Place,2019,April,16,Thursday,18 Apr 2019,15:00,227,204,431,227,204,431,No Group
Manchester City Council - Chorlton,Chorlton Place,2019,April,16,Thursday,18 Apr 2019,16:00,208,190,398,208,190,398,No Group
Manchester City Council - Chorlton,Chorlton Place,2019,April,16,Thursday,18 Apr 2019,17:00,119,85,204,119,85,204,No Group
Manchester City Council - Chorlton,Chorlton Place,2019,April,16,Thursday,18 Apr 2019,18:00,112,99,211,112,99,211,No Group
Manchester City Council - Chorlton,Chorlton Place,2019,April,16,Thursday,18 Apr 2019,19:00,71,43,114,71,43,114,No Group
Manchester City Council - Chorlton,Chorlton Place,2019,April,16,Thursday,18 Apr 2019,20:00,71,68,139,71,68,139,No Group
Manchester City Council - Chorlton,Chorlton Place,2019,April,16,Thursday,18 Apr 2019,21:00,38,50,88,38,50,88,No Group
Manchester City Council - Chorlton,Chorlton Place,2019,April,16,Thursday,18 Apr 2019,22:00,36,62,98,36,62,98,No Group
Manchester City Council - Chorlton,Chorlton Place,2019,April,16,Thursday,18 Apr 2019,23:00,38,51,89,38,51,89,No Group
Manchester City Council - Chorlton,Chorlton Place,2019,April,16,Friday,19 Apr 2019,00:00,24,9,33,24,9,33,No Group
Manchester City Council - Chorlton,Chorlton Place,2019,April,16,Friday,19 Apr 2019,01:00,10,1,11,10,1,11,No Group
Manchester City Council - Chorlton,Chorlton Place,2019,April,16,Friday,19 Apr 2019,02:00,2,3,5,2,3,5,No Group
Manchester City Council - Chorlton,Chorlton Place,2019,April,16,Friday,19 Apr 2019,03:00,3,0,3,3,0,3,No Group
Manchester City Council - Chorlton,Chorlton Place,2019,April,16,Friday,19 Apr 2019,04:00,0,2,2,0,2,2,No Group
Manchester City Council - Chorlton,Chorlton Place,2019,April,16,Friday,19 Apr 2019,05:00,2,4,6,2,4,6,No Group
Manchester City Council - Chorlton,Chorlton Place,2019,April,16,Friday,19 Apr 2019,06:00,16,15,31,16,15,31,No Group
Manchester City Council - Chorlton,Chorlton Place,2019,April,16,Friday,19 Apr 2019,07:00,6,22,28,6,22,28,No Group
Manchester City Council - Chorlton,Chorlton Place,2019,April,16,Friday,19 Apr 2019,08:00,28,36,64,28,36,64,No Group
Manchester City Council - Chorlton,Chorlton Place,2019,April,16,Friday,19 Apr 2019,09:00,80,114,194,80,114,194,No Group
Manchester City Council - Chorlton,Chorlton Place,2019,April,16,Friday,19 Apr 2019,10:00,163,152,315,163,152,315,No Group
Manchester City Council - Chorlton,Chorlton Place,2019,April,16,Friday,19 Apr 2019,11:00,246,285,531,246,285,531,No Group
Manchester City Council - Chorlton,Chorlton Place,2019,April,16,Friday,19 Apr 2019,12:00,336,369,705,336,369,705,No Group
Manchester City Council - Chorlton,Chorlton Place,2019,April,16,Friday,19 Apr 2019,13:00,354,359,713,354,359,713,No Group
Manchester City Council - Chorlton,Chorlton Place,2019,April,16,Friday,19 Apr 2019,14:00,273,309,582,273,309,582,No Group
Manchester City Council - Chorlton,Chorlton Place,2019,April,16,Friday,19 Apr 2019,15:00,251,244,495,251,244,495,No Group
Manchester City Council - Chorlton,Chorlton Place,2019,April,16,Friday,19 Apr 2019,16:00,218,272,490,218,272,490,No Group
Manchester City Council - Chorlton,Chorlton Place,2019,April,16,Friday,19 Apr 2019,17:00,201,231,432,201,231,432,No Group
Manchester City Council - Chorlton,Chorlton Place,2019,April,16,Friday,19 Apr 2019,18:00,227,209,436,227,209,436,No Group
Manchester City Council - Chorlton,Chorlton Place,2019,April,16,Friday,19 Apr 2019,19:00,80,88,168,80,88,168,No Group
Manchester City Council - Chorlton,Chorlton Place,2019,April,16,Friday,19 Apr 2019,20:00,65,84,149,65,84,149,No Group
Manchester City Council - Chorlton,Chorlton Place,2019,April,16,Friday,19 Apr 2019,21:00,52,69,121,52,69,121,No Group
Manchester City Council - Chorlton,Chorlton Place,2019,April,16,Friday,19 Apr 2019,22:00,40,68,108,40,68,108,No Group
Manchester City Council - Chorlton,Chorlton Place,2019,April,16,Friday,19 Apr 2019,23:00,40,30,70,40,30,70,No Group
Manchester City Council - Chorlton,Chorlton Place,2019,April,16,Saturday,20 Apr 2019,00:00,31,26,57,31,26,57,No Group
Manchester City Council - Chorlton,Chorlton Place,2019,April,16,Saturday,20 Apr 2019,01:00,41,33,74,41,33,74,No Group
Manchester City Council - Chorlton,Chorlton Place,2019,April,16,Saturday,20 Apr 2019,02:00,8,6,14,8,6,14,No Group
Manchester City Council - Chorlton,Chorlton Place,2019,April,16,Saturday,20 Apr 2019,03:00,2,9,11,2,9,11,No Group
Manchester City Council - Chorlton,Chorlton Place,2019,April,16,Saturday,20 Apr 2019,04:00,9,9,18,9,9,18,No Group
Manchester City Council - Chorlton,Chorlton Place,2019,April,16,Saturday,20 Apr 2019,05:00,2,1,3,2,1,3,No Group
Manchester City Council - Chorlton,Chorlton Place,2019,April,16,Saturday,20 Apr 2019,06:00,5,11,16,5,11,16,No Group
Manchester City Council - Chorlton,Chorlton Place,2019,April,16,Saturday,20 Apr 2019,07:00,11,15,26,11,15,26,No Group
Manchester City Council - Chorlton,Chorlton Place,2019,April,16,Saturday,20 Apr 2019,08:00,43,60,103,43,60,103,No Group
Manchester City Council - Chorlton,Chorlton Place,2019,April,16,Saturday,20 Apr 2019,09:00,101,152,253,101,152,253,No Group
Manchester City Council - Chorlton,Chorlton Place,2019,April,16,Saturday,20 Apr 2019,10:00,213,247,460,213,247,460,No Group
Manchester City Council - Chorlton,Chorlton Place,2019,April,16,Saturday,20 Apr 2019,11:00,300,357,657,300,357,657,No Group
Manchester City Council - Chorlton,Chorlton Place,2019,April,16,Saturday,20 Apr 2019,12:00,405,453,858,405,453,858,No Group
Manchester City Council - Chorlton,Chorlton Place,2019,April,16,Saturday,20 Apr 2019,13:00,469,472,941,469,472,941,No Group
Manchester City Council - Chorlton,Chorlton Place,2019,April,16,Saturday,20 Apr 2019,14:00,359,438,797,359,438,797,No Group
Manchester City Council - Chorlton,Chorlton Place,2019,April,16,Saturday,20 Apr 2019,15:00,276,290,566,276,290,566,No Group
Manchester City Council - Chorlton,Chorlton Place,2019,April,16,Saturday,20 Apr 2019,16:00,173,175,348,173,175,348,No Group
Manchester City Council - Chorlton,Chorlton Place,2019,April,16,Saturday,20 Apr 2019,17:00,115,127,242,115,127,242,No Group
Manchester City Council - Chorlton,Chorlton Place,2019,April,16,Saturday,20 Apr 2019,18:00,69,72,141,69,72,141,No Group
Manchester City Council - Chorlton,Chorlton Place,2019,April,16,Saturday,20 Apr 2019,19:00,78,68,146,78,68,146,No Group
Manchester City Council - Chorlton,Chorlton Place,2019,April,16,Saturday,20 Apr 2019,20:00,65,65,130,65,65,130,No Group
Manchester City Council - Chorlton,Chorlton Place,2019,April,16,Saturday,20 Apr 2019,21:00,50,86,136,50,86,136,No Group
Manchester City Council - Chorlton,Chorlton Place,2019,April,16,Saturday,20 Apr 2019,22:00,55,61,116,55,61,116,No Group
Manchester City Council - Chorlton,Chorlton Place,2019,April,16,Saturday,20 Apr 2019,23:00,45,43,88,45,43,88,No Group
Manchester City Council - Chorlton,Chorlton Place,2019,April,16,Sunday,21 Apr 2019,00:00,18,29,47,18,29,47,No Group
Manchester City Council - Chorlton,Chorlton Place,2019,April,16,Sunday,21 Apr 2019,01:00,19,11,30,19,11,30,No Group
Manchester City Council - Chorlton,Chorlton Place,2019,April,16,Sunday,21 Apr 2019,02:00,2,3,5,2,3,5,No Group
Manchester City Council - Chorlton,Chorlton Place,2019,April,16,Sunday,21 Apr 2019,03:00,1,2,3,1,2,3,No Group
Manchester City Council - Chorlton,Chorlton Place,2019,April,16,Sunday,21 Apr 2019,04:00,0,0,0,0,0,0,No Group
Manchester City Council - Chorlton,Chorlton Place,2019,April,16,Sunday,21 Apr 2019,05:00,1,2,3,1,2,3,No Group
Manchester City Council - Chorlton,Chorlton Place,2019,April,16,Sunday,21 Apr 2019,06:00,3,9,12,3,9,12,No Group
Manchester City Council - Chorlton,Chorlton Place,2019,April,16,Sunday,21 Apr 2019,07:00,10,8,18,10,8,18,No Group
Manchester City Council - Chorlton,Chorlton Place,2019,April,16,Sunday,21 Apr 2019,08:00,24,27,51,24,27,51,No Group
Manchester City Council - Chorlton,Chorlton Place,2019,April,16,Sunday,21 Apr 2019,09:00,32,59,91,32,59,91,No Group
Manchester City Council - Chorlton,Chorlton Place,2019,April,16,Sunday,21 Apr 2019,10:00,67,85,152,67,85,152,No Group
Manchester City Council - Chorlton,Chorlton Place,2019,April,16,Sunday,21 Apr 2019,11:00,101,94,195,101,94,195,No Group
Manchester City Council - Chorlton,Chorlton Place,2019,April,16,Sunday,21 Apr 2019,12:00,154,164,318,154,164,318,No Group
Manchester City Council - Chorlton,Chorlton Place,2019,April,16,Sunday,21 Apr 2019,13:00,210,192,402,210,192,402,No Group
Manchester City Council - Chorlton,Chorlton Place,2019,April,16,Sunday,21 Apr 2019,14:00,154,181,335,154,181,335,No Group
Manchester City Council - Chorlton,Chorlton Place,2019,April,16,Sunday,21 Apr 2019,15:00,108,130,238,108,130,238,No Group
Manchester City Council - Chorlton,Chorlton Place,2019,April,16,Sunday,21 Apr 2019,16:00,78,82,160,78,82,160,No Group
Manchester City Council - Chorlton,Chorlton Place,2019,April,16,Sunday,21 Apr 2019,17:00,47,67,114,47,67,114,No Group
Manchester City Council - Chorlton,Chorlton Place,2019,April,16,Sunday,21 Apr 2019,18:00,61,60,121,61,60,121,No Group
Manchester City Council - Chorlton,Chorlton Place,2019,April,16,Sunday,21 Apr 2019,19:00,41,66,107,41,66,107,No Group
Manchester City Council - Chorlton,Chorlton Place,2019,April,16,Sunday,21 Apr 2019,20:00,30,39,69,30,39,69,No Group
Manchester City Council - Chorlton,Chorlton Place,2019,April,16,Sunday,21 Apr 2019,21:00,28,51,79,28,51,79,No Group
Manchester City Council - Chorlton,Chorlton Place,2019,April,16,Sunday,21 Apr 2019,22:00,39,34,73,39,34,73,No Group
Manchester City Council - Chorlton,Chorlton Place,2019,April,16,Sunday,21 Apr 2019,23:00,18,14,32,18,14,32,No Group
Manchester City Council - Chorlton,Chorlton Place,2019,April,17,Monday,22 Apr 2019,00:00,34,19,53,34,19,53,No Group
Manchester City Council - Chorlton,Chorlton Place,2019,April,17,Monday,22 Apr 2019,01:00,5,10,15,5,10,15,No Group
Manchester City Council - Chorlton,Chorlton Place,2019,April,17,Monday,22 Apr 2019,02:00,8,3,11,8,3,11,No Group
Manchester City Council - Chorlton,Chorlton Place,2019,April,17,Monday,22 Apr 2019,03:00,0,3,3,0,3,3,No Group
Manchester City Council - Chorlton,Chorlton Place,2019,April,17,Monday,22 Apr 2019,04:00,0,0,0,0,0,0,No Group
Manchester City Council - Chorlton,Chorlton Place,2019,April,17,Monday,22 Apr 2019,05:00,0,0,0,0,0,0,No Group
Manchester City Council - Chorlton,Chorlton Place,2019,April,17,Monday,22 Apr 2019,06:00,2,5,7,2,5,7,No Group
Manchester City Council - Chorlton,Chorlton Place,2019,April,17,Monday,22 Apr 2019,07:00,10,15,25,10,15,25,No Group
Manchester City Council - Chorlton,Chorlton Place,2019,April,17,Monday,22 Apr 2019,08:00,23,42,65,23,42,65,No Group
Manchester City Council - Chorlton,Chorlton Place,2019,April,17,Monday,22 Apr 2019,09:00,70,74,144,70,74,144,No Group
Manchester City Council - Chorlton,Chorlton Place,2019,April,17,Monday,22 Apr 2019,10:00,76,105,181,76,105,181,No Group
Manchester City Council - Chorlton,Chorlton Place,2019,April,17,Monday,22 Apr 2019,11:00,133,133,266,133,133,266,No Group
Manchester City Council - Chorlton,Chorlton Place,2019,April,17,Monday,22 Apr 2019,12:00,173,289,462,173,289,462,No Group
Manchester City Council - Chorlton,Chorlton Place,2019,April,17,Monday,22 Apr 2019,13:00,201,236,437,201,236,437,No Group
Manchester City Council - Chorlton,Chorlton Place,2019,April,17,Monday,22 Apr 2019,14:00,152,180,332,152,180,332,No Group
Manchester City Council - Chorlton,Chorlton Place,2019,April,17,Monday,22 Apr 2019,15:00,146,146,292,146,146,292,No Group
Manchester City Council - Chorlton,Chorlton Place,2019,April,17,Monday,22 Apr 2019,16:00,80,94,174,80,94,174,No Group
Manchester City Council - Chorlton,Chorlton Place,2019,April,17,Monday,22 Apr 2019,17:00,89,77,166,89,77,166,No Group
Manchester City Council - Chorlton,Chorlton Place,2019,April,17,Monday,22 Apr 2019,18:00,61,47,108,61,47,108,No Group
Manchester City Council - Chorlton,Chorlton Place,2019,April,17,Monday,22 Apr 2019,19:00,62,55,117,62,55,117,No Group
Manchester City Council - Chorlton,Chorlton Place,2019,April,17,Monday,22 Apr 2019,20:00,35,39,74,35,39,74,No Group
Manchester City Council - Chorlton,Chorlton Place,2019,April,17,Monday,22 Apr 2019,21:00,21,50,71,21,50,71,No Group
Manchester City Council - Chorlton,Chorlton Place,2019,April,17,Monday,22 Apr 2019,22:00,21,19,40,21,19,40,No Group
Manchester City Council - Chorlton,Chorlton Place,2019,April,17,Monday,22 Apr 2019,23:00,18,21,39,18,21,39,No Group
Manchester City Council - Chorlton,Chorlton Place,2019,April,17,Tuesday,23 Apr 2019,00:00,6,6,12,6,6,12,No Group
Manchester City Council - Chorlton,Chorlton Place,2019,April,17,Tuesday,23 Apr 2019,01:00,7,8,15,7,8,15,No Group
Manchester City Council - Chorlton,Chorlton Place,2019,April,17,Tuesday,23 Apr 2019,02:00,0,0,0,0,0,0,No Group
Manchester City Council - Chorlton,Chorlton Place,2019,April,17,Tuesday,23 Apr 2019,03:00,0,1,1,0,1,1,No Group
Manchester City Council - Chorlton,Chorlton Place,2019,April,17,Tuesday,23 Apr 2019,04:00,2,3,5,2,3,5,No Group
Manchester City Council - Chorlton,Chorlton Place,2019,April,17,Tuesday,23 Apr 2019,05:00,0,5,5,0,5,5,No Group
Manchester City Council - Chorlton,Chorlton Place,2019,April,17,Tuesday,23 Apr 2019,06:00,12,22,34,12,22,34,No Group
Manchester City Council - Chorlton,Chorlton Place,2019,April,17,Tuesday,23 Apr 2019,07:00,23,79,102,23,79,102,No Group
Manchester City Council - Chorlton,Chorlton Place,2019,April,17,Tuesday,23 Apr 2019,08:00,35,121,156,35,121,156,No Group
Manchester City Council - Chorlton,Chorlton Place,2019,April,17,Tuesday,23 Apr 2019,09:00,97,124,221,97,124,221,No Group
Manchester City Council - Chorlton,Chorlton Place,2019,April,17,Tuesday,23 Apr 2019,10:00,141,139,280,141,139,280,No Group
Manchester City Council - Chorlton,Chorlton Place,2019,April,17,Tuesday,23 Apr 2019,11:00,143,182,325,143,182,325,No Group
Manchester City Council - Chorlton,Chorlton Place,2019,April,17,Tuesday,23 Apr 2019,12:00,219,254,473,219,254,473,No Group
Manchester City Council - Chorlton,Chorlton Place,2019,April,17,Tuesday,23 Apr 2019,13:00,244,302,546,244,302,546,No Group
Manchester City Council - Chorlton,Chorlton Place,2019,April,17,Tuesday,23 Apr 2019,14:00,189,169,358,189,169,358,No Group
Manchester City Council - Chorlton,Chorlton Place,2019,April,17,Tuesday,23 Apr 2019,15:00,147,142,289,147,142,289,No Group
Manchester City Council - Chorlton,Chorlton Place,2019,April,17,Tuesday,23 Apr 2019,16:00,171,141,312,171,141,312,No Group
Manchester City Council - Chorlton,Chorlton Place,2019,April,17,Tuesday,23 Apr 2019,17:00,126,106,232,126,106,232,No Group
Manchester City Council - Chorlton,Chorlton Place,2019,April,17,Tuesday,23 Apr 2019,18:00,95,77,172,95,77,172,No Group
Manchester City Council - Chorlton,Chorlton Place,2019,April,17,Tuesday,23 Apr 2019,19:00,64,47,111,64,47,111,No Group
Manchester City Council - Chorlton,Chorlton Place,2019,April,17,Tuesday,23 Apr 2019,20:00,34,47,81,34,47,81,No Group
Manchester City Council - Chorlton,Chorlton Place,2019,April,17,Tuesday,23 Apr 2019,21:00,42,59,101,42,59,101,No Group
Manchester City Council - Chorlton,Chorlton Place,2019,April,17,Tuesday,23 Apr 2019,22:00,25,25,50,25,25,50,No Group
Manchester City Council - Chorlton,Chorlton Place,2019,April,17,Tuesday,23 Apr 2019,23:00,13,13,26,13,13,26,No Group
Manchester City Council - Chorlton,Chorlton Place,2019,April,17,Wednesday,24 Apr 2019,00:00,5,1,6,5,1,6,No Group
Manchester City Council - Chorlton,Chorlton Place,2019,April,17,Wednesday,24 Apr 2019,01:00,1,1,2,1,1,2,No Group
Manchester City Council - Chorlton,Chorlton Place,2019,April,17,Wednesday,24 Apr 2019,02:00,0,0,0,0,0,0,No Group
Manchester City Council - Chorlton,Chorlton Place,2019,April,17,Wednesday,24 Apr 2019,03:00,0,4,4,0,4,4,No Group
Manchester City Council - Chorlton,Chorlton Place,2019,April,17,Wednesday,24 Apr 2019,04:00,0,6,6,0,6,6,No Group
Manchester City Council - Chorlton,Chorlton Place,2019,April,17,Wednesday,24 Apr 2019,05:00,7,8,15,7,8,15,No Group
Manchester City Council - Chorlton,Chorlton Place,2019,April,17,Wednesday,24 Apr 2019,06:00,5,23,28,5,23,28,No Group
Manchester City Council - Chorlton,Chorlton Place,2019,April,17,Wednesday,24 Apr 2019,07:00,26,90,116,26,90,116,No Group
Manchester City Council - Chorlton,Chorlton Place,2019,April,17,Wednesday,24 Apr 2019,08:00,36,122,158,36,122,158,No Group
Manchester City Council - Chorlton,Chorlton Place,2019,April,17,Wednesday,24 Apr 2019,09:00,70,132,202,70,132,202,No Group
Manchester City Council - Chorlton,Chorlton Place,2019,April,17,Wednesday,24 Apr 2019,10:00,155,157,312,155,157,312,No Group
Manchester City Council - Chorlton,Chorlton Place,2019,April,17,Wednesday,24 Apr 2019,11:00,140,155,295,140,155,295,No Group
Manchester City Council - Chorlton,Chorlton Place,2019,April,17,Wednesday,24 Apr 2019,12:00,152,154,306,152,154,306,No Group
Manchester City Council - Chorlton,Chorlton Place,2019,April,17,Wednesday,24 Apr 2019,13:00,192,220,412,192,220,412,No Group
Manchester City Council - Chorlton,Chorlton Place,2019,April,17,Wednesday,24 Apr 2019,14:00,134,176,310,134,176,310,No Group
Manchester City Council - Chorlton,Chorlton Place,2019,April,17,Wednesday,24 Apr 2019,15:00,152,174,326,152,174,326,No Group
Manchester City Council - Chorlton,Chorlton Place,2019,April,17,Wednesday,24 Apr 2019,16:00,126,128,254,126,128,254,No Group
Manchester City Council - Chorlton,Chorlton Place,2019,April,17,Wednesday,24 Apr 2019,17:00,158,113,271,158,113,271,No Group
Manchester City Council - Chorlton,Chorlton Place,2019,April,17,Wednesday,24 Apr 2019,18:00,114,70,184,114,70,184,No Group
Manchester City Council - Chorlton,Chorlton Place,2019,April,17,Wednesday,24 Apr 2019,19:00,95,57,152,95,57,152,No Group
Manchester City Council - Chorlton,Chorlton Place,2019,April,17,Wednesday,24 Apr 2019,20:00,74,45,119,74,45,119,No Group
Manchester City Council - Chorlton,Chorlton Place,2019,April,17,Wednesday,24 Apr 2019,21:00,48,49,97,48,49,97,No Group
Manchester City Council - Chorlton,Chorlton Place,2019,April,17,Wednesday,24 Apr 2019,22:00,37,62,99,37,62,99,No Group
Manchester City Council - Chorlton,Chorlton Place,2019,April,17,Wednesday,24 Apr 2019,23:00,22,17,39,22,17,39,No Group
Manchester City Council - Chorlton,Chorlton Place,2019,April,17,Thursday,25 Apr 2019,00:00,13,4,17,13,4,17,No Group
Manchester City Council - Chorlton,Chorlton Place,2019,April,17,Thursday,25 Apr 2019,01:00,2,1,3,2,1,3,No Group
Manchester City Council - Chorlton,Chorlton Place,2019,April,17,Thursday,25 Apr 2019,02:00,0,0,0,0,0,0,No Group
Manchester City Council - Chorlton,Chorlton Place,2019,April,17,Thursday,25 Apr 2019,03:00,1,3,4,1,3,4,No Group
Manchester City Council - Chorlton,Chorlton Place,2019,April,17,Thursday,25 Apr 2019,04:00,0,3,3,0,3,3,No Group
Manchester City Council - Chorlton,Chorlton Place,2019,April,17,Thursday,25 Apr 2019,05:00,3,4,7,3,4,7,No Group
Manchester City Council - Chorlton,Chorlton Place,2019,April,17,Thursday,25 Apr 2019,06:00,14,21,35,14,21,35,No Group
Manchester City Council - Chorlton,Chorlton Place,2019,April,17,Thursday,25 Apr 2019,07:00,35,99,134,35,99,134,No Group
Manchester City Council - Chorlton,Chorlton Place,2019,April,17,Thursday,25 Apr 2019,08:00,48,161,209,48,161,209,No Group
Manchester City Council - Chorlton,Chorlton Place,2019,April,17,Thursday,25 Apr 2019,09:00,99,166,265,99,166,265,No Group
Manchester City Council - Chorlton,Chorlton Place,2019,April,17,Thursday,25 Apr 2019,10:00,149,150,299,149,150,299,No Group
Manchester City Council - Chorlton,Chorlton Place,2019,April,17,Thursday,25 Apr 2019,11:00,123,165,288,123,165,288,No Group
Manchester City Council - Chorlton,Chorlton Place,2019,April,17,Thursday,25 Apr 2019,12:00,168,180,348,168,180,348,No Group
Manchester City Council - Chorlton,Chorlton Place,2019,April,17,Thursday,25 Apr 2019,13:00,151,197,348,151,197,348,No Group
Manchester City Council - Chorlton,Chorlton Place,2019,April,17,Thursday,25 Apr 2019,14:00,145,161,306,145,161,306,No Group
Manchester City Council - Chorlton,Chorlton Place,2019,April,17,Thursday,25 Apr 2019,15:00,200,207,407,200,207,407,No Group
Manchester City Council - Chorlton,Chorlton Place,2019,April,17,Thursday,25 Apr 2019,16:00,131,152,283,131,152,283,No Group
Manchester City Council - Chorlton,Chorlton Place,2019,April,17,Thursday,25 Apr 2019,17:00,125,102,227,125,102,227,No Group
Manchester City Council - Chorlton,Chorlton Place,2019,April,17,Thursday,25 Apr 2019,18:00,109,72,181,109,72,181,No Group
Manchester City Council - Chorlton,Chorlton Place,2019,April,17,Thursday,25 Apr 2019,19:00,61,42,103,61,42,103,No Group
Manchester City Council - Chorlton,Chorlton Place,2019,April,17,Thursday,25 Apr 2019,20:00,52,39,91,52,39,91,No Group
Manchester City Council - Chorlton,Chorlton Place,2019,April,17,Thursday,25 Apr 2019,21:00,43,33,76,43,33,76,No Group
Manchester City Council - Chorlton,Chorlton Place,2019,April,17,Thursday,25 Apr 2019,22:00,29,22,51,29,22,51,No Group
Manchester City Council - Chorlton,Chorlton Place,2019,April,17,Thursday,25 Apr 2019,23:00,17,12,29,17,12,29,No Group
Manchester City Council - Chorlton,Chorlton Place,2019,April,17,Friday,26 Apr 2019,00:00,21,3,24,21,3,24,No Group
Manchester City Council - Chorlton,Chorlton Place,2019,April,17,Friday,26 Apr 2019,01:00,1,2,3,1,2,3,No Group
Manchester City Council - Chorlton,Chorlton Place,2019,April,17,Friday,26 Apr 2019,02:00,0,0,0,0,0,0,No Group
Manchester City Council - Chorlton,Chorlton Place,2019,April,17,Friday,26 Apr 2019,03:00,2,2,4,2,2,4,No Group
Manchester City Council - Chorlton,Chorlton Place,2019,April,17,Friday,26 Apr 2019,04:00,0,0,0,0,0,0,No Group
Manchester City Council - Chorlton,Chorlton Place,2019,April,17,Friday,26 Apr 2019,05:00,3,9,12,3,9,12,No Group
Manchester City Council - Chorlton,Chorlton Place,2019,April,17,Friday,26 Apr 2019,06:00,18,22,40,18,22,40,No Group
Manchester City Council - Chorlton,Chorlton Place,2019,April,17,Friday,26 Apr 2019,07:00,38,81,119,38,81,119,No Group
Manchester City Council - Chorlton,Chorlton Place,2019,April,17,Friday,26 Apr 2019,08:00,33,132,165,33,132,165,No Group
Manchester City Council - Chorlton,Chorlton Place,2019,April,17,Friday,26 Apr 2019,09:00,105,156,261,105,156,261,No Group
Manchester City Council - Chorlton,Chorlton Place,2019,April,17,Friday,26 Apr 2019,10:00,141,152,293,141,152,293,No Group
Manchester City Council - Chorlton,Chorlton Place,2019,April,17,Friday,26 Apr 2019,11:00,211,223,434,211,223,434,No Group
Manchester City Council - Chorlton,Chorlton Place,2019,April,17,Friday,26 Apr 2019,12:00,188,256,444,188,256,444,No Group
Manchester City Council - Chorlton,Chorlton Place,2019,April,17,Friday,26 Apr 2019,13:00,202,273,475,202,273,475,No Group
Manchester City Council - Chorlton,Chorlton Place,2019,April,17,Friday,26 Apr 2019,14:00,190,214,404,190,214,404,No Group
Manchester City Council - Chorlton,Chorlton Place,2019,April,17,Friday,26 Apr 2019,15:00,186,154,340,186,154,340,No Group
Manchester City Council - Chorlton,Chorlton Place,2019,April,17,Friday,26 Apr 2019,16:00,160,174,334,160,174,334,No Group
Manchester City Council - Chorlton,Chorlton Place,2019,April,17,Friday,26 Apr 2019,17:00,141,107,248,141,107,248,No Group
Manchester City Council - Chorlton,Chorlton Place,2019,April,17,Friday,26 Apr 2019,18:00,105,105,210,105,105,210,No Group
Manchester City Council - Chorlton,Chorlton Place,2019,April,17,Friday,26 Apr 2019,19:00,111,113,224,111,113,224,No Group
Manchester City Council - Chorlton,Chorlton Place,2019,April,17,Friday,26 Apr 2019,20:00,107,80,187,107,80,187,No Group
Manchester City Council - Chorlton,Chorlton Place,2019,April,17,Friday,26 Apr 2019,21:00,50,73,123,50,73,123,No Group
Manchester City Council - Chorlton,Chorlton Place,2019,April,17,Friday,26 Apr 2019,22:00,60,59,119,60,59,119,No Group
Manchester City Council - Chorlton,Chorlton Place,2019,April,17,Friday,26 Apr 2019,23:00,61,35,96,61,35,96,No Group
Manchester City Council - Chorlton,Chorlton Place,2019,April,17,Saturday,27 Apr 2019,00:00,31,27,58,31,27,58,No Group
Manchester City Council - Chorlton,Chorlton Place,2019,April,17,Saturday,27 Apr 2019,01:00,8,28,36,8,28,36,No Group
Manchester City Council - Chorlton,Chorlton Place,2019,April,17,Saturday,27 Apr 2019,02:00,4,28,32,4,28,32,No Group
Manchester City Council - Chorlton,Chorlton Place,2019,April,17,Saturday,27 Apr 2019,03:00,3,7,10,3,7,10,No Group
Manchester City Council - Chorlton,Chorlton Place,2019,April,17,Saturday,27 Apr 2019,04:00,5,5,10,5,5,10,No Group
Manchester City Council - Chorlton,Chorlton Place,2019,April,17,Saturday,27 Apr 2019,05:00,3,9,12,3,9,12,No Group
Manchester City Council - Chorlton,Chorlton Place,2019,April,17,Saturday,27 Apr 2019,06:00,12,11,23,12,11,23,No Group
Manchester City Council - Chorlton,Chorlton Place,2019,April,17,Saturday,27 Apr 2019,07:00,42,41,83,42,41,83,No Group
Manchester City Council - Chorlton,Chorlton Place,2019,April,17,Saturday,27 Apr 2019,08:00,59,65,124,59,65,124,No Group
Manchester City Council - Chorlton,Chorlton Place,2019,April,17,Saturday,27 Apr 2019,09:00,98,129,227,98,129,227,No Group
Manchester City Council - Chorlton,Chorlton Place,2019,April,17,Saturday,27 Apr 2019,10:00,193,260,453,193,260,453,No Group
Manchester City Council - Chorlton,Chorlton Place,2019,April,17,Saturday,27 Apr 2019,11:00,296,316,612,296,316,612,No Group
Manchester City Council - Chorlton,Chorlton Place,2019,April,17,Saturday,27 Apr 2019,12:00,281,285,566,281,285,566,No Group
Manchester City Council - Chorlton,Chorlton Place,2019,April,17,Saturday,27 Apr 2019,13:00,252,302,554,252,302,554,No Group
Manchester City Council - Chorlton,Chorlton Place,2019,April,17,Saturday,27 Apr 2019,14:00,259,286,545,259,286,545,No Group
Manchester City Council - Chorlton,Chorlton Place,2019,April,17,Saturday,27 Apr 2019,15:00,274,315,589,274,315,589,No Group
Manchester City Council - Chorlton,Chorlton Place,2019,April,17,Saturday,27 Apr 2019,16:00,215,258,473,215,258,473,No Group
Manchester City Council - Chorlton,Chorlton Place,2019,April,17,Saturday,27 Apr 2019,17:00,147,156,303,147,156,303,No Group
Manchester City Council - Chorlton,Chorlton Place,2019,April,17,Saturday,27 Apr 2019,18:00,118,126,244,118,126,244,No Group
Manchester City Council - Chorlton,Chorlton Place,2019,April,17,Saturday,27 Apr 2019,19:00,74,85,159,74,85,159,No Group
Manchester City Council - Chorlton,Chorlton Place,2019,April,17,Saturday,27 Apr 2019,20:00,68,76,144,68,76,144,No Group
Manchester City Council - Chorlton,Chorlton Place,2019,April,17,Saturday,27 Apr 2019,21:00,30,46,76,30,46,76,No Group
Manchester City Council - Chorlton,Chorlton Place,2019,April,17,Saturday,27 Apr 2019,22:00,25,46,71,25,46,71,No Group
Manchester City Council - Chorlton,Chorlton Place,2019,April,17,Saturday,27 Apr 2019,23:00,31,32,63,31,32,63,No Group
Manchester City Council - Chorlton,Chorlton Place,2019,April,17,Sunday,28 Apr 2019,00:00,21,19,40,21,19,40,No Group
Manchester City Council - Chorlton,Chorlton Place,2019,April,17,Sunday,28 Apr 2019,01:00,4,12,16,4,12,16,No Group
Manchester City Council - Chorlton,Chorlton Place,2019,April,17,Sunday,28 Apr 2019,02:00,3,7,10,3,7,10,No Group
Manchester City Council - Chorlton,Chorlton Place,2019,April,17,Sunday,28 Apr 2019,03:00,2,1,3,2,1,3,No Group
Manchester City Council - Chorlton,Chorlton Place,2019,April,17,Sunday,28 Apr 2019,04:00,0,2,2,0,2,2,No Group
Manchester City Council - Chorlton,Chorlton Place,2019,April,17,Sunday,28 Apr 2019,05:00,2,0,2,2,0,2,No Group
Manchester City Council - Chorlton,Chorlton Place,2019,April,17,Sunday,28 Apr 2019,06:00,6,8,14,6,8,14,No Group
Manchester City Council - Chorlton,Chorlton Place,2019,April,17,Sunday,28 Apr 2019,07:00,3,9,12,3,9,12,No Group
Manchester City Council - Chorlton,Chorlton Place,2019,April,17,Sunday,28 Apr 2019,08:00,12,34,46,12,34,46,No Group
Manchester City Council - Chorlton,Chorlton Place,2019,April,17,Sunday,28 Apr 2019,09:00,27,58,85,27,58,85,No Group
Manchester City Council - Chorlton,Chorlton Place,2019,April,17,Sunday,28 Apr 2019,10:00,76,98,174,76,98,174,No Group
Manchester City Council - Chorlton,Chorlton Place,2019,April,17,Sunday,28 Apr 2019,11:00,104,123,227,104,123,227,No Group
Manchester City Council - Chorlton,Chorlton Place,2019,April,17,Sunday,28 Apr 2019,12:00,173,210,383,173,210,383,No Group
Manchester City Council - Chorlton,Chorlton Place,2019,April,17,Sunday,28 Apr 2019,13:00,218,197,415,218,197,415,No Group
Manchester City Council - Chorlton,Chorlton Place,2019,April,17,Sunday,28 Apr 2019,14:00,157,191,348,157,191,348,No Group
Manchester City Council - Chorlton,Chorlton Place,2019,April,17,Sunday,28 Apr 2019,15:00,161,147,308,161,147,308,No Group
Manchester City Council - Chorlton,Chorlton Place,2019,April,17,Sunday,28 Apr 2019,16:00,103,119,222,103,119,222,No Group
Manchester City Council - Chorlton,Chorlton Place,2019,April,17,Sunday,28 Apr 2019,17:00,78,86,164,78,86,164,No Group
Manchester City Council - Chorlton,Chorlton Place,2019,April,17,Sunday,28 Apr 2019,18:00,52,81,133,52,81,133,No Group
Manchester City Council - Chorlton,Chorlton Place,2019,April,17,Sunday,28 Apr 2019,19:00,52,56,108,52,56,108,No Group
Manchester City Council - Chorlton,Chorlton Place,2019,April,17,Sunday,28 Apr 2019,20:00,29,36,65,29,36,65,No Group
Manchester City Council - Chorlton,Chorlton Place,2019,April,17,Sunday,28 Apr 2019,21:00,27,36,63,27,36,63,No Group
Manchester City Council - Chorlton,Chorlton Place,2019,April,17,Sunday,28 Apr 2019,22:00,36,24,60,36,24,60,No Group
Manchester City Council - Chorlton,Chorlton Place,2019,April,17,Sunday,28 Apr 2019,23:00,12,23,35,12,23,35,No Group
Manchester City Council - Chorlton,Chorlton Place,2019,May,18,Monday,29 Apr 2019,00:00,5,4,9,5,4,9,No Group
Manchester City Council - Chorlton,Chorlton Place,2019,May,18,Monday,29 Apr 2019,01:00,0,0,0,0,0,0,No Group
Manchester City Council - Chorlton,Chorlton Place,2019,May,18,Monday,29 Apr 2019,02:00,0,1,1,0,1,1,No Group
Manchester City Council - Chorlton,Chorlton Place,2019,May,18,Monday,29 Apr 2019,03:00,0,1,1,0,1,1,No Group
Manchester City Council - Chorlton,Chorlton Place,2019,May,18,Monday,29 Apr 2019,04:00,0,1,1,0,1,1,No Group
Manchester City Council - Chorlton,Chorlton Place,2019,May,18,Monday,29 Apr 2019,05:00,2,5,7,2,5,7,No Group
Manchester City Council - Chorlton,Chorlton Place,2019,May,18,Monday,29 Apr 2019,06:00,10,27,37,10,27,37,No Group
Manchester City Council - Chorlton,Chorlton Place,2019,May,18,Monday,29 Apr 2019,07:00,20,85,105,20,85,105,No Group
Manchester City Council - Chorlton,Chorlton Place,2019,May,18,Monday,29 Apr 2019,08:00,44,135,179,44,135,179,No Group
Manchester City Council - Chorlton,Chorlton Place,2019,May,18,Monday,29 Apr 2019,09:00,105,145,250,105,145,250,No Group
Manchester City Council - Chorlton,Chorlton Place,2019,May,18,Monday,29 Apr 2019,10:00,111,141,252,111,141,252,No Group
Manchester City Council - Chorlton,Chorlton Place,2019,May,18,Monday,29 Apr 2019,11:00,143,170,313,143,170,313,No Group
Manchester City Council - Chorlton,Chorlton Place,2019,May,18,Monday,29 Apr 2019,12:00,165,186,351,165,186,351,No Group
Manchester City Council - Chorlton,Chorlton Place,2019,May,18,Monday,29 Apr 2019,13:00,169,210,379,169,210,379,No Group
Manchester City Council - Chorlton,Chorlton Place,2019,May,18,Monday,29 Apr 2019,14:00,151,153,304,151,153,304,No Group
Manchester City Council - Chorlton,Chorlton Place,2019,May,18,Monday,29 Apr 2019,15:00,136,161,297,136,161,297,No Group
Manchester City Council - Chorlton,Chorlton Place,2019,May,18,Monday,29 Apr 2019,16:00,134,103,237,134,103,237,No Group
Manchester City Council - Chorlton,Chorlton Place,2019,May,18,Monday,29 Apr 2019,17:00,122,114,236,122,114,236,No Group
Manchester City Council - Chorlton,Chorlton Place,2019,May,18,Monday,29 Apr 2019,18:00,143,83,226,143,83,226,No Group
Manchester City Council - Chorlton,Chorlton Place,2019,May,18,Monday,29 Apr 2019,19:00,80,57,137,80,57,137,No Group
Manchester City Council - Chorlton,Chorlton Place,2019,May,18,Monday,29 Apr 2019,20:00,42,54,96,42,54,96,No Group
Manchester City Council - Chorlton,Chorlton Place,2019,May,18,Monday,29 Apr 2019,21:00,26,22,48,26,22,48,No Group
Manchester City Council - Chorlton,Chorlton Place,2019,May,18,Monday,29 Apr 2019,22:00,16,14,30,16,14,30,No Group
Manchester City Council - Chorlton,Chorlton Place,2019,May,18,Monday,29 Apr 2019,23:00,7,11,18,7,11,18,No Group
Manchester City Council - Chorlton,Chorlton Place,2019,May,18,Tuesday,30 Apr 2019,00:00,5,0,5,5,0,5,No Group
Manchester City Council - Chorlton,Chorlton Place,2019,May,18,Tuesday,30 Apr 2019,01:00,1,2,3,1,2,3,No Group
Manchester City Council - Chorlton,Chorlton Place,2019,May,18,Tuesday,30 Apr 2019,02:00,6,6,12,6,6,12,No Group
Manchester City Council - Chorlton,Chorlton Place,2019,May,18,Tuesday,30 Apr 2019,03:00,10,2,12,10,2,12,No Group
Manchester City Council - Chorlton,Chorlton Place,2019,May,18,Tuesday,30 Apr 2019,04:00,0,3,3,0,3,3,No Group
Manchester City Council - Chorlton,Chorlton Place,2019,May,18,Tuesday,30 Apr 2019,05:00,5,7,12,5,7,12,No Group
Manchester City Council - Chorlton,Chorlton Place,2019,May,18,Tuesday,30 Apr 2019,06:00,11,32,43,11,32,43,No Group
Manchester City Council - Chorlton,Chorlton Place,2019,May,18,Tuesday,30 Apr 2019,07:00,23,100,123,23,100,123,No Group
Manchester City Council - Chorlton,Chorlton Place,2019,May,18,Tuesday,30 Apr 2019,08:00,40,116,156,40,116,156,No Group
Manchester City Council - Chorlton,Chorlton Place,2019,May,18,Tuesday,30 Apr 2019,09:00,77,133,210,77,133,210,No Group
Manchester City Council - Chorlton,Chorlton Place,2019,May,18,Tuesday,30 Apr 2019,10:00,123,152,275,123,152,275,No Group
Manchester City Council - Chorlton,Chorlton Place,2019,May,18,Tuesday,30 Apr 2019,11:00,139,173,312,139,173,312,No Group
Manchester City Council - Chorlton,Chorlton Place,2019,May,18,Tuesday,30 Apr 2019,12:00,211,259,470,211,259,470,No Group
Manchester City Council - Chorlton,Chorlton Place,2019,May,18,Tuesday,30 Apr 2019,13:00,259,286,545,259,286,545,No Group
Manchester City Council - Chorlton,Chorlton Place,2019,May,18,Tuesday,30 Apr 2019,14:00,163,173,336,163,173,336,No Group
Manchester City Council - Chorlton,Chorlton Place,2019,May,18,Tuesday,30 Apr 2019,15:00,168,153,321,168,153,321,No Group
Manchester City Council - Chorlton,Chorlton Place,2019,May,18,Tuesday,30 Apr 2019,16:00,123,138,261,123,138,261,No Group
Manchester City Council - Chorlton,Chorlton Place,2019,May,18,Tuesday,30 Apr 2019,17:00,97,95,192,97,95,192,No Group
Manchester City Council - Chorlton,Chorlton Place,2019,May,18,Tuesday,30 Apr 2019,18:00,97,83,180,97,83,180,No Group
Manchester City Council - Chorlton,Chorlton Place,2019,May,18,Tuesday,30 Apr 2019,19:00,76,52,128,76,52,128,No Group
Manchester City Council - Chorlton,Chorlton Place,2019,May,18,Tuesday,30 Apr 2019,20:00,33,39,72,33,39,72,No Group
Manchester City Council - Chorlton,Chorlton Place,2019,May,18,Tuesday,30 Apr 2019,21:00,33,35,68,33,35,68,No Group
Manchester City Council - Chorlton,Chorlton Place,2019,May,18,Tuesday,30 Apr 2019,22:00,33,27,60,33,27,60,No Group
Manchester City Council - Chorlton,Chorlton Place,2019,May,18,Tuesday,30 Apr 2019,23:00,14,19,33,14,19,33,No Group
Manchester City Council - Chorlton,Chorlton Place,2019,May,18,Wednesday,01 May 2019,00:00,8,5,13,8,5,13,No Group
Manchester City Council - Chorlton,Chorlton Place,2019,May,18,Wednesday,01 May 2019,01:00,2,0,2,2,0,2,No Group
Manchester City Council - Chorlton,Chorlton Place,2019,May,18,Wednesday,01 May 2019,02:00,0,0,0,0,0,0,No Group
Manchester City Council - Chorlton,Chorlton Place,2019,May,18,Wednesday,01 May 2019,03:00,0,2,2,0,2,2,No Group
Manchester City Council - Chorlton,Chorlton Place,2019,May,18,Wednesday,01 May 2019,04:00,0,4,4,0,4,4,No Group
Manchester City Council - Chorlton,Chorlton Place,2019,May,18,Wednesday,01 May 2019,05:00,2,3,5,2,3,5,No Group
Manchester City Council - Chorlton,Chorlton Place,2019,May,18,Wednesday,01 May 2019,06:00,9,25,34,9,25,34,No Group
Manchester City Council - Chorlton,Chorlton Place,2019,May,18,Wednesday,01 May 2019,07:00,22,80,102,22,80,102,No Group
Manchester City Council - Chorlton,Chorlton Place,2019,May,18,Wednesday,01 May 2019,08:00,33,109,142,33,109,142,No Group
Manchester City Council - Chorlton,Chorlton Place,2019,May,18,Wednesday,01 May 2019,09:00,74,133,207,74,133,207,No Group
Manchester City Council - Chorlton,Chorlton Place,2019,May,18,Wednesday,01 May 2019,10:00,133,150,283,133,150,283,No Group
Manchester City Council - Chorlton,Chorlton Place,2019,May,18,Wednesday,01 May 2019,11:00,128,167,295,128,167,295,No Group
Manchester City Council - Chorlton,Chorlton Place,2019,May,18,Wednesday,01 May 2019,12:00,176,157,333,176,157,333,No Group
Manchester City Council - Chorlton,Chorlton Place,2019,May,18,Wednesday,01 May 2019,13:00,178,186,364,178,186,364,No Group
Manchester City Council - Chorlton,Chorlton Place,2019,May,18,Wednesday,01 May 2019,14:00,132,163,295,132,163,295,No Group
Manchester City Council - Chorlton,Chorlton Place,2019,May,18,Wednesday,01 May 2019,15:00,153,157,310,153,157,310,No Group
Manchester City Council - Chorlton,Chorlton Place,2019,May,18,Wednesday,01 May 2019,16:00,143,134,277,143,134,277,No Group
Manchester City Council - Chorlton,Chorlton Place,2019,May,18,Wednesday,01 May 2019,17:00,137,107,244,137,107,244,No Group
Manchester City Council - Chorlton,Chorlton Place,2019,May,18,Wednesday,01 May 2019,18:00,104,64,168,104,64,168,No Group
Manchester City Council - Chorlton,Chorlton Place,2019,May,18,Wednesday,01 May 2019,19:00,80,58,138,80,58,138,No Group
Manchester City Council - Chorlton,Chorlton Place,2019,May,18,Wednesday,01 May 2019,20:00,65,40,105,65,40,105,No Group
Manchester City Council - Chorlton,Chorlton Place,2019,May,18,Wednesday,01 May 2019,21:00,34,45,79,34,45,79,No Group
Manchester City Council - Chorlton,Chorlton Place,2019,May,18,Wednesday,01 May 2019,22:00,30,38,68,30,38,68,No Group
Manchester City Council - Chorlton,Chorlton Place,2019,May,18,Wednesday,01 May 2019,23:00,29,29,58,29,29,58,No Group
Manchester City Council - Chorlton,Chorlton Place,2019,May,18,Thursday,02 May 2019,00:00,8,1,9,8,1,9,No Group
Manchester City Council - Chorlton,Chorlton Place,2019,May,18,Thursday,02 May 2019,01:00,2,2,4,2,2,4,No Group
Manchester City Council - Chorlton,Chorlton Place,2019,May,18,Thursday,02 May 2019,02:00,0,0,0,0,0,0,No Group
Manchester City Council - Chorlton,Chorlton Place,2019,May,18,Thursday,02 May 2019,03:00,0,3,3,0,3,3,No Group
Manchester City Council - Chorlton,Chorlton Place,2019,May,18,Thursday,02 May 2019,04:00,0,5,5,0,5,5,No Group
Manchester City Council - Chorlton,Chorlton Place,2019,May,18,Thursday,02 May 2019,05:00,2,4,6,2,4,6,No Group
Manchester City Council - Chorlton,Chorlton Place,2019,May,18,Thursday,02 May 2019,06:00,13,17,30,13,17,30,No Group
Manchester City Council - Chorlton,Chorlton Place,2019,May,18,Thursday,02 May 2019,07:00,3,4,7,3,4,7,No Group
Manchester City Council - Chorlton,Chorlton Place,2019,May,18,Thursday,02 May 2019,08:00,27,121,148,27,121,148,No Group
Manchester City Council - Chorlton,Chorlton Place,2019,May,18,Thursday,02 May 2019,09:00,101,153,254,101,153,254,No Group
Manchester City Council - Chorlton,Chorlton Place,2019,May,18,Thursday,02 May 2019,10:00,146,163,309,146,163,309,No Group
Manchester City Council - Chorlton,Chorlton Place,2019,May,18,Thursday,02 May 2019,11:00,164,217,381,164,217,381,No Group
Manchester City Council - Chorlton,Chorlton Place,2019,May,18,Thursday,02 May 2019,12:00,167,188,355,167,188,355,No Group
Manchester City Council - Chorlton,Chorlton Place,2019,May,18,Thursday,02 May 2019,13:00,226,298,524,226,298,524,No Group
Manchester City Council - Chorlton,Chorlton Place,2019,May,18,Thursday,02 May 2019,14:00,177,212,389,177,212,389,No Group
Manchester City Council - Chorlton,Chorlton Place,2019,May,18,Thursday,02 May 2019,15:00,180,169,349,180,169,349,No Group
Manchester City Council - Chorlton,Chorlton Place,2019,May,18,Thursday,02 May 2019,16:00,141,136,277,141,136,277,No Group
Manchester City Council - Chorlton,Chorlton Place,2019,May,18,Thursday,02 May 2019,17:00,126,84,210,126,84,210,No Group
Manchester City Council - Chorlton,Chorlton Place,2019,May,18,Thursday,02 May 2019,18:00,112,79,191,112,79,191,No Group
Manchester City Council - Chorlton,Chorlton Place,2019,May,18,Thursday,02 May 2019,19:00,70,59,129,70,59,129,No Group
Manchester City Council - Chorlton,Chorlton Place,2019,May,18,Thursday,02 May 2019,20:00,45,50,95,45,50,95,No Group
Manchester City Council - Chorlton,Chorlton Place,2019,May,18,Thursday,02 May 2019,21:00,34,20,54,34,20,54,No Group
Manchester City Council - Chorlton,Chorlton Place,2019,May,18,Thursday,02 May 2019,22:00,27,38,65,27,38,65,No Group
Manchester City Council - Chorlton,Chorlton Place,2019,May,18,Thursday,02 May 2019,23:00,19,5,24,19,5,24,No Group
Manchester City Council - Chorlton,Chorlton Place,2019,May,18,Friday,03 May 2019,00:00,12,3,15,12,3,15,No Group
Manchester City Council - Chorlton,Chorlton Place,2019,May,18,Friday,03 May 2019,01:00,1,3,4,1,3,4,No Group
Manchester City Council - Chorlton,Chorlton Place,2019,May,18,Friday,03 May 2019,02:00,3,3,6,3,3,6,No Group
Manchester City Council - Chorlton,Chorlton Place,2019,May,18,Friday,03 May 2019,03:00,2,3,5,2,3,5,No Group
Manchester City Council - Chorlton,Chorlton Place,2019,May,18,Friday,03 May 2019,04:00,1,3,4,1,3,4,No Group
Manchester City Council - Chorlton,Chorlton Place,2019,May,18,Friday,03 May 2019,05:00,2,5,7,2,5,7,No Group
Manchester City Council - Chorlton,Chorlton Place,2019,May,18,Friday,03 May 2019,06:00,4,28,32,4,28,32,No Group
Manchester City Council - Chorlton,Chorlton Place,2019,May,18,Friday,03 May 2019,07:00,26,74,100,26,74,100,No Group
Manchester City Council - Chorlton,Chorlton Place,2019,May,18,Friday,03 May 2019,08:00,38,137,175,38,137,175,No Group
Manchester City Council - Chorlton,Chorlton Place,2019,May,18,Friday,03 May 2019,09:00,116,182,298,116,182,298,No Group
Manchester City Council - Chorlton,Chorlton Place,2019,May,18,Friday,03 May 2019,10:00,146,178,324,146,178,324,No Group
Manchester City Council - Chorlton,Chorlton Place,2019,May,18,Friday,03 May 2019,11:00,157,168,325,157,168,325,No Group
Manchester City Council - Chorlton,Chorlton Place,2019,May,18,Friday,03 May 2019,12:00,195,238,433,195,238,433,No Group
Manchester City Council - Chorlton,Chorlton Place,2019,May,18,Friday,03 May 2019,13:00,185,200,385,185,200,385,No Group
Manchester City Council - Chorlton,Chorlton Place,2019,May,18,Friday,03 May 2019,14:00,181,214,395,181,214,395,No Group
Manchester City Council - Chorlton,Chorlton Place,2019,May,18,Friday,03 May 2019,15:00,160,185,345,160,185,345,No Group
Manchester City Council - Chorlton,Chorlton Place,2019,May,18,Friday,03 May 2019,16:00,146,146,292,146,146,292,No Group
Manchester City Council - Chorlton,Chorlton Place,2019,May,18,Friday,03 May 2019,17:00,119,126,245,119,126,245,No Group
Manchester City Council - Chorlton,Chorlton Place,2019,May,18,Friday,03 May 2019,18:00,94,94,188,94,94,188,No Group
Manchester City Council - Chorlton,Chorlton Place,2019,May,18,Friday,03 May 2019,19:00,78,68,146,78,68,146,No Group
Manchester City Council - Chorlton,Chorlton Place,2019,May,18,Friday,03 May 2019,20:00,71,79,150,71,79,150,No Group
Manchester City Council - Chorlton,Chorlton Place,2019,May,18,Friday,03 May 2019,21:00,25,39,64,25,39,64,No Group
Manchester City Council - Chorlton,Chorlton Place,2019,May,18,Friday,03 May 2019,22:00,42,41,83,42,41,83,No Group
Manchester City Council - Chorlton,Chorlton Place,2019,May,18,Friday,03 May 2019,23:00,35,18,53,35,18,53,No Group
Manchester City Council - Chorlton,Chorlton Place,2019,May,18,Saturday,04 May 2019,00:00,22,27,49,22,27,49,No Group
Manchester City Council - Chorlton,Chorlton Place,2019,May,18,Saturday,04 May 2019,01:00,10,21,31,10,21,31,No Group
Manchester City Council - Chorlton,Chorlton Place,2019,May,18,Saturday,04 May 2019,02:00,6,4,10,6,4,10,No Group
Manchester City Council - Chorlton,Chorlton Place,2019,May,18,Saturday,04 May 2019,03:00,2,3,5,2,3,5,No Group
Manchester City Council - Chorlton,Chorlton Place,2019,May,18,Saturday,04 May 2019,04:00,0,3,3,0,3,3,No Group
Manchester City Council - Chorlton,Chorlton Place,2019,May,18,Saturday,04 May 2019,05:00,0,4,4,0,4,4,No Group
Manchester City Council - Chorlton,Chorlton Place,2019,May,18,Saturday,04 May 2019,06:00,6,10,16,6,10,16,No Group
Manchester City Council - Chorlton,Chorlton Place,2019,May,18,Saturday,04 May 2019,07:00,16,17,33,16,17,33,No Group
Manchester City Council - Chorlton,Chorlton Place,2019,May,18,Saturday,04 May 2019,08:00,36,67,103,36,67,103,No Group
Manchester City Council - Chorlton,Chorlton Place,2019,May,18,Saturday,04 May 2019,09:00,120,148,268,120,148,268,No Group
Manchester City Council - Chorlton,Chorlton Place,2019,May,18,Saturday,04 May 2019,10:00,185,246,431,185,246,431,No Group
Manchester City Council - Chorlton,Chorlton Place,2019,May,18,Saturday,04 May 2019,11:00,251,284,535,251,284,535,No Group
Manchester City Council - Chorlton,Chorlton Place,2019,May,18,Saturday,04 May 2019,12:00,319,341,660,319,341,660,No Group
Manchester City Council - Chorlton,Chorlton Place,2019,May,18,Saturday,04 May 2019,13:00,332,339,671,332,339,671,No Group
Manchester City Council - Chorlton,Chorlton Place,2019,May,18,Saturday,04 May 2019,14:00,273,297,570,273,297,570,No Group
Manchester City Council - Chorlton,Chorlton Place,2019,May,18,Saturday,04 May 2019,15:00,253,204,457,253,204,457,No Group
Manchester City Council - Chorlton,Chorlton Place,2019,May,18,Saturday,04 May 2019,16:00,158,161,319,158,161,319,No Group
Manchester City Council - Chorlton,Chorlton Place,2019,May,18,Saturday,04 May 2019,17:00,96,111,207,96,111,207,No Group
Manchester City Council - Chorlton,Chorlton Place,2019,May,18,Saturday,04 May 2019,18:00,64,87,151,64,87,151,No Group
Manchester City Council - Chorlton,Chorlton Place,2019,May,18,Saturday,04 May 2019,19:00,90,68,158,90,68,158,No Group
Manchester City Council - Chorlton,Chorlton Place,2019,May,18,Saturday,04 May 2019,20:00,66,59,125,66,59,125,No Group
Manchester City Council - Chorlton,Chorlton Place,2019,May,18,Saturday,04 May 2019,21:00,75,61,136,75,61,136,No Group
Manchester City Council - Chorlton,Chorlton Place,2019,May,18,Saturday,04 May 2019,22:00,55,79,134,55,79,134,No Group
Manchester City Council - Chorlton,Chorlton Place,2019,May,18,Saturday,04 May 2019,23:00,37,41,78,37,41,78,No Group
Manchester City Council - Chorlton,Chorlton Place,2019,May,18,Sunday,05 May 2019,00:00,32,49,81,32,49,81,No Group
Manchester City Council - Chorlton,Chorlton Place,2019,May,18,Sunday,05 May 2019,01:00,25,29,54,25,29,54,No Group
Manchester City Council - Chorlton,Chorlton Place,2019,May,18,Sunday,05 May 2019,02:00,10,12,22,10,12,22,No Group
Manchester City Council - Chorlton,Chorlton Place,2019,May,18,Sunday,05 May 2019,03:00,1,1,2,1,1,2,No Group
Manchester City Council - Chorlton,Chorlton Place,2019,May,18,Sunday,05 May 2019,04:00,4,3,7,4,3,7,No Group
Manchester City Council - Chorlton,Chorlton Place,2019,May,18,Sunday,05 May 2019,05:00,0,1,1,0,1,1,No Group
Manchester City Council - Chorlton,Chorlton Place,2019,May,18,Sunday,05 May 2019,06:00,5,6,11,5,6,11,No Group
Manchester City Council - Chorlton,Chorlton Place,2019,May,18,Sunday,05 May 2019,07:00,4,11,15,4,11,15,No Group
Manchester City Council - Chorlton,Chorlton Place,2019,May,18,Sunday,05 May 2019,08:00,22,27,49,22,27,49,No Group
Manchester City Council - Chorlton,Chorlton Place,2019,May,18,Sunday,05 May 2019,09:00,29,61,90,29,61,90,No Group
Manchester City Council - Chorlton,Chorlton Place,2019,May,18,Sunday,05 May 2019,10:00,73,83,156,73,83,156,No Group
Manchester City Council - Chorlton,Chorlton Place,2019,May,18,Sunday,05 May 2019,11:00,80,78,158,80,78,158,No Group
Manchester City Council - Chorlton,Chorlton Place,2019,May,18,Sunday,05 May 2019,12:00,117,131,248,117,131,248,No Group
Manchester City Council - Chorlton,Chorlton Place,2019,May,18,Sunday,05 May 2019,13:00,113,170,283,113,170,283,No Group
Manchester City Council - Chorlton,Chorlton Place,2019,May,18,Sunday,05 May 2019,14:00,112,128,240,112,128,240,No Group
Manchester City Council - Chorlton,Chorlton Place,2019,May,18,Sunday,05 May 2019,15:00,109,119,228,109,119,228,No Group
Manchester City Council - Chorlton,Chorlton Place,2019,May,18,Sunday,05 May 2019,16:00,77,115,192,77,115,192,No Group
Manchester City Council - Chorlton,Chorlton Place,2019,May,18,Sunday,05 May 2019,17:00,70,69,139,70,69,139,No Group
Manchester City Council - Chorlton,Chorlton Place,2019,May,18,Sunday,05 May 2019,18:00,58,69,127,58,69,127,No Group
Manchester City Council - Chorlton,Chorlton Place,2019,May,18,Sunday,05 May 2019,19:00,52,55,107,52,55,107,No Group
Manchester City Council - Chorlton,Chorlton Place,2019,May,18,Sunday,05 May 2019,20:00,27,45,72,27,45,72,No Group
Manchester City Council - Chorlton,Chorlton Place,2019,May,18,Sunday,05 May 2019,21:00,47,31,78,47,31,78,No Group
Manchester City Council - Chorlton,Chorlton Place,2019,May,18,Sunday,05 May 2019,22:00,30,39,69,30,39,69,No Group
Manchester City Council - Chorlton,Chorlton Place,2019,May,18,Sunday,05 May 2019,23:00,24,18,42,24,18,42,No Group
Manchester City Council - Chorlton,Chorlton Place,2019,May,19,Monday,06 May 2019,00:00,13,15,28,13,15,28,No Group
Manchester City Council - Chorlton,Chorlton Place,2019,May,19,Monday,06 May 2019,01:00,12,13,25,12,13,25,No Group
Manchester City Council - Chorlton,Chorlton Place,2019,May,19,Monday,06 May 2019,02:00,1,9,10,1,9,10,No Group
Manchester City Council - Chorlton,Chorlton Place,2019,May,19,Monday,06 May 2019,03:00,3,1,4,3,1,4,No Group
Manchester City Council - Chorlton,Chorlton Place,2019,May,19,Monday,06 May 2019,04:00,0,3,3,0,3,3,No Group
Manchester City Council - Chorlton,Chorlton Place,2019,May,19,Monday,06 May 2019,05:00,0,2,2,0,2,2,No Group
Manchester City Council - Chorlton,Chorlton Place,2019,May,19,Monday,06 May 2019,06:00,7,7,14,7,7,14,No Group
Manchester City Council - Chorlton,Chorlton Place,2019,May,19,Monday,06 May 2019,07:00,7,11,18,7,11,18,No Group
Manchester City Council - Chorlton,Chorlton Place,2019,May,19,Monday,06 May 2019,08:00,11,18,29,11,18,29,No Group
Manchester City Council - Chorlton,Chorlton Place,2019,May,19,Monday,06 May 2019,09:00,62,56,118,62,56,118,No Group
Manchester City Council - Chorlton,Chorlton Place,2019,May,19,Monday,06 May 2019,10:00,66,68,134,66,68,134,No Group
Manchester City Council - Chorlton,Chorlton Place,2019,May,19,Monday,06 May 2019,11:00,98,104,202,98,104,202,No Group
Manchester City Council - Chorlton,Chorlton Place,2019,May,19,Monday,06 May 2019,12:00,90,116,206,90,116,206,No Group
Manchester City Council - Chorlton,Chorlton Place,2019,May,19,Monday,06 May 2019,13:00,145,196,341,145,196,341,No Group
Manchester City Council - Chorlton,Chorlton Place,2019,May,19,Monday,06 May 2019,14:00,143,139,282,143,139,282,No Group
Manchester City Council - Chorlton,Chorlton Place,2019,May,19,Monday,06 May 2019,15:00,125,133,258,125,133,258,No Group
Manchester City Council - Chorlton,Chorlton Place,2019,May,19,Monday,06 May 2019,16:00,97,88,185,97,88,185,No Group
Manchester City Council - Chorlton,Chorlton Place,2019,May,19,Monday,06 May 2019,17:00,51,73,124,51,73,124,No Group
Manchester City Council - Chorlton,Chorlton Place,2019,May,19,Monday,06 May 2019,18:00,63,60,123,63,60,123,No Group
Manchester City Council - Chorlton,Chorlton Place,2019,May,19,Monday,06 May 2019,19:00,60,49,109,60,49,109,No Group
Manchester City Council - Chorlton,Chorlton Place,2019,May,19,Monday,06 May 2019,20:00,36,43,79,36,43,79,No Group
Manchester City Council - Chorlton,Chorlton Place,2019,May,19,Monday,06 May 2019,21:00,18,37,55,18,37,55,No Group
Manchester City Council - Chorlton,Chorlton Place,2019,May,19,Monday,06 May 2019,22:00,41,42,83,41,42,83,No Group
Manchester City Council - Chorlton,Chorlton Place,2019,May,19,Monday,06 May 2019,23:00,16,18,34,16,18,34,No Group
Manchester City Council - Chorlton,Chorlton Place,2019,May,19,Tuesday,07 May 2019,00:00,9,7,16,9,7,16,No Group
Manchester City Council - Chorlton,Chorlton Place,2019,May,19,Tuesday,07 May 2019,01:00,20,10,30,20,10,30,No Group
Manchester City Council - Chorlton,Chorlton Place,2019,May,19,Tuesday,07 May 2019,02:00,2,1,3,2,1,3,No Group
Manchester City Council - Chorlton,Chorlton Place,2019,May,19,Tuesday,07 May 2019,03:00,0,2,2,0,2,2,No Group
Manchester City Council - Chorlton,Chorlton Place,2019,May,19,Tuesday,07 May 2019,04:00,1,6,7,1,6,7,No Group
Manchester City Council - Chorlton,Chorlton Place,2019,May,19,Tuesday,07 May 2019,05:00,5,12,17,5,12,17,No Group
Manchester City Council - Chorlton,Chorlton Place,2019,May,19,Tuesday,07 May 2019,06:00,8,24,32,8,24,32,No Group
Manchester City Council - Chorlton,Chorlton Place,2019,May,19,Tuesday,07 May 2019,07:00,19,90,109,19,90,109,No Group
Manchester City Council - Chorlton,Chorlton Place,2019,May,19,Tuesday,07 May 2019,08:00,38,126,164,38,126,164,No Group
Manchester City Council - Chorlton,Chorlton Place,2019,May,19,Tuesday,07 May 2019,09:00,78,121,199,78,121,199,No Group
Manchester City Council - Chorlton,Chorlton Place,2019,May,19,Tuesday,07 May 2019,10:00,117,133,250,117,133,250,No Group
Manchester City Council - Chorlton,Chorlton Place,2019,May,19,Tuesday,07 May 2019,11:00,136,166,302,136,166,302,No Group
Manchester City Council - Chorlton,Chorlton Place,2019,May,19,Tuesday,07 May 2019,12:00,157,166,323,157,166,323,No Group
Manchester City Council - Chorlton,Chorlton Place,2019,May,19,Tuesday,07 May 2019,13:00,140,157,297,140,157,297,No Group
Manchester City Council - Chorlton,Chorlton Place,2019,May,19,Tuesday,07 May 2019,14:00,142,149,291,142,149,291,No Group
Manchester City Council - Chorlton,Chorlton Place,2019,May,19,Tuesday,07 May 2019,15:00,134,158,292,134,158,292,No Group
Manchester City Council - Chorlton,Chorlton Place,2019,May,19,Tuesday,07 May 2019,16:00,128,116,244,128,116,244,No Group
Manchester City Council - Chorlton,Chorlton Place,2019,May,19,Tuesday,07 May 2019,17:00,120,98,218,120,98,218,No Group
Manchester City Council - Chorlton,Chorlton Place,2019,May,19,Tuesday,07 May 2019,18:00,86,51,137,86,51,137,No Group
Manchester City Council - Chorlton,Chorlton Place,2019,May,19,Tuesday,07 May 2019,19:00,67,42,109,67,42,109,No Group
Manchester City Council - Chorlton,Chorlton Place,2019,May,19,Tuesday,07 May 2019,20:00,54,41,95,54,41,95,No Group
Manchester City Council - Chorlton,Chorlton Place,2019,May,19,Tuesday,07 May 2019,21:00,46,35,81,46,35,81,No Group
Manchester City Council - Chorlton,Chorlton Place,2019,May,19,Tuesday,07 May 2019,22:00,19,38,57,19,38,57,No Group
Manchester City Council - Chorlton,Chorlton Place,2019,May,19,Tuesday,07 May 2019,23:00,23,28,51,23,28,51,No Group
Manchester City Council - Chorlton,Chorlton Place,2019,May,19,Wednesday,08 May 2019,00:00,20,25,45,20,25,45,No Group
Manchester City Council - Chorlton,Chorlton Place,2019,May,19,Wednesday,08 May 2019,01:00,22,14,36,22,14,36,No Group
Manchester City Council - Chorlton,Chorlton Place,2019,May,19,Wednesday,08 May 2019,02:00,4,5,9,4,5,9,No Group
Manchester City Council - Chorlton,Chorlton Place,2019,May,19,Wednesday,08 May 2019,03:00,0,3,3,0,3,3,No Group
Manchester City Council - Chorlton,Chorlton Place,2019,May,19,Wednesday,08 May 2019,04:00,0,5,5,0,5,5,No Group
Manchester City Council - Chorlton,Chorlton Place,2019,May,19,Wednesday,08 May 2019,05:00,3,4,7,3,4,7,No Group
Manchester City Council - Chorlton,Chorlton Place,2019,May,19,Wednesday,08 May 2019,06:00,8,30,38,8,30,38,No Group
Manchester City Council - Chorlton,Chorlton Place,2019,May,19,Wednesday,08 May 2019,07:00,25,106,131,25,106,131,No Group
Manchester City Council - Chorlton,Chorlton Place,2019,May,19,Wednesday,08 May 2019,08:00,53,164,217,53,164,217,No Group
Manchester City Council - Chorlton,Chorlton Place,2019,May,19,Wednesday,08 May 2019,09:00,103,160,263,103,160,263,No Group
Manchester City Council - Chorlton,Chorlton Place,2019,May,19,Wednesday,08 May 2019,10:00,143,195,338,143,195,338,No Group
Manchester City Council - Chorlton,Chorlton Place,2019,May,19,Wednesday,08 May 2019,11:00,157,191,348,157,191,348,No Group
Manchester City Council - Chorlton,Chorlton Place,2019,May,19,Wednesday,08 May 2019,12:00,151,186,337,151,186,337,No Group
Manchester City Council - Chorlton,Chorlton Place,2019,May,19,Wednesday,08 May 2019,13:00,124,140,264,124,140,264,No Group
Manchester City Council - Chorlton,Chorlton Place,2019,May,19,Wednesday,08 May 2019,14:00,157,203,360,157,203,360,No Group
Manchester City Council - Chorlton,Chorlton Place,2019,May,19,Wednesday,08 May 2019,15:00,185,196,381,185,196,381,No Group
Manchester City Council - Chorlton,Chorlton Place,2019,May,19,Wednesday,08 May 2019,16:00,144,149,293,144,149,293,No Group
Manchester City Council - Chorlton,Chorlton Place,2019,May,19,Wednesday,08 May 2019,17:00,122,79,201,122,79,201,No Group
Manchester City Council - Chorlton,Chorlton Place,2019,May,19,Wednesday,08 May 2019,18:00,102,60,162,102,60,162,No Group
Manchester City Council - Chorlton,Chorlton Place,2019,May,19,Wednesday,08 May 2019,19:00,74,44,118,74,44,118,No Group
Manchester City Council - Chorlton,Chorlton Place,2019,May,19,Wednesday,08 May 2019,20:00,59,45,104,59,45,104,No Group
Manchester City Council - Chorlton,Chorlton Place,2019,May,19,Wednesday,08 May 2019,21:00,24,23,47,24,23,47,No Group
Manchester City Council - Chorlton,Chorlton Place,2019,May,19,Wednesday,08 May 2019,22:00,32,33,65,32,33,65,No Group
Manchester City Council - Chorlton,Chorlton Place,2019,May,19,Wednesday,08 May 2019,23:00,25,22,47,25,22,47,No Group
Manchester City Council - Chorlton,Chorlton Place,2019,May,19,Thursday,09 May 2019,00:00,19,12,31,19,12,31,No Group
Manchester City Council - Chorlton,Chorlton Place,2019,May,19,Thursday,09 May 2019,01:00,20,11,31,20,11,31,No Group
Manchester City Council - Chorlton,Chorlton Place,2019,May,19,Thursday,09 May 2019,02:00,0,0,0,0,0,0,No Group
Manchester City Council - Chorlton,Chorlton Place,2019,May,19,Thursday,09 May 2019,03:00,0,2,2,0,2,2,No Group
Manchester City Council - Chorlton,Chorlton Place,2019,May,19,Thursday,09 May 2019,04:00,2,7,9,2,7,9,No Group
Manchester City Council - Chorlton,Chorlton Place,2019,May,19,Thursday,09 May 2019,05:00,1,2,3,1,2,3,No Group
Manchester City Council - Chorlton,Chorlton Place,2019,May,19,Thursday,09 May 2019,06:00,15,24,39,15,24,39,No Group
Manchester City Council - Chorlton,Chorlton Place,2019,May,19,Thursday,09 May 2019,07:00,26,88,114,26,88,114,No Group
Manchester City Council - Chorlton,Chorlton Place,2019,May,19,Thursday,09 May 2019,08:00,33,129,162,33,129,162,No Group
Manchester City Council - Chorlton,Chorlton Place,2019,May,19,Thursday,09 May 2019,09:00,91,157,248,91,157,248,No Group
Manchester City Council - Chorlton,Chorlton Place,2019,May,19,Thursday,09 May 2019,10:00,130,140,270,130,140,270,No Group
Manchester City Council - Chorlton,Chorlton Place,2019,May,19,Thursday,09 May 2019,11:00,159,163,322,159,163,322,No Group
Manchester City Council - Chorlton,Chorlton Place,2019,May,19,Thursday,09 May 2019,12:00,172,198,370,172,198,370,No Group
Manchester City Council - Chorlton,Chorlton Place,2019,May,19,Thursday,09 May 2019,13:00,147,165,312,147,165,312,No Group
Manchester City Council - Chorlton,Chorlton Place,2019,May,19,Thursday,09 May 2019,14:00,134,167,301,134,167,301,No Group
Manchester City Council - Chorlton,Chorlton Place,2019,May,19,Thursday,09 May 2019,15:00,128,182,310,128,182,310,No Group
Manchester City Council - Chorlton,Chorlton Place,2019,May,19,Thursday,09 May 2019,16:00,156,149,305,156,149,305,No Group
Manchester City Council - Chorlton,Chorlton Place,2019,May,19,Thursday,09 May 2019,17:00,106,76,182,106,76,182,No Group
Manchester City Council - Chorlton,Chorlton Place,2019,May,19,Thursday,09 May 2019,18:00,127,75,202,127,75,202,No Group
Manchester City Council - Chorlton,Chorlton Place,2019,May,19,Thursday,09 May 2019,19:00,86,43,129,86,43,129,No Group
Manchester City Council - Chorlton,Chorlton Place,2019,May,19,Thursday,09 May 2019,20:00,72,69,141,72,69,141,No Group
Manchester City Council - Chorlton,Chorlton Place,2019,May,19,Thursday,09 May 2019,21:00,27,35,62,27,35,62,No Group
Manchester City Council - Chorlton,Chorlton Place,2019,May,19,Thursday,09 May 2019,22:00,18,34,52,18,34,52,No Group
Manchester City Council - Chorlton,Chorlton Place,2019,May,19,Thursday,09 May 2019,23:00,17,16,33,17,16,33,No Group
Manchester City Council - Chorlton,Chorlton Place,2019,May,19,Friday,10 May 2019,00:00,19,13,32,19,13,32,No Group
Manchester City Council - Chorlton,Chorlton Place,2019,May,19,Friday,10 May 2019,01:00,8,2,10,8,2,10,No Group
Manchester City Council - Chorlton,Chorlton Place,2019,May,19,Friday,10 May 2019,02:00,0,1,1,0,1,1,No Group
Manchester City Council - Chorlton,Chorlton Place,2019,May,19,Friday,10 May 2019,03:00,0,5,5,0,5,5,No Group
Manchester City Council - Chorlton,Chorlton Place,2019,May,19,Friday,10 May 2019,04:00,1,3,4,1,3,4,No Group
Manchester City Council - Chorlton,Chorlton Place,2019,May,19,Friday,10 May 2019,05:00,2,6,8,2,6,8,No Group
Manchester City Council - Chorlton,Chorlton Place,2019,May,19,Friday,10 May 2019,06:00,8,17,25,8,17,25,No Group
Manchester City Council - Chorlton,Chorlton Place,2019,May,19,Friday,10 May 2019,07:00,22,74,96,22,74,96,No Group
Manchester City Council - Chorlton,Chorlton Place,2019,May,19,Friday,10 May 2019,08:00,36,136,172,36,136,172,No Group
Manchester City Council - Chorlton,Chorlton Place,2019,May,19,Friday,10 May 2019,09:00,102,141,243,102,141,243,No Group
Manchester City Council - Chorlton,Chorlton Place,2019,May,19,Friday,10 May 2019,10:00,124,165,289,124,165,289,No Group
Manchester City Council - Chorlton,Chorlton Place,2019,May,19,Friday,10 May 2019,11:00,133,164,297,133,164,297,No Group
Manchester City Council - Chorlton,Chorlton Place,2019,May,19,Friday,10 May 2019,12:00,177,205,382,177,205,382,No Group
Manchester City Council - Chorlton,Chorlton Place,2019,May,19,Friday,10 May 2019,13:00,172,184,356,172,184,356,No Group
Manchester City Council - Chorlton,Chorlton Place,2019,May,19,Friday,10 May 2019,14:00,157,179,336,157,179,336,No Group
Manchester City Council - Chorlton,Chorlton Place,2019,May,19,Friday,10 May 2019,15:00,206,213,419,206,213,419,No Group
Manchester City Council - Chorlton,Chorlton Place,2019,May,19,Friday,10 May 2019,16:00,158,165,323,158,165,323,No Group
Manchester City Council - Chorlton,Chorlton Place,2019,May,19,Friday,10 May 2019,17:00,111,108,219,111,108,219,No Group
Manchester City Council - Chorlton,Chorlton Place,2019,May,19,Friday,10 May 2019,18:00,106,86,192,106,86,192,No Group
Manchester City Council - Chorlton,Chorlton Place,2019,May,19,Friday,10 May 2019,19:00,84,78,162,84,78,162,No Group
Manchester City Council - Chorlton,Chorlton Place,2019,May,19,Friday,10 May 2019,20:00,79,64,143,79,64,143,No Group
Manchester City Council - Chorlton,Chorlton Place,2019,May,19,Friday,10 May 2019,21:00,52,57,109,52,57,109,No Group
Manchester City Council - Chorlton,Chorlton Place,2019,May,19,Friday,10 May 2019,22:00,35,34,69,35,34,69,No Group
Manchester City Council - Chorlton,Chorlton Place,2019,May,19,Friday,10 May 2019,23:00,25,26,51,25,26,51,No Group
Manchester City Council - Chorlton,Chorlton Place,2019,May,19,Saturday,11 May 2019,00:00,28,28,56,28,28,56,No Group
Manchester City Council - Chorlton,Chorlton Place,2019,May,19,Saturday,11 May 2019,01:00,14,10,24,14,10,24,No Group
Manchester City Council - Chorlton,Chorlton Place,2019,May,19,Saturday,11 May 2019,02:00,6,21,27,6,21,27,No Group
Manchester City Council - Chorlton,Chorlton Place,2019,May,19,Saturday,11 May 2019,03:00,0,2,2,0,2,2,No Group
Manchester City Council - Chorlton,Chorlton Place,2019,May,19,Saturday,11 May 2019,04:00,7,8,15,7,8,15,No Group
Manchester City Council - Chorlton,Chorlton Place,2019,May,19,Saturday,11 May 2019,05:00,5,5,10,5,5,10,No Group
Manchester City Council - Chorlton,Chorlton Place,2019,May,19,Saturday,11 May 2019,06:00,6,12,18,6,12,18,No Group
Manchester City Council - Chorlton,Chorlton Place,2019,May,19,Saturday,11 May 2019,07:00,15,23,38,15,23,38,No Group
Manchester City Council - Chorlton,Chorlton Place,2019,May,19,Saturday,11 May 2019,08:00,40,68,108,40,68,108,No Group
Manchester City Council - Chorlton,Chorlton Place,2019,May,19,Saturday,11 May 2019,09:00,107,129,236,107,129,236,No Group
Manchester City Council - Chorlton,Chorlton Place,2019,May,19,Saturday,11 May 2019,10:00,175,184,359,175,184,359,No Group
Manchester City Council - Chorlton,Chorlton Place,2019,May,19,Saturday,11 May 2019,11:00,231,237,468,231,237,468,No Group
Manchester City Council - Chorlton,Chorlton Place,2019,May,19,Saturday,11 May 2019,12:00,308,344,652,308,344,652,No Group
Manchester City Council - Chorlton,Chorlton Place,2019,May,19,Saturday,11 May 2019,13:00,402,448,850,402,448,850,No Group
Manchester City Council - Chorlton,Chorlton Place,2019,May,19,Saturday,11 May 2019,14:00,369,385,754,369,385,754,No Group
Manchester City Council - Chorlton,Chorlton Place,2019,May,19,Saturday,11 May 2019,15:00,319,290,609,319,290,609,No Group
Manchester City Council - Chorlton,Chorlton Place,2019,May,19,Saturday,11 May 2019,16:00,237,232,469,237,232,469,No Group
Manchester City Council - Chorlton,Chorlton Place,2019,May,19,Saturday,11 May 2019,17:00,118,102,220,118,102,220,No Group
Manchester City Council - Chorlton,Chorlton Place,2019,May,19,Saturday,11 May 2019,18:00,90,119,209,90,119,209,No Group
Manchester City Council - Chorlton,Chorlton Place,2019,May,19,Saturday,11 May 2019,19:00,81,76,157,81,76,157,No Group
Manchester City Council - Chorlton,Chorlton Place,2019,May,19,Saturday,11 May 2019,20:00,82,79,161,82,79,161,No Group
Manchester City Council - Chorlton,Chorlton Place,2019,May,19,Saturday,11 May 2019,21:00,52,63,115,52,63,115,No Group
Manchester City Council - Chorlton,Chorlton Place,2019,May,19,Saturday,11 May 2019,22:00,65,90,155,65,90,155,No Group
Manchester City Council - Chorlton,Chorlton Place,2019,May,19,Saturday,11 May 2019,23:00,28,63,91,28,63,91,No Group
Manchester City Council - Chorlton,Chorlton Place,2019,May,19,Sunday,12 May 2019,00:00,44,47,91,44,47,91,No Group
Manchester City Council - Chorlton,Chorlton Place,2019,May,19,Sunday,12 May 2019,01:00,33,19,52,33,19,52,No Group
Manchester City Council - Chorlton,Chorlton Place,2019,May,19,Sunday,12 May 2019,02:00,13,13,26,13,13,26,No Group
Manchester City Council - Chorlton,Chorlton Place,2019,May,19,Sunday,12 May 2019,03:00,2,0,2,2,0,2,No Group
Manchester City Council - Chorlton,Chorlton Place,2019,May,19,Sunday,12 May 2019,04:00,0,1,1,0,1,1,No Group
Manchester City Council - Chorlton,Chorlton Place,2019,May,19,Sunday,12 May 2019,05:00,1,3,4,1,3,4,No Group
Manchester City Council - Chorlton,Chorlton Place,2019,May,19,Sunday,12 May 2019,06:00,3,6,9,3,6,9,No Group
Manchester City Council - Chorlton,Chorlton Place,2019,May,19,Sunday,12 May 2019,07:00,4,11,15,4,11,15,No Group
Manchester City Council - Chorlton,Chorlton Place,2019,May,19,Sunday,12 May 2019,08:00,25,39,64,25,39,64,No Group
Manchester City Council - Chorlton,Chorlton Place,2019,May,19,Sunday,12 May 2019,09:00,27,47,74,27,47,74,No Group
Manchester City Council - Chorlton,Chorlton Place,2019,May,19,Sunday,12 May 2019,10:00,65,78,143,65,78,143,No Group
Manchester City Council - Chorlton,Chorlton Place,2019,May,19,Sunday,12 May 2019,11:00,93,138,231,93,138,231,No Group
Manchester City Council - Chorlton,Chorlton Place,2019,May,19,Sunday,12 May 2019,12:00,184,206,390,184,206,390,No Group
Manchester City Council - Chorlton,Chorlton Place,2019,May,19,Sunday,12 May 2019,13:00,206,251,457,206,251,457,No Group
Manchester City Council - Chorlton,Chorlton Place,2019,May,19,Sunday,12 May 2019,14:00,239,212,451,239,212,451,No Group
Manchester City Council - Chorlton,Chorlton Place,2019,May,19,Sunday,12 May 2019,15:00,158,140,298,158,140,298,No Group
Manchester City Council - Chorlton,Chorlton Place,2019,May,19,Sunday,12 May 2019,16:00,83,106,189,83,106,189,No Group
Manchester City Council - Chorlton,Chorlton Place,2019,May,19,Sunday,12 May 2019,17:00,97,127,224,97,127,224,No Group
Manchester City Council - Chorlton,Chorlton Place,2019,May,19,Sunday,12 May 2019,18:00,66,107,173,66,107,173,No Group
Manchester City Council - Chorlton,Chorlton Place,2019,May,19,Sunday,12 May 2019,19:00,47,73,120,47,73,120,No Group
Manchester City Council - Chorlton,Chorlton Place,2019,May,19,Sunday,12 May 2019,20:00,45,50,95,45,50,95,No Group
Manchester City Council - Chorlton,Chorlton Place,2019,May,19,Sunday,12 May 2019,21:00,33,51,84,33,51,84,No Group
Manchester City Council - Chorlton,Chorlton Place,2019,May,19,Sunday,12 May 2019,22:00,24,36,60,24,36,60,No Group
Manchester City Council - Chorlton,Chorlton Place,2019,May,19,Sunday,12 May 2019,23:00,26,18,44,26,18,44,No Group
Manchester City Council - Chorlton,Chorlton Place,2019,May,20,Monday,13 May 2019,00:00,21,19,40,21,19,40,No Group
Manchester City Council - Chorlton,Chorlton Place,2019,May,20,Monday,13 May 2019,01:00,13,13,26,13,13,26,No Group
Manchester City Council - Chorlton,Chorlton Place,2019,May,20,Monday,13 May 2019,02:00,0,4,4,0,4,4,No Group
Manchester City Council - Chorlton,Chorlton Place,2019,May,20,Monday,13 May 2019,03:00,0,2,2,0,2,2,No Group
Manchester City Council - Chorlton,Chorlton Place,2019,May,20,Monday,13 May 2019,04:00,0,2,2,0,2,2,No Group
Manchester City Council - Chorlton,Chorlton Place,2019,May,20,Monday,13 May 2019,05:00,2,7,9,2,7,9,No Group
Manchester City Council - Chorlton,Chorlton Place,2019,May,20,Monday,13 May 2019,06:00,6,26,32,6,26,32,No Group
Manchester City Council - Chorlton,Chorlton Place,2019,May,20,Monday,13 May 2019,07:00,21,81,102,21,81,102,No Group
Manchester City Council - Chorlton,Chorlton Place,2019,May,20,Monday,13 May 2019,08:00,29,134,163,29,134,163,No Group
Manchester City Council - Chorlton,Chorlton Place,2019,May,20,Monday,13 May 2019,09:00,80,140,220,80,140,220,No Group
Manchester City Council - Chorlton,Chorlton Place,2019,May,20,Monday,13 May 2019,10:00,135,159,294,135,159,294,No Group
Manchester City Council - Chorlton,Chorlton Place,2019,May,20,Monday,13 May 2019,11:00,119,149,268,119,149,268,No Group
Manchester City Council - Chorlton,Chorlton Place,2019,May,20,Monday,13 May 2019,12:00,244,253,497,244,253,497,No Group
Manchester City Council - Chorlton,Chorlton Place,2019,May,20,Monday,13 May 2019,13:00,232,317,549,232,317,549,No Group
Manchester City Council - Chorlton,Chorlton Place,2019,May,20,Monday,13 May 2019,14:00,181,214,395,181,214,395,No Group
Manchester City Council - Chorlton,Chorlton Place,2019,May,20,Monday,13 May 2019,15:00,149,162,311,149,162,311,No Group
Manchester City Council - Chorlton,Chorlton Place,2019,May,20,Monday,13 May 2019,16:00,134,132,266,134,132,266,No Group
Manchester City Council - Chorlton,Chorlton Place,2019,May,20,Monday,13 May 2019,17:00,115,97,212,115,97,212,No Group
Manchester City Council - Chorlton,Chorlton Place,2019,May,20,Monday,13 May 2019,18:00,119,85,204,119,85,204,No Group
Manchester City Council - Chorlton,Chorlton Place,2019,May,20,Monday,13 May 2019,19:00,56,47,103,56,47,103,No Group
Manchester City Council - Chorlton,Chorlton Place,2019,May,20,Monday,13 May 2019,20:00,53,45,98,53,45,98,No Group
Manchester City Council - Chorlton,Chorlton Place,2019,May,20,Monday,13 May 2019,21:00,28,40,68,28,40,68,No Group
Manchester City Council - Chorlton,Chorlton Place,2019,May,20,Monday,13 May 2019,22:00,26,43,69,26,43,69,No Group
Manchester City Council - Chorlton,Chorlton Place,2019,May,20,Monday,13 May 2019,23:00,25,25,50,25,25,50,No Group
Manchester City Council - Chorlton,Chorlton Place,2019,May,20,Tuesday,14 May 2019,00:00,19,16,35,19,16,35,No Group
Manchester City Council - Chorlton,Chorlton Place,2019,May,20,Tuesday,14 May 2019,01:00,23,14,37,23,14,37,No Group
Manchester City Council - Chorlton,Chorlton Place,2019,May,20,Tuesday,14 May 2019,02:00,13,20,33,13,20,33,No Group
Manchester City Council - Chorlton,Chorlton Place,2019,May,20,Tuesday,14 May 2019,03:00,3,4,7,3,4,7,No Group
Manchester City Council - Chorlton,Chorlton Place,2019,May,20,Tuesday,14 May 2019,04:00,1,7,8,1,7,8,No Group
Manchester City Council - Chorlton,Chorlton Place,2019,May,20,Tuesday,14 May 2019,05:00,3,7,10,3,7,10,No Group
Manchester City Council - Chorlton,Chorlton Place,2019,May,20,Tuesday,14 May 2019,06:00,14,23,37,14,23,37,No Group
Manchester City Council - Chorlton,Chorlton Place,2019,May,20,Tuesday,14 May 2019,07:00,31,105,136,31,105,136,No Group
Manchester City Council - Chorlton,Chorlton Place,2019,May,20,Tuesday,14 May 2019,08:00,31,118,149,31,118,149,No Group
Manchester City Council - Chorlton,Chorlton Place,2019,May,20,Tuesday,14 May 2019,09:00,84,138,222,84,138,222,No Group
Manchester City Council - Chorlton,Chorlton Place,2019,May,20,Tuesday,14 May 2019,10:00,138,150,288,138,150,288,No Group
Manchester City Council - Chorlton,Chorlton Place,2019,May,20,Tuesday,14 May 2019,11:00,161,194,355,161,194,355,No Group
Manchester City Council - Chorlton,Chorlton Place,2019,May,20,Tuesday,14 May 2019,12:00,215,256,471,215,256,471,No Group
Manchester City Council - Chorlton,Chorlton Place,2019,May,20,Tuesday,14 May 2019,13:00,230,264,494,230,264,494,No Group
Manchester City Council - Chorlton,Chorlton Place,2019,May,20,Tuesday,14 May 2019,14:00,195,244,439,195,244,439,No Group
Manchester City Council - Chorlton,Chorlton Place,2019,May,20,Tuesday,14 May 2019,15:00,174,171,345,174,171,345,No Group
Manchester City Council - Chorlton,Chorlton Place,2019,May,20,Tuesday,14 May 2019,16:00,127,149,276,127,149,276,No Group
Manchester City Council - Chorlton,Chorlton Place,2019,May,20,Tuesday,14 May 2019,17:00,137,78,215,137,78,215,No Group
Manchester City Council - Chorlton,Chorlton Place,2019,May,20,Tuesday,14 May 2019,18:00,96,65,161,96,65,161,No Group
Manchester City Council - Chorlton,Chorlton Place,2019,May,20,Tuesday,14 May 2019,19:00,76,66,142,76,66,142,No Group
Manchester City Council - Chorlton,Chorlton Place,2019,May,20,Tuesday,14 May 2019,20:00,40,59,99,40,59,99,No Group
Manchester City Council - Chorlton,Chorlton Place,2019,May,20,Tuesday,14 May 2019,21:00,37,41,78,37,41,78,No Group
Manchester City Council - Chorlton,Chorlton Place,2019,May,20,Tuesday,14 May 2019,22:00,36,18,54,36,18,54,No Group
Manchester City Council - Chorlton,Chorlton Place,2019,May,20,Tuesday,14 May 2019,23:00,24,34,58,24,34,58,No Group
Manchester City Council - Chorlton,Chorlton Place,2019,May,20,Wednesday,15 May 2019,00:00,19,20,39,19,20,39,No Group
Manchester City Council - Chorlton,Chorlton Place,2019,May,20,Wednesday,15 May 2019,01:00,30,19,49,30,19,49,No Group
Manchester City Council - Chorlton,Chorlton Place,2019,May,20,Wednesday,15 May 2019,02:00,2,1,3,2,1,3,No Group
Manchester City Council - Chorlton,Chorlton Place,2019,May,20,Wednesday,15 May 2019,03:00,3,3,6,3,3,6,No Group
Manchester City Council - Chorlton,Chorlton Place,2019,May,20,Wednesday,15 May 2019,04:00,0,2,2,0,2,2,No Group
Manchester City Council - Chorlton,Chorlton Place,2019,May,20,Wednesday,15 May 2019,05:00,1,3,4,1,3,4,No Group
Manchester City Council - Chorlton,Chorlton Place,2019,May,20,Wednesday,15 May 2019,06:00,9,27,36,9,27,36,No Group
Manchester City Council - Chorlton,Chorlton Place,2019,May,20,Wednesday,15 May 2019,07:00,25,86,111,25,86,111,No Group
Manchester City Council - Chorlton,Chorlton Place,2019,May,20,Wednesday,15 May 2019,08:00,54,114,168,54,114,168,No Group
Manchester City Council - Chorlton,Chorlton Place,2019,May,20,Wednesday,15 May 2019,09:00,96,151,247,96,151,247,No Group
Manchester City Council - Chorlton,Chorlton Place,2019,May,20,Wednesday,15 May 2019,10:00,149,164,313,149,164,313,No Group
Manchester City Council - Chorlton,Chorlton Place,2019,May,20,Wednesday,15 May 2019,11:00,147,193,340,147,193,340,No Group
Manchester City Council - Chorlton,Chorlton Place,2019,May,20,Wednesday,15 May 2019,12:00,243,261,504,243,261,504,No Group
Manchester City Council - Chorlton,Chorlton Place,2019,May,20,Wednesday,15 May 2019,13:00,266,260,526,266,260,526,No Group
Manchester City Council - Chorlton,Chorlton Place,2019,May,20,Wednesday,15 May 2019,14:00,216,251,467,216,251,467,No Group
Manchester City Council - Chorlton,Chorlton Place,2019,May,20,Wednesday,15 May 2019,15:00,164,162,326,164,162,326,No Group
Manchester City Council - Chorlton,Chorlton Place,2019,May,20,Wednesday,15 May 2019,16:00,137,155,292,137,155,292,No Group
Manchester City Council - Chorlton,Chorlton Place,2019,May,20,Wednesday,15 May 2019,17:00,112,87,199,112,87,199,No Group
Manchester City Council - Chorlton,Chorlton Place,2019,May,20,Wednesday,15 May 2019,18:00,133,75,208,133,75,208,No Group
Manchester City Council - Chorlton,Chorlton Place,2019,May,20,Wednesday,15 May 2019,19:00,81,73,154,81,73,154,No Group
Manchester City Council - Chorlton,Chorlton Place,2019,May,20,Wednesday,15 May 2019,20:00,67,52,119,67,52,119,No Group
Manchester City Council - Chorlton,Chorlton Place,2019,May,20,Wednesday,15 May 2019,21:00,51,47,98,51,47,98,No Group
Manchester City Council - Chorlton,Chorlton Place,2019,May,20,Wednesday,15 May 2019,22:00,41,55,96,41,55,96,No Group
Manchester City Council - Chorlton,Chorlton Place,2019,May,20,Wednesday,15 May 2019,23:00,36,41,77,36,41,77,No Group
Manchester City Council - Chorlton,Chorlton Place,2019,May,20,Thursday,16 May 2019,00:00,23,25,48,23,25,48,No Group
Manchester City Council - Chorlton,Chorlton Place,2019,May,20,Thursday,16 May 2019,01:00,13,6,19,13,6,19,No Group
Manchester City Council - Chorlton,Chorlton Place,2019,May,20,Thursday,16 May 2019,02:00,5,8,13,5,8,13,No Group
Manchester City Council - Chorlton,Chorlton Place,2019,May,20,Thursday,16 May 2019,03:00,0,3,3,0,3,3,No Group
Manchester City Council - Chorlton,Chorlton Place,2019,May,20,Thursday,16 May 2019,04:00,1,4,5,1,4,5,No Group
Manchester City Council - Chorlton,Chorlton Place,2019,May,20,Thursday,16 May 2019,05:00,4,4,8,4,4,8,No Group
Manchester City Council - Chorlton,Chorlton Place,2019,May,20,Thursday,16 May 2019,06:00,13,28,41,13,28,41,No Group
Manchester City Council - Chorlton,Chorlton Place,2019,May,20,Thursday,16 May 2019,07:00,25,98,123,25,98,123,No Group
Manchester City Council - Chorlton,Chorlton Place,2019,May,20,Thursday,16 May 2019,08:00,38,119,157,38,119,157,No Group
Manchester City Council - Chorlton,Chorlton Place,2019,May,20,Thursday,16 May 2019,09:00,101,136,237,101,136,237,No Group
Manchester City Council - Chorlton,Chorlton Place,2019,May,20,Thursday,16 May 2019,10:00,117,139,256,117,139,256,No Group
Manchester City Council - Chorlton,Chorlton Place,2019,May,20,Thursday,16 May 2019,11:00,138,141,279,138,141,279,No Group
Manchester City Council - Chorlton,Chorlton Place,2019,May,20,Thursday,16 May 2019,12:00,212,277,489,212,277,489,No Group
Manchester City Council - Chorlton,Chorlton Place,2019,May,20,Thursday,16 May 2019,13:00,227,268,495,227,268,495,No Group
Manchester City Council - Chorlton,Chorlton Place,2019,May,20,Thursday,16 May 2019,14:00,181,218,399,181,218,399,No Group
Manchester City Council - Chorlton,Chorlton Place,2019,May,20,Thursday,16 May 2019,15:00,149,163,312,149,163,312,No Group
Manchester City Council - Chorlton,Chorlton Place,2019,May,20,Thursday,16 May 2019,16:00,125,137,262,125,137,262,No Group
Manchester City Council - Chorlton,Chorlton Place,2019,May,20,Thursday,16 May 2019,17:00,125,103,228,125,103,228,No Group
Manchester City Council - Chorlton,Chorlton Place,2019,May,20,Thursday,16 May 2019,18:00,103,71,174,103,71,174,No Group
Manchester City Council - Chorlton,Chorlton Place,2019,May,20,Thursday,16 May 2019,19:00,64,54,118,64,54,118,No Group
Manchester City Council - Chorlton,Chorlton Place,2019,May,20,Thursday,16 May 2019,20:00,46,42,88,46,42,88,No Group
Manchester City Council - Chorlton,Chorlton Place,2019,May,20,Thursday,16 May 2019,21:00,21,32,53,21,32,53,No Group
Manchester City Council - Chorlton,Chorlton Place,2019,May,20,Thursday,16 May 2019,22:00,36,55,91,36,55,91,No Group
Manchester City Council - Chorlton,Chorlton Place,2019,May,20,Thursday,16 May 2019,23:00,33,23,56,33,23,56,No Group
Manchester City Council - Chorlton,Chorlton Place,2019,May,20,Friday,17 May 2019,00:00,12,17,29,12,17,29,No Group
Manchester City Council - Chorlton,Chorlton Place,2019,May,20,Friday,17 May 2019,01:00,31,22,53,31,22,53,No Group
Manchester City Council - Chorlton,Chorlton Place,2019,May,20,Friday,17 May 2019,02:00,4,4,8,4,4,8,No Group
Manchester City Council - Chorlton,Chorlton Place,2019,May,20,Friday,17 May 2019,03:00,1,3,4,1,3,4,No Group
Manchester City Council - Chorlton,Chorlton Place,2019,May,20,Friday,17 May 2019,04:00,0,3,3,0,3,3,No Group
Manchester City Council - Chorlton,Chorlton Place,2019,May,20,Friday,17 May 2019,05:00,2,5,7,2,5,7,No Group
Manchester City Council - Chorlton,Chorlton Place,2019,May,20,Friday,17 May 2019,06:00,7,19,26,7,19,26,No Group
Manchester City Council - Chorlton,Chorlton Place,2019,May,20,Friday,17 May 2019,07:00,26,92,118,26,92,118,No Group
Manchester City Council - Chorlton,Chorlton Place,2019,May,20,Friday,17 May 2019,08:00,38,122,160,38,122,160,No Group
Manchester City Council - Chorlton,Chorlton Place,2019,May,20,Friday,17 May 2019,09:00,88,138,226,88,138,226,No Group
Manchester City Council - Chorlton,Chorlton Place,2019,May,20,Friday,17 May 2019,10:00,134,150,284,134,150,284,No Group
Manchester City Council - Chorlton,Chorlton Place,2019,May,20,Friday,17 May 2019,11:00,161,179,340,161,179,340,No Group
Manchester City Council - Chorlton,Chorlton Place,2019,May,20,Friday,17 May 2019,12:00,201,210,411,201,210,411,No Group
Manchester City Council - Chorlton,Chorlton Place,2019,May,20,Friday,17 May 2019,13:00,213,245,458,213,245,458,No Group
Manchester City Council - Chorlton,Chorlton Place,2019,May,20,Friday,17 May 2019,14:00,251,260,511,251,260,511,No Group
Manchester City Council - Chorlton,Chorlton Place,2019,May,20,Friday,17 May 2019,15:00,160,170,330,160,170,330,No Group
Manchester City Council - Chorlton,Chorlton Place,2019,May,20,Friday,17 May 2019,16:00,161,164,325,161,164,325,No Group
Manchester City Council - Chorlton,Chorlton Place,2019,May,20,Friday,17 May 2019,17:00,130,103,233,130,103,233,No Group
Manchester City Council - Chorlton,Chorlton Place,2019,May,20,Friday,17 May 2019,18:00,121,93,214,121,93,214,No Group
Manchester City Council - Chorlton,Chorlton Place,2019,May,20,Friday,17 May 2019,19:00,87,81,168,87,81,168,No Group
Manchester City Council - Chorlton,Chorlton Place,2019,May,20,Friday,17 May 2019,20:00,61,74,135,61,74,135,No Group
Manchester City Council - Chorlton,Chorlton Place,2019,May,20,Friday,17 May 2019,21:00,68,64,132,68,64,132,No Group
Manchester City Council - Chorlton,Chorlton Place,2019,May,20,Friday,17 May 2019,22:00,61,53,114,61,53,114,No Group
Manchester City Council - Chorlton,Chorlton Place,2019,May,20,Friday,17 May 2019,23:00,68,66,134,68,66,134,No Group
Manchester City Council - Chorlton,Chorlton Place,2019,May,20,Saturday,18 May 2019,00:00,30,47,77,30,47,77,No Group
Manchester City Council - Chorlton,Chorlton Place,2019,May,20,Saturday,18 May 2019,01:00,47,22,69,47,22,69,No Group
Manchester City Council - Chorlton,Chorlton Place,2019,May,20,Saturday,18 May 2019,02:00,44,48,92,44,48,92,No Group
Manchester City Council - Chorlton,Chorlton Place,2019,May,20,Saturday,18 May 2019,03:00,0,7,7,0,7,7,No Group
Manchester City Council - Chorlton,Chorlton Place,2019,May,20,Saturday,18 May 2019,04:00,7,7,14,7,7,14,No Group
Manchester City Council - Chorlton,Chorlton Place,2019,May,20,Saturday,18 May 2019,05:00,4,7,11,4,7,11,No Group
Manchester City Council - Chorlton,Chorlton Place,2019,May,20,Saturday,18 May 2019,06:00,3,13,16,3,13,16,No Group
Manchester City Council - Chorlton,Chorlton Place,2019,May,20,Saturday,18 May 2019,07:00,9,39,48,9,39,48,No Group
Manchester City Council - Chorlton,Chorlton Place,2019,May,20,Saturday,18 May 2019,08:00,35,70,105,35,70,105,No Group
Manchester City Council - Chorlton,Chorlton Place,2019,May,20,Saturday,18 May 2019,09:00,105,120,225,105,120,225,No Group
Manchester City Council - Chorlton,Chorlton Place,2019,May,20,Saturday,18 May 2019,10:00,177,222,399,177,222,399,No Group
Manchester City Council - Chorlton,Chorlton Place,2019,May,20,Saturday,18 May 2019,11:00,214,204,418,214,204,418,No Group
Manchester City Council - Chorlton,Chorlton Place,2019,May,20,Saturday,18 May 2019,12:00,232,298,530,232,298,530,No Group
Manchester City Council - Chorlton,Chorlton Place,2019,May,20,Saturday,18 May 2019,13:00,214,252,466,214,252,466,No Group
Manchester City Council - Chorlton,Chorlton Place,2019,May,20,Saturday,18 May 2019,14:00,210,252,462,210,252,462,No Group
Manchester City Council - Chorlton,Chorlton Place,2019,May,20,Saturday,18 May 2019,15:00,208,223,431,208,223,431,No Group
Manchester City Council - Chorlton,Chorlton Place,2019,May,20,Saturday,18 May 2019,16:00,192,201,393,192,201,393,No Group
Manchester City Council - Chorlton,Chorlton Place,2019,May,20,Saturday,18 May 2019,17:00,122,92,214,122,92,214,No Group
Manchester City Council - Chorlton,Chorlton Place,2019,May,20,Saturday,18 May 2019,18:00,87,68,155,87,68,155,No Group
Manchester City Council - Chorlton,Chorlton Place,2019,May,20,Saturday,18 May 2019,19:00,88,95,183,88,95,183,No Group
Manchester City Council - Chorlton,Chorlton Place,2019,May,20,Saturday,18 May 2019,20:00,65,66,131,65,66,131,No Group
Manchester City Council - Chorlton,Chorlton Place,2019,May,20,Saturday,18 May 2019,21:00,39,43,82,39,43,82,No Group
Manchester City Council - Chorlton,Chorlton Place,2019,May,20,Saturday,18 May 2019,22:00,49,82,131,49,82,131,No Group
Manchester City Council - Chorlton,Chorlton Place,2019,May,20,Saturday,18 May 2019,23:00,46,83,129,46,83,129,No Group
Manchester City Council - Chorlton,Chorlton Place,2019,May,20,Sunday,19 May 2019,00:00,33,42,75,33,42,75,No Group
Manchester City Council - Chorlton,Chorlton Place,2019,May,20,Sunday,19 May 2019,01:00,40,39,79,40,39,79,No Group
Manchester City Council - Chorlton,Chorlton Place,2019,May,20,Sunday,19 May 2019,02:00,13,5,18,13,5,18,No Group
Manchester City Council - Chorlton,Chorlton Place,2019,May,20,Sunday,19 May 2019,03:00,1,2,3,1,2,3,No Group
Manchester City Council - Chorlton,Chorlton Place,2019,May,20,Sunday,19 May 2019,04:00,1,2,3,1,2,3,No Group
Manchester City Council - Chorlton,Chorlton Place,2019,May,20,Sunday,19 May 2019,05:00,1,2,3,1,2,3,No Group
Manchester City Council - Chorlton,Chorlton Place,2019,May,20,Sunday,19 May 2019,06:00,4,7,11,4,7,11,No Group
Manchester City Council - Chorlton,Chorlton Place,2019,May,20,Sunday,19 May 2019,07:00,2,16,18,2,16,18,No Group
Manchester City Council - Chorlton,Chorlton Place,2019,May,20,Sunday,19 May 2019,08:00,19,27,46,19,27,46,No Group
Manchester City Council - Chorlton,Chorlton Place,2019,May,20,Sunday,19 May 2019,09:00,31,46,77,31,46,77,No Group
Manchester City Council - Chorlton,Chorlton Place,2019,May,20,Sunday,19 May 2019,10:00,60,86,146,60,86,146,No Group
Manchester City Council - Chorlton,Chorlton Place,2019,May,20,Sunday,19 May 2019,11:00,104,96,200,104,96,200,No Group
Manchester City Council - Chorlton,Chorlton Place,2019,May,20,Sunday,19 May 2019,12:00,83,132,215,83,132,215,No Group
Manchester City Council - Chorlton,Chorlton Place,2019,May,20,Sunday,19 May 2019,13:00,121,134,255,121,134,255,No Group
Manchester City Council - Chorlton,Chorlton Place,2019,May,20,Sunday,19 May 2019,14:00,137,138,275,137,138,275,No Group
Manchester City Council - Chorlton,Chorlton Place,2019,May,20,Sunday,19 May 2019,15:00,129,151,280,129,151,280,No Group
Manchester City Council - Chorlton,Chorlton Place,2019,May,20,Sunday,19 May 2019,16:00,90,91,181,90,91,181,No Group
Manchester City Council - Chorlton,Chorlton Place,2019,May,20,Sunday,19 May 2019,17:00,85,73,158,85,73,158,No Group
Manchester City Council - Chorlton,Chorlton Place,2019,May,20,Sunday,19 May 2019,18:00,59,74,133,59,74,133,No Group
Manchester City Council - Chorlton,Chorlton Place,2019,May,20,Sunday,19 May 2019,19:00,47,50,97,47,50,97,No Group
Manchester City Council - Chorlton,Chorlton Place,2019,May,20,Sunday,19 May 2019,20:00,43,44,87,43,44,87,No Group
Manchester City Council - Chorlton,Chorlton Place,2019,May,20,Sunday,19 May 2019,21:00,27,38,65,27,38,65,No Group
Manchester City Council - Chorlton,Chorlton Place,2019,May,20,Sunday,19 May 2019,22:00,33,27,60,33,27,60,No Group
Manchester City Council - Chorlton,Chorlton Place,2019,May,20,Sunday,19 May 2019,23:00,32,31,63,32,31,63,No Group
Manchester City Council - Chorlton,Chorlton Place,2019,May,21,Monday,20 May 2019,00:00,25,15,40,25,15,40,No Group
Manchester City Council - Chorlton,Chorlton Place,2019,May,21,Monday,20 May 2019,01:00,14,8,22,14,8,22,No Group
Manchester City Council - Chorlton,Chorlton Place,2019,May,21,Monday,20 May 2019,02:00,3,5,8,3,5,8,No Group
Manchester City Council - Chorlton,Chorlton Place,2019,May,21,Monday,20 May 2019,03:00,1,1,2,1,1,2,No Group
Manchester City Council - Chorlton,Chorlton Place,2019,May,21,Monday,20 May 2019,04:00,1,4,5,1,4,5,No Group
Manchester City Council - Chorlton,Chorlton Place,2019,May,21,Monday,20 May 2019,05:00,3,3,6,3,3,6,No Group
Manchester City Council - Chorlton,Chorlton Place,2019,May,21,Monday,20 May 2019,06:00,17,24,41,17,24,41,No Group
Manchester City Council - Chorlton,Chorlton Place,2019,May,21,Monday,20 May 2019,07:00,21,77,98,21,77,98,No Group
Manchester City Council - Chorlton,Chorlton Place,2019,May,21,Monday,20 May 2019,08:00,42,125,167,42,125,167,No Group
Manchester City Council - Chorlton,Chorlton Place,2019,May,21,Monday,20 May 2019,09:00,67,118,185,67,118,185,No Group
Manchester City Council - Chorlton,Chorlton Place,2019,May,21,Monday,20 May 2019,10:00,108,110,218,108,110,218,No Group
Manchester City Council - Chorlton,Chorlton Place,2019,May,21,Monday,20 May 2019,11:00,164,165,329,164,165,329,No Group
Manchester City Council - Chorlton,Chorlton Place,2019,May,21,Monday,20 May 2019,12:00,180,189,369,180,189,369,No Group
Manchester City Council - Chorlton,Chorlton Place,2019,May,21,Monday,20 May 2019,13:00,199,260,459,199,260,459,No Group
Manchester City Council - Chorlton,Chorlton Place,2019,May,21,Monday,20 May 2019,14:00,196,236,432,196,236,432,No Group
Manchester City Council - Chorlton,Chorlton Place,2019,May,21,Monday,20 May 2019,15:00,173,166,339,173,166,339,No Group
Manchester City Council - Chorlton,Chorlton Place,2019,May,21,Monday,20 May 2019,16:00,99,100,199,99,100,199,No Group
Manchester City Council - Chorlton,Chorlton Place,2019,May,21,Monday,20 May 2019,17:00,129,92,221,129,92,221,No Group
Manchester City Council - Chorlton,Chorlton Place,2019,May,21,Monday,20 May 2019,18:00,126,81,207,126,81,207,No Group
Manchester City Council - Chorlton,Chorlton Place,2019,May,21,Monday,20 May 2019,19:00,65,60,125,65,60,125,No Group
Manchester City Council - Chorlton,Chorlton Place,2019,May,21,Monday,20 May 2019,20:00,57,44,101,57,44,101,No Group
Manchester City Council - Chorlton,Chorlton Place,2019,May,21,Monday,20 May 2019,21:00,37,39,76,37,39,76,No Group
Manchester City Council - Chorlton,Chorlton Place,2019,May,21,Monday,20 May 2019,22:00,28,26,54,28,26,54,No Group
Manchester City Council - Chorlton,Chorlton Place,2019,May,21,Monday,20 May 2019,23:00,25,35,60,25,35,60,No Group
Manchester City Council - Chorlton,Chorlton Place,2019,May,21,Tuesday,21 May 2019,00:00,27,24,51,27,24,51,No Group
Manchester City Council - Chorlton,Chorlton Place,2019,May,21,Tuesday,21 May 2019,01:00,23,8,31,23,8,31,No Group
Manchester City Council - Chorlton,Chorlton Place,2019,May,21,Tuesday,21 May 2019,02:00,18,15,33,18,15,33,No Group
Manchester City Council - Chorlton,Chorlton Place,2019,May,21,Tuesday,21 May 2019,03:00,0,1,1,0,1,1,No Group
Manchester City Council - Chorlton,Chorlton Place,2019,May,21,Tuesday,21 May 2019,04:00,1,2,3,1,2,3,No Group
Manchester City Council - Chorlton,Chorlton Place,2019,May,21,Tuesday,21 May 2019,05:00,3,9,12,3,9,12,No Group
Manchester City Council - Chorlton,Chorlton Place,2019,May,21,Tuesday,21 May 2019,06:00,14,30,44,14,30,44,No Group
Manchester City Council - Chorlton,Chorlton Place,2019,May,21,Tuesday,21 May 2019,07:00,24,92,116,24,92,116,No Group
Manchester City Council - Chorlton,Chorlton Place,2019,May,21,Tuesday,21 May 2019,08:00,38,128,166,38,128,166,No Group
Manchester City Council - Chorlton,Chorlton Place,2019,May,21,Tuesday,21 May 2019,09:00,73,114,187,73,114,187,No Group
Manchester City Council - Chorlton,Chorlton Place,2019,May,21,Tuesday,21 May 2019,10:00,114,151,265,114,151,265,No Group
Manchester City Council - Chorlton,Chorlton Place,2019,May,21,Tuesday,21 May 2019,11:00,139,171,310,139,171,310,No Group
Manchester City Council - Chorlton,Chorlton Place,2019,May,21,Tuesday,21 May 2019,12:00,185,228,413,185,228,413,No Group
Manchester City Council - Chorlton,Chorlton Place,2019,May,21,Tuesday,21 May 2019,13:00,205,223,428,205,223,428,No Group
Manchester City Council - Chorlton,Chorlton Place,2019,May,21,Tuesday,21 May 2019,14:00,188,254,442,188,254,442,No Group
Manchester City Council - Chorlton,Chorlton Place,2019,May,21,Tuesday,21 May 2019,15:00,147,167,314,147,167,314,No Group
Manchester City Council - Chorlton,Chorlton Place,2019,May,21,Tuesday,21 May 2019,16:00,141,125,266,141,125,266,No Group
Manchester City Council - Chorlton,Chorlton Place,2019,May,21,Tuesday,21 May 2019,17:00,133,105,238,133,105,238,No Group
Manchester City Council - Chorlton,Chorlton Place,2019,May,21,Tuesday,21 May 2019,18:00,111,105,216,111,105,216,No Group
Manchester City Council - Chorlton,Chorlton Place,2019,May,21,Tuesday,21 May 2019,19:00,62,62,124,62,62,124,No Group
Manchester City Council - Chorlton,Chorlton Place,2019,May,21,Tuesday,21 May 2019,20:00,50,39,89,50,39,89,No Group
Manchester City Council - Chorlton,Chorlton Place,2019,May,21,Tuesday,21 May 2019,21:00,26,32,58,26,32,58,No Group
Manchester City Council - Chorlton,Chorlton Place,2019,May,21,Tuesday,21 May 2019,22:00,36,32,68,36,32,68,No Group
Manchester City Council - Chorlton,Chorlton Place,2019,May,21,Tuesday,21 May 2019,23:00,22,28,50,22,28,50,No Group
Manchester City Council - Chorlton,Chorlton Place,2019,May,21,Wednesday,22 May 2019,00:00,19,12,31,19,12,31,No Group
Manchester City Council - Chorlton,Chorlton Place,2019,May,21,Wednesday,22 May 2019,01:00,12,11,23,12,11,23,No Group
Manchester City Council - Chorlton,Chorlton Place,2019,May,21,Wednesday,22 May 2019,02:00,0,1,1,0,1,1,No Group
Manchester City Council - Chorlton,Chorlton Place,2019,May,21,Wednesday,22 May 2019,03:00,0,4,4,0,4,4,No Group
Manchester City Council - Chorlton,Chorlton Place,2019,May,21,Wednesday,22 May 2019,04:00,0,5,5,0,5,5,No Group
Manchester City Council - Chorlton,Chorlton Place,2019,May,21,Wednesday,22 May 2019,05:00,1,4,5,1,4,5,No Group
Manchester City Council - Chorlton,Chorlton Place,2019,May,21,Wednesday,22 May 2019,06:00,12,32,44,12,32,44,No Group
Manchester City Council - Chorlton,Chorlton Place,2019,May,21,Wednesday,22 May 2019,07:00,13,22,35,13,22,35,No Group
Manchester City Council - Chorlton,Chorlton Place,2019,May,21,Wednesday,22 May 2019,08:00,25,60,85,25,60,85,No Group
Manchester City Council - Chorlton,Chorlton Place,2019,May,21,Wednesday,22 May 2019,09:00,75,117,192,75,117,192,No Group
Manchester City Council - Chorlton,Chorlton Place,2019,May,21,Wednesday,22 May 2019,10:00,134,144,278,134,144,278,No Group
Manchester City Council - Chorlton,Chorlton Place,2019,May,21,Wednesday,22 May 2019,11:00,120,146,266,120,146,266,No Group
Manchester City Council - Chorlton,Chorlton Place,2019,May,21,Wednesday,22 May 2019,12:00,154,166,320,154,166,320,No Group
Manchester City Council - Chorlton,Chorlton Place,2019,May,21,Wednesday,22 May 2019,13:00,174,172,346,174,172,346,No Group
Manchester City Council - Chorlton,Chorlton Place,2019,May,21,Wednesday,22 May 2019,14:00,183,195,378,183,195,378,No Group
Manchester City Council - Chorlton,Chorlton Place,2019,May,21,Wednesday,22 May 2019,15:00,140,174,314,140,174,314,No Group
Manchester City Council - Chorlton,Chorlton Place,2019,May,21,Wednesday,22 May 2019,16:00,135,136,271,135,136,271,No Group
Manchester City Council - Chorlton,Chorlton Place,2019,May,21,Wednesday,22 May 2019,17:00,180,139,319,180,139,319,No Group
Manchester City Council - Chorlton,Chorlton Place,2019,May,21,Wednesday,22 May 2019,18:00,153,119,272,153,119,272,No Group
Manchester City Council - Chorlton,Chorlton Place,2019,May,21,Wednesday,22 May 2019,19:00,85,46,131,85,46,131,No Group
Manchester City Council - Chorlton,Chorlton Place,2019,May,21,Wednesday,22 May 2019,20:00,39,41,80,39,41,80,No Group
Manchester City Council - Chorlton,Chorlton Place,2019,May,21,Wednesday,22 May 2019,21:00,36,37,73,36,37,73,No Group
Manchester City Council - Chorlton,Chorlton Place,2019,May,21,Wednesday,22 May 2019,22:00,43,34,77,43,34,77,No Group
Manchester City Council - Chorlton,Chorlton Place,2019,May,21,Wednesday,22 May 2019,23:00,37,39,76,37,39,76,No Group
Manchester City Council - Chorlton,Chorlton Place,2019,May,21,Thursday,23 May 2019,00:00,16,16,32,16,16,32,No Group
Manchester City Council - Chorlton,Chorlton Place,2019,May,21,Thursday,23 May 2019,01:00,29,21,50,29,21,50,No Group
Manchester City Council - Chorlton,Chorlton Place,2019,May,21,Thursday,23 May 2019,02:00,3,2,5,3,2,5,No Group
Manchester City Council - Chorlton,Chorlton Place,2019,May,21,Thursday,23 May 2019,03:00,0,3,3,0,3,3,No Group
Manchester City Council - Chorlton,Chorlton Place,2019,May,21,Thursday,23 May 2019,04:00,1,3,4,1,3,4,No Group
Manchester City Council - Chorlton,Chorlton Place,2019,May,21,Thursday,23 May 2019,05:00,2,6,8,2,6,8,No Group
Manchester City Council - Chorlton,Chorlton Place,2019,May,21,Thursday,23 May 2019,06:00,14,25,39,14,25,39,No Group
Manchester City Council - Chorlton,Chorlton Place,2019,May,21,Thursday,23 May 2019,07:00,28,75,103,28,75,103,No Group
Manchester City Council - Chorlton,Chorlton Place,2019,May,21,Thursday,23 May 2019,08:00,37,129,166,37,129,166,No Group
Manchester City Council - Chorlton,Chorlton Place,2019,May,21,Thursday,23 May 2019,09:00,73,110,183,73,110,183,No Group
Manchester City Council - Chorlton,Chorlton Place,2019,May,21,Thursday,23 May 2019,10:00,125,95,220,125,95,220,No Group
Manchester City Council - Chorlton,Chorlton Place,2019,May,21,Thursday,23 May 2019,11:00,133,155,288,133,155,288,No Group
Manchester City Council - Chorlton,Chorlton Place,2019,May,21,Thursday,23 May 2019,12:00,211,247,458,211,247,458,No Group
Manchester City Council - Chorlton,Chorlton Place,2019,May,21,Thursday,23 May 2019,13:00,209,262,471,209,262,471,No Group
Manchester City Council - Chorlton,Chorlton Place,2019,May,21,Thursday,23 May 2019,14:00,175,217,392,175,217,392,No Group
Manchester City Council - Chorlton,Chorlton Place,2019,May,21,Thursday,23 May 2019,15:00,147,177,324,147,177,324,No Group
Manchester City Council - Chorlton,Chorlton Place,2019,May,21,Thursday,23 May 2019,16:00,152,143,295,152,143,295,No Group
Manchester City Council - Chorlton,Chorlton Place,2019,May,21,Thursday,23 May 2019,17:00,113,94,207,113,94,207,No Group
Manchester City Council - Chorlton,Chorlton Place,2019,May,21,Thursday,23 May 2019,18:00,103,85,188,103,85,188,No Group
Manchester City Council - Chorlton,Chorlton Place,2019,May,21,Thursday,23 May 2019,19:00,60,60,120,60,60,120,No Group
Manchester City Council - Chorlton,Chorlton Place,2019,May,21,Thursday,23 May 2019,20:00,57,37,94,57,37,94,No Group
Manchester City Council - Chorlton,Chorlton Place,2019,May,21,Thursday,23 May 2019,21:00,39,41,80,39,41,80,No Group
Manchester City Council - Chorlton,Chorlton Place,2019,May,21,Thursday,23 May 2019,22:00,31,29,60,31,29,60,No Group
Manchester City Council - Chorlton,Chorlton Place,2019,May,21,Thursday,23 May 2019,23:00,34,38,72,34,38,72,No Group
Manchester City Council - Chorlton,Chorlton Place,2019,May,21,Friday,24 May 2019,00:00,25,30,55,25,30,55,No Group
Manchester City Council - Chorlton,Chorlton Place,2019,May,21,Friday,24 May 2019,01:00,21,11,32,21,11,32,No Group
Manchester City Council - Chorlton,Chorlton Place,2019,May,21,Friday,24 May 2019,02:00,7,6,13,7,6,13,No Group
Manchester City Council - Chorlton,Chorlton Place,2019,May,21,Friday,24 May 2019,03:00,1,4,5,1,4,5,No Group
Manchester City Council - Chorlton,Chorlton Place,2019,May,21,Friday,24 May 2019,04:00,0,2,2,0,2,2,No Group
Manchester City Council - Chorlton,Chorlton Place,2019,May,21,Friday,24 May 2019,05:00,0,5,5,0,5,5,No Group
Manchester City Council - Chorlton,Chorlton Place,2019,May,21,Friday,24 May 2019,06:00,11,26,37,11,26,37,No Group
Manchester City Council - Chorlton,Chorlton Place,2019,May,21,Friday,24 May 2019,07:00,31,101,132,31,101,132,No Group
Manchester City Council - Chorlton,Chorlton Place,2019,May,21,Friday,24 May 2019,08:00,42,119,161,42,119,161,No Group
Manchester City Council - Chorlton,Chorlton Place,2019,May,21,Friday,24 May 2019,09:00,102,157,259,102,157,259,No Group
Manchester City Council - Chorlton,Chorlton Place,2019,May,21,Friday,24 May 2019,10:00,124,140,264,124,140,264,No Group
Manchester City Council - Chorlton,Chorlton Place,2019,May,21,Friday,24 May 2019,11:00,167,220,387,167,220,387,No Group
Manchester City Council - Chorlton,Chorlton Place,2019,May,21,Friday,24 May 2019,12:00,256,262,518,256,262,518,No Group
Manchester City Council - Chorlton,Chorlton Place,2019,May,21,Friday,24 May 2019,13:00,190,216,406,190,216,406,No Group
Manchester City Council - Chorlton,Chorlton Place,2019,May,21,Friday,24 May 2019,14:00,184,192,376,184,192,376,No Group
Manchester City Council - Chorlton,Chorlton Place,2019,May,21,Friday,24 May 2019,15:00,159,182,341,159,182,341,No Group
Manchester City Council - Chorlton,Chorlton Place,2019,May,21,Friday,24 May 2019,16:00,133,147,280,133,147,280,No Group
Manchester City Council - Chorlton,Chorlton Place,2019,May,21,Friday,24 May 2019,17:00,131,96,227,131,96,227,No Group
Manchester City Council - Chorlton,Chorlton Place,2019,May,21,Friday,24 May 2019,18:00,102,88,190,102,88,190,No Group
Manchester City Council - Chorlton,Chorlton Place,2019,May,21,Friday,24 May 2019,19:00,81,64,145,81,64,145,No Group
Manchester City Council - Chorlton,Chorlton Place,2019,May,21,Friday,24 May 2019,20:00,81,56,137,81,56,137,No Group
Manchester City Council - Chorlton,Chorlton Place,2019,May,21,Friday,24 May 2019,21:00,78,54,132,78,54,132,No Group
Manchester City Council - Chorlton,Chorlton Place,2019,May,21,Friday,24 May 2019,22:00,73,84,157,73,84,157,No Group
Manchester City Council - Chorlton,Chorlton Place,2019,May,21,Friday,24 May 2019,23:00,61,75,136,61,75,136,No Group
Manchester City Council - Chorlton,Chorlton Place,2019,May,21,Saturday,25 May 2019,00:00,47,86,133,47,86,133,No Group
Manchester City Council - Chorlton,Chorlton Place,2019,May,21,Saturday,25 May 2019,01:00,49,42,91,49,42,91,No Group
Manchester City Council - Chorlton,Chorlton Place,2019,May,21,Saturday,25 May 2019,02:00,22,25,47,22,25,47,No Group
Manchester City Council - Chorlton,Chorlton Place,2019,May,21,Saturday,25 May 2019,03:00,1,0,1,1,0,1,No Group
Manchester City Council - Chorlton,Chorlton Place,2019,May,21,Saturday,25 May 2019,04:00,2,3,5,2,3,5,No Group
Manchester City Council - Chorlton,Chorlton Place,2019,May,21,Saturday,25 May 2019,05:00,6,12,18,6,12,18,No Group
Manchester City Council - Chorlton,Chorlton Place,2019,May,21,Saturday,25 May 2019,06:00,13,17,30,13,17,30,No Group
Manchester City Council - Chorlton,Chorlton Place,2019,May,21,Saturday,25 May 2019,07:00,12,20,32,12,20,32,No Group
Manchester City Council - Chorlton,Chorlton Place,2019,May,21,Saturday,25 May 2019,08:00,34,59,93,34,59,93,No Group
Manchester City Council - Chorlton,Chorlton Place,2019,May,21,Saturday,25 May 2019,09:00,142,144,286,142,144,286,No Group
Manchester City Council - Chorlton,Chorlton Place,2019,May,21,Saturday,25 May 2019,10:00,190,211,401,190,211,401,No Group
Manchester City Council - Chorlton,Chorlton Place,2019,May,21,Saturday,25 May 2019,11:00,214,253,467,214,253,467,No Group
Manchester City Council - Chorlton,Chorlton Place,2019,May,21,Saturday,25 May 2019,12:00,230,262,492,230,262,492,No Group
Manchester City Council - Chorlton,Chorlton Place,2019,May,21,Saturday,25 May 2019,13:00,219,271,490,219,271,490,No Group
Manchester City Council - Chorlton,Chorlton Place,2019,May,21,Saturday,25 May 2019,14:00,247,215,462,247,215,462,No Group
Manchester City Council - Chorlton,Chorlton Place,2019,May,21,Saturday,25 May 2019,15:00,190,190,380,190,190,380,No Group
Manchester City Council - Chorlton,Chorlton Place,2019,May,21,Saturday,25 May 2019,16:00,190,188,378,190,188,378,No Group
Manchester City Council - Chorlton,Chorlton Place,2019,May,21,Saturday,25 May 2019,17:00,91,108,199,91,108,199,No Group
Manchester City Council - Chorlton,Chorlton Place,2019,May,21,Saturday,25 May 2019,18:00,69,76,145,69,76,145,No Group
Manchester City Council - Chorlton,Chorlton Place,2019,May,21,Saturday,25 May 2019,19:00,62,62,124,62,62,124,No Group
Manchester City Council - Chorlton,Chorlton Place,2019,May,21,Saturday,25 May 2019,20:00,56,59,115,56,59,115,No Group
Manchester City Council - Chorlton,Chorlton Place,2019,May,21,Saturday,25 May 2019,21:00,47,35,82,47,35,82,No Group
Manchester City Council - Chorlton,Chorlton Place,2019,May,21,Saturday,25 May 2019,22:00,39,47,86,39,47,86,No Group
Manchester City Council - Chorlton,Chorlton Place,2019,May,21,Saturday,25 May 2019,23:00,44,59,103,44,59,103,No Group
Manchester City Council - Chorlton,Chorlton Place,2019,May,21,Sunday,26 May 2019,00:00,39,51,90,39,51,90,No Group
Manchester City Council - Chorlton,Chorlton Place,2019,May,21,Sunday,26 May 2019,01:00,19,23,42,19,23,42,No Group
Manchester City Council - Chorlton,Chorlton Place,2019,May,21,Sunday,26 May 2019,02:00,6,3,9,6,3,9,No Group
Manchester City Council - Chorlton,Chorlton Place,2019,May,21,Sunday,26 May 2019,03:00,1,0,1,1,0,1,No Group
Manchester City Council - Chorlton,Chorlton Place,2019,May,21,Sunday,26 May 2019,04:00,3,1,4,3,1,4,No Group
Manchester City Council - Chorlton,Chorlton Place,2019,May,21,Sunday,26 May 2019,05:00,0,0,0,0,0,0,No Group
Manchester City Council - Chorlton,Chorlton Place,2019,May,21,Sunday,26 May 2019,06:00,6,8,14,6,8,14,No Group
Manchester City Council - Chorlton,Chorlton Place,2019,May,21,Sunday,26 May 2019,07:00,8,17,25,8,17,25,No Group
Manchester City Council - Chorlton,Chorlton Place,2019,May,21,Sunday,26 May 2019,08:00,18,33,51,18,33,51,No Group
Manchester City Council - Chorlton,Chorlton Place,2019,May,21,Sunday,26 May 2019,09:00,39,72,111,39,72,111,No Group
Manchester City Council - Chorlton,Chorlton Place,2019,May,21,Sunday,26 May 2019,10:00,56,82,138,56,82,138,No Group
Manchester City Council - Chorlton,Chorlton Place,2019,May,21,Sunday,26 May 2019,11:00,95,88,183,95,88,183,No Group
Manchester City Council - Chorlton,Chorlton Place,2019,May,21,Sunday,26 May 2019,12:00,55,79,134,55,79,134,No Group
Manchester City Council - Chorlton,Chorlton Place,2019,May,21,Sunday,26 May 2019,13:00,98,110,208,98,110,208,No Group
Manchester City Council - Chorlton,Chorlton Place,2019,May,21,Sunday,26 May 2019,14:00,106,104,210,106,104,210,No Group
Manchester City Council - Chorlton,Chorlton Place,2019,May,21,Sunday,26 May 2019,15:00,91,112,203,91,112,203,No Group
Manchester City Council - Chorlton,Chorlton Place,2019,May,21,Sunday,26 May 2019,16:00,77,116,193,77,116,193,No Group
Manchester City Council - Chorlton,Chorlton Place,2019,May,21,Sunday,26 May 2019,17:00,65,65,130,65,65,130,No Group
Manchester City Council - Chorlton,Chorlton Place,2019,May,21,Sunday,26 May 2019,18:00,54,67,121,54,67,121,No Group
Manchester City Council - Chorlton,Chorlton Place,2019,May,21,Sunday,26 May 2019,19:00,55,76,131,55,76,131,No Group
Manchester City Council - Chorlton,Chorlton Place,2019,May,21,Sunday,26 May 2019,20:00,46,55,101,46,55,101,No Group
Manchester City Council - Chorlton,Chorlton Place,2019,May,21,Sunday,26 May 2019,21:00,42,45,87,42,45,87,No Group
Manchester City Council - Chorlton,Chorlton Place,2019,May,21,Sunday,26 May 2019,22:00,40,55,95,40,55,95,No Group
Manchester City Council - Chorlton,Chorlton Place,2019,May,21,Sunday,26 May 2019,23:00,50,61,111,50,61,111,No Group
Manchester City Council - Chorlton,Chorlton Place,2019,June,22,Monday,27 May 2019,00:00,31,35,66,31,35,66,No Group
Manchester City Council - Chorlton,Chorlton Place,2019,June,22,Monday,27 May 2019,01:00,36,46,82,36,46,82,No Group
Manchester City Council - Chorlton,Chorlton Place,2019,June,22,Monday,27 May 2019,02:00,5,1,6,5,1,6,No Group
Manchester City Council - Chorlton,Chorlton Place,2019,June,22,Monday,27 May 2019,03:00,2,1,3,2,1,3,No Group
Manchester City Council - Chorlton,Chorlton Place,2019,June,22,Monday,27 May 2019,04:00,0,0,0,0,0,0,No Group
Manchester City Council - Chorlton,Chorlton Place,2019,June,22,Monday,27 May 2019,05:00,4,1,5,4,1,5,No Group
Manchester City Council - Chorlton,Chorlton Place,2019,June,22,Monday,27 May 2019,06:00,0,10,10,0,10,10,No Group
Manchester City Council - Chorlton,Chorlton Place,2019,June,22,Monday,27 May 2019,07:00,6,23,29,6,23,29,No Group
Manchester City Council - Chorlton,Chorlton Place,2019,June,22,Monday,27 May 2019,08:00,24,73,97,24,73,97,No Group
Manchester City Council - Chorlton,Chorlton Place,2019,June,22,Monday,27 May 2019,09:00,33,62,95,33,62,95,No Group
Manchester City Council - Chorlton,Chorlton Place,2019,June,22,Monday,27 May 2019,10:00,53,51,104,53,51,104,No Group
Manchester City Council - Chorlton,Chorlton Place,2019,June,22,Monday,27 May 2019,11:00,71,118,189,71,118,189,No Group
Manchester City Council - Chorlton,Chorlton Place,2019,June,22,Monday,27 May 2019,12:00,118,119,237,118,119,237,No Group
Manchester City Council - Chorlton,Chorlton Place,2019,June,22,Monday,27 May 2019,13:00,137,140,277,137,140,277,No Group
Manchester City Council - Chorlton,Chorlton Place,2019,June,22,Monday,27 May 2019,14:00,143,186,329,143,186,329,No Group
Manchester City Council - Chorlton,Chorlton Place,2019,June,22,Monday,27 May 2019,15:00,120,123,243,120,123,243,No Group
Manchester City Council - Chorlton,Chorlton Place,2019,June,22,Monday,27 May 2019,16:00,98,70,168,98,70,168,No Group
Manchester City Council - Chorlton,Chorlton Place,2019,June,22,Monday,27 May 2019,17:00,84,85,169,84,85,169,No Group
Manchester City Council - Chorlton,Chorlton Place,2019,June,22,Monday,27 May 2019,18:00,67,80,147,67,80,147,No Group
Manchester City Council - Chorlton,Chorlton Place,2019,June,22,Monday,27 May 2019,19:00,42,47,89,42,47,89,No Group
Manchester City Council - Chorlton,Chorlton Place,2019,June,22,Monday,27 May 2019,20:00,42,25,67,42,25,67,No Group
Manchester City Council - Chorlton,Chorlton Place,2019,June,22,Monday,27 May 2019,21:00,16,43,59,16,43,59,No Group
Manchester City Council - Chorlton,Chorlton Place,2019,June,22,Monday,27 May 2019,22:00,43,40,83,43,40,83,No Group
Manchester City Council - Chorlton,Chorlton Place,2019,June,22,Monday,27 May 2019,23:00,21,35,56,21,35,56,No Group
Manchester City Council - Chorlton,Chorlton Place,2019,June,22,Tuesday,28 May 2019,00:00,24,14,38,24,14,38,No Group
Manchester City Council - Chorlton,Chorlton Place,2019,June,22,Tuesday,28 May 2019,01:00,11,5,16,11,5,16,No Group
Manchester City Council - Chorlton,Chorlton Place,2019,June,22,Tuesday,28 May 2019,02:00,20,9,29,20,9,29,No Group
Manchester City Council - Chorlton,Chorlton Place,2019,June,22,Tuesday,28 May 2019,03:00,2,2,4,2,2,4,No Group
Manchester City Council - Chorlton,Chorlton Place,2019,June,22,Tuesday,28 May 2019,04:00,0,4,4,0,4,4,No Group
Manchester City Council - Chorlton,Chorlton Place,2019,June,22,Tuesday,28 May 2019,05:00,4,1,5,4,1,5,No Group
Manchester City Council - Chorlton,Chorlton Place,2019,June,22,Tuesday,28 May 2019,06:00,4,9,13,4,9,13,No Group
Manchester City Council - Chorlton,Chorlton Place,2019,June,22,Tuesday,28 May 2019,07:00,3,5,8,3,5,8,No Group
Manchester City Council - Chorlton,Chorlton Place,2019,June,22,Tuesday,28 May 2019,08:00,14,33,47,14,33,47,No Group
Manchester City Council - Chorlton,Chorlton Place,2019,June,22,Tuesday,28 May 2019,09:00,72,105,177,72,105,177,No Group
Manchester City Council - Chorlton,Chorlton Place,2019,June,22,Tuesday,28 May 2019,10:00,122,155,277,122,155,277,No Group
Manchester City Council - Chorlton,Chorlton Place,2019,June,22,Tuesday,28 May 2019,11:00,174,180,354,174,180,354,No Group
Manchester City Council - Chorlton,Chorlton Place,2019,June,22,Tuesday,28 May 2019,12:00,175,202,377,175,202,377,No Group
Manchester City Council - Chorlton,Chorlton Place,2019,June,22,Tuesday,28 May 2019,13:00,222,268,490,222,268,490,No Group
Manchester City Council - Chorlton,Chorlton Place,2019,June,22,Tuesday,28 May 2019,14:00,177,186,363,177,186,363,No Group
Manchester City Council - Chorlton,Chorlton Place,2019,June,22,Tuesday,28 May 2019,15:00,178,203,381,178,203,381,No Group
Manchester City Council - Chorlton,Chorlton Place,2019,June,22,Tuesday,28 May 2019,16:00,170,141,311,170,141,311,No Group
Manchester City Council - Chorlton,Chorlton Place,2019,June,22,Tuesday,28 May 2019,17:00,124,96,220,124,96,220,No Group
Manchester City Council - Chorlton,Chorlton Place,2019,June,22,Tuesday,28 May 2019,18:00,82,60,142,82,60,142,No Group
Manchester City Council - Chorlton,Chorlton Place,2019,June,22,Tuesday,28 May 2019,19:00,76,45,121,76,45,121,No Group
Manchester City Council - Chorlton,Chorlton Place,2019,June,22,Tuesday,28 May 2019,20:00,54,43,97,54,43,97,No Group
Manchester City Council - Chorlton,Chorlton Place,2019,June,22,Tuesday,28 May 2019,21:00,34,39,73,34,39,73,No Group
Manchester City Council - Chorlton,Chorlton Place,2019,June,22,Tuesday,28 May 2019,22:00,50,34,84,50,34,84,No Group
Manchester City Council - Chorlton,Chorlton Place,2019,June,22,Tuesday,28 May 2019,23:00,26,30,56,26,30,56,No Group
Manchester City Council - Chorlton,Chorlton Place,2019,June,22,Wednesday,29 May 2019,00:00,22,28,50,22,28,50,No Group
Manchester City Council - Chorlton,Chorlton Place,2019,June,22,Wednesday,29 May 2019,01:00,21,21,42,21,21,42,No Group
Manchester City Council - Chorlton,Chorlton Place,2019,June,22,Wednesday,29 May 2019,02:00,5,3,8,5,3,8,No Group
Manchester City Council - Chorlton,Chorlton Place,2019,June,22,Wednesday,29 May 2019,03:00,0,1,1,0,1,1,No Group
Manchester City Council - Chorlton,Chorlton Place,2019,June,22,Wednesday,29 May 2019,04:00,0,6,6,0,6,6,No Group
Manchester City Council - Chorlton,Chorlton Place,2019,June,22,Wednesday,29 May 2019,05:00,3,10,13,3,10,13,No Group
Manchester City Council - Chorlton,Chorlton Place,2019,June,22,Wednesday,29 May 2019,06:00,9,20,29,9,20,29,No Group
Manchester City Council - Chorlton,Chorlton Place,2019,June,22,Wednesday,29 May 2019,07:00,21,69,90,21,69,90,No Group
Manchester City Council - Chorlton,Chorlton Place,2019,June,22,Wednesday,29 May 2019,08:00,43,115,158,43,115,158,No Group
Manchester City Council - Chorlton,Chorlton Place,2019,June,22,Wednesday,29 May 2019,09:00,65,96,161,65,96,161,No Group
Manchester City Council - Chorlton,Chorlton Place,2019,June,22,Wednesday,29 May 2019,10:00,117,126,243,117,126,243,No Group
Manchester City Council - Chorlton,Chorlton Place,2019,June,22,Wednesday,29 May 2019,11:00,149,146,295,149,146,295,No Group
Manchester City Council - Chorlton,Chorlton Place,2019,June,22,Wednesday,29 May 2019,12:00,153,152,305,153,152,305,No Group
Manchester City Council - Chorlton,Chorlton Place,2019,June,22,Wednesday,29 May 2019,13:00,163,171,334,163,171,334,No Group
Manchester City Council - Chorlton,Chorlton Place,2019,June,22,Wednesday,29 May 2019,14:00,150,160,310,150,160,310,No Group
Manchester City Council - Chorlton,Chorlton Place,2019,June,22,Wednesday,29 May 2019,15:00,156,199,355,156,199,355,No Group
Manchester City Council - Chorlton,Chorlton Place,2019,June,22,Wednesday,29 May 2019,16:00,169,155,324,169,155,324,No Group
Manchester City Council - Chorlton,Chorlton Place,2019,June,22,Wednesday,29 May 2019,17:00,151,105,256,151,105,256,No Group
Manchester City Council - Chorlton,Chorlton Place,2019,June,22,Wednesday,29 May 2019,18:00,117,88,205,117,88,205,No Group
Manchester City Council - Chorlton,Chorlton Place,2019,June,22,Wednesday,29 May 2019,19:00,109,106,215,109,106,215,No Group
Manchester City Council - Chorlton,Chorlton Place,2019,June,22,Wednesday,29 May 2019,20:00,85,44,129,85,44,129,No Group
Manchester City Council - Chorlton,Chorlton Place,2019,June,22,Wednesday,29 May 2019,21:00,39,56,95,39,56,95,No Group
Manchester City Council - Chorlton,Chorlton Place,2019,June,22,Wednesday,29 May 2019,22:00,32,52,84,32,52,84,No Group
Manchester City Council - Chorlton,Chorlton Place,2019,June,22,Wednesday,29 May 2019,23:00,31,25,56,31,25,56,No Group
Manchester City Council - Chorlton,Chorlton Place,2019,June,22,Thursday,30 May 2019,00:00,13,9,22,13,9,22,No Group
Manchester City Council - Chorlton,Chorlton Place,2019,June,22,Thursday,30 May 2019,01:00,15,7,22,15,7,22,No Group
Manchester City Council - Chorlton,Chorlton Place,2019,June,22,Thursday,30 May 2019,02:00,3,1,4,3,1,4,No Group
Manchester City Council - Chorlton,Chorlton Place,2019,June,22,Thursday,30 May 2019,03:00,0,2,2,0,2,2,No Group
Manchester City Council - Chorlton,Chorlton Place,2019,June,22,Thursday,30 May 2019,04:00,0,7,7,0,7,7,No Group
Manchester City Council - Chorlton,Chorlton Place,2019,June,22,Thursday,30 May 2019,05:00,8,7,15,8,7,15,No Group
Manchester City Council - Chorlton,Chorlton Place,2019,June,22,Thursday,30 May 2019,06:00,13,19,32,13,19,32,No Group
Manchester City Council - Chorlton,Chorlton Place,2019,June,22,Thursday,30 May 2019,07:00,27,83,110,27,83,110,No Group
Manchester City Council - Chorlton,Chorlton Place,2019,June,22,Thursday,30 May 2019,08:00,32,120,152,32,120,152,No Group
Manchester City Council - Chorlton,Chorlton Place,2019,June,22,Thursday,30 May 2019,09:00,89,120,209,89,120,209,No Group
Manchester City Council - Chorlton,Chorlton Place,2019,June,22,Thursday,30 May 2019,10:00,149,194,343,149,194,343,No Group
Manchester City Council - Chorlton,Chorlton Place,2019,June,22,Thursday,30 May 2019,11:00,146,171,317,146,171,317,No Group
Manchester City Council - Chorlton,Chorlton Place,2019,June,22,Thursday,30 May 2019,12:00,154,188,342,154,188,342,No Group
Manchester City Council - Chorlton,Chorlton Place,2019,June,22,Thursday,30 May 2019,13:00,165,182,347,165,182,347,No Group
Manchester City Council - Chorlton,Chorlton Place,2019,June,22,Thursday,30 May 2019,14:00,216,204,420,216,204,420,No Group
Manchester City Council - Chorlton,Chorlton Place,2019,June,22,Thursday,30 May 2019,15:00,275,285,560,275,285,560,No Group
Manchester City Council - Chorlton,Chorlton Place,2019,June,22,Thursday,30 May 2019,16:00,137,154,291,137,154,291,No Group
Manchester City Council - Chorlton,Chorlton Place,2019,June,22,Thursday,30 May 2019,17:00,98,92,190,98,92,190,No Group
Manchester City Council - Chorlton,Chorlton Place,2019,June,22,Thursday,30 May 2019,18:00,80,60,140,80,60,140,No Group
Manchester City Council - Chorlton,Chorlton Place,2019,June,22,Thursday,30 May 2019,19:00,66,58,124,66,58,124,No Group
Manchester City Council - Chorlton,Chorlton Place,2019,June,22,Thursday,30 May 2019,20:00,56,54,110,56,54,110,No Group
Manchester City Council - Chorlton,Chorlton Place,2019,June,22,Thursday,30 May 2019,21:00,25,29,54,25,29,54,No Group
Manchester City Council - Chorlton,Chorlton Place,2019,June,22,Thursday,30 May 2019,22:00,36,40,76,36,40,76,No Group
Manchester City Council - Chorlton,Chorlton Place,2019,June,22,Thursday,30 May 2019,23:00,29,22,51,29,22,51,No Group
Manchester City Council - Chorlton,Chorlton Place,2019,June,22,Friday,31 May 2019,00:00,23,34,57,23,34,57,No Group
Manchester City Council - Chorlton,Chorlton Place,2019,June,22,Friday,31 May 2019,01:00,29,15,44,29,15,44,No Group
Manchester City Council - Chorlton,Chorlton Place,2019,June,22,Friday,31 May 2019,02:00,0,0,0,0,0,0,No Group
Manchester City Council - Chorlton,Chorlton Place,2019,June,22,Friday,31 May 2019,03:00,1,1,2,1,1,2,No Group
Manchester City Council - Chorlton,Chorlton Place,2019,June,22,Friday,31 May 2019,04:00,0,4,4,0,4,4,No Group
Manchester City Council - Chorlton,Chorlton Place,2019,June,22,Friday,31 May 2019,05:00,2,2,4,2,2,4,No Group
Manchester City Council - Chorlton,Chorlton Place,2019,June,22,Friday,31 May 2019,06:00,6,13,19,6,13,19,No Group
Manchester City Council - Chorlton,Chorlton Place,2019,June,22,Friday,31 May 2019,07:00,23,79,102,23,79,102,No Group
Manchester City Council - Chorlton,Chorlton Place,2019,June,22,Friday,31 May 2019,08:00,37,121,158,37,121,158,No Group
Manchester City Council - Chorlton,Chorlton Place,2019,June,22,Friday,31 May 2019,09:00,69,111,180,69,111,180,No Group
Manchester City Council - Chorlton,Chorlton Place,2019,June,22,Friday,31 May 2019,10:00,140,118,258,140,118,258,No Group
Manchester City Council - Chorlton,Chorlton Place,2019,June,22,Friday,31 May 2019,11:00,157,190,347,157,190,347,No Group
Manchester City Council - Chorlton,Chorlton Place,2019,June,22,Friday,31 May 2019,12:00,184,208,392,184,208,392,No Group
Manchester City Council - Chorlton,Chorlton Place,2019,June,22,Friday,31 May 2019,13:00,175,185,360,175,185,360,No Group
Manchester City Council - Chorlton,Chorlton Place,2019,June,22,Friday,31 May 2019,14:00,174,175,349,174,175,349,No Group
Manchester City Council - Chorlton,Chorlton Place,2019,June,22,Friday,31 May 2019,15:00,164,181,345,164,181,345,No Group
Manchester City Council - Chorlton,Chorlton Place,2019,June,22,Friday,31 May 2019,16:00,157,157,314,157,157,314,No Group
Manchester City Council - Chorlton,Chorlton Place,2019,June,22,Friday,31 May 2019,17:00,102,115,217,102,115,217,No Group
Manchester City Council - Chorlton,Chorlton Place,2019,June,22,Friday,31 May 2019,18:00,95,74,169,95,74,169,No Group
Manchester City Council - Chorlton,Chorlton Place,2019,June,22,Friday,31 May 2019,19:00,72,77,149,72,77,149,No Group
Manchester City Council - Chorlton,Chorlton Place,2019,June,22,Friday,31 May 2019,20:00,86,68,154,86,68,154,No Group
Manchester City Council - Chorlton,Chorlton Place,2019,June,22,Friday,31 May 2019,21:00,63,65,128,63,65,128,No Group
Manchester City Council - Chorlton,Chorlton Place,2019,June,22,Friday,31 May 2019,22:00,45,52,97,45,52,97,No Group
Manchester City Council - Chorlton,Chorlton Place,2019,June,22,Friday,31 May 2019,23:00,57,51,108,57,51,108,No Group
Manchester City Council - Chorlton,Chorlton Place,2019,June,22,Saturday,01 Jun 2019,00:00,63,68,131,63,68,131,No Group
Manchester City Council - Chorlton,Chorlton Place,2019,June,22,Saturday,01 Jun 2019,01:00,26,39,65,26,39,65,No Group
Manchester City Council - Chorlton,Chorlton Place,2019,June,22,Saturday,01 Jun 2019,02:00,16,7,23,16,7,23,No Group
Manchester City Council - Chorlton,Chorlton Place,2019,June,22,Saturday,01 Jun 2019,03:00,2,0,2,2,0,2,No Group
Manchester City Council - Chorlton,Chorlton Place,2019,June,22,Saturday,01 Jun 2019,04:00,7,12,19,7,12,19,No Group
Manchester City Council - Chorlton,Chorlton Place,2019,June,22,Saturday,01 Jun 2019,05:00,4,7,11,4,7,11,No Group
Manchester City Council - Chorlton,Chorlton Place,2019,June,22,Saturday,01 Jun 2019,06:00,7,18,25,7,18,25,No Group
Manchester City Council - Chorlton,Chorlton Place,2019,June,22,Saturday,01 Jun 2019,07:00,16,23,39,16,23,39,No Group
Manchester City Council - Chorlton,Chorlton Place,2019,June,22,Saturday,01 Jun 2019,08:00,32,55,87,32,55,87,No Group
Manchester City Council - Chorlton,Chorlton Place,2019,June,22,Saturday,01 Jun 2019,09:00,99,103,202,99,103,202,No Group
Manchester City Council - Chorlton,Chorlton Place,2019,June,22,Saturday,01 Jun 2019,10:00,165,197,362,165,197,362,No Group
Manchester City Council - Chorlton,Chorlton Place,2019,June,22,Saturday,01 Jun 2019,11:00,212,237,449,212,237,449,No Group
Manchester City Council - Chorlton,Chorlton Place,2019,June,22,Saturday,01 Jun 2019,12:00,270,288,558,270,288,558,No Group
Manchester City Council - Chorlton,Chorlton Place,2019,June,22,Saturday,01 Jun 2019,13:00,241,252,493,241,252,493,No Group
Manchester City Council - Chorlton,Chorlton Place,2019,June,22,Saturday,01 Jun 2019,14:00,210,240,450,210,240,450,No Group
Manchester City Council - Chorlton,Chorlton Place,2019,June,22,Saturday,01 Jun 2019,15:00,207,230,437,207,230,437,No Group
Manchester City Council - Chorlton,Chorlton Place,2019,June,22,Saturday,01 Jun 2019,16:00,180,203,383,180,203,383,No Group
Manchester City Council - Chorlton,Chorlton Place,2019,June,22,Saturday,01 Jun 2019,17:00,153,120,273,153,120,273,No Group
Manchester City Council - Chorlton,Chorlton Place,2019,June,22,Saturday,01 Jun 2019,18:00,120,95,215,120,95,215,No Group
Manchester City Council - Chorlton,Chorlton Place,2019,June,22,Saturday,01 Jun 2019,19:00,105,83,188,105,83,188,No Group
Manchester City Council - Chorlton,Chorlton Place,2019,June,22,Saturday,01 Jun 2019,20:00,79,85,164,79,85,164,No Group
Manchester City Council - Chorlton,Chorlton Place,2019,June,22,Saturday,01 Jun 2019,21:00,74,69,143,74,69,143,No Group
Manchester City Council - Chorlton,Chorlton Place,2019,June,22,Saturday,01 Jun 2019,22:00,91,73,164,91,73,164,No Group
Manchester City Council - Chorlton,Chorlton Place,2019,June,22,Saturday,01 Jun 2019,23:00,86,68,154,86,68,154,No Group
Manchester City Council - Chorlton,Chorlton Place,2019,June,22,Sunday,02 Jun 2019,00:00,65,70,135,65,70,135,No Group
Manchester City Council - Chorlton,Chorlton Place,2019,June,22,Sunday,02 Jun 2019,01:00,51,42,93,51,42,93,No Group
Manchester City Council - Chorlton,Chorlton Place,2019,June,22,Sunday,02 Jun 2019,02:00,17,5,22,17,5,22,No Group
Manchester City Council - Chorlton,Chorlton Place,2019,June,22,Sunday,02 Jun 2019,03:00,10,8,18,10,8,18,No Group
Manchester City Council - Chorlton,Chorlton Place,2019,June,22,Sunday,02 Jun 2019,04:00,1,1,2,1,1,2,No Group
Manchester City Council - Chorlton,Chorlton Place,2019,June,22,Sunday,02 Jun 2019,05:00,5,5,10,5,5,10,No Group
Manchester City Council - Chorlton,Chorlton Place,2019,June,22,Sunday,02 Jun 2019,06:00,2,6,8,2,6,8,No Group
Manchester City Council - Chorlton,Chorlton Place,2019,June,22,Sunday,02 Jun 2019,07:00,3,6,9,3,6,9,No Group
Manchester City Council - Chorlton,Chorlton Place,2019,June,22,Sunday,02 Jun 2019,08:00,22,27,49,22,27,49,No Group
Manchester City Council - Chorlton,Chorlton Place,2019,June,22,Sunday,02 Jun 2019,09:00,23,38,61,23,38,61,No Group
Manchester City Council - Chorlton,Chorlton Place,2019,June,22,Sunday,02 Jun 2019,10:00,49,66,115,49,66,115,No Group
Manchester City Council - Chorlton,Chorlton Place,2019,June,22,Sunday,02 Jun 2019,11:00,67,68,135,67,68,135,No Group
Manchester City Council - Chorlton,Chorlton Place,2019,June,22,Sunday,02 Jun 2019,12:00,109,148,257,109,148,257,No Group
Manchester City Council - Chorlton,Chorlton Place,2019,June,22,Sunday,02 Jun 2019,13:00,96,120,216,96,120,216,No Group
Manchester City Council - Chorlton,Chorlton Place,2019,June,22,Sunday,02 Jun 2019,14:00,111,133,244,111,133,244,No Group
Manchester City Council - Chorlton,Chorlton Place,2019,June,22,Sunday,02 Jun 2019,15:00,109,122,231,109,122,231,No Group
Manchester City Council - Chorlton,Chorlton Place,2019,June,22,Sunday,02 Jun 2019,16:00,79,88,167,79,88,167,No Group
Manchester City Council - Chorlton,Chorlton Place,2019,June,22,Sunday,02 Jun 2019,17:00,62,49,111,62,49,111,No Group
Manchester City Council - Chorlton,Chorlton Place,2019,June,22,Sunday,02 Jun 2019,18:00,62,79,141,62,79,141,No Group
Manchester City Council - Chorlton,Chorlton Place,2019,June,22,Sunday,02 Jun 2019,19:00,40,43,83,40,43,83,No Group
Manchester City Council - Chorlton,Chorlton Place,2019,June,22,Sunday,02 Jun 2019,20:00,28,35,63,28,35,63,No Group
Manchester City Council - Chorlton,Chorlton Place,2019,June,22,Sunday,02 Jun 2019,21:00,27,24,51,27,24,51,No Group
Manchester City Council - Chorlton,Chorlton Place,2019,June,22,Sunday,02 Jun 2019,22:00,25,39,64,25,39,64,No Group
Manchester City Council - Chorlton,Chorlton Place,2019,June,22,Sunday,02 Jun 2019,23:00,29,30,59,29,30,59,No Group
Manchester City Council - Chorlton,Chorlton Place,2019,June,23,Monday,03 Jun 2019,00:00,22,17,39,22,17,39,No Group
Manchester City Council - Chorlton,Chorlton Place,2019,June,23,Monday,03 Jun 2019,01:00,16,14,30,16,14,30,No Group
Manchester City Council - Chorlton,Chorlton Place,2019,June,23,Monday,03 Jun 2019,02:00,0,1,1,0,1,1,No Group
Manchester City Council - Chorlton,Chorlton Place,2019,June,23,Monday,03 Jun 2019,03:00,0,0,0,0,0,0,No Group
Manchester City Council - Chorlton,Chorlton Place,2019,June,23,Monday,03 Jun 2019,04:00,0,4,4,0,4,4,No Group
Manchester City Council - Chorlton,Chorlton Place,2019,June,23,Monday,03 Jun 2019,05:00,4,10,14,4,10,14,No Group
Manchester City Council - Chorlton,Chorlton Place,2019,June,23,Monday,03 Jun 2019,06:00,10,21,31,10,21,31,No Group
Manchester City Council - Chorlton,Chorlton Place,2019,June,23,Monday,03 Jun 2019,07:00,23,67,90,23,67,90,No Group
Manchester City Council - Chorlton,Chorlton Place,2019,June,23,Monday,03 Jun 2019,08:00,45,122,167,45,122,167,No Group
Manchester City Council - Chorlton,Chorlton Place,2019,June,23,Monday,03 Jun 2019,09:00,38,53,91,38,53,91,No Group
Manchester City Council - Chorlton,Chorlton Place,2019,June,23,Monday,03 Jun 2019,10:00,51,150,201,51,150,201,No Group
Manchester City Council - Chorlton,Chorlton Place,2019,June,23,Monday,03 Jun 2019,11:00,81,87,168,81,87,168,No Group
Manchester City Council - Chorlton,Chorlton Place,2019,June,23,Monday,03 Jun 2019,12:00,210,200,410,210,200,410,No Group
Manchester City Council - Chorlton,Chorlton Place,2019,June,23,Monday,03 Jun 2019,13:00,177,196,373,177,196,373,No Group
Manchester City Council - Chorlton,Chorlton Place,2019,June,23,Monday,03 Jun 2019,14:00,173,181,354,173,181,354,No Group
Manchester City Council - Chorlton,Chorlton Place,2019,June,23,Monday,03 Jun 2019,15:00,165,165,330,165,165,330,No Group
Manchester City Council - Chorlton,Chorlton Place,2019,June,23,Monday,03 Jun 2019,16:00,144,139,283,144,139,283,No Group
Manchester City Council - Chorlton,Chorlton Place,2019,June,23,Monday,03 Jun 2019,17:00,129,98,227,129,98,227,No Group
Manchester City Council - Chorlton,Chorlton Place,2019,June,23,Monday,03 Jun 2019,18:00,102,83,185,102,83,185,No Group
Manchester City Council - Chorlton,Chorlton Place,2019,June,23,Monday,03 Jun 2019,19:00,77,62,139,77,62,139,No Group
Manchester City Council - Chorlton,Chorlton Place,2019,June,23,Monday,03 Jun 2019,20:00,37,29,66,37,29,66,No Group
Manchester City Council - Chorlton,Chorlton Place,2019,June,23,Monday,03 Jun 2019,21:00,34,43,77,34,43,77,No Group
Manchester City Council - Chorlton,Chorlton Place,2019,June,23,Monday,03 Jun 2019,22:00,24,22,46,24,22,46,No Group
Manchester City Council - Chorlton,Chorlton Place,2019,June,23,Monday,03 Jun 2019,23:00,23,14,37,23,14,37,No Group
Manchester City Council - Chorlton,Chorlton Place,2019,June,23,Tuesday,04 Jun 2019,00:00,16,14,30,16,14,30,No Group
Manchester City Council - Chorlton,Chorlton Place,2019,June,23,Tuesday,04 Jun 2019,01:00,3,6,9,3,6,9,No Group
Manchester City Council - Chorlton,Chorlton Place,2019,June,23,Tuesday,04 Jun 2019,02:00,2,5,7,2,5,7,No Group
Manchester City Council - Chorlton,Chorlton Place,2019,June,23,Tuesday,04 Jun 2019,03:00,5,1,6,5,1,6,No Group
Manchester City Council - Chorlton,Chorlton Place,2019,June,23,Tuesday,04 Jun 2019,04:00,1,5,6,1,5,6,No Group
Manchester City Council - Chorlton,Chorlton Place,2019,June,23,Tuesday,04 Jun 2019,05:00,7,13,20,7,13,20,No Group
Manchester City Council - Chorlton,Chorlton Place,2019,June,23,Tuesday,04 Jun 2019,06:00,6,23,29,6,23,29,No Group
Manchester City Council - Chorlton,Chorlton Place,2019,June,23,Tuesday,04 Jun 2019,07:00,21,77,98,21,77,98,No Group
Manchester City Council - Chorlton,Chorlton Place,2019,June,23,Tuesday,04 Jun 2019,08:00,34,109,143,34,109,143,No Group
Manchester City Council - Chorlton,Chorlton Place,2019,June,23,Tuesday,04 Jun 2019,09:00,77,123,200,77,123,200,No Group
Manchester City Council - Chorlton,Chorlton Place,2019,June,23,Tuesday,04 Jun 2019,10:00,115,142,257,115,142,257,No Group
Manchester City Council - Chorlton,Chorlton Place,2019,June,23,Tuesday,04 Jun 2019,11:00,128,147,275,128,147,275,No Group
Manchester City Council - Chorlton,Chorlton Place,2019,June,23,Tuesday,04 Jun 2019,12:00,140,160,300,140,160,300,No Group
Manchester City Council - Chorlton,Chorlton Place,2019,June,23,Tuesday,04 Jun 2019,13:00,154,154,308,154,154,308,No Group
Manchester City Council - Chorlton,Chorlton Place,2019,June,23,Tuesday,04 Jun 2019,14:00,160,202,362,160,202,362,No Group
Manchester City Council - Chorlton,Chorlton Place,2019,June,23,Tuesday,04 Jun 2019,15:00,113,160,273,113,160,273,No Group
Manchester City Council - Chorlton,Chorlton Place,2019,June,23,Tuesday,04 Jun 2019,16:00,148,161,309,148,161,309,No Group
Manchester City Council - Chorlton,Chorlton Place,2019,June,23,Tuesday,04 Jun 2019,17:00,155,111,266,155,111,266,No Group
Manchester City Council - Chorlton,Chorlton Place,2019,June,23,Tuesday,04 Jun 2019,18:00,152,93,245,152,93,245,No Group
Manchester City Council - Chorlton,Chorlton Place,2019,June,23,Tuesday,04 Jun 2019,19:00,83,61,144,83,61,144,No Group
Manchester City Council - Chorlton,Chorlton Place,2019,June,23,Tuesday,04 Jun 2019,20:00,42,52,94,42,52,94,No Group
Manchester City Council - Chorlton,Chorlton Place,2019,June,23,Tuesday,04 Jun 2019,21:00,44,25,69,44,25,69,No Group
Manchester City Council - Chorlton,Chorlton Place,2019,June,23,Tuesday,04 Jun 2019,22:00,17,21,38,17,21,38,No Group
Manchester City Council - Chorlton,Chorlton Place,2019,June,23,Tuesday,04 Jun 2019,23:00,20,12,32,20,12,32,No Group
Manchester City Council - Chorlton,Chorlton Place,2019,June,23,Wednesday,05 Jun 2019,00:00,3,1,4,3,1,4,No Group
Manchester City Council - Chorlton,Chorlton Place,2019,June,23,Wednesday,05 Jun 2019,01:00,0,0,0,0,0,0,No Group
Manchester City Council - Chorlton,Chorlton Place,2019,June,23,Wednesday,05 Jun 2019,02:00,0,1,1,0,1,1,No Group
Manchester City Council - Chorlton,Chorlton Place,2019,June,23,Wednesday,05 Jun 2019,03:00,0,2,2,0,2,2,No Group
Manchester City Council - Chorlton,Chorlton Place,2019,June,23,Wednesday,05 Jun 2019,04:00,2,9,11,2,9,11,No Group
Manchester City Council - Chorlton,Chorlton Place,2019,June,23,Wednesday,05 Jun 2019,05:00,6,6,12,6,6,12,No Group
Manchester City Council - Chorlton,Chorlton Place,2019,June,23,Wednesday,05 Jun 2019,06:00,10,25,35,10,25,35,No Group
Manchester City Council - Chorlton,Chorlton Place,2019,June,23,Wednesday,05 Jun 2019,07:00,26,79,105,26,79,105,No Group
Manchester City Council - Chorlton,Chorlton Place,2019,June,23,Wednesday,05 Jun 2019,08:00,46,120,166,46,120,166,No Group
Manchester City Council - Chorlton,Chorlton Place,2019,June,23,Wednesday,05 Jun 2019,09:00,84,122,206,84,122,206,No Group
Manchester City Council - Chorlton,Chorlton Place,2019,June,23,Wednesday,05 Jun 2019,10:00,117,122,239,117,122,239,No Group
Manchester City Council - Chorlton,Chorlton Place,2019,June,23,Wednesday,05 Jun 2019,11:00,133,163,296,133,163,296,No Group
Manchester City Council - Chorlton,Chorlton Place,2019,June,23,Wednesday,05 Jun 2019,12:00,149,165,314,149,165,314,No Group
Manchester City Council - Chorlton,Chorlton Place,2019,June,23,Wednesday,05 Jun 2019,13:00,144,163,307,144,163,307,No Group
Manchester City Council - Chorlton,Chorlton Place,2019,June,23,Wednesday,05 Jun 2019,14:00,161,165,326,161,165,326,No Group
Manchester City Council - Chorlton,Chorlton Place,2019,June,23,Wednesday,05 Jun 2019,15:00,148,158,306,148,158,306,No Group
Manchester City Council - Chorlton,Chorlton Place,2019,June,23,Wednesday,05 Jun 2019,16:00,159,136,295,159,136,295,No Group
Manchester City Council - Chorlton,Chorlton Place,2019,June,23,Wednesday,05 Jun 2019,17:00,123,101,224,123,101,224,No Group
Manchester City Council - Chorlton,Chorlton Place,2019,June,23,Wednesday,05 Jun 2019,18:00,97,81,178,97,81,178,No Group
Manchester City Council - Chorlton,Chorlton Place,2019,June,23,Wednesday,05 Jun 2019,19:00,82,66,148,82,66,148,No Group
Manchester City Council - Chorlton,Chorlton Place,2019,June,23,Wednesday,05 Jun 2019,20:00,48,43,91,48,43,91,No Group
Manchester City Council - Chorlton,Chorlton Place,2019,June,23,Wednesday,05 Jun 2019,21:00,37,44,81,37,44,81,No Group
Manchester City Council - Chorlton,Chorlton Place,2019,June,23,Wednesday,05 Jun 2019,22:00,27,17,44,27,17,44,No Group
Manchester City Council - Chorlton,Chorlton Place,2019,June,23,Wednesday,05 Jun 2019,23:00,26,11,37,26,11,37,No Group
Manchester City Council - Chorlton,Chorlton Place,2019,June,23,Thursday,06 Jun 2019,00:00,7,11,18,7,11,18,No Group
Manchester City Council - Chorlton,Chorlton Place,2019,June,23,Thursday,06 Jun 2019,01:00,8,10,18,8,10,18,No Group
Manchester City Council - Chorlton,Chorlton Place,2019,June,23,Thursday,06 Jun 2019,02:00,1,5,6,1,5,6,No Group
Manchester City Council - Chorlton,Chorlton Place,2019,June,23,Thursday,06 Jun 2019,03:00,0,1,1,0,1,1,No Group
Manchester City Council - Chorlton,Chorlton Place,2019,June,23,Thursday,06 Jun 2019,04:00,0,5,5,0,5,5,No Group
Manchester City Council - Chorlton,Chorlton Place,2019,June,23,Thursday,06 Jun 2019,05:00,1,2,3,1,2,3,No Group
Manchester City Council - Chorlton,Chorlton Place,2019,June,23,Thursday,06 Jun 2019,06:00,1,16,17,1,16,17,No Group
Manchester City Council - Chorlton,Chorlton Place,2019,June,23,Thursday,06 Jun 2019,07:00,22,75,97,22,75,97,No Group
Manchester City Council - Chorlton,Chorlton Place,2019,June,23,Thursday,06 Jun 2019,08:00,37,135,172,37,135,172,No Group
Manchester City Council - Chorlton,Chorlton Place,2019,June,23,Thursday,06 Jun 2019,09:00,95,136,231,95,136,231,No Group
Manchester City Council - Chorlton,Chorlton Place,2019,June,23,Thursday,06 Jun 2019,10:00,137,136,273,137,136,273,No Group
Manchester City Council - Chorlton,Chorlton Place,2019,June,23,Thursday,06 Jun 2019,11:00,154,182,336,154,182,336,No Group
Manchester City Council - Chorlton,Chorlton Place,2019,June,23,Thursday,06 Jun 2019,12:00,197,267,464,197,267,464,No Group
Manchester City Council - Chorlton,Chorlton Place,2019,June,23,Thursday,06 Jun 2019,13:00,234,249,483,234,249,483,No Group
Manchester City Council - Chorlton,Chorlton Place,2019,June,23,Thursday,06 Jun 2019,14:00,147,202,349,147,202,349,No Group
Manchester City Council - Chorlton,Chorlton Place,2019,June,23,Thursday,06 Jun 2019,15:00,148,174,322,148,174,322,No Group
Manchester City Council - Chorlton,Chorlton Place,2019,June,23,Thursday,06 Jun 2019,16:00,159,140,299,159,140,299,No Group
Manchester City Council - Chorlton,Chorlton Place,2019,June,23,Thursday,06 Jun 2019,17:00,99,79,178,99,79,178,No Group
Manchester City Council - Chorlton,Chorlton Place,2019,June,23,Thursday,06 Jun 2019,18:00,105,85,190,105,85,190,No Group
Manchester City Council - Chorlton,Chorlton Place,2019,June,23,Thursday,06 Jun 2019,19:00,86,78,164,86,78,164,No Group
Manchester City Council - Chorlton,Chorlton Place,2019,June,23,Thursday,06 Jun 2019,20:00,62,37,99,62,37,99,No Group
Manchester City Council - Chorlton,Chorlton Place,2019,June,23,Thursday,06 Jun 2019,21:00,28,31,59,28,31,59,No Group
Manchester City Council - Chorlton,Chorlton Place,2019,June,23,Thursday,06 Jun 2019,22:00,37,52,89,37,52,89,No Group
Manchester City Council - Chorlton,Chorlton Place,2019,June,23,Thursday,06 Jun 2019,23:00,25,25,50,25,25,50,No Group
Manchester City Council - Chorlton,Chorlton Place,2019,June,23,Friday,07 Jun 2019,00:00,23,3,26,23,3,26,No Group
Manchester City Council - Chorlton,Chorlton Place,2019,June,23,Friday,07 Jun 2019,01:00,21,12,33,21,12,33,No Group
Manchester City Council - Chorlton,Chorlton Place,2019,June,23,Friday,07 Jun 2019,02:00,2,0,2,2,0,2,No Group
Manchester City Council - Chorlton,Chorlton Place,2019,June,23,Friday,07 Jun 2019,03:00,0,1,1,0,1,1,No Group
Manchester City Council - Chorlton,Chorlton Place,2019,June,23,Friday,07 Jun 2019,04:00,3,4,7,3,4,7,No Group
Manchester City Council - Chorlton,Chorlton Place,2019,June,23,Friday,07 Jun 2019,05:00,3,5,8,3,5,8,No Group
Manchester City Council - Chorlton,Chorlton Place,2019,June,23,Friday,07 Jun 2019,06:00,4,21,25,4,21,25,No Group
Manchester City Council - Chorlton,Chorlton Place,2019,June,23,Friday,07 Jun 2019,07:00,23,69,92,23,69,92,No Group
Manchester City Council - Chorlton,Chorlton Place,2019,June,23,Friday,07 Jun 2019,08:00,40,137,177,40,137,177,No Group
Manchester City Council - Chorlton,Chorlton Place,2019,June,23,Friday,07 Jun 2019,09:00,108,132,240,108,132,240,No Group
Manchester City Council - Chorlton,Chorlton Place,2019,June,23,Friday,07 Jun 2019,10:00,155,151,306,155,151,306,No Group
Manchester City Council - Chorlton,Chorlton Place,2019,June,23,Friday,07 Jun 2019,11:00,181,200,381,181,200,381,No Group
Manchester City Council - Chorlton,Chorlton Place,2019,June,23,Friday,07 Jun 2019,12:00,201,223,424,201,223,424,No Group
Manchester City Council - Chorlton,Chorlton Place,2019,June,23,Friday,07 Jun 2019,13:00,221,186,407,221,186,407,No Group
Manchester City Council - Chorlton,Chorlton Place,2019,June,23,Friday,07 Jun 2019,14:00,183,206,389,183,206,389,No Group
Manchester City Council - Chorlton,Chorlton Place,2019,June,23,Friday,07 Jun 2019,15:00,109,197,306,109,197,306,No Group
Manchester City Council - Chorlton,Chorlton Place,2019,June,23,Friday,07 Jun 2019,16:00,144,153,297,144,153,297,No Group
Manchester City Council - Chorlton,Chorlton Place,2019,June,23,Friday,07 Jun 2019,17:00,95,100,195,95,100,195,No Group
Manchester City Council - Chorlton,Chorlton Place,2019,June,23,Friday,07 Jun 2019,18:00,93,78,171,93,78,171,No Group
Manchester City Council - Chorlton,Chorlton Place,2019,June,23,Friday,07 Jun 2019,19:00,67,98,165,67,98,165,No Group
Manchester City Council - Chorlton,Chorlton Place,2019,June,23,Friday,07 Jun 2019,20:00,47,36,83,47,36,83,No Group
Manchester City Council - Chorlton,Chorlton Place,2019,June,23,Friday,07 Jun 2019,21:00,42,53,95,42,53,95,No Group
Manchester City Council - Chorlton,Chorlton Place,2019,June,23,Friday,07 Jun 2019,22:00,47,30,77,47,30,77,No Group
Manchester City Council - Chorlton,Chorlton Place,2019,June,23,Friday,07 Jun 2019,23:00,23,33,56,23,33,56,No Group
Manchester City Council - Chorlton,Chorlton Place,2019,June,23,Saturday,08 Jun 2019,00:00,16,26,42,16,26,42,No Group
Manchester City Council - Chorlton,Chorlton Place,2019,June,23,Saturday,08 Jun 2019,01:00,10,5,15,10,5,15,No Group
Manchester City Council - Chorlton,Chorlton Place,2019,June,23,Saturday,08 Jun 2019,02:00,6,4,10,6,4,10,No Group
Manchester City Council - Chorlton,Chorlton Place,2019,June,23,Saturday,08 Jun 2019,03:00,3,3,6,3,3,6,No Group
Manchester City Council - Chorlton,Chorlton Place,2019,June,23,Saturday,08 Jun 2019,04:00,6,12,18,6,12,18,No Group
Manchester City Council - Chorlton,Chorlton Place,2019,June,23,Saturday,08 Jun 2019,05:00,15,10,25,15,10,25,No Group
Manchester City Council - Chorlton,Chorlton Place,2019,June,23,Saturday,08 Jun 2019,06:00,40,14,54,40,14,54,No Group
Manchester City Council - Chorlton,Chorlton Place,2019,June,23,Saturday,08 Jun 2019,07:00,27,25,52,27,25,52,No Group
Manchester City Council - Chorlton,Chorlton Place,2019,June,23,Saturday,08 Jun 2019,08:00,37,63,100,37,63,100,No Group
Manchester City Council - Chorlton,Chorlton Place,2019,June,23,Saturday,08 Jun 2019,09:00,131,149,280,131,149,280,No Group
Manchester City Council - Chorlton,Chorlton Place,2019,June,23,Saturday,08 Jun 2019,10:00,212,288,500,212,288,500,No Group
Manchester City Council - Chorlton,Chorlton Place,2019,June,23,Saturday,08 Jun 2019,11:00,229,293,522,229,293,522,No Group
Manchester City Council - Chorlton,Chorlton Place,2019,June,23,Saturday,08 Jun 2019,12:00,282,306,588,282,306,588,No Group
Manchester City Council - Chorlton,Chorlton Place,2019,June,23,Saturday,08 Jun 2019,13:00,280,352,632,280,352,632,No Group
Manchester City Council - Chorlton,Chorlton Place,2019,June,23,Saturday,08 Jun 2019,14:00,249,325,574,249,325,574,No Group
Manchester City Council - Chorlton,Chorlton Place,2019,June,23,Saturday,08 Jun 2019,15:00,224,231,455,224,231,455,No Group
Manchester City Council - Chorlton,Chorlton Place,2019,June,23,Saturday,08 Jun 2019,16:00,217,230,447,217,230,447,No Group
Manchester City Council - Chorlton,Chorlton Place,2019,June,23,Saturday,08 Jun 2019,17:00,123,121,244,123,121,244,No Group
Manchester City Council - Chorlton,Chorlton Place,2019,June,23,Saturday,08 Jun 2019,18:00,89,77,166,89,77,166,No Group
Manchester City Council - Chorlton,Chorlton Place,2019,June,23,Saturday,08 Jun 2019,19:00,70,49,119,70,49,119,No Group
Manchester City Council - Chorlton,Chorlton Place,2019,June,23,Saturday,08 Jun 2019,20:00,67,73,140,67,73,140,No Group
Manchester City Council - Chorlton,Chorlton Place,2019,June,23,Saturday,08 Jun 2019,21:00,56,56,112,56,56,112,No Group
Manchester City Council - Chorlton,Chorlton Place,2019,June,23,Saturday,08 Jun 2019,22:00,40,63,103,40,63,103,No Group
Manchester City Council - Chorlton,Chorlton Place,2019,June,23,Saturday,08 Jun 2019,23:00,29,45,74,29,45,74,No Group
Manchester City Council - Chorlton,Chorlton Place,2019,June,23,Sunday,09 Jun 2019,00:00,50,62,112,50,62,112,No Group
Manchester City Council - Chorlton,Chorlton Place,2019,June,23,Sunday,09 Jun 2019,01:00,30,9,39,30,9,39,No Group
Manchester City Council - Chorlton,Chorlton Place,2019,June,23,Sunday,09 Jun 2019,02:00,9,20,29,9,20,29,No Group
Manchester City Council - Chorlton,Chorlton Place,2019,June,23,Sunday,09 Jun 2019,03:00,2,1,3,2,1,3,No Group
Manchester City Council - Chorlton,Chorlton Place,2019,June,23,Sunday,09 Jun 2019,04:00,2,1,3,2,1,3,No Group
Manchester City Council - Chorlton,Chorlton Place,2019,June,23,Sunday,09 Jun 2019,05:00,0,6,6,0,6,6,No Group
Manchester City Council - Chorlton,Chorlton Place,2019,June,23,Sunday,09 Jun 2019,06:00,2,8,10,2,8,10,No Group
Manchester City Council - Chorlton,Chorlton Place,2019,June,23,Sunday,09 Jun 2019,07:00,6,17,23,6,17,23,No Group
Manchester City Council - Chorlton,Chorlton Place,2019,June,23,Sunday,09 Jun 2019,08:00,17,20,37,17,20,37,No Group
Manchester City Council - Chorlton,Chorlton Place,2019,June,23,Sunday,09 Jun 2019,09:00,34,55,89,34,55,89,No Group
Manchester City Council - Chorlton,Chorlton Place,2019,June,23,Sunday,09 Jun 2019,10:00,73,75,148,73,75,148,No Group
Manchester City Council - Chorlton,Chorlton Place,2019,June,23,Sunday,09 Jun 2019,11:00,83,104,187,83,104,187,No Group
Manchester City Council - Chorlton,Chorlton Place,2019,June,23,Sunday,09 Jun 2019,12:00,109,131,240,109,131,240,No Group
Manchester City Council - Chorlton,Chorlton Place,2019,June,23,Sunday,09 Jun 2019,13:00,134,161,295,134,161,295,No Group
Manchester City Council - Chorlton,Chorlton Place,2019,June,23,Sunday,09 Jun 2019,14:00,109,117,226,109,117,226,No Group
Manchester City Council - Chorlton,Chorlton Place,2019,June,23,Sunday,09 Jun 2019,15:00,90,95,185,90,95,185,No Group
Manchester City Council - Chorlton,Chorlton Place,2019,June,23,Sunday,09 Jun 2019,16:00,86,110,196,86,110,196,No Group
Manchester City Council - Chorlton,Chorlton Place,2019,June,23,Sunday,09 Jun 2019,17:00,63,71,134,63,71,134,No Group
Manchester City Council - Chorlton,Chorlton Place,2019,June,23,Sunday,09 Jun 2019,18:00,63,61,124,63,61,124,No Group
Manchester City Council - Chorlton,Chorlton Place,2019,June,23,Sunday,09 Jun 2019,19:00,55,42,97,55,42,97,No Group
Manchester City Council - Chorlton,Chorlton Place,2019,June,23,Sunday,09 Jun 2019,20:00,34,35,69,34,35,69,No Group
Manchester City Council - Chorlton,Chorlton Place,2019,June,23,Sunday,09 Jun 2019,21:00,27,27,54,27,27,54,No Group
Manchester City Council - Chorlton,Chorlton Place,2019,June,23,Sunday,09 Jun 2019,22:00,15,25,40,15,25,40,No Group
Manchester City Council - Chorlton,Chorlton Place,2019,June,23,Sunday,09 Jun 2019,23:00,8,7,15,8,7,15,No Group
Manchester City Council - Chorlton,Chorlton Place,2019,June,24,Monday,10 Jun 2019,00:00,5,2,7,5,2,7,No Group
Manchester City Council - Chorlton,Chorlton Place,2019,June,24,Monday,10 Jun 2019,01:00,4,2,6,4,2,6,No Group
Manchester City Council - Chorlton,Chorlton Place,2019,June,24,Monday,10 Jun 2019,02:00,0,2,2,0,2,2,No Group
Manchester City Council - Chorlton,Chorlton Place,2019,June,24,Monday,10 Jun 2019,03:00,2,2,4,2,2,4,No Group
Manchester City Council - Chorlton,Chorlton Place,2019,June,24,Monday,10 Jun 2019,04:00,2,4,6,2,4,6,No Group
Manchester City Council - Chorlton,Chorlton Place,2019,June,24,Monday,10 Jun 2019,05:00,2,5,7,2,5,7,No Group
Manchester City Council - Chorlton,Chorlton Place,2019,June,24,Monday,10 Jun 2019,06:00,15,36,51,15,36,51,No Group
Manchester City Council - Chorlton,Chorlton Place,2019,June,24,Monday,10 Jun 2019,07:00,27,74,101,27,74,101,No Group
Manchester City Council - Chorlton,Chorlton Place,2019,June,24,Monday,10 Jun 2019,08:00,35,115,150,35,115,150,No Group
Manchester City Council - Chorlton,Chorlton Place,2019,June,24,Monday,10 Jun 2019,09:00,84,126,210,84,126,210,No Group
Manchester City Council - Chorlton,Chorlton Place,2019,June,24,Monday,10 Jun 2019,10:00,103,121,224,103,121,224,No Group
Manchester City Council - Chorlton,Chorlton Place,2019,June,24,Monday,10 Jun 2019,11:00,145,160,305,145,160,305,No Group
Manchester City Council - Chorlton,Chorlton Place,2019,June,24,Monday,10 Jun 2019,12:00,158,195,353,158,195,353,No Group
Manchester City Council - Chorlton,Chorlton Place,2019,June,24,Monday,10 Jun 2019,13:00,227,249,476,227,249,476,No Group
Manchester City Council - Chorlton,Chorlton Place,2019,June,24,Monday,10 Jun 2019,14:00,160,160,320,160,160,320,No Group
Manchester City Council - Chorlton,Chorlton Place,2019,June,24,Monday,10 Jun 2019,15:00,141,159,300,141,159,300,No Group
Manchester City Council - Chorlton,Chorlton Place,2019,June,24,Monday,10 Jun 2019,16:00,138,142,280,138,142,280,No Group
Manchester City Council - Chorlton,Chorlton Place,2019,June,24,Monday,10 Jun 2019,17:00,113,106,219,113,106,219,No Group
Manchester City Council - Chorlton,Chorlton Place,2019,June,24,Monday,10 Jun 2019,18:00,122,62,184,122,62,184,No Group
Manchester City Council - Chorlton,Chorlton Place,2019,June,24,Monday,10 Jun 2019,19:00,86,75,161,86,75,161,No Group
Manchester City Council - Chorlton,Chorlton Place,2019,June,24,Monday,10 Jun 2019,20:00,49,64,113,49,64,113,No Group
Manchester City Council - Chorlton,Chorlton Place,2019,June,24,Monday,10 Jun 2019,21:00,29,28,57,29,28,57,No Group
Manchester City Council - Chorlton,Chorlton Place,2019,June,24,Monday,10 Jun 2019,22:00,14,15,29,14,15,29,No Group
Manchester City Council - Chorlton,Chorlton Place,2019,June,24,Monday,10 Jun 2019,23:00,13,5,18,13,5,18,No Group
Manchester City Council - Chorlton,Chorlton Place,2019,June,24,Tuesday,11 Jun 2019,00:00,3,1,4,3,1,4,No Group
Manchester City Council - Chorlton,Chorlton Place,2019,June,24,Tuesday,11 Jun 2019,01:00,0,0,0,0,0,0,No Group
Manchester City Council - Chorlton,Chorlton Place,2019,June,24,Tuesday,11 Jun 2019,02:00,5,9,14,5,9,14,No Group
Manchester City Council - Chorlton,Chorlton Place,2019,June,24,Tuesday,11 Jun 2019,03:00,0,0,0,0,0,0,No Group
Manchester City Council - Chorlton,Chorlton Place,2019,June,24,Tuesday,11 Jun 2019,04:00,0,5,5,0,5,5,No Group
Manchester City Council - Chorlton,Chorlton Place,2019,June,24,Tuesday,11 Jun 2019,05:00,4,7,11,4,7,11,No Group
Manchester City Council - Chorlton,Chorlton Place,2019,June,24,Tuesday,11 Jun 2019,06:00,17,31,48,17,31,48,No Group
Manchester City Council - Chorlton,Chorlton Place,2019,June,24,Tuesday,11 Jun 2019,07:00,22,91,113,22,91,113,No Group
Manchester City Council - Chorlton,Chorlton Place,2019,June,24,Tuesday,11 Jun 2019,08:00,51,158,209,51,158,209,No Group
Manchester City Council - Chorlton,Chorlton Place,2019,June,24,Tuesday,11 Jun 2019,09:00,93,131,224,93,131,224,No Group
Manchester City Council - Chorlton,Chorlton Place,2019,June,24,Tuesday,11 Jun 2019,10:00,111,144,255,111,144,255,No Group
Manchester City Council - Chorlton,Chorlton Place,2019,June,24,Tuesday,11 Jun 2019,11:00,132,156,288,132,156,288,No Group
Manchester City Council - Chorlton,Chorlton Place,2019,June,24,Tuesday,11 Jun 2019,12:00,153,157,310,153,157,310,No Group
Manchester City Council - Chorlton,Chorlton Place,2019,June,24,Tuesday,11 Jun 2019,13:00,157,189,346,157,189,346,No Group
Manchester City Council - Chorlton,Chorlton Place,2019,June,24,Tuesday,11 Jun 2019,14:00,152,165,317,152,165,317,No Group
Manchester City Council - Chorlton,Chorlton Place,2019,June,24,Tuesday,11 Jun 2019,15:00,188,180,368,188,180,368,No Group
Manchester City Council - Chorlton,Chorlton Place,2019,June,24,Tuesday,11 Jun 2019,16:00,163,160,323,163,160,323,No Group
Manchester City Council - Chorlton,Chorlton Place,2019,June,24,Tuesday,11 Jun 2019,17:00,154,91,245,154,91,245,No Group
Manchester City Council - Chorlton,Chorlton Place,2019,June,24,Tuesday,11 Jun 2019,18:00,157,88,245,157,88,245,No Group
Manchester City Council - Chorlton,Chorlton Place,2019,June,24,Tuesday,11 Jun 2019,19:00,88,38,126,88,38,126,No Group
Manchester City Council - Chorlton,Chorlton Place,2019,June,24,Tuesday,11 Jun 2019,20:00,38,41,79,38,41,79,No Group
Manchester City Council - Chorlton,Chorlton Place,2019,June,24,Tuesday,11 Jun 2019,21:00,36,29,65,36,29,65,No Group
Manchester City Council - Chorlton,Chorlton Place,2019,June,24,Tuesday,11 Jun 2019,22:00,15,13,28,15,13,28,No Group
Manchester City Council - Chorlton,Chorlton Place,2019,June,24,Tuesday,11 Jun 2019,23:00,19,14,33,19,14,33,No Group
Manchester City Council - Chorlton,Chorlton Place,2019,June,24,Wednesday,12 Jun 2019,00:00,2,3,5,2,3,5,No Group
Manchester City Council - Chorlton,Chorlton Place,2019,June,24,Wednesday,12 Jun 2019,01:00,1,4,5,1,4,5,No Group
Manchester City Council - Chorlton,Chorlton Place,2019,June,24,Wednesday,12 Jun 2019,02:00,0,1,1,0,1,1,No Group
Manchester City Council - Chorlton,Chorlton Place,2019,June,24,Wednesday,12 Jun 2019,03:00,0,2,2,0,2,2,No Group
Manchester City Council - Chorlton,Chorlton Place,2019,June,24,Wednesday,12 Jun 2019,04:00,0,4,4,0,4,4,No Group
Manchester City Council - Chorlton,Chorlton Place,2019,June,24,Wednesday,12 Jun 2019,05:00,4,7,11,4,7,11,No Group
Manchester City Council - Chorlton,Chorlton Place,2019,June,24,Wednesday,12 Jun 2019,06:00,14,30,44,14,30,44,No Group
Manchester City Council - Chorlton,Chorlton Place,2019,June,24,Wednesday,12 Jun 2019,07:00,33,133,166,33,133,166,No Group
Manchester City Council - Chorlton,Chorlton Place,2019,June,24,Wednesday,12 Jun 2019,08:00,43,154,197,43,154,197,No Group
Manchester City Council - Chorlton,Chorlton Place,2019,June,24,Wednesday,12 Jun 2019,09:00,104,146,250,104,146,250,No Group
Manchester City Council - Chorlton,Chorlton Place,2019,June,24,Wednesday,12 Jun 2019,10:00,132,169,301,132,169,301,No Group
Manchester City Council - Chorlton,Chorlton Place,2019,June,24,Wednesday,12 Jun 2019,11:00,119,174,293,119,174,293,No Group
Manchester City Council - Chorlton,Chorlton Place,2019,June,24,Wednesday,12 Jun 2019,12:00,177,171,348,177,171,348,No Group
Manchester City Council - Chorlton,Chorlton Place,2019,June,24,Wednesday,12 Jun 2019,13:00,174,193,367,174,193,367,No Group
Manchester City Council - Chorlton,Chorlton Place,2019,June,24,Wednesday,12 Jun 2019,14:00,134,155,289,134,155,289,No Group
Manchester City Council - Chorlton,Chorlton Place,2019,June,24,Wednesday,12 Jun 2019,15:00,139,158,297,139,158,297,No Group
Manchester City Council - Chorlton,Chorlton Place,2019,June,24,Wednesday,12 Jun 2019,16:00,136,129,265,136,129,265,No Group
Manchester City Council - Chorlton,Chorlton Place,2019,June,24,Wednesday,12 Jun 2019,17:00,112,108,220,112,108,220,No Group
Manchester City Council - Chorlton,Chorlton Place,2019,June,24,Wednesday,12 Jun 2019,18:00,112,79,191,112,79,191,No Group
Manchester City Council - Chorlton,Chorlton Place,2019,June,24,Wednesday,12 Jun 2019,19:00,82,63,145,82,63,145,No Group
Manchester City Council - Chorlton,Chorlton Place,2019,June,24,Wednesday,12 Jun 2019,20:00,44,35,79,44,35,79,No Group
Manchester City Council - Chorlton,Chorlton Place,2019,June,24,Wednesday,12 Jun 2019,21:00,48,51,99,48,51,99,No Group
Manchester City Council - Chorlton,Chorlton Place,2019,June,24,Wednesday,12 Jun 2019,22:00,21,19,40,21,19,40,No Group
Manchester City Council - Chorlton,Chorlton Place,2019,June,24,Wednesday,12 Jun 2019,23:00,21,13,34,21,13,34,No Group
Manchester City Council - Chorlton,Chorlton Place,2019,June,24,Thursday,13 Jun 2019,00:00,0,5,5,0,5,5,No Group
Manchester City Council - Chorlton,Chorlton Place,2019,June,24,Thursday,13 Jun 2019,01:00,0,4,4,0,4,4,No Group
Manchester City Council - Chorlton,Chorlton Place,2019,June,24,Thursday,13 Jun 2019,02:00,1,2,3,1,2,3,No Group
Manchester City Council - Chorlton,Chorlton Place,2019,June,24,Thursday,13 Jun 2019,03:00,0,1,1,0,1,1,No Group
Manchester City Council - Chorlton,Chorlton Place,2019,June,24,Thursday,13 Jun 2019,04:00,2,2,4,2,2,4,No Group
Manchester City Council - Chorlton,Chorlton Place,2019,June,24,Thursday,13 Jun 2019,05:00,0,8,8,0,8,8,No Group
Manchester City Council - Chorlton,Chorlton Place,2019,June,24,Thursday,13 Jun 2019,06:00,12,28,40,12,28,40,No Group
Manchester City Council - Chorlton,Chorlton Place,2019,June,24,Thursday,13 Jun 2019,07:00,28,93,121,28,93,121,No Group
Manchester City Council - Chorlton,Chorlton Place,2019,June,24,Thursday,13 Jun 2019,08:00,29,120,149,29,120,149,No Group
Manchester City Council - Chorlton,Chorlton Place,2019,June,24,Thursday,13 Jun 2019,09:00,98,153,251,98,153,251,No Group
Manchester City Council - Chorlton,Chorlton Place,2019,June,24,Thursday,13 Jun 2019,10:00,119,167,286,119,167,286,No Group
Manchester City Council - Chorlton,Chorlton Place,2019,June,24,Thursday,13 Jun 2019,11:00,152,133,285,152,133,285,No Group
Manchester City Council - Chorlton,Chorlton Place,2019,June,24,Thursday,13 Jun 2019,12:00,177,173,350,177,173,350,No Group
Manchester City Council - Chorlton,Chorlton Place,2019,June,24,Thursday,13 Jun 2019,13:00,143,165,308,143,165,308,No Group
Manchester City Council - Chorlton,Chorlton Place,2019,June,24,Thursday,13 Jun 2019,14:00,155,181,336,155,181,336,No Group
Manchester City Council - Chorlton,Chorlton Place,2019,June,24,Thursday,13 Jun 2019,15:00,170,169,339,170,169,339,No Group
Manchester City Council - Chorlton,Chorlton Place,2019,June,24,Thursday,13 Jun 2019,16:00,126,155,281,126,155,281,No Group
Manchester City Council - Chorlton,Chorlton Place,2019,June,24,Thursday,13 Jun 2019,17:00,89,76,165,89,76,165,No Group
Manchester City Council - Chorlton,Chorlton Place,2019,June,24,Thursday,13 Jun 2019,18:00,119,91,210,119,91,210,No Group
Manchester City Council - Chorlton,Chorlton Place,2019,June,24,Thursday,13 Jun 2019,19:00,60,55,115,60,55,115,No Group
Manchester City Council - Chorlton,Chorlton Place,2019,June,24,Thursday,13 Jun 2019,20:00,50,46,96,50,46,96,No Group
Manchester City Council - Chorlton,Chorlton Place,2019,June,24,Thursday,13 Jun 2019,21:00,25,31,56,25,31,56,No Group
Manchester City Council - Chorlton,Chorlton Place,2019,June,24,Thursday,13 Jun 2019,22:00,27,22,49,27,22,49,No Group
Manchester City Council - Chorlton,Chorlton Place,2019,June,24,Thursday,13 Jun 2019,23:00,18,18,36,18,18,36,No Group
Manchester City Council - Chorlton,Chorlton Place,2019,June,24,Friday,14 Jun 2019,00:00,10,0,10,10,0,10,No Group
Manchester City Council - Chorlton,Chorlton Place,2019,June,24,Friday,14 Jun 2019,01:00,5,2,7,5,2,7,No Group
Manchester City Council - Chorlton,Chorlton Place,2019,June,24,Friday,14 Jun 2019,02:00,0,3,3,0,3,3,No Group
Manchester City Council - Chorlton,Chorlton Place,2019,June,24,Friday,14 Jun 2019,03:00,1,3,4,1,3,4,No Group
Manchester City Council - Chorlton,Chorlton Place,2019,June,24,Friday,14 Jun 2019,04:00,2,2,4,2,2,4,No Group
Manchester City Council - Chorlton,Chorlton Place,2019,June,24,Friday,14 Jun 2019,05:00,5,10,15,5,10,15,No Group
Manchester City Council - Chorlton,Chorlton Place,2019,June,24,Friday,14 Jun 2019,06:00,6,28,34,6,28,34,No Group
Manchester City Council - Chorlton,Chorlton Place,2019,June,24,Friday,14 Jun 2019,07:00,30,97,127,30,97,127,No Group
Manchester City Council - Chorlton,Chorlton Place,2019,June,24,Friday,14 Jun 2019,08:00,56,156,212,56,156,212,No Group
Manchester City Council - Chorlton,Chorlton Place,2019,June,24,Friday,14 Jun 2019,09:00,107,162,269,107,162,269,No Group
Manchester City Council - Chorlton,Chorlton Place,2019,June,24,Friday,14 Jun 2019,10:00,167,190,357,167,190,357,No Group
Manchester City Council - Chorlton,Chorlton Place,2019,June,24,Friday,14 Jun 2019,11:00,200,222,422,200,222,422,No Group
Manchester City Council - Chorlton,Chorlton Place,2019,June,24,Friday,14 Jun 2019,12:00,180,202,382,180,202,382,No Group
Manchester City Council - Chorlton,Chorlton Place,2019,June,24,Friday,14 Jun 2019,13:00,187,198,385,187,198,385,No Group
Manchester City Council - Chorlton,Chorlton Place,2019,June,24,Friday,14 Jun 2019,14:00,205,233,438,205,233,438,No Group
Manchester City Council - Chorlton,Chorlton Place,2019,June,24,Friday,14 Jun 2019,15:00,176,193,369,176,193,369,No Group
Manchester City Council - Chorlton,Chorlton Place,2019,June,24,Friday,14 Jun 2019,16:00,152,145,297,152,145,297,No Group
Manchester City Council - Chorlton,Chorlton Place,2019,June,24,Friday,14 Jun 2019,17:00,136,106,242,136,106,242,No Group
Manchester City Council - Chorlton,Chorlton Place,2019,June,24,Friday,14 Jun 2019,18:00,125,109,234,125,109,234,No Group
Manchester City Council - Chorlton,Chorlton Place,2019,June,24,Friday,14 Jun 2019,19:00,91,78,169,91,78,169,No Group
Manchester City Council - Chorlton,Chorlton Place,2019,June,24,Friday,14 Jun 2019,20:00,69,57,126,69,57,126,No Group
Manchester City Council - Chorlton,Chorlton Place,2019,June,24,Friday,14 Jun 2019,21:00,59,52,111,59,52,111,No Group
Manchester City Council - Chorlton,Chorlton Place,2019,June,24,Friday,14 Jun 2019,22:00,57,64,121,57,64,121,No Group
Manchester City Council - Chorlton,Chorlton Place,2019,June,24,Friday,14 Jun 2019,23:00,36,54,90,36,54,90,No Group
Manchester City Council - Chorlton,Chorlton Place,2019,June,24,Saturday,15 Jun 2019,00:00,32,21,53,32,21,53,No Group
Manchester City Council - Chorlton,Chorlton Place,2019,June,24,Saturday,15 Jun 2019,01:00,24,18,42,24,18,42,No Group
Manchester City Council - Chorlton,Chorlton Place,2019,June,24,Saturday,15 Jun 2019,02:00,8,12,20,8,12,20,No Group
Manchester City Council - Chorlton,Chorlton Place,2019,June,24,Saturday,15 Jun 2019,03:00,2,6,8,2,6,8,No Group
Manchester City Council - Chorlton,Chorlton Place,2019,June,24,Saturday,15 Jun 2019,04:00,3,7,10,3,7,10,No Group
Manchester City Council - Chorlton,Chorlton Place,2019,June,24,Saturday,15 Jun 2019,05:00,10,8,18,10,8,18,No Group
Manchester City Council - Chorlton,Chorlton Place,2019,June,24,Saturday,15 Jun 2019,06:00,6,8,14,6,8,14,No Group
Manchester City Council - Chorlton,Chorlton Place,2019,June,24,Saturday,15 Jun 2019,07:00,16,26,42,16,26,42,No Group
Manchester City Council - Chorlton,Chorlton Place,2019,June,24,Saturday,15 Jun 2019,08:00,39,58,97,39,58,97,No Group
Manchester City Council - Chorlton,Chorlton Place,2019,June,24,Saturday,15 Jun 2019,09:00,122,145,267,122,145,267,No Group
Manchester City Council - Chorlton,Chorlton Place,2019,June,24,Saturday,15 Jun 2019,10:00,167,214,381,167,214,381,No Group
Manchester City Council - Chorlton,Chorlton Place,2019,June,24,Saturday,15 Jun 2019,11:00,229,274,503,229,274,503,No Group
Manchester City Council - Chorlton,Chorlton Place,2019,June,24,Saturday,15 Jun 2019,12:00,285,298,583,285,298,583,No Group
Manchester City Council - Chorlton,Chorlton Place,2019,June,24,Saturday,15 Jun 2019,13:00,280,293,573,280,293,573,No Group
Manchester City Council - Chorlton,Chorlton Place,2019,June,24,Saturday,15 Jun 2019,14:00,246,270,516,246,270,516,No Group
Manchester City Council - Chorlton,Chorlton Place,2019,June,24,Saturday,15 Jun 2019,15:00,278,322,600,278,322,600,No Group
Manchester City Council - Chorlton,Chorlton Place,2019,June,24,Saturday,15 Jun 2019,16:00,247,329,576,247,329,576,No Group
Manchester City Council - Chorlton,Chorlton Place,2019,June,24,Saturday,15 Jun 2019,17:00,126,126,252,126,126,252,No Group
Manchester City Council - Chorlton,Chorlton Place,2019,June,24,Saturday,15 Jun 2019,18:00,82,87,169,82,87,169,No Group
Manchester City Council - Chorlton,Chorlton Place,2019,June,24,Saturday,15 Jun 2019,19:00,72,88,160,72,88,160,No Group
Manchester City Council - Chorlton,Chorlton Place,2019,June,24,Saturday,15 Jun 2019,20:00,72,69,141,72,69,141,No Group
Manchester City Council - Chorlton,Chorlton Place,2019,June,24,Saturday,15 Jun 2019,21:00,68,63,131,68,63,131,No Group
Manchester City Council - Chorlton,Chorlton Place,2019,June,24,Saturday,15 Jun 2019,22:00,53,60,113,53,60,113,No Group
Manchester City Council - Chorlton,Chorlton Place,2019,June,24,Saturday,15 Jun 2019,23:00,30,50,80,30,50,80,No Group
Manchester City Council - Chorlton,Chorlton Place,2019,June,24,Sunday,16 Jun 2019,00:00,16,37,53,16,37,53,No Group
Manchester City Council - Chorlton,Chorlton Place,2019,June,24,Sunday,16 Jun 2019,01:00,14,6,20,14,6,20,No Group
Manchester City Council - Chorlton,Chorlton Place,2019,June,24,Sunday,16 Jun 2019,02:00,4,3,7,4,3,7,No Group
Manchester City Council - Chorlton,Chorlton Place,2019,June,24,Sunday,16 Jun 2019,03:00,1,1,2,1,1,2,No Group
Manchester City Council - Chorlton,Chorlton Place,2019,June,24,Sunday,16 Jun 2019,04:00,2,5,7,2,5,7,No Group
Manchester City Council - Chorlton,Chorlton Place,2019,June,24,Sunday,16 Jun 2019,05:00,2,6,8,2,6,8,No Group
Manchester City Council - Chorlton,Chorlton Place,2019,June,24,Sunday,16 Jun 2019,06:00,9,20,29,9,20,29,No Group
Manchester City Council - Chorlton,Chorlton Place,2019,June,24,Sunday,16 Jun 2019,07:00,8,11,19,8,11,19,No Group
Manchester City Council - Chorlton,Chorlton Place,2019,June,24,Sunday,16 Jun 2019,08:00,31,42,73,31,42,73,No Group
Manchester City Council - Chorlton,Chorlton Place,2019,June,24,Sunday,16 Jun 2019,09:00,39,36,75,39,36,75,No Group
Manchester City Council - Chorlton,Chorlton Place,2019,June,24,Sunday,16 Jun 2019,10:00,70,95,165,70,95,165,No Group
Manchester City Council - Chorlton,Chorlton Place,2019,June,24,Sunday,16 Jun 2019,11:00,113,118,231,113,118,231,No Group
Manchester City Council - Chorlton,Chorlton Place,2019,June,24,Sunday,16 Jun 2019,12:00,125,119,244,125,119,244,No Group
Manchester City Council - Chorlton,Chorlton Place,2019,June,24,Sunday,16 Jun 2019,13:00,110,138,248,110,138,248,No Group
Manchester City Council - Chorlton,Chorlton Place,2019,June,24,Sunday,16 Jun 2019,14:00,145,146,291,145,146,291,No Group
Manchester City Council - Chorlton,Chorlton Place,2019,June,24,Sunday,16 Jun 2019,15:00,124,152,276,124,152,276,No Group
Manchester City Council - Chorlton,Chorlton Place,2019,June,24,Sunday,16 Jun 2019,16:00,93,124,217,93,124,217,No Group
Manchester City Council - Chorlton,Chorlton Place,2019,June,24,Sunday,16 Jun 2019,17:00,65,86,151,65,86,151,No Group
Manchester City Council - Chorlton,Chorlton Place,2019,June,24,Sunday,16 Jun 2019,18:00,80,76,156,80,76,156,No Group
Manchester City Council - Chorlton,Chorlton Place,2019,June,24,Sunday,16 Jun 2019,19:00,56,69,125,56,69,125,No Group
Manchester City Council - Chorlton,Chorlton Place,2019,June,24,Sunday,16 Jun 2019,20:00,34,47,81,34,47,81,No Group
Manchester City Council - Chorlton,Chorlton Place,2019,June,24,Sunday,16 Jun 2019,21:00,18,33,51,18,33,51,No Group
Manchester City Council - Chorlton,Chorlton Place,2019,June,24,Sunday,16 Jun 2019,22:00,12,23,35,12,23,35,No Group
Manchester City Council - Chorlton,Chorlton Place,2019,June,24,Sunday,16 Jun 2019,23:00,14,15,29,14,15,29,No Group
Manchester City Council - Chorlton,Chorlton Place,2019,June,25,Monday,17 Jun 2019,00:00,8,6,14,8,6,14,No Group
Manchester City Council - Chorlton,Chorlton Place,2019,June,25,Monday,17 Jun 2019,01:00,4,1,5,4,1,5,No Group
Manchester City Council - Chorlton,Chorlton Place,2019,June,25,Monday,17 Jun 2019,02:00,0,1,1,0,1,1,No Group
Manchester City Council - Chorlton,Chorlton Place,2019,June,25,Monday,17 Jun 2019,03:00,0,1,1,0,1,1,No Group
Manchester City Council - Chorlton,Chorlton Place,2019,June,25,Monday,17 Jun 2019,04:00,0,3,3,0,3,3,No Group
Manchester City Council - Chorlton,Chorlton Place,2019,June,25,Monday,17 Jun 2019,05:00,8,14,22,8,14,22,No Group
Manchester City Council - Chorlton,Chorlton Place,2019,June,25,Monday,17 Jun 2019,06:00,8,27,35,8,27,35,No Group
Manchester City Council - Chorlton,Chorlton Place,2019,June,25,Monday,17 Jun 2019,07:00,31,113,144,31,113,144,No Group
Manchester City Council - Chorlton,Chorlton Place,2019,June,25,Monday,17 Jun 2019,08:00,71,138,209,71,138,209,No Group
Manchester City Council - Chorlton,Chorlton Place,2019,June,25,Monday,17 Jun 2019,09:00,113,87,200,113,87,200,No Group
Manchester City Council - Chorlton,Chorlton Place,2019,June,25,Monday,17 Jun 2019,10:00,69,81,150,69,81,150,No Group
Manchester City Council - Chorlton,Chorlton Place,2019,June,25,Monday,17 Jun 2019,11:00,89,27,116,89,27,116,No Group
Manchester City Council - Chorlton,Chorlton Place,2019,June,25,Monday,17 Jun 2019,12:00,122,123,245,122,123,245,No Group
Manchester City Council - Chorlton,Chorlton Place,2019,June,25,Monday,17 Jun 2019,13:00,124,136,260,124,136,260,No Group
Manchester City Council - Chorlton,Chorlton Place,2019,June,25,Monday,17 Jun 2019,14:00,142,174,316,142,174,316,No Group
Manchester City Council - Chorlton,Chorlton Place,2019,June,25,Monday,17 Jun 2019,15:00,153,176,329,153,176,329,No Group
Manchester City Council - Chorlton,Chorlton Place,2019,June,25,Monday,17 Jun 2019,16:00,159,140,299,159,140,299,No Group
Manchester City Council - Chorlton,Chorlton Place,2019,June,25,Monday,17 Jun 2019,17:00,121,93,214,121,93,214,No Group
Manchester City Council - Chorlton,Chorlton Place,2019,June,25,Monday,17 Jun 2019,18:00,118,90,208,118,90,208,No Group
Manchester City Council - Chorlton,Chorlton Place,2019,June,25,Monday,17 Jun 2019,19:00,76,40,116,76,40,116,No Group
Manchester City Council - Chorlton,Chorlton Place,2019,June,25,Monday,17 Jun 2019,20:00,36,40,76,36,40,76,No Group
Manchester City Council - Chorlton,Chorlton Place,2019,June,25,Monday,17 Jun 2019,21:00,34,28,62,34,28,62,No Group
Manchester City Council - Chorlton,Chorlton Place,2019,June,25,Monday,17 Jun 2019,22:00,29,21,50,29,21,50,No Group
Manchester City Council - Chorlton,Chorlton Place,2019,June,25,Monday,17 Jun 2019,23:00,16,12,28,16,12,28,No Group
Manchester City Council - Chorlton,Chorlton Place,2019,June,25,Tuesday,18 Jun 2019,00:00,4,4,8,4,4,8,No Group
Manchester City Council - Chorlton,Chorlton Place,2019,June,25,Tuesday,18 Jun 2019,01:00,2,1,3,2,1,3,No Group
Manchester City Council - Chorlton,Chorlton Place,2019,June,25,Tuesday,18 Jun 2019,02:00,8,8,16,8,8,16,No Group
Manchester City Council - Chorlton,Chorlton Place,2019,June,25,Tuesday,18 Jun 2019,03:00,0,1,1,0,1,1,No Group
Manchester City Council - Chorlton,Chorlton Place,2019,June,25,Tuesday,18 Jun 2019,04:00,1,7,8,1,7,8,No Group
Manchester City Council - Chorlton,Chorlton Place,2019,June,25,Tuesday,18 Jun 2019,05:00,2,9,11,2,9,11,No Group
Manchester City Council - Chorlton,Chorlton Place,2019,June,25,Tuesday,18 Jun 2019,06:00,8,15,23,8,15,23,No Group
Manchester City Council - Chorlton,Chorlton Place,2019,June,25,Tuesday,18 Jun 2019,07:00,30,102,132,30,102,132,No Group
Manchester City Council - Chorlton,Chorlton Place,2019,June,25,Tuesday,18 Jun 2019,08:00,35,128,163,35,128,163,No Group
Manchester City Council - Chorlton,Chorlton Place,2019,June,25,Tuesday,18 Jun 2019,09:00,79,113,192,79,113,192,No Group
Manchester City Council - Chorlton,Chorlton Place,2019,June,25,Tuesday,18 Jun 2019,10:00,135,135,270,135,135,270,No Group
Manchester City Council - Chorlton,Chorlton Place,2019,June,25,Tuesday,18 Jun 2019,11:00,147,144,291,147,144,291,No Group
Manchester City Council - Chorlton,Chorlton Place,2019,June,25,Tuesday,18 Jun 2019,12:00,151,176,327,151,176,327,No Group
Manchester City Council - Chorlton,Chorlton Place,2019,June,25,Tuesday,18 Jun 2019,13:00,159,174,333,159,174,333,No Group
Manchester City Council - Chorlton,Chorlton Place,2019,June,25,Tuesday,18 Jun 2019,14:00,164,160,324,164,160,324,No Group
Manchester City Council - Chorlton,Chorlton Place,2019,June,25,Tuesday,18 Jun 2019,15:00,155,147,302,155,147,302,No Group
Manchester City Council - Chorlton,Chorlton Place,2019,June,25,Tuesday,18 Jun 2019,16:00,142,121,263,142,121,263,No Group
Manchester City Council - Chorlton,Chorlton Place,2019,June,25,Tuesday,18 Jun 2019,17:00,119,104,223,119,104,223,No Group
Manchester City Council - Chorlton,Chorlton Place,2019,June,25,Tuesday,18 Jun 2019,18:00,116,99,215,116,99,215,No Group
Manchester City Council - Chorlton,Chorlton Place,2019,June,25,Tuesday,18 Jun 2019,19:00,85,48,133,85,48,133,No Group
Manchester City Council - Chorlton,Chorlton Place,2019,June,25,Tuesday,18 Jun 2019,20:00,65,53,118,65,53,118,No Group
Manchester City Council - Chorlton,Chorlton Place,2019,June,25,Tuesday,18 Jun 2019,21:00,31,34,65,31,34,65,No Group
Manchester City Council - Chorlton,Chorlton Place,2019,June,25,Tuesday,18 Jun 2019,22:00,23,14,37,23,14,37,No Group
Manchester City Council - Chorlton,Chorlton Place,2019,June,25,Tuesday,18 Jun 2019,23:00,15,22,37,15,22,37,No Group
Manchester City Council - Chorlton,Chorlton Place,2019,June,25,Wednesday,19 Jun 2019,00:00,6,7,13,6,7,13,No Group
Manchester City Council - Chorlton,Chorlton Place,2019,June,25,Wednesday,19 Jun 2019,01:00,1,3,4,1,3,4,No Group
Manchester City Council - Chorlton,Chorlton Place,2019,June,25,Wednesday,19 Jun 2019,02:00,0,2,2,0,2,2,No Group
Manchester City Council - Chorlton,Chorlton Place,2019,June,25,Wednesday,19 Jun 2019,03:00,1,7,8,1,7,8,No Group
Manchester City Council - Chorlton,Chorlton Place,2019,June,25,Wednesday,19 Jun 2019,04:00,1,2,3,1,2,3,No Group
Manchester City Council - Chorlton,Chorlton Place,2019,June,25,Wednesday,19 Jun 2019,05:00,9,12,21,9,12,21,No Group
Manchester City Council - Chorlton,Chorlton Place,2019,June,25,Wednesday,19 Jun 2019,06:00,21,27,48,21,27,48,No Group
Manchester City Council - Chorlton,Chorlton Place,2019,June,25,Wednesday,19 Jun 2019,07:00,41,76,117,41,76,117,No Group
Manchester City Council - Chorlton,Chorlton Place,2019,June,25,Wednesday,19 Jun 2019,08:00,67,98,165,67,98,165,No Group
Manchester City Council - Chorlton,Chorlton Place,2019,June,25,Wednesday,19 Jun 2019,09:00,73,114,187,73,114,187,No Group
Manchester City Council - Chorlton,Chorlton Place,2019,June,25,Wednesday,19 Jun 2019,10:00,113,130,243,113,130,243,No Group
Manchester City Council - Chorlton,Chorlton Place,2019,June,25,Wednesday,19 Jun 2019,11:00,124,160,284,124,160,284,No Group
Manchester City Council - Chorlton,Chorlton Place,2019,June,25,Wednesday,19 Jun 2019,12:00,176,201,377,176,201,377,No Group
Manchester City Council - Chorlton,Chorlton Place,2019,June,25,Wednesday,19 Jun 2019,13:00,168,177,345,168,177,345,No Group
Manchester City Council - Chorlton,Chorlton Place,2019,June,25,Wednesday,19 Jun 2019,14:00,137,156,293,137,156,293,No Group
Manchester City Council - Chorlton,Chorlton Place,2019,June,25,Wednesday,19 Jun 2019,15:00,165,148,313,165,148,313,No Group
Manchester City Council - Chorlton,Chorlton Place,2019,June,25,Wednesday,19 Jun 2019,16:00,143,139,282,143,139,282,No Group
Manchester City Council - Chorlton,Chorlton Place,2019,June,25,Wednesday,19 Jun 2019,17:00,108,85,193,108,85,193,No Group
Manchester City Council - Chorlton,Chorlton Place,2019,June,25,Wednesday,19 Jun 2019,18:00,121,86,207,121,86,207,No Group
Manchester City Council - Chorlton,Chorlton Place,2019,June,25,Wednesday,19 Jun 2019,19:00,87,66,153,87,66,153,No Group
Manchester City Council - Chorlton,Chorlton Place,2019,June,25,Wednesday,19 Jun 2019,20:00,46,61,107,46,61,107,No Group
Manchester City Council - Chorlton,Chorlton Place,2019,June,25,Wednesday,19 Jun 2019,21:00,39,43,82,39,43,82,No Group
Manchester City Council - Chorlton,Chorlton Place,2019,June,25,Wednesday,19 Jun 2019,22:00,32,26,58,32,26,58,No Group
Manchester City Council - Chorlton,Chorlton Place,2019,June,25,Wednesday,19 Jun 2019,23:00,22,30,52,22,30,52,No Group
Manchester City Council - Chorlton,Chorlton Place,2019,June,25,Thursday,20 Jun 2019,00:00,6,2,8,6,2,8,No Group
Manchester City Council - Chorlton,Chorlton Place,2019,June,25,Thursday,20 Jun 2019,01:00,4,2,6,4,2,6,No Group
Manchester City Council - Chorlton,Chorlton Place,2019,June,25,Thursday,20 Jun 2019,02:00,1,3,4,1,3,4,No Group
Manchester City Council - Chorlton,Chorlton Place,2019,June,25,Thursday,20 Jun 2019,03:00,8,7,15,8,7,15,No Group
Manchester City Council - Chorlton,Chorlton Place,2019,June,25,Thursday,20 Jun 2019,04:00,0,3,3,0,3,3,No Group
Manchester City Council - Chorlton,Chorlton Place,2019,June,25,Thursday,20 Jun 2019,05:00,4,5,9,4,5,9,No Group
Manchester City Council - Chorlton,Chorlton Place,2019,June,25,Thursday,20 Jun 2019,06:00,11,20,31,11,20,31,No Group
Manchester City Council - Chorlton,Chorlton Place,2019,June,25,Thursday,20 Jun 2019,07:00,26,65,91,26,65,91,No Group
Manchester City Council - Chorlton,Chorlton Place,2019,June,25,Thursday,20 Jun 2019,08:00,43,122,165,43,122,165,No Group
Manchester City Council - Chorlton,Chorlton Place,2019,June,25,Thursday,20 Jun 2019,09:00,97,130,227,97,130,227,No Group
Manchester City Council - Chorlton,Chorlton Place,2019,June,25,Thursday,20 Jun 2019,10:00,105,96,201,105,96,201,No Group
Manchester City Council - Chorlton,Chorlton Place,2019,June,25,Thursday,20 Jun 2019,11:00,153,147,300,153,147,300,No Group
Manchester City Council - Chorlton,Chorlton Place,2019,June,25,Thursday,20 Jun 2019,12:00,156,189,345,156,189,345,No Group
Manchester City Council - Chorlton,Chorlton Place,2019,June,25,Thursday,20 Jun 2019,13:00,199,230,429,199,230,429,No Group
Manchester City Council - Chorlton,Chorlton Place,2019,June,25,Thursday,20 Jun 2019,14:00,171,249,420,171,249,420,No Group
Manchester City Council - Chorlton,Chorlton Place,2019,June,25,Thursday,20 Jun 2019,15:00,153,174,327,153,174,327,No Group
Manchester City Council - Chorlton,Chorlton Place,2019,June,25,Thursday,20 Jun 2019,16:00,154,145,299,154,145,299,No Group
Manchester City Council - Chorlton,Chorlton Place,2019,June,25,Thursday,20 Jun 2019,17:00,99,106,205,99,106,205,No Group
Manchester City Council - Chorlton,Chorlton Place,2019,June,25,Thursday,20 Jun 2019,18:00,116,87,203,116,87,203,No Group
Manchester City Council - Chorlton,Chorlton Place,2019,June,25,Thursday,20 Jun 2019,19:00,62,73,135,62,73,135,No Group
Manchester City Council - Chorlton,Chorlton Place,2019,June,25,Thursday,20 Jun 2019,20:00,65,50,115,65,50,115,No Group
Manchester City Council - Chorlton,Chorlton Place,2019,June,25,Thursday,20 Jun 2019,21:00,35,44,79,35,44,79,No Group
Manchester City Council - Chorlton,Chorlton Place,2019,June,25,Thursday,20 Jun 2019,22:00,27,25,52,27,25,52,No Group
Manchester City Council - Chorlton,Chorlton Place,2019,June,25,Thursday,20 Jun 2019,23:00,28,11,39,28,11,39,No Group
Manchester City Council - Chorlton,Chorlton Place,2019,June,25,Friday,21 Jun 2019,00:00,5,3,8,5,3,8,No Group
Manchester City Council - Chorlton,Chorlton Place,2019,June,25,Friday,21 Jun 2019,01:00,5,2,7,5,2,7,No Group
Manchester City Council - Chorlton,Chorlton Place,2019,June,25,Friday,21 Jun 2019,02:00,0,1,1,0,1,1,No Group
Manchester City Council - Chorlton,Chorlton Place,2019,June,25,Friday,21 Jun 2019,03:00,0,4,4,0,4,4,No Group
Manchester City Council - Chorlton,Chorlton Place,2019,June,25,Friday,21 Jun 2019,04:00,2,2,4,2,2,4,No Group
Manchester City Council - Chorlton,Chorlton Place,2019,June,25,Friday,21 Jun 2019,05:00,1,3,4,1,3,4,No Group
Manchester City Council - Chorlton,Chorlton Place,2019,June,25,Friday,21 Jun 2019,06:00,12,29,41,12,29,41,No Group
Manchester City Council - Chorlton,Chorlton Place,2019,June,25,Friday,21 Jun 2019,07:00,34,81,115,34,81,115,No Group
Manchester City Council - Chorlton,Chorlton Place,2019,June,25,Friday,21 Jun 2019,08:00,37,102,139,37,102,139,No Group
Manchester City Council - Chorlton,Chorlton Place,2019,June,25,Friday,21 Jun 2019,09:00,90,135,225,90,135,225,No Group
Manchester City Council - Chorlton,Chorlton Place,2019,June,25,Friday,21 Jun 2019,10:00,141,127,268,141,127,268,No Group
Manchester City Council - Chorlton,Chorlton Place,2019,June,25,Friday,21 Jun 2019,11:00,143,187,330,143,187,330,No Group
Manchester City Council - Chorlton,Chorlton Place,2019,June,25,Friday,21 Jun 2019,12:00,194,198,392,194,198,392,No Group
Manchester City Council - Chorlton,Chorlton Place,2019,June,25,Friday,21 Jun 2019,13:00,217,243,460,217,243,460,No Group
Manchester City Council - Chorlton,Chorlton Place,2019,June,25,Friday,21 Jun 2019,14:00,226,269,495,226,269,495,No Group
Manchester City Council - Chorlton,Chorlton Place,2019,June,25,Friday,21 Jun 2019,15:00,160,188,348,160,188,348,No Group
Manchester City Council - Chorlton,Chorlton Place,2019,June,25,Friday,21 Jun 2019,16:00,148,160,308,148,160,308,No Group
Manchester City Council - Chorlton,Chorlton Place,2019,June,25,Friday,21 Jun 2019,17:00,124,108,232,124,108,232,No Group
Manchester City Council - Chorlton,Chorlton Place,2019,June,25,Friday,21 Jun 2019,18:00,97,92,189,97,92,189,No Group
Manchester City Council - Chorlton,Chorlton Place,2019,June,25,Friday,21 Jun 2019,19:00,93,81,174,93,81,174,No Group
Manchester City Council - Chorlton,Chorlton Place,2019,June,25,Friday,21 Jun 2019,20:00,74,60,134,74,60,134,No Group
Manchester City Council - Chorlton,Chorlton Place,2019,June,25,Friday,21 Jun 2019,21:00,67,63,130,67,63,130,No Group
Manchester City Council - Chorlton,Chorlton Place,2019,June,25,Friday,21 Jun 2019,22:00,45,54,99,45,54,99,No Group
Manchester City Council - Chorlton,Chorlton Place,2019,June,25,Friday,21 Jun 2019,23:00,49,38,87,49,38,87,No Group
Manchester City Council - Chorlton,Chorlton Place,2019,June,25,Saturday,22 Jun 2019,00:00,41,70,111,41,70,111,No Group
Manchester City Council - Chorlton,Chorlton Place,2019,June,25,Saturday,22 Jun 2019,01:00,22,30,52,22,30,52,No Group
Manchester City Council - Chorlton,Chorlton Place,2019,June,25,Saturday,22 Jun 2019,02:00,1,9,10,1,9,10,No Group
Manchester City Council - Chorlton,Chorlton Place,2019,June,25,Saturday,22 Jun 2019,03:00,4,0,4,4,0,4,No Group
Manchester City Council - Chorlton,Chorlton Place,2019,June,25,Saturday,22 Jun 2019,04:00,8,9,17,8,9,17,No Group
Manchester City Council - Chorlton,Chorlton Place,2019,June,25,Saturday,22 Jun 2019,05:00,8,9,17,8,9,17,No Group
Manchester City Council - Chorlton,Chorlton Place,2019,June,25,Saturday,22 Jun 2019,06:00,8,14,22,8,14,22,No Group
Manchester City Council - Chorlton,Chorlton Place,2019,June,25,Saturday,22 Jun 2019,07:00,16,23,39,16,23,39,No Group
Manchester City Council - Chorlton,Chorlton Place,2019,June,25,Saturday,22 Jun 2019,08:00,50,64,114,50,64,114,No Group
Manchester City Council - Chorlton,Chorlton Place,2019,June,25,Saturday,22 Jun 2019,09:00,126,126,252,126,126,252,No Group
Manchester City Council - Chorlton,Chorlton Place,2019,June,25,Saturday,22 Jun 2019,10:00,154,195,349,154,195,349,No Group
Manchester City Council - Chorlton,Chorlton Place,2019,June,25,Saturday,22 Jun 2019,11:00,215,294,509,215,294,509,No Group
Manchester City Council - Chorlton,Chorlton Place,2019,June,25,Saturday,22 Jun 2019,12:00,291,291,582,291,291,582,No Group
Manchester City Council - Chorlton,Chorlton Place,2019,June,25,Saturday,22 Jun 2019,13:00,271,272,543,271,272,543,No Group
Manchester City Council - Chorlton,Chorlton Place,2019,June,25,Saturday,22 Jun 2019,14:00,259,314,573,259,314,573,No Group
Manchester City Council - Chorlton,Chorlton Place,2019,June,25,Saturday,22 Jun 2019,15:00,244,237,481,244,237,481,No Group
Manchester City Council - Chorlton,Chorlton Place,2019,June,25,Saturday,22 Jun 2019,16:00,171,201,372,171,201,372,No Group
Manchester City Council - Chorlton,Chorlton Place,2019,June,25,Saturday,22 Jun 2019,17:00,104,117,221,104,117,221,No Group
Manchester City Council - Chorlton,Chorlton Place,2019,June,25,Saturday,22 Jun 2019,18:00,94,105,199,94,105,199,No Group
Manchester City Council - Chorlton,Chorlton Place,2019,June,25,Saturday,22 Jun 2019,19:00,109,88,197,109,88,197,No Group
Manchester City Council - Chorlton,Chorlton Place,2019,June,25,Saturday,22 Jun 2019,20:00,74,83,157,74,83,157,No Group
Manchester City Council - Chorlton,Chorlton Place,2019,June,25,Saturday,22 Jun 2019,21:00,71,92,163,71,92,163,No Group
Manchester City Council - Chorlton,Chorlton Place,2019,June,25,Saturday,22 Jun 2019,22:00,58,75,133,58,75,133,No Group
Manchester City Council - Chorlton,Chorlton Place,2019,June,25,Saturday,22 Jun 2019,23:00,44,59,103,44,59,103,No Group
Manchester City Council - Chorlton,Chorlton Place,2019,June,25,Sunday,23 Jun 2019,00:00,46,59,105,46,59,105,No Group
Manchester City Council - Chorlton,Chorlton Place,2019,June,25,Sunday,23 Jun 2019,01:00,18,12,30,18,12,30,No Group
Manchester City Council - Chorlton,Chorlton Place,2019,June,25,Sunday,23 Jun 2019,02:00,12,8,20,12,8,20,No Group
Manchester City Council - Chorlton,Chorlton Place,2019,June,25,Sunday,23 Jun 2019,03:00,1,1,2,1,1,2,No Group
Manchester City Council - Chorlton,Chorlton Place,2019,June,25,Sunday,23 Jun 2019,04:00,2,1,3,2,1,3,No Group
Manchester City Council - Chorlton,Chorlton Place,2019,June,25,Sunday,23 Jun 2019,05:00,2,1,3,2,1,3,No Group
Manchester City Council - Chorlton,Chorlton Place,2019,June,25,Sunday,23 Jun 2019,06:00,5,6,11,5,6,11,No Group
Manchester City Council - Chorlton,Chorlton Place,2019,June,25,Sunday,23 Jun 2019,07:00,11,16,27,11,16,27,No Group
Manchester City Council - Chorlton,Chorlton Place,2019,June,25,Sunday,23 Jun 2019,08:00,25,31,56,25,31,56,No Group
Manchester City Council - Chorlton,Chorlton Place,2019,June,25,Sunday,23 Jun 2019,09:00,21,48,69,21,48,69,No Group
Manchester City Council - Chorlton,Chorlton Place,2019,June,25,Sunday,23 Jun 2019,10:00,77,105,182,77,105,182,No Group
Manchester City Council - Chorlton,Chorlton Place,2019,June,25,Sunday,23 Jun 2019,11:00,108,120,228,108,120,228,No Group
Manchester City Council - Chorlton,Chorlton Place,2019,June,25,Sunday,23 Jun 2019,12:00,240,192,432,240,192,432,No Group
Manchester City Council - Chorlton,Chorlton Place,2019,June,25,Sunday,23 Jun 2019,13:00,385,360,745,385,360,745,No Group
Manchester City Council - Chorlton,Chorlton Place,2019,June,25,Sunday,23 Jun 2019,14:00,395,272,667,395,272,667,No Group
Manchester City Council - Chorlton,Chorlton Place,2019,June,25,Sunday,23 Jun 2019,15:00,463,301,764,463,301,764,No Group
Manchester City Council - Chorlton,Chorlton Place,2019,June,25,Sunday,23 Jun 2019,16:00,216,225,441,216,225,441,No Group
Manchester City Council - Chorlton,Chorlton Place,2019,June,25,Sunday,23 Jun 2019,17:00,97,108,205,97,108,205,No Group
Manchester City Council - Chorlton,Chorlton Place,2019,June,25,Sunday,23 Jun 2019,18:00,53,47,100,53,47,100,No Group
Manchester City Council - Chorlton,Chorlton Place,2019,June,25,Sunday,23 Jun 2019,19:00,31,33,64,31,33,64,No Group
Manchester City Council - Chorlton,Chorlton Place,2019,June,25,Sunday,23 Jun 2019,20:00,29,45,74,29,45,74,No Group
Manchester City Council - Chorlton,Chorlton Place,2019,June,25,Sunday,23 Jun 2019,21:00,34,40,74,34,40,74,No Group
Manchester City Council - Chorlton,Chorlton Place,2019,June,25,Sunday,23 Jun 2019,22:00,14,13,27,14,13,27,No Group
Manchester City Council - Chorlton,Chorlton Place,2019,June,25,Sunday,23 Jun 2019,23:00,17,13,30,17,13,30,No Group
Manchester City Council - Chorlton,Chorlton Place,2019,June,26,Monday,24 Jun 2019,00:00,1,2,3,1,2,3,No Group
Manchester City Council - Chorlton,Chorlton Place,2019,June,26,Monday,24 Jun 2019,01:00,2,0,2,2,0,2,No Group
Manchester City Council - Chorlton,Chorlton Place,2019,June,26,Monday,24 Jun 2019,02:00,2,0,2,2,0,2,No Group
Manchester City Council - Chorlton,Chorlton Place,2019,June,26,Monday,24 Jun 2019,03:00,6,6,12,6,6,12,No Group
Manchester City Council - Chorlton,Chorlton Place,2019,June,26,Monday,24 Jun 2019,04:00,1,1,2,1,1,2,No Group
Manchester City Council - Chorlton,Chorlton Place,2019,June,26,Monday,24 Jun 2019,05:00,6,19,25,6,19,25,No Group
Manchester City Council - Chorlton,Chorlton Place,2019,June,26,Monday,24 Jun 2019,06:00,10,22,32,10,22,32,No Group
Manchester City Council - Chorlton,Chorlton Place,2019,June,26,Monday,24 Jun 2019,07:00,21,79,100,21,79,100,No Group
Manchester City Council - Chorlton,Chorlton Place,2019,June,26,Monday,24 Jun 2019,08:00,35,123,158,35,123,158,No Group
Manchester City Council - Chorlton,Chorlton Place,2019,June,26,Monday,24 Jun 2019,09:00,91,114,205,91,114,205,No Group
Manchester City Council - Chorlton,Chorlton Place,2019,June,26,Monday,24 Jun 2019,10:00,165,167,332,165,167,332,No Group
Manchester City Council - Chorlton,Chorlton Place,2019,June,26,Monday,24 Jun 2019,11:00,163,198,361,163,198,361,No Group
Manchester City Council - Chorlton,Chorlton Place,2019,June,26,Monday,24 Jun 2019,12:00,155,125,280,155,125,280,No Group
Manchester City Council - Chorlton,Chorlton Place,2019,June,26,Monday,24 Jun 2019,13:00,142,122,264,142,122,264,No Group
Manchester City Council - Chorlton,Chorlton Place,2019,June,26,Monday,24 Jun 2019,14:00,135,122,257,135,122,257,No Group
Manchester City Council - Chorlton,Chorlton Place,2019,June,26,Monday,24 Jun 2019,15:00,172,189,361,172,189,361,No Group
Manchester City Council - Chorlton,Chorlton Place,2019,June,26,Monday,24 Jun 2019,16:00,117,125,242,117,125,242,No Group
Manchester City Council - Chorlton,Chorlton Place,2019,June,26,Monday,24 Jun 2019,17:00,147,108,255,147,108,255,No Group
Manchester City Council - Chorlton,Chorlton Place,2019,June,26,Monday,24 Jun 2019,18:00,102,67,169,102,67,169,No Group
Manchester City Council - Chorlton,Chorlton Place,2019,June,26,Monday,24 Jun 2019,19:00,78,58,136,78,58,136,No Group
Manchester City Council - Chorlton,Chorlton Place,2019,June,26,Monday,24 Jun 2019,20:00,41,36,77,41,36,77,No Group
Manchester City Council - Chorlton,Chorlton Place,2019,June,26,Monday,24 Jun 2019,21:00,39,42,81,39,42,81,No Group
Manchester City Council - Chorlton,Chorlton Place,2019,June,26,Monday,24 Jun 2019,22:00,19,29,48,19,29,48,No Group
Manchester City Council - Chorlton,Chorlton Place,2019,June,26,Monday,24 Jun 2019,23:00,14,10,24,14,10,24,No Group
Manchester City Council - Chorlton,Chorlton Place,2019,June,26,Tuesday,25 Jun 2019,00:00,6,5,11,6,5,11,No Group
Manchester City Council - Chorlton,Chorlton Place,2019,June,26,Tuesday,25 Jun 2019,01:00,5,0,5,5,0,5,No Group
Manchester City Council - Chorlton,Chorlton Place,2019,June,26,Tuesday,25 Jun 2019,02:00,7,7,14,7,7,14,No Group
Manchester City Council - Chorlton,Chorlton Place,2019,June,26,Tuesday,25 Jun 2019,03:00,2,3,5,2,3,5,No Group
Manchester City Council - Chorlton,Chorlton Place,2019,June,26,Tuesday,25 Jun 2019,04:00,3,3,6,3,3,6,No Group
Manchester City Council - Chorlton,Chorlton Place,2019,June,26,Tuesday,25 Jun 2019,05:00,7,9,16,7,9,16,No Group
Manchester City Council - Chorlton,Chorlton Place,2019,June,26,Tuesday,25 Jun 2019,06:00,13,30,43,13,30,43,No Group
Manchester City Council - Chorlton,Chorlton Place,2019,June,26,Tuesday,25 Jun 2019,07:00,28,84,112,28,84,112,No Group
Manchester City Council - Chorlton,Chorlton Place,2019,June,26,Tuesday,25 Jun 2019,08:00,32,132,164,32,132,164,No Group
Manchester City Council - Chorlton,Chorlton Place,2019,June,26,Tuesday,25 Jun 2019,09:00,57,114,171,57,114,171,No Group
Manchester City Council - Chorlton,Chorlton Place,2019,June,26,Tuesday,25 Jun 2019,10:00,139,150,289,139,150,289,No Group
Manchester City Council - Chorlton,Chorlton Place,2019,June,26,Tuesday,25 Jun 2019,11:00,137,162,299,137,162,299,No Group
Manchester City Council - Chorlton,Chorlton Place,2019,June,26,Tuesday,25 Jun 2019,12:00,111,186,297,111,186,297,No Group
Manchester City Council - Chorlton,Chorlton Place,2019,June,26,Tuesday,25 Jun 2019,13:00,156,177,333,156,177,333,No Group
Manchester City Council - Chorlton,Chorlton Place,2019,June,26,Tuesday,25 Jun 2019,14:00,145,156,301,145,156,301,No Group
Manchester City Council - Chorlton,Chorlton Place,2019,June,26,Tuesday,25 Jun 2019,15:00,159,145,304,159,145,304,No Group
Manchester City Council - Chorlton,Chorlton Place,2019,June,26,Tuesday,25 Jun 2019,16:00,148,160,308,148,160,308,No Group
Manchester City Council - Chorlton,Chorlton Place,2019,June,26,Tuesday,25 Jun 2019,17:00,110,109,219,110,109,219,No Group
Manchester City Council - Chorlton,Chorlton Place,2019,June,26,Tuesday,25 Jun 2019,18:00,109,78,187,109,78,187,No Group
Manchester City Council - Chorlton,Chorlton Place,2019,June,26,Tuesday,25 Jun 2019,19:00,73,47,120,73,47,120,No Group
Manchester City Council - Chorlton,Chorlton Place,2019,June,26,Tuesday,25 Jun 2019,20:00,47,47,94,47,47,94,No Group
Manchester City Council - Chorlton,Chorlton Place,2019,June,26,Tuesday,25 Jun 2019,21:00,33,31,64,33,31,64,No Group
Manchester City Council - Chorlton,Chorlton Place,2019,June,26,Tuesday,25 Jun 2019,22:00,27,27,54,27,27,54,No Group
Manchester City Council - Chorlton,Chorlton Place,2019,June,26,Tuesday,25 Jun 2019,23:00,15,8,23,15,8,23,No Group
Manchester City Council - Chorlton,Chorlton Place,2019,June,26,Wednesday,26 Jun 2019,00:00,6,3,9,6,3,9,No Group
Manchester City Council - Chorlton,Chorlton Place,2019,June,26,Wednesday,26 Jun 2019,01:00,0,0,0,0,0,0,No Group
Manchester City Council - Chorlton,Chorlton Place,2019,June,26,Wednesday,26 Jun 2019,02:00,1,0,1,1,0,1,No Group
Manchester City Council - Chorlton,Chorlton Place,2019,June,26,Wednesday,26 Jun 2019,03:00,0,2,2,0,2,2,No Group
Manchester City Council - Chorlton,Chorlton Place,2019,June,26,Wednesday,26 Jun 2019,04:00,2,4,6,2,4,6,No Group
Manchester City Council - Chorlton,Chorlton Place,2019,June,26,Wednesday,26 Jun 2019,05:00,2,7,9,2,7,9,No Group
Manchester City Council - Chorlton,Chorlton Place,2019,June,26,Wednesday,26 Jun 2019,06:00,11,27,38,11,27,38,No Group
Manchester City Council - Chorlton,Chorlton Place,2019,June,26,Wednesday,26 Jun 2019,07:00,31,76,107,31,76,107,No Group
Manchester City Council - Chorlton,Chorlton Place,2019,June,26,Wednesday,26 Jun 2019,08:00,44,114,158,44,114,158,No Group
Manchester City Council - Chorlton,Chorlton Place,2019,June,26,Wednesday,26 Jun 2019,09:00,87,154,241,87,154,241,No Group
Manchester City Council - Chorlton,Chorlton Place,2019,June,26,Wednesday,26 Jun 2019,10:00,128,133,261,128,133,261,No Group
Manchester City Council - Chorlton,Chorlton Place,2019,June,26,Wednesday,26 Jun 2019,11:00,158,160,318,158,160,318,No Group
Manchester City Council - Chorlton,Chorlton Place,2019,June,26,Wednesday,26 Jun 2019,12:00,165,209,374,165,209,374,No Group
Manchester City Council - Chorlton,Chorlton Place,2019,June,26,Wednesday,26 Jun 2019,13:00,154,180,334,154,180,334,No Group
Manchester City Council - Chorlton,Chorlton Place,2019,June,26,Wednesday,26 Jun 2019,14:00,187,193,380,187,193,380,No Group
Manchester City Council - Chorlton,Chorlton Place,2019,June,26,Wednesday,26 Jun 2019,15:00,140,152,292,140,152,292,No Group
Manchester City Council - Chorlton,Chorlton Place,2019,June,26,Wednesday,26 Jun 2019,16:00,159,156,315,159,156,315,No Group
Manchester City Council - Chorlton,Chorlton Place,2019,June,26,Wednesday,26 Jun 2019,17:00,120,110,230,120,110,230,No Group
Manchester City Council - Chorlton,Chorlton Place,2019,June,26,Wednesday,26 Jun 2019,18:00,106,75,181,106,75,181,No Group
Manchester City Council - Chorlton,Chorlton Place,2019,June,26,Wednesday,26 Jun 2019,19:00,76,95,171,76,95,171,No Group
Manchester City Council - Chorlton,Chorlton Place,2019,June,26,Wednesday,26 Jun 2019,20:00,49,48,97,49,48,97,No Group
Manchester City Council - Chorlton,Chorlton Place,2019,June,26,Wednesday,26 Jun 2019,21:00,37,35,72,37,35,72,No Group
Manchester City Council - Chorlton,Chorlton Place,2019,June,26,Wednesday,26 Jun 2019,22:00,58,39,97,58,39,97,No Group
Manchester City Council - Chorlton,Chorlton Place,2019,June,26,Wednesday,26 Jun 2019,23:00,22,19,41,22,19,41,No Group
Manchester City Council - Chorlton,Chorlton Place,2019,June,26,Thursday,27 Jun 2019,00:00,15,4,19,15,4,19,No Group
Manchester City Council - Chorlton,Chorlton Place,2019,June,26,Thursday,27 Jun 2019,01:00,4,0,4,4,0,4,No Group
Manchester City Council - Chorlton,Chorlton Place,2019,June,26,Thursday,27 Jun 2019,02:00,0,2,2,0,2,2,No Group
Manchester City Council - Chorlton,Chorlton Place,2019,June,26,Thursday,27 Jun 2019,03:00,2,1,3,2,1,3,No Group
Manchester City Council - Chorlton,Chorlton Place,2019,June,26,Thursday,27 Jun 2019,04:00,0,2,2,0,2,2,No Group
Manchester City Council - Chorlton,Chorlton Place,2019,June,26,Thursday,27 Jun 2019,05:00,4,5,9,4,5,9,No Group
Manchester City Council - Chorlton,Chorlton Place,2019,June,26,Thursday,27 Jun 2019,06:00,9,18,27,9,18,27,No Group
Manchester City Council - Chorlton,Chorlton Place,2019,June,26,Thursday,27 Jun 2019,07:00,22,88,110,22,88,110,No Group
Manchester City Council - Chorlton,Chorlton Place,2019,June,26,Thursday,27 Jun 2019,08:00,42,114,156,42,114,156,No Group
Manchester City Council - Chorlton,Chorlton Place,2019,June,26,Thursday,27 Jun 2019,09:00,110,155,265,110,155,265,No Group
Manchester City Council - Chorlton,Chorlton Place,2019,June,26,Thursday,27 Jun 2019,10:00,145,182,327,145,182,327,No Group
Manchester City Council - Chorlton,Chorlton Place,2019,June,26,Thursday,27 Jun 2019,11:00,162,202,364,162,202,364,No Group
Manchester City Council - Chorlton,Chorlton Place,2019,June,26,Thursday,27 Jun 2019,12:00,227,265,492,227,265,492,No Group
Manchester City Council - Chorlton,Chorlton Place,2019,June,26,Thursday,27 Jun 2019,13:00,240,286,526,240,286,526,No Group
Manchester City Council - Chorlton,Chorlton Place,2019,June,26,Thursday,27 Jun 2019,14:00,192,236,428,192,236,428,No Group
Manchester City Council - Chorlton,Chorlton Place,2019,June,26,Thursday,27 Jun 2019,15:00,176,202,378,176,202,378,No Group
Manchester City Council - Chorlton,Chorlton Place,2019,June,26,Thursday,27 Jun 2019,16:00,152,115,267,152,115,267,No Group
Manchester City Council - Chorlton,Chorlton Place,2019,June,26,Thursday,27 Jun 2019,17:00,107,118,225,107,118,225,No Group
Manchester City Council - Chorlton,Chorlton Place,2019,June,26,Thursday,27 Jun 2019,18:00,96,93,189,96,93,189,No Group
Manchester City Council - Chorlton,Chorlton Place,2019,June,26,Thursday,27 Jun 2019,19:00,86,86,172,86,86,172,No Group
Manchester City Council - Chorlton,Chorlton Place,2019,June,26,Thursday,27 Jun 2019,20:00,58,62,120,58,62,120,No Group
Manchester City Council - Chorlton,Chorlton Place,2019,June,26,Thursday,27 Jun 2019,21:00,41,51,92,41,51,92,No Group
Manchester City Council - Chorlton,Chorlton Place,2019,June,26,Thursday,27 Jun 2019,22:00,39,49,88,39,49,88,No Group
Manchester City Council - Chorlton,Chorlton Place,2019,June,26,Thursday,27 Jun 2019,23:00,34,15,49,34,15,49,No Group
Manchester City Council - Chorlton,Chorlton Place,2019,June,26,Friday,28 Jun 2019,00:00,17,9,26,17,9,26,No Group
Manchester City Council - Chorlton,Chorlton Place,2019,June,26,Friday,28 Jun 2019,01:00,17,1,18,17,1,18,No Group
Manchester City Council - Chorlton,Chorlton Place,2019,June,26,Friday,28 Jun 2019,02:00,2,1,3,2,1,3,No Group
Manchester City Council - Chorlton,Chorlton Place,2019,June,26,Friday,28 Jun 2019,03:00,0,1,1,0,1,1,No Group
Manchester City Council - Chorlton,Chorlton Place,2019,June,26,Friday,28 Jun 2019,04:00,1,11,12,1,11,12,No Group
Manchester City Council - Chorlton,Chorlton Place,2019,June,26,Friday,28 Jun 2019,05:00,2,8,10,2,8,10,No Group
Manchester City Council - Chorlton,Chorlton Place,2019,June,26,Friday,28 Jun 2019,06:00,6,26,32,6,26,32,No Group
Manchester City Council - Chorlton,Chorlton Place,2019,June,26,Friday,28 Jun 2019,07:00,38,92,130,38,92,130,No Group
Manchester City Council - Chorlton,Chorlton Place,2019,June,26,Friday,28 Jun 2019,08:00,43,151,194,43,151,194,No Group
Manchester City Council - Chorlton,Chorlton Place,2019,June,26,Friday,28 Jun 2019,09:00,123,146,269,123,146,269,No Group
Manchester City Council - Chorlton,Chorlton Place,2019,June,26,Friday,28 Jun 2019,10:00,153,154,307,153,154,307,No Group
Manchester City Council - Chorlton,Chorlton Place,2019,June,26,Friday,28 Jun 2019,11:00,151,196,347,151,196,347,No Group
Manchester City Council - Chorlton,Chorlton Place,2019,June,26,Friday,28 Jun 2019,12:00,252,270,522,252,270,522,No Group
Manchester City Council - Chorlton,Chorlton Place,2019,June,26,Friday,28 Jun 2019,13:00,242,315,557,242,315,557,No Group
Manchester City Council - Chorlton,Chorlton Place,2019,June,26,Friday,28 Jun 2019,14:00,212,261,473,212,261,473,No Group
Manchester City Council - Chorlton,Chorlton Place,2019,June,26,Friday,28 Jun 2019,15:00,190,211,401,190,211,401,No Group
Manchester City Council - Chorlton,Chorlton Place,2019,June,26,Friday,28 Jun 2019,16:00,165,168,333,165,168,333,No Group
Manchester City Council - Chorlton,Chorlton Place,2019,June,26,Friday,28 Jun 2019,17:00,124,102,226,124,102,226,No Group
Manchester City Council - Chorlton,Chorlton Place,2019,June,26,Friday,28 Jun 2019,18:00,124,111,235,124,111,235,No Group
Manchester City Council - Chorlton,Chorlton Place,2019,June,26,Friday,28 Jun 2019,19:00,112,94,206,112,94,206,No Group
Manchester City Council - Chorlton,Chorlton Place,2019,June,26,Friday,28 Jun 2019,20:00,84,70,154,84,70,154,No Group
Manchester City Council - Chorlton,Chorlton Place,2019,June,26,Friday,28 Jun 2019,21:00,75,47,122,75,47,122,No Group
Manchester City Council - Chorlton,Chorlton Place,2019,June,26,Friday,28 Jun 2019,22:00,51,47,98,51,47,98,No Group
Manchester City Council - Chorlton,Chorlton Place,2019,June,26,Friday,28 Jun 2019,23:00,59,80,139,59,80,139,No Group
Manchester City Council - Chorlton,Chorlton Place,2019,June,26,Saturday,29 Jun 2019,00:00,38,67,105,38,67,105,No Group
Manchester City Council - Chorlton,Chorlton Place,2019,June,26,Saturday,29 Jun 2019,01:00,20,27,47,20,27,47,No Group
Manchester City Council - Chorlton,Chorlton Place,2019,June,26,Saturday,29 Jun 2019,02:00,32,23,55,32,23,55,No Group
Manchester City Council - Chorlton,Chorlton Place,2019,June,26,Saturday,29 Jun 2019,03:00,6,7,13,6,7,13,No Group
Manchester City Council - Chorlton,Chorlton Place,2019,June,26,Saturday,29 Jun 2019,04:00,7,6,13,7,6,13,No Group
Manchester City Council - Chorlton,Chorlton Place,2019,June,26,Saturday,29 Jun 2019,05:00,6,14,20,6,14,20,No Group
Manchester City Council - Chorlton,Chorlton Place,2019,June,26,Saturday,29 Jun 2019,06:00,12,15,27,12,15,27,No Group
Manchester City Council - Chorlton,Chorlton Place,2019,June,26,Saturday,29 Jun 2019,07:00,15,23,38,15,23,38,No Group
Manchester City Council - Chorlton,Chorlton Place,2019,June,26,Saturday,29 Jun 2019,08:00,30,58,88,30,58,88,No Group
Manchester City Council - Chorlton,Chorlton Place,2019,June,26,Saturday,29 Jun 2019,09:00,134,160,294,134,160,294,No Group
Manchester City Council - Chorlton,Chorlton Place,2019,June,26,Saturday,29 Jun 2019,10:00,195,244,439,195,244,439,No Group
Manchester City Council - Chorlton,Chorlton Place,2019,June,26,Saturday,29 Jun 2019,11:00,246,269,515,246,269,515,No Group
Manchester City Council - Chorlton,Chorlton Place,2019,June,26,Saturday,29 Jun 2019,12:00,265,284,549,265,284,549,No Group
Manchester City Council - Chorlton,Chorlton Place,2019,June,26,Saturday,29 Jun 2019,13:00,223,260,483,223,260,483,No Group
Manchester City Council - Chorlton,Chorlton Place,2019,June,26,Saturday,29 Jun 2019,14:00,254,253,507,254,253,507,No Group
Manchester City Council - Chorlton,Chorlton Place,2019,June,26,Saturday,29 Jun 2019,15:00,220,244,464,220,244,464,No Group
Manchester City Council - Chorlton,Chorlton Place,2019,June,26,Saturday,29 Jun 2019,16:00,178,167,345,178,167,345,No Group
Manchester City Council - Chorlton,Chorlton Place,2019,June,26,Saturday,29 Jun 2019,17:00,109,107,216,109,107,216,No Group
Manchester City Council - Chorlton,Chorlton Place,2019,June,26,Saturday,29 Jun 2019,18:00,83,114,197,83,114,197,No Group
Manchester City Council - Chorlton,Chorlton Place,2019,June,26,Saturday,29 Jun 2019,19:00,77,54,131,77,54,131,No Group
Manchester City Council - Chorlton,Chorlton Place,2019,June,26,Saturday,29 Jun 2019,20:00,65,65,130,65,65,130,No Group
Manchester City Council - Chorlton,Chorlton Place,2019,June,26,Saturday,29 Jun 2019,21:00,64,72,136,64,72,136,No Group
Manchester City Council - Chorlton,Chorlton Place,2019,June,26,Saturday,29 Jun 2019,22:00,69,69,138,69,69,138,No Group
Manchester City Council - Chorlton,Chorlton Place,2019,June,26,Saturday,29 Jun 2019,23:00,44,60,104,44,60,104,No Group
Manchester City Council - Chorlton,Chorlton Place,2019,June,26,Sunday,30 Jun 2019,00:00,49,59,108,49,59,108,No Group
Manchester City Council - Chorlton,Chorlton Place,2019,June,26,Sunday,30 Jun 2019,01:00,5,19,24,5,19,24,No Group
Manchester City Council - Chorlton,Chorlton Place,2019,June,26,Sunday,30 Jun 2019,02:00,5,2,7,5,2,7,No Group
Manchester City Council - Chorlton,Chorlton Place,2019,June,26,Sunday,30 Jun 2019,03:00,3,4,7,3,4,7,No Group
Manchester City Council - Chorlton,Chorlton Place,2019,June,26,Sunday,30 Jun 2019,04:00,1,0,1,1,0,1,No Group
Manchester City Council - Chorlton,Chorlton Place,2019,June,26,Sunday,30 Jun 2019,05:00,9,5,14,9,5,14,No Group
Manchester City Council - Chorlton,Chorlton Place,2019,June,26,Sunday,30 Jun 2019,06:00,6,7,13,6,7,13,No Group
Manchester City Council - Chorlton,Chorlton Place,2019,June,26,Sunday,30 Jun 2019,07:00,8,13,21,8,13,21,No Group
Manchester City Council - Chorlton,Chorlton Place,2019,June,26,Sunday,30 Jun 2019,08:00,17,25,42,17,25,42,No Group
Manchester City Council - Chorlton,Chorlton Place,2019,June,26,Sunday,30 Jun 2019,09:00,38,51,89,38,51,89,No Group
Manchester City Council - Chorlton,Chorlton Place,2019,June,26,Sunday,30 Jun 2019,10:00,64,86,150,64,86,150,No Group
Manchester City Council - Chorlton,Chorlton Place,2019,June,26,Sunday,30 Jun 2019,11:00,95,97,192,95,97,192,No Group
Manchester City Council - Chorlton,Chorlton Place,2019,June,26,Sunday,30 Jun 2019,12:00,96,121,217,96,121,217,No Group
Manchester City Council - Chorlton,Chorlton Place,2019,June,26,Sunday,30 Jun 2019,13:00,143,149,292,143,149,292,No Group
Manchester City Council - Chorlton,Chorlton Place,2019,June,26,Sunday,30 Jun 2019,14:00,99,117,216,99,117,216,No Group
Manchester City Council - Chorlton,Chorlton Place,2019,June,26,Sunday,30 Jun 2019,15:00,113,116,229,113,116,229,No Group
Manchester City Council - Chorlton,Chorlton Place,2019,June,26,Sunday,30 Jun 2019,16:00,62,93,155,62,93,155,No Group
Manchester City Council - Chorlton,Chorlton Place,2019,June,26,Sunday,30 Jun 2019,17:00,68,68,136,68,68,136,No Group
Manchester City Council - Chorlton,Chorlton Place,2019,June,26,Sunday,30 Jun 2019,18:00,54,65,119,54,65,119,No Group
Manchester City Council - Chorlton,Chorlton Place,2019,June,26,Sunday,30 Jun 2019,19:00,45,51,96,45,51,96,No Group
Manchester City Council - Chorlton,Chorlton Place,2019,June,26,Sunday,30 Jun 2019,20:00,37,34,71,37,34,71,No Group
Manchester City Council - Chorlton,Chorlton Place,2019,June,26,Sunday,30 Jun 2019,21:00,40,24,64,40,24,64,No Group
Manchester City Council - Chorlton,Chorlton Place,2019,June,26,Sunday,30 Jun 2019,22:00,23,16,39,23,16,39,No Group
Manchester City Council - Chorlton,Chorlton Place,2019,June,26,Sunday,30 Jun 2019,23:00,11,18,29,11,18,29,No Group
Manchester City Council - Chorlton,Chorlton Place,2019,July,27,Monday,01 Jul 2019,00:00,7,0,7,7,0,7,No Group
Manchester City Council - Chorlton,Chorlton Place,2019,July,27,Monday,01 Jul 2019,01:00,0,0,0,0,0,0,No Group
Manchester City Council - Chorlton,Chorlton Place,2019,July,27,Monday,01 Jul 2019,02:00,2,3,5,2,3,5,No Group
Manchester City Council - Chorlton,Chorlton Place,2019,July,27,Monday,01 Jul 2019,03:00,6,5,11,6,5,11,No Group
Manchester City Council - Chorlton,Chorlton Place,2019,July,27,Monday,01 Jul 2019,04:00,1,4,5,1,4,5,No Group
Manchester City Council - Chorlton,Chorlton Place,2019,July,27,Monday,01 Jul 2019,05:00,1,4,5,1,4,5,No Group
Manchester City Council - Chorlton,Chorlton Place,2019,July,27,Monday,01 Jul 2019,06:00,18,31,49,18,31,49,No Group
Manchester City Council - Chorlton,Chorlton Place,2019,July,27,Monday,01 Jul 2019,07:00,26,82,108,26,82,108,No Group
Manchester City Council - Chorlton,Chorlton Place,2019,July,27,Monday,01 Jul 2019,08:00,54,139,193,54,139,193,No Group
Manchester City Council - Chorlton,Chorlton Place,2019,July,27,Monday,01 Jul 2019,09:00,73,94,167,73,94,167,No Group
Manchester City Council - Chorlton,Chorlton Place,2019,July,27,Monday,01 Jul 2019,10:00,110,148,258,110,148,258,No Group
Manchester City Council - Chorlton,Chorlton Place,2019,July,27,Monday,01 Jul 2019,11:00,138,143,281,138,143,281,No Group
Manchester City Council - Chorlton,Chorlton Place,2019,July,27,Monday,01 Jul 2019,12:00,165,159,324,165,159,324,No Group
Manchester City Council - Chorlton,Chorlton Place,2019,July,27,Monday,01 Jul 2019,13:00,139,164,303,139,164,303,No Group
Manchester City Council - Chorlton,Chorlton Place,2019,July,27,Monday,01 Jul 2019,14:00,152,180,332,152,180,332,No Group
Manchester City Council - Chorlton,Chorlton Place,2019,July,27,Monday,01 Jul 2019,15:00,186,172,358,186,172,358,No Group
Manchester City Council - Chorlton,Chorlton Place,2019,July,27,Monday,01 Jul 2019,16:00,124,141,265,124,141,265,No Group
Manchester City Council - Chorlton,Chorlton Place,2019,July,27,Monday,01 Jul 2019,17:00,129,108,237,129,108,237,No Group
Manchester City Council - Chorlton,Chorlton Place,2019,July,27,Monday,01 Jul 2019,18:00,114,90,204,114,90,204,No Group
Manchester City Council - Chorlton,Chorlton Place,2019,July,27,Monday,01 Jul 2019,19:00,85,74,159,85,74,159,No Group
Manchester City Council - Chorlton,Chorlton Place,2019,July,27,Monday,01 Jul 2019,20:00,39,39,78,39,39,78,No Group
Manchester City Council - Chorlton,Chorlton Place,2019,July,27,Monday,01 Jul 2019,21:00,36,40,76,36,40,76,No Group
Manchester City Council - Chorlton,Chorlton Place,2019,July,27,Monday,01 Jul 2019,22:00,25,23,48,25,23,48,No Group
Manchester City Council - Chorlton,Chorlton Place,2019,July,27,Monday,01 Jul 2019,23:00,25,22,47,25,22,47,No Group
Manchester City Council - Chorlton,Chorlton Place,2019,July,27,Tuesday,02 Jul 2019,00:00,9,10,19,9,10,19,No Group
Manchester City Council - Chorlton,Chorlton Place,2019,July,27,Tuesday,02 Jul 2019,01:00,2,0,2,2,0,2,No Group
Manchester City Council - Chorlton,Chorlton Place,2019,July,27,Tuesday,02 Jul 2019,02:00,7,6,13,7,6,13,No Group
Manchester City Council - Chorlton,Chorlton Place,2019,July,27,Tuesday,02 Jul 2019,03:00,0,1,1,0,1,1,No Group
Manchester City Council - Chorlton,Chorlton Place,2019,July,27,Tuesday,02 Jul 2019,04:00,0,3,3,0,3,3,No Group
Manchester City Council - Chorlton,Chorlton Place,2019,July,27,Tuesday,02 Jul 2019,05:00,2,8,10,2,8,10,No Group
Manchester City Council - Chorlton,Chorlton Place,2019,July,27,Tuesday,02 Jul 2019,06:00,12,21,33,12,21,33,No Group
Manchester City Council - Chorlton,Chorlton Place,2019,July,27,Tuesday,02 Jul 2019,07:00,25,84,109,25,84,109,No Group
Manchester City Council - Chorlton,Chorlton Place,2019,July,27,Tuesday,02 Jul 2019,08:00,48,122,170,48,122,170,No Group
Manchester City Council - Chorlton,Chorlton Place,2019,July,27,Tuesday,02 Jul 2019,09:00,80,134,214,80,134,214,No Group
Manchester City Council - Chorlton,Chorlton Place,2019,July,27,Tuesday,02 Jul 2019,10:00,95,118,213,95,118,213,No Group
Manchester City Council - Chorlton,Chorlton Place,2019,July,27,Tuesday,02 Jul 2019,11:00,148,147,295,148,147,295,No Group
Manchester City Council - Chorlton,Chorlton Place,2019,July,27,Tuesday,02 Jul 2019,12:00,164,172,336,164,172,336,No Group
Manchester City Council - Chorlton,Chorlton Place,2019,July,27,Tuesday,02 Jul 2019,13:00,162,167,329,162,167,329,No Group
Manchester City Council - Chorlton,Chorlton Place,2019,July,27,Tuesday,02 Jul 2019,14:00,166,181,347,166,181,347,No Group
Manchester City Council - Chorlton,Chorlton Place,2019,July,27,Tuesday,02 Jul 2019,15:00,180,177,357,180,177,357,No Group
Manchester City Council - Chorlton,Chorlton Place,2019,July,27,Tuesday,02 Jul 2019,16:00,130,132,262,130,132,262,No Group
Manchester City Council - Chorlton,Chorlton Place,2019,July,27,Tuesday,02 Jul 2019,17:00,108,105,213,108,105,213,No Group
Manchester City Council - Chorlton,Chorlton Place,2019,July,27,Tuesday,02 Jul 2019,18:00,102,81,183,102,81,183,No Group
Manchester City Council - Chorlton,Chorlton Place,2019,July,27,Tuesday,02 Jul 2019,19:00,84,56,140,84,56,140,No Group
Manchester City Council - Chorlton,Chorlton Place,2019,July,27,Tuesday,02 Jul 2019,20:00,34,54,88,34,54,88,No Group
Manchester City Council - Chorlton,Chorlton Place,2019,July,27,Tuesday,02 Jul 2019,21:00,28,44,72,28,44,72,No Group
Manchester City Council - Chorlton,Chorlton Place,2019,July,27,Tuesday,02 Jul 2019,22:00,31,21,52,31,21,52,No Group
Manchester City Council - Chorlton,Chorlton Place,2019,July,27,Tuesday,02 Jul 2019,23:00,31,26,57,31,26,57,No Group
Manchester City Council - Chorlton,Chorlton Place,2019,July,27,Wednesday,03 Jul 2019,00:00,9,6,15,9,6,15,No Group
Manchester City Council - Chorlton,Chorlton Place,2019,July,27,Wednesday,03 Jul 2019,01:00,4,8,12,4,8,12,No Group
Manchester City Council - Chorlton,Chorlton Place,2019,July,27,Wednesday,03 Jul 2019,02:00,1,1,2,1,1,2,No Group
Manchester City Council - Chorlton,Chorlton Place,2019,July,27,Wednesday,03 Jul 2019,03:00,0,3,3,0,3,3,No Group
Manchester City Council - Chorlton,Chorlton Place,2019,July,27,Wednesday,03 Jul 2019,04:00,2,5,7,2,5,7,No Group
Manchester City Council - Chorlton,Chorlton Place,2019,July,27,Wednesday,03 Jul 2019,05:00,1,5,6,1,5,6,No Group
Manchester City Council - Chorlton,Chorlton Place,2019,July,27,Wednesday,03 Jul 2019,06:00,7,20,27,7,20,27,No Group
Manchester City Council - Chorlton,Chorlton Place,2019,July,27,Wednesday,03 Jul 2019,07:00,29,80,109,29,80,109,No Group
Manchester City Council - Chorlton,Chorlton Place,2019,July,27,Wednesday,03 Jul 2019,08:00,50,122,172,50,122,172,No Group
Manchester City Council - Chorlton,Chorlton Place,2019,July,27,Wednesday,03 Jul 2019,09:00,85,146,231,85,146,231,No Group
Manchester City Council - Chorlton,Chorlton Place,2019,July,27,Wednesday,03 Jul 2019,10:00,128,150,278,128,150,278,No Group
Manchester City Council - Chorlton,Chorlton Place,2019,July,27,Wednesday,03 Jul 2019,11:00,187,196,383,187,196,383,No Group
Manchester City Council - Chorlton,Chorlton Place,2019,July,27,Wednesday,03 Jul 2019,12:00,191,216,407,191,216,407,No Group
Manchester City Council - Chorlton,Chorlton Place,2019,July,27,Wednesday,03 Jul 2019,13:00,267,290,557,267,290,557,No Group
Manchester City Council - Chorlton,Chorlton Place,2019,July,27,Wednesday,03 Jul 2019,14:00,227,257,484,227,257,484,No Group
Manchester City Council - Chorlton,Chorlton Place,2019,July,27,Wednesday,03 Jul 2019,15:00,164,183,347,164,183,347,No Group
Manchester City Council - Chorlton,Chorlton Place,2019,July,27,Wednesday,03 Jul 2019,16:00,170,174,344,170,174,344,No Group
Manchester City Council - Chorlton,Chorlton Place,2019,July,27,Wednesday,03 Jul 2019,17:00,122,103,225,122,103,225,No Group
Manchester City Council - Chorlton,Chorlton Place,2019,July,27,Wednesday,03 Jul 2019,18:00,90,85,175,90,85,175,No Group
Manchester City Council - Chorlton,Chorlton Place,2019,July,27,Wednesday,03 Jul 2019,19:00,72,63,135,72,63,135,No Group
Manchester City Council - Chorlton,Chorlton Place,2019,July,27,Wednesday,03 Jul 2019,20:00,45,34,79,45,34,79,No Group
Manchester City Council - Chorlton,Chorlton Place,2019,July,27,Wednesday,03 Jul 2019,21:00,33,40,73,33,40,73,No Group
Manchester City Council - Chorlton,Chorlton Place,2019,July,27,Wednesday,03 Jul 2019,22:00,26,30,56,26,30,56,No Group
Manchester City Council - Chorlton,Chorlton Place,2019,July,27,Wednesday,03 Jul 2019,23:00,17,10,27,17,10,27,No Group
Manchester City Council - Chorlton,Chorlton Place,2019,July,27,Thursday,04 Jul 2019,00:00,8,8,16,8,8,16,No Group
Manchester City Council - Chorlton,Chorlton Place,2019,July,27,Thursday,04 Jul 2019,01:00,1,0,1,1,0,1,No Group
Manchester City Council - Chorlton,Chorlton Place,2019,July,27,Thursday,04 Jul 2019,02:00,1,5,6,1,5,6,No Group
Manchester City Council - Chorlton,Chorlton Place,2019,July,27,Thursday,04 Jul 2019,03:00,4,11,15,4,11,15,No Group
Manchester City Council - Chorlton,Chorlton Place,2019,July,27,Thursday,04 Jul 2019,04:00,0,2,2,0,2,2,No Group
Manchester City Council - Chorlton,Chorlton Place,2019,July,27,Thursday,04 Jul 2019,05:00,1,6,7,1,6,7,No Group
Manchester City Council - Chorlton,Chorlton Place,2019,July,27,Thursday,04 Jul 2019,06:00,8,23,31,8,23,31,No Group
Manchester City Council - Chorlton,Chorlton Place,2019,July,27,Thursday,04 Jul 2019,07:00,29,76,105,29,76,105,No Group
Manchester City Council - Chorlton,Chorlton Place,2019,July,27,Thursday,04 Jul 2019,08:00,45,118,163,45,118,163,No Group
Manchester City Council - Chorlton,Chorlton Place,2019,July,27,Thursday,04 Jul 2019,09:00,86,118,204,86,118,204,No Group
Manchester City Council - Chorlton,Chorlton Place,2019,July,27,Thursday,04 Jul 2019,10:00,112,127,239,112,127,239,No Group
Manchester City Council - Chorlton,Chorlton Place,2019,July,27,Thursday,04 Jul 2019,11:00,145,155,300,145,155,300,No Group
Manchester City Council - Chorlton,Chorlton Place,2019,July,27,Thursday,04 Jul 2019,12:00,194,209,403,194,209,403,No Group
Manchester City Council - Chorlton,Chorlton Place,2019,July,27,Thursday,04 Jul 2019,13:00,132,163,295,132,163,295,No Group
Manchester City Council - Chorlton,Chorlton Place,2019,July,27,Thursday,04 Jul 2019,14:00,92,104,196,92,104,196,No Group
Manchester City Council - Chorlton,Chorlton Place,2019,July,27,Thursday,04 Jul 2019,15:00,206,197,403,206,197,403,No Group
Manchester City Council - Chorlton,Chorlton Place,2019,July,27,Thursday,04 Jul 2019,16:00,150,168,318,150,168,318,No Group
Manchester City Council - Chorlton,Chorlton Place,2019,July,27,Thursday,04 Jul 2019,17:00,129,105,234,129,105,234,No Group
Manchester City Council - Chorlton,Chorlton Place,2019,July,27,Thursday,04 Jul 2019,18:00,127,116,243,127,116,243,No Group
Manchester City Council - Chorlton,Chorlton Place,2019,July,27,Thursday,04 Jul 2019,19:00,78,58,136,78,58,136,No Group
Manchester City Council - Chorlton,Chorlton Place,2019,July,27,Thursday,04 Jul 2019,20:00,65,42,107,65,42,107,No Group
Manchester City Council - Chorlton,Chorlton Place,2019,July,27,Thursday,04 Jul 2019,21:00,41,52,93,41,52,93,No Group
Manchester City Council - Chorlton,Chorlton Place,2019,July,27,Thursday,04 Jul 2019,22:00,31,19,50,31,19,50,No Group
Manchester City Council - Chorlton,Chorlton Place,2019,July,27,Thursday,04 Jul 2019,23:00,29,19,48,29,19,48,No Group
Manchester City Council - Chorlton,Chorlton Place,2019,July,27,Friday,05 Jul 2019,00:00,17,2,19,17,2,19,No Group
Manchester City Council - Chorlton,Chorlton Place,2019,July,27,Friday,05 Jul 2019,01:00,5,3,8,5,3,8,No Group
Manchester City Council - Chorlton,Chorlton Place,2019,July,27,Friday,05 Jul 2019,02:00,0,1,1,0,1,1,No Group
Manchester City Council - Chorlton,Chorlton Place,2019,July,27,Friday,05 Jul 2019,03:00,0,3,3,0,3,3,No Group
Manchester City Council - Chorlton,Chorlton Place,2019,July,27,Friday,05 Jul 2019,04:00,1,3,4,1,3,4,No Group
Manchester City Council - Chorlton,Chorlton Place,2019,July,27,Friday,05 Jul 2019,05:00,4,7,11,4,7,11,No Group
Manchester City Council - Chorlton,Chorlton Place,2019,July,27,Friday,05 Jul 2019,06:00,12,21,33,12,21,33,No Group
Manchester City Council - Chorlton,Chorlton Place,2019,July,27,Friday,05 Jul 2019,07:00,27,89,116,27,89,116,No Group
Manchester City Council - Chorlton,Chorlton Place,2019,July,27,Friday,05 Jul 2019,08:00,35,119,154,35,119,154,No Group
Manchester City Council - Chorlton,Chorlton Place,2019,July,27,Friday,05 Jul 2019,09:00,112,134,246,112,134,246,No Group
Manchester City Council - Chorlton,Chorlton Place,2019,July,27,Friday,05 Jul 2019,10:00,139,154,293,139,154,293,No Group
Manchester City Council - Chorlton,Chorlton Place,2019,July,27,Friday,05 Jul 2019,11:00,185,191,376,185,191,376,No Group
Manchester City Council - Chorlton,Chorlton Place,2019,July,27,Friday,05 Jul 2019,12:00,236,241,477,236,241,477,No Group
Manchester City Council - Chorlton,Chorlton Place,2019,July,27,Friday,05 Jul 2019,13:00,209,260,469,209,260,469,No Group
Manchester City Council - Chorlton,Chorlton Place,2019,July,27,Friday,05 Jul 2019,14:00,219,250,469,219,250,469,No Group
Manchester City Council - Chorlton,Chorlton Place,2019,July,27,Friday,05 Jul 2019,15:00,169,193,362,169,193,362,No Group
Manchester City Council - Chorlton,Chorlton Place,2019,July,27,Friday,05 Jul 2019,16:00,154,168,322,154,168,322,No Group
Manchester City Council - Chorlton,Chorlton Place,2019,July,27,Friday,05 Jul 2019,17:00,129,123,252,129,123,252,No Group
Manchester City Council - Chorlton,Chorlton Place,2019,July,27,Friday,05 Jul 2019,18:00,110,99,209,110,99,209,No Group
Manchester City Council - Chorlton,Chorlton Place,2019,July,27,Friday,05 Jul 2019,19:00,100,105,205,100,105,205,No Group
Manchester City Council - Chorlton,Chorlton Place,2019,July,27,Friday,05 Jul 2019,20:00,56,63,119,56,63,119,No Group
Manchester City Council - Chorlton,Chorlton Place,2019,July,27,Friday,05 Jul 2019,21:00,69,56,125,69,56,125,No Group
Manchester City Council - Chorlton,Chorlton Place,2019,July,27,Friday,05 Jul 2019,22:00,55,36,91,55,36,91,No Group
Manchester City Council - Chorlton,Chorlton Place,2019,July,27,Friday,05 Jul 2019,23:00,64,68,132,64,68,132,No Group
Manchester City Council - Chorlton,Chorlton Place,2019,July,27,Saturday,06 Jul 2019,00:00,37,62,99,37,62,99,No Group
Manchester City Council - Chorlton,Chorlton Place,2019,July,27,Saturday,06 Jul 2019,01:00,17,32,49,17,32,49,No Group
Manchester City Council - Chorlton,Chorlton Place,2019,July,27,Saturday,06 Jul 2019,02:00,7,4,11,7,4,11,No Group
Manchester City Council - Chorlton,Chorlton Place,2019,July,27,Saturday,06 Jul 2019,03:00,0,3,3,0,3,3,No Group
Manchester City Council - Chorlton,Chorlton Place,2019,July,27,Saturday,06 Jul 2019,04:00,7,6,13,7,6,13,No Group
Manchester City Council - Chorlton,Chorlton Place,2019,July,27,Saturday,06 Jul 2019,05:00,4,6,10,4,6,10,No Group
Manchester City Council - Chorlton,Chorlton Place,2019,July,27,Saturday,06 Jul 2019,06:00,11,18,29,11,18,29,No Group
Manchester City Council - Chorlton,Chorlton Place,2019,July,27,Saturday,06 Jul 2019,07:00,15,24,39,15,24,39,No Group
Manchester City Council - Chorlton,Chorlton Place,2019,July,27,Saturday,06 Jul 2019,08:00,33,51,84,33,51,84,No Group
Manchester City Council - Chorlton,Chorlton Place,2019,July,27,Saturday,06 Jul 2019,09:00,98,108,206,98,108,206,No Group
Manchester City Council - Chorlton,Chorlton Place,2019,July,27,Saturday,06 Jul 2019,10:00,146,156,302,146,156,302,No Group
Manchester City Council - Chorlton,Chorlton Place,2019,July,27,Saturday,06 Jul 2019,11:00,219,247,466,219,247,466,No Group
Manchester City Council - Chorlton,Chorlton Place,2019,July,27,Saturday,06 Jul 2019,12:00,234,244,478,234,244,478,No Group
Manchester City Council - Chorlton,Chorlton Place,2019,July,27,Saturday,06 Jul 2019,13:00,314,308,622,314,308,622,No Group
Manchester City Council - Chorlton,Chorlton Place,2019,July,27,Saturday,06 Jul 2019,14:00,244,306,550,244,306,550,No Group
Manchester City Council - Chorlton,Chorlton Place,2019,July,27,Saturday,06 Jul 2019,15:00,242,262,504,242,262,504,No Group
Manchester City Council - Chorlton,Chorlton Place,2019,July,27,Saturday,06 Jul 2019,16:00,207,226,433,207,226,433,No Group
Manchester City Council - Chorlton,Chorlton Place,2019,July,27,Saturday,06 Jul 2019,17:00,117,124,241,117,124,241,No Group
Manchester City Council - Chorlton,Chorlton Place,2019,July,27,Saturday,06 Jul 2019,18:00,91,89,180,91,89,180,No Group
Manchester City Council - Chorlton,Chorlton Place,2019,July,27,Saturday,06 Jul 2019,19:00,92,83,175,92,83,175,No Group
Manchester City Council - Chorlton,Chorlton Place,2019,July,27,Saturday,06 Jul 2019,20:00,93,83,176,93,83,176,No Group
Manchester City Council - Chorlton,Chorlton Place,2019,July,27,Saturday,06 Jul 2019,21:00,75,82,157,75,82,157,No Group
Manchester City Council - Chorlton,Chorlton Place,2019,July,27,Saturday,06 Jul 2019,22:00,65,51,116,65,51,116,No Group
Manchester City Council - Chorlton,Chorlton Place,2019,July,27,Saturday,06 Jul 2019,23:00,69,59,128,69,59,128,No Group
Manchester City Council - Chorlton,Chorlton Place,2019,July,27,Sunday,07 Jul 2019,00:00,60,64,124,60,64,124,No Group
Manchester City Council - Chorlton,Chorlton Place,2019,July,27,Sunday,07 Jul 2019,01:00,31,53,84,31,53,84,No Group
Manchester City Council - Chorlton,Chorlton Place,2019,July,27,Sunday,07 Jul 2019,02:00,7,9,16,7,9,16,No Group
Manchester City Council - Chorlton,Chorlton Place,2019,July,27,Sunday,07 Jul 2019,03:00,1,0,1,1,0,1,No Group
Manchester City Council - Chorlton,Chorlton Place,2019,July,27,Sunday,07 Jul 2019,04:00,1,1,2,1,1,2,No Group
Manchester City Council - Chorlton,Chorlton Place,2019,July,27,Sunday,07 Jul 2019,05:00,4,4,8,4,4,8,No Group
Manchester City Council - Chorlton,Chorlton Place,2019,July,27,Sunday,07 Jul 2019,06:00,5,8,13,5,8,13,No Group
Manchester City Council - Chorlton,Chorlton Place,2019,July,27,Sunday,07 Jul 2019,07:00,13,22,35,13,22,35,No Group
Manchester City Council - Chorlton,Chorlton Place,2019,July,27,Sunday,07 Jul 2019,08:00,16,16,32,16,16,32,No Group
Manchester City Council - Chorlton,Chorlton Place,2019,July,27,Sunday,07 Jul 2019,09:00,21,37,58,21,37,58,No Group
Manchester City Council - Chorlton,Chorlton Place,2019,July,27,Sunday,07 Jul 2019,10:00,71,66,137,71,66,137,No Group
Manchester City Council - Chorlton,Chorlton Place,2019,July,27,Sunday,07 Jul 2019,11:00,97,108,205,97,108,205,No Group
Manchester City Council - Chorlton,Chorlton Place,2019,July,27,Sunday,07 Jul 2019,12:00,139,156,295,139,156,295,No Group
Manchester City Council - Chorlton,Chorlton Place,2019,July,27,Sunday,07 Jul 2019,13:00,115,165,280,115,165,280,No Group
Manchester City Council - Chorlton,Chorlton Place,2019,July,27,Sunday,07 Jul 2019,14:00,128,162,290,128,162,290,No Group
Manchester City Council - Chorlton,Chorlton Place,2019,July,27,Sunday,07 Jul 2019,15:00,92,118,210,92,118,210,No Group
Manchester City Council - Chorlton,Chorlton Place,2019,July,27,Sunday,07 Jul 2019,16:00,95,101,196,95,101,196,No Group
Manchester City Council - Chorlton,Chorlton Place,2019,July,27,Sunday,07 Jul 2019,17:00,70,75,145,70,75,145,No Group
Manchester City Council - Chorlton,Chorlton Place,2019,July,27,Sunday,07 Jul 2019,18:00,69,94,163,69,94,163,No Group
Manchester City Council - Chorlton,Chorlton Place,2019,July,27,Sunday,07 Jul 2019,19:00,47,43,90,47,43,90,No Group
Manchester City Council - Chorlton,Chorlton Place,2019,July,27,Sunday,07 Jul 2019,20:00,47,49,96,47,49,96,No Group
Manchester City Council - Chorlton,Chorlton Place,2019,July,27,Sunday,07 Jul 2019,21:00,28,35,63,28,35,63,No Group
Manchester City Council - Chorlton,Chorlton Place,2019,July,27,Sunday,07 Jul 2019,22:00,24,25,49,24,25,49,No Group
Manchester City Council - Chorlton,Chorlton Place,2019,July,27,Sunday,07 Jul 2019,23:00,14,11,25,14,11,25,No Group
Manchester City Council - Chorlton,Chorlton Place,2019,July,28,Monday,08 Jul 2019,00:00,8,1,9,8,1,9,No Group
Manchester City Council - Chorlton,Chorlton Place,2019,July,28,Monday,08 Jul 2019,01:00,3,2,5,3,2,5,No Group
Manchester City Council - Chorlton,Chorlton Place,2019,July,28,Monday,08 Jul 2019,02:00,0,0,0,0,0,0,No Group
Manchester City Council - Chorlton,Chorlton Place,2019,July,28,Monday,08 Jul 2019,03:00,0,1,1,0,1,1,No Group
Manchester City Council - Chorlton,Chorlton Place,2019,July,28,Monday,08 Jul 2019,04:00,0,1,1,0,1,1,No Group
Manchester City Council - Chorlton,Chorlton Place,2019,July,28,Monday,08 Jul 2019,05:00,1,2,3,1,2,3,No Group
Manchester City Council - Chorlton,Chorlton Place,2019,July,28,Monday,08 Jul 2019,06:00,12,24,36,12,24,36,No Group
Manchester City Council - Chorlton,Chorlton Place,2019,July,28,Monday,08 Jul 2019,07:00,30,83,113,30,83,113,No Group
Manchester City Council - Chorlton,Chorlton Place,2019,July,28,Monday,08 Jul 2019,08:00,44,130,174,44,130,174,No Group
Manchester City Council - Chorlton,Chorlton Place,2019,July,28,Monday,08 Jul 2019,09:00,104,119,223,104,119,223,No Group
Manchester City Council - Chorlton,Chorlton Place,2019,July,28,Monday,08 Jul 2019,10:00,139,132,271,139,132,271,No Group
Manchester City Council - Chorlton,Chorlton Place,2019,July,28,Monday,08 Jul 2019,11:00,124,146,270,124,146,270,No Group
Manchester City Council - Chorlton,Chorlton Place,2019,July,28,Monday,08 Jul 2019,12:00,151,188,339,151,188,339,No Group
Manchester City Council - Chorlton,Chorlton Place,2019,July,28,Monday,08 Jul 2019,13:00,156,147,303,156,147,303,No Group
Manchester City Council - Chorlton,Chorlton Place,2019,July,28,Monday,08 Jul 2019,14:00,150,174,324,150,174,324,No Group
Manchester City Council - Chorlton,Chorlton Place,2019,July,28,Monday,08 Jul 2019,15:00,166,144,310,166,144,310,No Group
Manchester City Council - Chorlton,Chorlton Place,2019,July,28,Monday,08 Jul 2019,16:00,137,153,290,137,153,290,No Group
Manchester City Council - Chorlton,Chorlton Place,2019,July,28,Monday,08 Jul 2019,17:00,152,109,261,152,109,261,No Group
Manchester City Council - Chorlton,Chorlton Place,2019,July,28,Monday,08 Jul 2019,18:00,113,70,183,113,70,183,No Group
Manchester City Council - Chorlton,Chorlton Place,2019,July,28,Monday,08 Jul 2019,19:00,68,67,135,68,67,135,No Group
Manchester City Council - Chorlton,Chorlton Place,2019,July,28,Monday,08 Jul 2019,20:00,52,42,94,52,42,94,No Group
Manchester City Council - Chorlton,Chorlton Place,2019,July,28,Monday,08 Jul 2019,21:00,41,38,79,41,38,79,No Group
Manchester City Council - Chorlton,Chorlton Place,2019,July,28,Monday,08 Jul 2019,22:00,23,21,44,23,21,44,No Group
Manchester City Council - Chorlton,Chorlton Place,2019,July,28,Monday,08 Jul 2019,23:00,18,20,38,18,20,38,No Group
Manchester City Council - Chorlton,Chorlton Place,2019,July,28,Tuesday,09 Jul 2019,00:00,6,1,7,6,1,7,No Group
Manchester City Council - Chorlton,Chorlton Place,2019,July,28,Tuesday,09 Jul 2019,01:00,4,1,5,4,1,5,No Group
Manchester City Council - Chorlton,Chorlton Place,2019,July,28,Tuesday,09 Jul 2019,02:00,0,1,1,0,1,1,No Group
Manchester City Council - Chorlton,Chorlton Place,2019,July,28,Tuesday,09 Jul 2019,03:00,8,3,11,8,3,11,No Group
Manchester City Council - Chorlton,Chorlton Place,2019,July,28,Tuesday,09 Jul 2019,04:00,0,0,0,0,0,0,No Group
Manchester City Council - Chorlton,Chorlton Place,2019,July,28,Tuesday,09 Jul 2019,05:00,3,5,8,3,5,8,No Group
Manchester City Council - Chorlton,Chorlton Place,2019,July,28,Tuesday,09 Jul 2019,06:00,14,26,40,14,26,40,No Group
Manchester City Council - Chorlton,Chorlton Place,2019,July,28,Tuesday,09 Jul 2019,07:00,26,82,108,26,82,108,No Group
Manchester City Council - Chorlton,Chorlton Place,2019,July,28,Tuesday,09 Jul 2019,08:00,41,107,148,41,107,148,No Group
Manchester City Council - Chorlton,Chorlton Place,2019,July,28,Tuesday,09 Jul 2019,09:00,77,115,192,77,115,192,No Group
Manchester City Council - Chorlton,Chorlton Place,2019,July,28,Tuesday,09 Jul 2019,10:00,116,112,228,116,112,228,No Group
Manchester City Council - Chorlton,Chorlton Place,2019,July,28,Tuesday,09 Jul 2019,11:00,159,170,329,159,170,329,No Group
Manchester City Council - Chorlton,Chorlton Place,2019,July,28,Tuesday,09 Jul 2019,12:00,172,180,352,172,180,352,No Group
Manchester City Council - Chorlton,Chorlton Place,2019,July,28,Tuesday,09 Jul 2019,13:00,154,169,323,154,169,323,No Group
Manchester City Council - Chorlton,Chorlton Place,2019,July,28,Tuesday,09 Jul 2019,14:00,140,153,293,140,153,293,No Group
Manchester City Council - Chorlton,Chorlton Place,2019,July,28,Tuesday,09 Jul 2019,15:00,122,110,232,122,110,232,No Group
Manchester City Council - Chorlton,Chorlton Place,2019,July,28,Tuesday,09 Jul 2019,16:00,112,108,220,112,108,220,No Group
Manchester City Council - Chorlton,Chorlton Place,2019,July,28,Tuesday,09 Jul 2019,17:00,165,148,313,165,148,313,No Group
Manchester City Council - Chorlton,Chorlton Place,2019,July,28,Tuesday,09 Jul 2019,18:00,117,118,235,117,118,235,No Group
Manchester City Council - Chorlton,Chorlton Place,2019,July,28,Tuesday,09 Jul 2019,19:00,85,62,147,85,62,147,No Group
Manchester City Council - Chorlton,Chorlton Place,2019,July,28,Tuesday,09 Jul 2019,20:00,39,50,89,39,50,89,No Group
Manchester City Council - Chorlton,Chorlton Place,2019,July,28,Tuesday,09 Jul 2019,21:00,33,30,63,33,30,63,No Group
Manchester City Council - Chorlton,Chorlton Place,2019,July,28,Tuesday,09 Jul 2019,22:00,25,21,46,25,21,46,No Group
Manchester City Council - Chorlton,Chorlton Place,2019,July,28,Tuesday,09 Jul 2019,23:00,14,15,29,14,15,29,No Group
Manchester City Council - Chorlton,Chorlton Place,2019,July,28,Wednesday,10 Jul 2019,00:00,8,2,10,8,2,10,No Group
Manchester City Council - Chorlton,Chorlton Place,2019,July,28,Wednesday,10 Jul 2019,01:00,3,0,3,3,0,3,No Group
Manchester City Council - Chorlton,Chorlton Place,2019,July,28,Wednesday,10 Jul 2019,02:00,0,0,0,0,0,0,No Group
Manchester City Council - Chorlton,Chorlton Place,2019,July,28,Wednesday,10 Jul 2019,03:00,1,2,3,1,2,3,No Group
Manchester City Council - Chorlton,Chorlton Place,2019,July,28,Wednesday,10 Jul 2019,04:00,2,3,5,2,3,5,No Group
Manchester City Council - Chorlton,Chorlton Place,2019,July,28,Wednesday,10 Jul 2019,05:00,0,4,4,0,4,4,No Group
Manchester City Council - Chorlton,Chorlton Place,2019,July,28,Wednesday,10 Jul 2019,06:00,12,26,38,12,26,38,No Group
Manchester City Council - Chorlton,Chorlton Place,2019,July,28,Wednesday,10 Jul 2019,07:00,30,101,131,30,101,131,No Group
Manchester City Council - Chorlton,Chorlton Place,2019,July,28,Wednesday,10 Jul 2019,08:00,50,125,175,50,125,175,No Group
Manchester City Council - Chorlton,Chorlton Place,2019,July,28,Wednesday,10 Jul 2019,09:00,79,114,193,79,114,193,No Group
Manchester City Council - Chorlton,Chorlton Place,2019,July,28,Wednesday,10 Jul 2019,10:00,125,160,285,125,160,285,No Group
Manchester City Council - Chorlton,Chorlton Place,2019,July,28,Wednesday,10 Jul 2019,11:00,154,149,303,154,149,303,No Group
Manchester City Council - Chorlton,Chorlton Place,2019,July,28,Wednesday,10 Jul 2019,12:00,157,176,333,157,176,333,No Group
Manchester City Council - Chorlton,Chorlton Place,2019,July,28,Wednesday,10 Jul 2019,13:00,170,168,338,170,168,338,No Group
Manchester City Council - Chorlton,Chorlton Place,2019,July,28,Wednesday,10 Jul 2019,14:00,157,165,322,157,165,322,No Group
Manchester City Council - Chorlton,Chorlton Place,2019,July,28,Wednesday,10 Jul 2019,15:00,143,169,312,143,169,312,No Group
Manchester City Council - Chorlton,Chorlton Place,2019,July,28,Wednesday,10 Jul 2019,16:00,154,142,296,154,142,296,No Group
Manchester City Council - Chorlton,Chorlton Place,2019,July,28,Wednesday,10 Jul 2019,17:00,134,125,259,134,125,259,No Group
Manchester City Council - Chorlton,Chorlton Place,2019,July,28,Wednesday,10 Jul 2019,18:00,100,96,196,100,96,196,No Group
Manchester City Council - Chorlton,Chorlton Place,2019,July,28,Wednesday,10 Jul 2019,19:00,84,86,170,84,86,170,No Group
Manchester City Council - Chorlton,Chorlton Place,2019,July,28,Wednesday,10 Jul 2019,20:00,55,39,94,55,39,94,No Group
Manchester City Council - Chorlton,Chorlton Place,2019,July,28,Wednesday,10 Jul 2019,21:00,51,37,88,51,37,88,No Group
Manchester City Council - Chorlton,Chorlton Place,2019,July,28,Wednesday,10 Jul 2019,22:00,30,37,67,30,37,67,No Group
Manchester City Council - Chorlton,Chorlton Place,2019,July,28,Wednesday,10 Jul 2019,23:00,29,18,47,29,18,47,No Group
Manchester City Council - Chorlton,Chorlton Place,2019,July,28,Thursday,11 Jul 2019,00:00,8,9,17,8,9,17,No Group
Manchester City Council - Chorlton,Chorlton Place,2019,July,28,Thursday,11 Jul 2019,01:00,4,3,7,4,3,7,No Group
Manchester City Council - Chorlton,Chorlton Place,2019,July,28,Thursday,11 Jul 2019,02:00,0,1,1,0,1,1,No Group
Manchester City Council - Chorlton,Chorlton Place,2019,July,28,Thursday,11 Jul 2019,03:00,0,0,0,0,0,0,No Group
Manchester City Council - Chorlton,Chorlton Place,2019,July,28,Thursday,11 Jul 2019,04:00,2,2,4,2,2,4,No Group
Manchester City Council - Chorlton,Chorlton Place,2019,July,28,Thursday,11 Jul 2019,05:00,4,4,8,4,4,8,No Group
Manchester City Council - Chorlton,Chorlton Place,2019,July,28,Thursday,11 Jul 2019,06:00,3,26,29,3,26,29,No Group
Manchester City Council - Chorlton,Chorlton Place,2019,July,28,Thursday,11 Jul 2019,07:00,30,84,114,30,84,114,No Group
Manchester City Council - Chorlton,Chorlton Place,2019,July,28,Thursday,11 Jul 2019,08:00,47,130,177,47,130,177,No Group
Manchester City Council - Chorlton,Chorlton Place,2019,July,28,Thursday,11 Jul 2019,09:00,92,154,246,92,154,246,No Group
Manchester City Council - Chorlton,Chorlton Place,2019,July,28,Thursday,11 Jul 2019,10:00,143,155,298,143,155,298,No Group
Manchester City Council - Chorlton,Chorlton Place,2019,July,28,Thursday,11 Jul 2019,11:00,169,148,317,169,148,317,No Group
Manchester City Council - Chorlton,Chorlton Place,2019,July,28,Thursday,11 Jul 2019,12:00,157,173,330,157,173,330,No Group
Manchester City Council - Chorlton,Chorlton Place,2019,July,28,Thursday,11 Jul 2019,13:00,150,208,358,150,208,358,No Group
Manchester City Council - Chorlton,Chorlton Place,2019,July,28,Thursday,11 Jul 2019,14:00,177,185,362,177,185,362,No Group
Manchester City Council - Chorlton,Chorlton Place,2019,July,28,Thursday,11 Jul 2019,15:00,171,182,353,171,182,353,No Group
Manchester City Council - Chorlton,Chorlton Place,2019,July,28,Thursday,11 Jul 2019,16:00,136,139,275,136,139,275,No Group
Manchester City Council - Chorlton,Chorlton Place,2019,July,28,Thursday,11 Jul 2019,17:00,119,103,222,119,103,222,No Group
Manchester City Council - Chorlton,Chorlton Place,2019,July,28,Thursday,11 Jul 2019,18:00,111,92,203,111,92,203,No Group
Manchester City Council - Chorlton,Chorlton Place,2019,July,28,Thursday,11 Jul 2019,19:00,75,60,135,75,60,135,No Group
Manchester City Council - Chorlton,Chorlton Place,2019,July,28,Thursday,11 Jul 2019,20:00,78,54,132,78,54,132,No Group
Manchester City Council - Chorlton,Chorlton Place,2019,July,28,Thursday,11 Jul 2019,21:00,34,47,81,34,47,81,No Group
Manchester City Council - Chorlton,Chorlton Place,2019,July,28,Thursday,11 Jul 2019,22:00,40,28,68,40,28,68,No Group
Manchester City Council - Chorlton,Chorlton Place,2019,July,28,Thursday,11 Jul 2019,23:00,19,29,48,19,29,48,No Group
Manchester City Council - Chorlton,Chorlton Place,2019,July,28,Friday,12 Jul 2019,00:00,14,2,16,14,2,16,No Group
Manchester City Council - Chorlton,Chorlton Place,2019,July,28,Friday,12 Jul 2019,01:00,5,1,6,5,1,6,No Group
Manchester City Council - Chorlton,Chorlton Place,2019,July,28,Friday,12 Jul 2019,02:00,2,1,3,2,1,3,No Group
Manchester City Council - Chorlton,Chorlton Place,2019,July,28,Friday,12 Jul 2019,03:00,1,6,7,1,6,7,No Group
Manchester City Council - Chorlton,Chorlton Place,2019,July,28,Friday,12 Jul 2019,04:00,1,2,3,1,2,3,No Group
Manchester City Council - Chorlton,Chorlton Place,2019,July,28,Friday,12 Jul 2019,05:00,2,4,6,2,4,6,No Group
Manchester City Council - Chorlton,Chorlton Place,2019,July,28,Friday,12 Jul 2019,06:00,7,26,33,7,26,33,No Group
Manchester City Council - Chorlton,Chorlton Place,2019,July,28,Friday,12 Jul 2019,07:00,29,83,112,29,83,112,No Group
Manchester City Council - Chorlton,Chorlton Place,2019,July,28,Friday,12 Jul 2019,08:00,58,167,225,58,167,225,No Group
Manchester City Council - Chorlton,Chorlton Place,2019,July,28,Friday,12 Jul 2019,09:00,95,139,234,95,139,234,No Group
Manchester City Council - Chorlton,Chorlton Place,2019,July,28,Friday,12 Jul 2019,10:00,129,128,257,129,128,257,No Group
Manchester City Council - Chorlton,Chorlton Place,2019,July,28,Friday,12 Jul 2019,11:00,165,173,338,165,173,338,No Group
Manchester City Council - Chorlton,Chorlton Place,2019,July,28,Friday,12 Jul 2019,12:00,230,231,461,230,231,461,No Group
Manchester City Council - Chorlton,Chorlton Place,2019,July,28,Friday,12 Jul 2019,13:00,216,239,455,216,239,455,No Group
Manchester City Council - Chorlton,Chorlton Place,2019,July,28,Friday,12 Jul 2019,14:00,236,249,485,236,249,485,No Group
Manchester City Council - Chorlton,Chorlton Place,2019,July,28,Friday,12 Jul 2019,15:00,198,177,375,198,177,375,No Group
Manchester City Council - Chorlton,Chorlton Place,2019,July,28,Friday,12 Jul 2019,16:00,179,154,333,179,154,333,No Group
Manchester City Council - Chorlton,Chorlton Place,2019,July,28,Friday,12 Jul 2019,17:00,139,99,238,139,99,238,No Group
Manchester City Council - Chorlton,Chorlton Place,2019,July,28,Friday,12 Jul 2019,18:00,122,90,212,122,90,212,No Group
Manchester City Council - Chorlton,Chorlton Place,2019,July,28,Friday,12 Jul 2019,19:00,97,67,164,97,67,164,No Group
Manchester City Council - Chorlton,Chorlton Place,2019,July,28,Friday,12 Jul 2019,20:00,78,65,143,78,65,143,No Group
Manchester City Council - Chorlton,Chorlton Place,2019,July,28,Friday,12 Jul 2019,21:00,47,62,109,47,62,109,No Group
Manchester City Council - Chorlton,Chorlton Place,2019,July,28,Friday,12 Jul 2019,22:00,58,79,137,58,79,137,No Group
Manchester City Council - Chorlton,Chorlton Place,2019,July,28,Friday,12 Jul 2019,23:00,68,57,125,68,57,125,No Group
Manchester City Council - Chorlton,Chorlton Place,2019,July,28,Saturday,13 Jul 2019,00:00,48,85,133,48,85,133,No Group
Manchester City Council - Chorlton,Chorlton Place,2019,July,28,Saturday,13 Jul 2019,01:00,28,49,77,28,49,77,No Group
Manchester City Council - Chorlton,Chorlton Place,2019,July,28,Saturday,13 Jul 2019,02:00,6,6,12,6,6,12,No Group
Manchester City Council - Chorlton,Chorlton Place,2019,July,28,Saturday,13 Jul 2019,03:00,6,3,9,6,3,9,No Group
Manchester City Council - Chorlton,Chorlton Place,2019,July,28,Saturday,13 Jul 2019,04:00,11,10,21,11,10,21,No Group
Manchester City Council - Chorlton,Chorlton Place,2019,July,28,Saturday,13 Jul 2019,05:00,5,9,14,5,9,14,No Group
Manchester City Council - Chorlton,Chorlton Place,2019,July,28,Saturday,13 Jul 2019,06:00,8,15,23,8,15,23,No Group
Manchester City Council - Chorlton,Chorlton Place,2019,July,28,Saturday,13 Jul 2019,07:00,20,24,44,20,24,44,No Group
Manchester City Council - Chorlton,Chorlton Place,2019,July,28,Saturday,13 Jul 2019,08:00,41,54,95,41,54,95,No Group
Manchester City Council - Chorlton,Chorlton Place,2019,July,28,Saturday,13 Jul 2019,09:00,88,133,221,88,133,221,No Group
Manchester City Council - Chorlton,Chorlton Place,2019,July,28,Saturday,13 Jul 2019,10:00,160,180,340,160,180,340,No Group
Manchester City Council - Chorlton,Chorlton Place,2019,July,28,Saturday,13 Jul 2019,11:00,216,236,452,216,236,452,No Group
Manchester City Council - Chorlton,Chorlton Place,2019,July,28,Saturday,13 Jul 2019,12:00,234,235,469,234,235,469,No Group
Manchester City Council - Chorlton,Chorlton Place,2019,July,28,Saturday,13 Jul 2019,13:00,282,248,530,282,248,530,No Group
Manchester City Council - Chorlton,Chorlton Place,2019,July,28,Saturday,13 Jul 2019,14:00,240,249,489,240,249,489,No Group
Manchester City Council - Chorlton,Chorlton Place,2019,July,28,Saturday,13 Jul 2019,15:00,229,275,504,229,275,504,No Group
Manchester City Council - Chorlton,Chorlton Place,2019,July,28,Saturday,13 Jul 2019,16:00,195,216,411,195,216,411,No Group
Manchester City Council - Chorlton,Chorlton Place,2019,July,28,Saturday,13 Jul 2019,17:00,124,129,253,124,129,253,No Group
Manchester City Council - Chorlton,Chorlton Place,2019,July,28,Saturday,13 Jul 2019,18:00,103,105,208,103,105,208,No Group
Manchester City Council - Chorlton,Chorlton Place,2019,July,28,Saturday,13 Jul 2019,19:00,97,91,188,97,91,188,No Group
Manchester City Council - Chorlton,Chorlton Place,2019,July,28,Saturday,13 Jul 2019,20:00,93,106,199,93,106,199,No Group
Manchester City Council - Chorlton,Chorlton Place,2019,July,28,Saturday,13 Jul 2019,21:00,67,86,153,67,86,153,No Group
Manchester City Council - Chorlton,Chorlton Place,2019,July,28,Saturday,13 Jul 2019,22:00,62,63,125,62,63,125,No Group
Manchester City Council - Chorlton,Chorlton Place,2019,July,28,Saturday,13 Jul 2019,23:00,60,60,120,60,60,120,No Group
Manchester City Council - Chorlton,Chorlton Place,2019,July,28,Sunday,14 Jul 2019,00:00,44,56,100,44,56,100,No Group
Manchester City Council - Chorlton,Chorlton Place,2019,July,28,Sunday,14 Jul 2019,01:00,16,27,43,16,27,43,No Group
Manchester City Council - Chorlton,Chorlton Place,2019,July,28,Sunday,14 Jul 2019,02:00,9,2,11,9,2,11,No Group
Manchester City Council - Chorlton,Chorlton Place,2019,July,28,Sunday,14 Jul 2019,03:00,4,2,6,4,2,6,No Group
Manchester City Council - Chorlton,Chorlton Place,2019,July,28,Sunday,14 Jul 2019,04:00,0,1,1,0,1,1,No Group
Manchester City Council - Chorlton,Chorlton Place,2019,July,28,Sunday,14 Jul 2019,05:00,7,3,10,7,3,10,No Group
Manchester City Council - Chorlton,Chorlton Place,2019,July,28,Sunday,14 Jul 2019,06:00,4,7,11,4,7,11,No Group
Manchester City Council - Chorlton,Chorlton Place,2019,July,28,Sunday,14 Jul 2019,07:00,16,15,31,16,15,31,No Group
Manchester City Council - Chorlton,Chorlton Place,2019,July,28,Sunday,14 Jul 2019,08:00,18,37,55,18,37,55,No Group
Manchester City Council - Chorlton,Chorlton Place,2019,July,28,Sunday,14 Jul 2019,09:00,34,50,84,34,50,84,No Group
Manchester City Council - Chorlton,Chorlton Place,2019,July,28,Sunday,14 Jul 2019,10:00,56,59,115,56,59,115,No Group
Manchester City Council - Chorlton,Chorlton Place,2019,July,28,Sunday,14 Jul 2019,11:00,81,93,174,81,93,174,No Group
Manchester City Council - Chorlton,Chorlton Place,2019,July,28,Sunday,14 Jul 2019,12:00,81,107,188,81,107,188,No Group
Manchester City Council - Chorlton,Chorlton Place,2019,July,28,Sunday,14 Jul 2019,13:00,110,119,229,110,119,229,No Group
Manchester City Council - Chorlton,Chorlton Place,2019,July,28,Sunday,14 Jul 2019,14:00,85,118,203,85,118,203,No Group
Manchester City Council - Chorlton,Chorlton Place,2019,July,28,Sunday,14 Jul 2019,15:00,86,106,192,86,106,192,No Group
Manchester City Council - Chorlton,Chorlton Place,2019,July,28,Sunday,14 Jul 2019,16:00,103,84,187,103,84,187,No Group
Manchester City Council - Chorlton,Chorlton Place,2019,July,28,Sunday,14 Jul 2019,17:00,66,45,111,66,45,111,No Group
Manchester City Council - Chorlton,Chorlton Place,2019,July,28,Sunday,14 Jul 2019,18:00,50,38,88,50,38,88,No Group
Manchester City Council - Chorlton,Chorlton Place,2019,July,28,Sunday,14 Jul 2019,19:00,49,55,104,49,55,104,No Group
Manchester City Council - Chorlton,Chorlton Place,2019,July,28,Sunday,14 Jul 2019,20:00,38,48,86,38,48,86,No Group
Manchester City Council - Chorlton,Chorlton Place,2019,July,28,Sunday,14 Jul 2019,21:00,30,32,62,30,32,62,No Group
Manchester City Council - Chorlton,Chorlton Place,2019,July,28,Sunday,14 Jul 2019,22:00,25,23,48,25,23,48,No Group
Manchester City Council - Chorlton,Chorlton Place,2019,July,28,Sunday,14 Jul 2019,23:00,21,16,37,21,16,37,No Group
Manchester City Council - Chorlton,Chorlton Place,2019,July,29,Monday,15 Jul 2019,00:00,11,7,18,11,7,18,No Group
Manchester City Council - Chorlton,Chorlton Place,2019,July,29,Monday,15 Jul 2019,01:00,5,4,9,5,4,9,No Group
Manchester City Council - Chorlton,Chorlton Place,2019,July,29,Monday,15 Jul 2019,02:00,0,1,1,0,1,1,No Group
Manchester City Council - Chorlton,Chorlton Place,2019,July,29,Monday,15 Jul 2019,03:00,0,2,2,0,2,2,No Group
Manchester City Council - Chorlton,Chorlton Place,2019,July,29,Monday,15 Jul 2019,04:00,0,1,1,0,1,1,No Group
Manchester City Council - Chorlton,Chorlton Place,2019,July,29,Monday,15 Jul 2019,05:00,19,52,71,19,52,71,No Group
Manchester City Council - Chorlton,Chorlton Place,2019,July,29,Monday,15 Jul 2019,06:00,13,21,34,13,21,34,No Group
Manchester City Council - Chorlton,Chorlton Place,2019,July,29,Monday,15 Jul 2019,07:00,24,81,105,24,81,105,No Group
Manchester City Council - Chorlton,Chorlton Place,2019,July,29,Monday,15 Jul 2019,08:00,49,128,177,49,128,177,No Group
Manchester City Council - Chorlton,Chorlton Place,2019,July,29,Monday,15 Jul 2019,09:00,94,118,212,94,118,212,No Group
Manchester City Council - Chorlton,Chorlton Place,2019,July,29,Monday,15 Jul 2019,10:00,146,160,306,146,160,306,No Group
Manchester City Council - Chorlton,Chorlton Place,2019,July,29,Monday,15 Jul 2019,11:00,136,176,312,136,176,312,No Group
Manchester City Council - Chorlton,Chorlton Place,2019,July,29,Monday,15 Jul 2019,12:00,186,211,397,186,211,397,No Group
Manchester City Council - Chorlton,Chorlton Place,2019,July,29,Monday,15 Jul 2019,13:00,231,251,482,231,251,482,No Group
Manchester City Council - Chorlton,Chorlton Place,2019,July,29,Monday,15 Jul 2019,14:00,203,223,426,203,223,426,No Group
Manchester City Council - Chorlton,Chorlton Place,2019,July,29,Monday,15 Jul 2019,15:00,154,160,314,154,160,314,No Group
Manchester City Council - Chorlton,Chorlton Place,2019,July,29,Monday,15 Jul 2019,16:00,158,146,304,158,146,304,No Group
Manchester City Council - Chorlton,Chorlton Place,2019,July,29,Monday,15 Jul 2019,17:00,134,104,238,134,104,238,No Group
Manchester City Council - Chorlton,Chorlton Place,2019,July,29,Monday,15 Jul 2019,18:00,95,73,168,95,73,168,No Group
Manchester City Council - Chorlton,Chorlton Place,2019,July,29,Monday,15 Jul 2019,19:00,83,60,143,83,60,143,No Group
Manchester City Council - Chorlton,Chorlton Place,2019,July,29,Monday,15 Jul 2019,20:00,44,45,89,44,45,89,No Group
Manchester City Council - Chorlton,Chorlton Place,2019,July,29,Monday,15 Jul 2019,21:00,28,50,78,28,50,78,No Group
Manchester City Council - Chorlton,Chorlton Place,2019,July,29,Monday,15 Jul 2019,22:00,26,35,61,26,35,61,No Group
Manchester City Council - Chorlton,Chorlton Place,2019,July,29,Monday,15 Jul 2019,23:00,21,6,27,21,6,27,No Group
Manchester City Council - Chorlton,Chorlton Place,2019,July,29,Tuesday,16 Jul 2019,00:00,9,2,11,9,2,11,No Group
Manchester City Council - Chorlton,Chorlton Place,2019,July,29,Tuesday,16 Jul 2019,01:00,2,1,3,2,1,3,No Group
Manchester City Council - Chorlton,Chorlton Place,2019,July,29,Tuesday,16 Jul 2019,02:00,7,10,17,7,10,17,No Group
Manchester City Council - Chorlton,Chorlton Place,2019,July,29,Tuesday,16 Jul 2019,03:00,1,3,4,1,3,4,No Group
Manchester City Council - Chorlton,Chorlton Place,2019,July,29,Tuesday,16 Jul 2019,04:00,0,3,3,0,3,3,No Group
Manchester City Council - Chorlton,Chorlton Place,2019,July,29,Tuesday,16 Jul 2019,05:00,0,5,5,0,5,5,No Group
Manchester City Council - Chorlton,Chorlton Place,2019,July,29,Tuesday,16 Jul 2019,06:00,13,26,39,13,26,39,No Group
Manchester City Council - Chorlton,Chorlton Place,2019,July,29,Tuesday,16 Jul 2019,07:00,27,94,121,27,94,121,No Group
Manchester City Council - Chorlton,Chorlton Place,2019,July,29,Tuesday,16 Jul 2019,08:00,48,124,172,48,124,172,No Group
Manchester City Council - Chorlton,Chorlton Place,2019,July,29,Tuesday,16 Jul 2019,09:00,75,120,195,75,120,195,No Group
Manchester City Council - Chorlton,Chorlton Place,2019,July,29,Tuesday,16 Jul 2019,10:00,122,127,249,122,127,249,No Group
Manchester City Council - Chorlton,Chorlton Place,2019,July,29,Tuesday,16 Jul 2019,11:00,141,159,300,141,159,300,No Group
Manchester City Council - Chorlton,Chorlton Place,2019,July,29,Tuesday,16 Jul 2019,12:00,186,186,372,186,186,372,No Group
Manchester City Council - Chorlton,Chorlton Place,2019,July,29,Tuesday,16 Jul 2019,13:00,205,245,450,205,245,450,No Group
Manchester City Council - Chorlton,Chorlton Place,2019,July,29,Tuesday,16 Jul 2019,14:00,181,191,372,181,191,372,No Group
Manchester City Council - Chorlton,Chorlton Place,2019,July,29,Tuesday,16 Jul 2019,15:00,153,155,308,153,155,308,No Group
Manchester City Council - Chorlton,Chorlton Place,2019,July,29,Tuesday,16 Jul 2019,16:00,146,136,282,146,136,282,No Group
Manchester City Council - Chorlton,Chorlton Place,2019,July,29,Tuesday,16 Jul 2019,17:00,126,107,233,126,107,233,No Group
Manchester City Council - Chorlton,Chorlton Place,2019,July,29,Tuesday,16 Jul 2019,18:00,112,90,202,112,90,202,No Group
Manchester City Council - Chorlton,Chorlton Place,2019,July,29,Tuesday,16 Jul 2019,19:00,62,47,109,62,47,109,No Group
Manchester City Council - Chorlton,Chorlton Place,2019,July,29,Tuesday,16 Jul 2019,20:00,51,45,96,51,45,96,No Group
Manchester City Council - Chorlton,Chorlton Place,2019,July,29,Tuesday,16 Jul 2019,21:00,40,40,80,40,40,80,No Group
Manchester City Council - Chorlton,Chorlton Place,2019,July,29,Tuesday,16 Jul 2019,22:00,33,25,58,33,25,58,No Group
Manchester City Council - Chorlton,Chorlton Place,2019,July,29,Tuesday,16 Jul 2019,23:00,18,28,46,18,28,46,No Group
Manchester City Council - Chorlton,Chorlton Place,2019,July,29,Wednesday,17 Jul 2019,00:00,6,9,15,6,9,15,No Group
Manchester City Council - Chorlton,Chorlton Place,2019,July,29,Wednesday,17 Jul 2019,01:00,4,3,7,4,3,7,No Group
Manchester City Council - Chorlton,Chorlton Place,2019,July,29,Wednesday,17 Jul 2019,02:00,0,0,0,0,0,0,No Group
Manchester City Council - Chorlton,Chorlton Place,2019,July,29,Wednesday,17 Jul 2019,03:00,1,2,3,1,2,3,No Group
Manchester City Council - Chorlton,Chorlton Place,2019,July,29,Wednesday,17 Jul 2019,04:00,1,2,3,1,2,3,No Group
Manchester City Council - Chorlton,Chorlton Place,2019,July,29,Wednesday,17 Jul 2019,05:00,2,6,8,2,6,8,No Group
Manchester City Council - Chorlton,Chorlton Place,2019,July,29,Wednesday,17 Jul 2019,06:00,8,18,26,8,18,26,No Group
Manchester City Council - Chorlton,Chorlton Place,2019,July,29,Wednesday,17 Jul 2019,07:00,26,104,130,26,104,130,No Group
Manchester City Council - Chorlton,Chorlton Place,2019,July,29,Wednesday,17 Jul 2019,08:00,46,111,157,46,111,157,No Group
Manchester City Council - Chorlton,Chorlton Place,2019,July,29,Wednesday,17 Jul 2019,09:00,71,109,180,71,109,180,No Group
Manchester City Council - Chorlton,Chorlton Place,2019,July,29,Wednesday,17 Jul 2019,10:00,79,116,195,79,116,195,No Group
Manchester City Council - Chorlton,Chorlton Place,2019,July,29,Wednesday,17 Jul 2019,11:00,137,164,301,137,164,301,No Group
Manchester City Council - Chorlton,Chorlton Place,2019,July,29,Wednesday,17 Jul 2019,12:00,175,195,370,175,195,370,No Group
Manchester City Council - Chorlton,Chorlton Place,2019,July,29,Wednesday,17 Jul 2019,13:00,174,205,379,174,205,379,No Group
Manchester City Council - Chorlton,Chorlton Place,2019,July,29,Wednesday,17 Jul 2019,14:00,196,217,413,196,217,413,No Group
Manchester City Council - Chorlton,Chorlton Place,2019,July,29,Wednesday,17 Jul 2019,15:00,152,157,309,152,157,309,No Group
Manchester City Council - Chorlton,Chorlton Place,2019,July,29,Wednesday,17 Jul 2019,16:00,145,120,265,145,120,265,No Group
Manchester City Council - Chorlton,Chorlton Place,2019,July,29,Wednesday,17 Jul 2019,17:00,159,120,279,159,120,279,No Group
Manchester City Council - Chorlton,Chorlton Place,2019,July,29,Wednesday,17 Jul 2019,18:00,102,91,193,102,91,193,No Group
Manchester City Council - Chorlton,Chorlton Place,2019,July,29,Wednesday,17 Jul 2019,19:00,101,76,177,101,76,177,No Group
Manchester City Council - Chorlton,Chorlton Place,2019,July,29,Wednesday,17 Jul 2019,20:00,66,43,109,66,43,109,No Group
Manchester City Council - Chorlton,Chorlton Place,2019,July,29,Wednesday,17 Jul 2019,21:00,40,38,78,40,38,78,No Group
Manchester City Council - Chorlton,Chorlton Place,2019,July,29,Wednesday,17 Jul 2019,22:00,35,35,70,35,35,70,No Group
Manchester City Council - Chorlton,Chorlton Place,2019,July,29,Wednesday,17 Jul 2019,23:00,13,18,31,13,18,31,No Group
Manchester City Council - Chorlton,Chorlton Place,2019,July,29,Thursday,18 Jul 2019,00:00,6,5,11,6,5,11,No Group
Manchester City Council - Chorlton,Chorlton Place,2019,July,29,Thursday,18 Jul 2019,01:00,2,0,2,2,0,2,No Group
Manchester City Council - Chorlton,Chorlton Place,2019,July,29,Thursday,18 Jul 2019,02:00,3,3,6,3,3,6,No Group
Manchester City Council - Chorlton,Chorlton Place,2019,July,29,Thursday,18 Jul 2019,03:00,6,1,7,6,1,7,No Group
Manchester City Council - Chorlton,Chorlton Place,2019,July,29,Thursday,18 Jul 2019,04:00,3,6,9,3,6,9,No Group
Manchester City Council - Chorlton,Chorlton Place,2019,July,29,Thursday,18 Jul 2019,05:00,3,6,9,3,6,9,No Group
Manchester City Council - Chorlton,Chorlton Place,2019,July,29,Thursday,18 Jul 2019,06:00,8,20,28,8,20,28,No Group
Manchester City Council - Chorlton,Chorlton Place,2019,July,29,Thursday,18 Jul 2019,07:00,31,89,120,31,89,120,No Group
Manchester City Council - Chorlton,Chorlton Place,2019,July,29,Thursday,18 Jul 2019,08:00,45,104,149,45,104,149,No Group
Manchester City Council - Chorlton,Chorlton Place,2019,July,29,Thursday,18 Jul 2019,09:00,90,153,243,90,153,243,No Group
Manchester City Council - Chorlton,Chorlton Place,2019,July,29,Thursday,18 Jul 2019,10:00,126,115,241,126,115,241,No Group
Manchester City Council - Chorlton,Chorlton Place,2019,July,29,Thursday,18 Jul 2019,11:00,138,170,308,138,170,308,No Group
Manchester City Council - Chorlton,Chorlton Place,2019,July,29,Thursday,18 Jul 2019,12:00,193,194,387,193,194,387,No Group
Manchester City Council - Chorlton,Chorlton Place,2019,July,29,Thursday,18 Jul 2019,13:00,184,193,377,184,193,377,No Group
Manchester City Council - Chorlton,Chorlton Place,2019,July,29,Thursday,18 Jul 2019,14:00,152,177,329,152,177,329,No Group
Manchester City Council - Chorlton,Chorlton Place,2019,July,29,Thursday,18 Jul 2019,15:00,134,179,313,134,179,313,No Group
Manchester City Council - Chorlton,Chorlton Place,2019,July,29,Thursday,18 Jul 2019,16:00,181,165,346,181,165,346,No Group
Manchester City Council - Chorlton,Chorlton Place,2019,July,29,Thursday,18 Jul 2019,17:00,119,98,217,119,98,217,No Group
Manchester City Council - Chorlton,Chorlton Place,2019,July,29,Thursday,18 Jul 2019,18:00,73,67,140,73,67,140,No Group
Manchester City Council - Chorlton,Chorlton Place,2019,July,29,Thursday,18 Jul 2019,19:00,73,67,140,73,67,140,No Group
Manchester City Council - Chorlton,Chorlton Place,2019,July,29,Thursday,18 Jul 2019,20:00,41,43,84,41,43,84,No Group
Manchester City Council - Chorlton,Chorlton Place,2019,July,29,Thursday,18 Jul 2019,21:00,66,58,124,66,58,124,No Group
Manchester City Council - Chorlton,Chorlton Place,2019,July,29,Thursday,18 Jul 2019,22:00,37,30,67,37,30,67,No Group
Manchester City Council - Chorlton,Chorlton Place,2019,July,29,Thursday,18 Jul 2019,23:00,15,31,46,15,31,46,No Group
Manchester City Council - Chorlton,Chorlton Place,2019,July,29,Friday,19 Jul 2019,00:00,19,7,26,19,7,26,No Group
Manchester City Council - Chorlton,Chorlton Place,2019,July,29,Friday,19 Jul 2019,01:00,10,3,13,10,3,13,No Group
Manchester City Council - Chorlton,Chorlton Place,2019,July,29,Friday,19 Jul 2019,02:00,3,5,8,3,5,8,No Group
Manchester City Council - Chorlton,Chorlton Place,2019,July,29,Friday,19 Jul 2019,03:00,0,1,1,0,1,1,No Group
Manchester City Council - Chorlton,Chorlton Place,2019,July,29,Friday,19 Jul 2019,04:00,0,0,0,0,0,0,No Group
Manchester City Council - Chorlton,Chorlton Place,2019,July,29,Friday,19 Jul 2019,05:00,3,5,8,3,5,8,No Group
Manchester City Council - Chorlton,Chorlton Place,2019,July,29,Friday,19 Jul 2019,06:00,10,8,18,10,8,18,No Group
Manchester City Council - Chorlton,Chorlton Place,2019,July,29,Friday,19 Jul 2019,07:00,24,88,112,24,88,112,No Group
Manchester City Council - Chorlton,Chorlton Place,2019,July,29,Friday,19 Jul 2019,08:00,44,173,217,44,173,217,No Group
Manchester City Council - Chorlton,Chorlton Place,2019,July,29,Friday,19 Jul 2019,09:00,140,190,330,140,190,330,No Group
Manchester City Council - Chorlton,Chorlton Place,2019,July,29,Friday,19 Jul 2019,10:00,150,180,330,150,180,330,No Group
Manchester City Council - Chorlton,Chorlton Place,2019,July,29,Friday,19 Jul 2019,11:00,146,156,302,146,156,302,No Group
Manchester City Council - Chorlton,Chorlton Place,2019,July,29,Friday,19 Jul 2019,12:00,208,223,431,208,223,431,No Group
Manchester City Council - Chorlton,Chorlton Place,2019,July,29,Friday,19 Jul 2019,13:00,221,252,473,221,252,473,No Group
Manchester City Council - Chorlton,Chorlton Place,2019,July,29,Friday,19 Jul 2019,14:00,198,287,485,198,287,485,No Group
Manchester City Council - Chorlton,Chorlton Place,2019,July,29,Friday,19 Jul 2019,15:00,181,176,357,181,176,357,No Group
Manchester City Council - Chorlton,Chorlton Place,2019,July,29,Friday,19 Jul 2019,16:00,186,207,393,186,207,393,No Group
Manchester City Council - Chorlton,Chorlton Place,2019,July,29,Friday,19 Jul 2019,17:00,124,73,197,124,73,197,No Group
Manchester City Council - Chorlton,Chorlton Place,2019,July,29,Friday,19 Jul 2019,18:00,130,86,216,130,86,216,No Group
Manchester City Council - Chorlton,Chorlton Place,2019,July,29,Friday,19 Jul 2019,19:00,104,96,200,104,96,200,No Group
Manchester City Council - Chorlton,Chorlton Place,2019,July,29,Friday,19 Jul 2019,20:00,113,94,207,113,94,207,No Group
Manchester City Council - Chorlton,Chorlton Place,2019,July,29,Friday,19 Jul 2019,21:00,83,87,170,83,87,170,No Group
Manchester City Council - Chorlton,Chorlton Place,2019,July,29,Friday,19 Jul 2019,22:00,41,51,92,41,51,92,No Group
Manchester City Council - Chorlton,Chorlton Place,2019,July,29,Friday,19 Jul 2019,23:00,34,66,100,34,66,100,No Group
Manchester City Council - Chorlton,Chorlton Place,2019,July,29,Saturday,20 Jul 2019,00:00,34,72,106,34,72,106,No Group
Manchester City Council - Chorlton,Chorlton Place,2019,July,29,Saturday,20 Jul 2019,01:00,14,10,24,14,10,24,No Group
Manchester City Council - Chorlton,Chorlton Place,2019,July,29,Saturday,20 Jul 2019,02:00,5,0,5,5,0,5,No Group
Manchester City Council - Chorlton,Chorlton Place,2019,July,29,Saturday,20 Jul 2019,03:00,5,6,11,5,6,11,No Group
Manchester City Council - Chorlton,Chorlton Place,2019,July,29,Saturday,20 Jul 2019,04:00,5,6,11,5,6,11,No Group
Manchester City Council - Chorlton,Chorlton Place,2019,July,29,Saturday,20 Jul 2019,05:00,7,7,14,7,7,14,No Group
Manchester City Council - Chorlton,Chorlton Place,2019,July,29,Saturday,20 Jul 2019,06:00,5,16,21,5,16,21,No Group
Manchester City Council - Chorlton,Chorlton Place,2019,July,29,Saturday,20 Jul 2019,07:00,10,22,32,10,22,32,No Group
Manchester City Council - Chorlton,Chorlton Place,2019,July,29,Saturday,20 Jul 2019,08:00,41,64,105,41,64,105,No Group
Manchester City Council - Chorlton,Chorlton Place,2019,July,29,Saturday,20 Jul 2019,09:00,115,129,244,115,129,244,No Group
Manchester City Council - Chorlton,Chorlton Place,2019,July,29,Saturday,20 Jul 2019,10:00,159,205,364,159,205,364,No Group
Manchester City Council - Chorlton,Chorlton Place,2019,July,29,Saturday,20 Jul 2019,11:00,227,250,477,227,250,477,No Group
Manchester City Council - Chorlton,Chorlton Place,2019,July,29,Saturday,20 Jul 2019,12:00,289,297,586,289,297,586,No Group
Manchester City Council - Chorlton,Chorlton Place,2019,July,29,Saturday,20 Jul 2019,13:00,288,292,580,288,292,580,No Group
Manchester City Council - Chorlton,Chorlton Place,2019,July,29,Saturday,20 Jul 2019,14:00,279,315,594,279,315,594,No Group
Manchester City Council - Chorlton,Chorlton Place,2019,July,29,Saturday,20 Jul 2019,15:00,225,215,440,225,215,440,No Group
Manchester City Council - Chorlton,Chorlton Place,2019,July,29,Saturday,20 Jul 2019,16:00,211,193,404,211,193,404,No Group
Manchester City Council - Chorlton,Chorlton Place,2019,July,29,Saturday,20 Jul 2019,17:00,98,98,196,98,98,196,No Group
Manchester City Council - Chorlton,Chorlton Place,2019,July,29,Saturday,20 Jul 2019,18:00,90,85,175,90,85,175,No Group
Manchester City Council - Chorlton,Chorlton Place,2019,July,29,Saturday,20 Jul 2019,19:00,62,61,123,62,61,123,No Group
Manchester City Council - Chorlton,Chorlton Place,2019,July,29,Saturday,20 Jul 2019,20:00,71,75,146,71,75,146,No Group
Manchester City Council - Chorlton,Chorlton Place,2019,July,29,Saturday,20 Jul 2019,21:00,84,56,140,84,56,140,No Group
Manchester City Council - Chorlton,Chorlton Place,2019,July,29,Saturday,20 Jul 2019,22:00,62,81,143,62,81,143,No Group
Manchester City Council - Chorlton,Chorlton Place,2019,July,29,Saturday,20 Jul 2019,23:00,46,77,123,46,77,123,No Group
Manchester City Council - Chorlton,Chorlton Place,2019,July,29,Sunday,21 Jul 2019,00:00,56,111,167,56,111,167,No Group
Manchester City Council - Chorlton,Chorlton Place,2019,July,29,Sunday,21 Jul 2019,01:00,31,9,40,31,9,40,No Group
Manchester City Council - Chorlton,Chorlton Place,2019,July,29,Sunday,21 Jul 2019,02:00,4,1,5,4,1,5,No Group
Manchester City Council - Chorlton,Chorlton Place,2019,July,29,Sunday,21 Jul 2019,03:00,8,1,9,8,1,9,No Group
Manchester City Council - Chorlton,Chorlton Place,2019,July,29,Sunday,21 Jul 2019,04:00,2,1,3,2,1,3,No Group
Manchester City Council - Chorlton,Chorlton Place,2019,July,29,Sunday,21 Jul 2019,05:00,3,2,5,3,2,5,No Group
Manchester City Council - Chorlton,Chorlton Place,2019,July,29,Sunday,21 Jul 2019,06:00,5,8,13,5,8,13,No Group
Manchester City Council - Chorlton,Chorlton Place,2019,July,29,Sunday,21 Jul 2019,07:00,11,16,27,11,16,27,No Group
Manchester City Council - Chorlton,Chorlton Place,2019,July,29,Sunday,21 Jul 2019,08:00,17,24,41,17,24,41,No Group
Manchester City Council - Chorlton,Chorlton Place,2019,July,29,Sunday,21 Jul 2019,09:00,41,51,92,41,51,92,No Group
Manchester City Council - Chorlton,Chorlton Place,2019,July,29,Sunday,21 Jul 2019,10:00,60,74,134,60,74,134,No Group
Manchester City Council - Chorlton,Chorlton Place,2019,July,29,Sunday,21 Jul 2019,11:00,89,111,200,89,111,200,No Group
Manchester City Council - Chorlton,Chorlton Place,2019,July,29,Sunday,21 Jul 2019,12:00,102,116,218,102,116,218,No Group
Manchester City Council - Chorlton,Chorlton Place,2019,July,29,Sunday,21 Jul 2019,13:00,127,154,281,127,154,281,No Group
Manchester City Council - Chorlton,Chorlton Place,2019,July,29,Sunday,21 Jul 2019,14:00,96,145,241,96,145,241,No Group
Manchester City Council - Chorlton,Chorlton Place,2019,July,29,Sunday,21 Jul 2019,15:00,109,95,204,109,95,204,No Group
Manchester City Council - Chorlton,Chorlton Place,2019,July,29,Sunday,21 Jul 2019,16:00,84,97,181,84,97,181,No Group
Manchester City Council - Chorlton,Chorlton Place,2019,July,29,Sunday,21 Jul 2019,17:00,57,58,115,57,58,115,No Group
Manchester City Council - Chorlton,Chorlton Place,2019,July,29,Sunday,21 Jul 2019,18:00,56,66,122,56,66,122,No Group
Manchester City Council - Chorlton,Chorlton Place,2019,July,29,Sunday,21 Jul 2019,19:00,49,60,109,49,60,109,No Group
Manchester City Council - Chorlton,Chorlton Place,2019,July,29,Sunday,21 Jul 2019,20:00,26,46,72,26,46,72,No Group
Manchester City Council - Chorlton,Chorlton Place,2019,July,29,Sunday,21 Jul 2019,21:00,21,42,63,21,42,63,No Group
Manchester City Council - Chorlton,Chorlton Place,2019,July,29,Sunday,21 Jul 2019,22:00,8,23,31,8,23,31,No Group
Manchester City Council - Chorlton,Chorlton Place,2019,July,29,Sunday,21 Jul 2019,23:00,10,11,21,10,11,21,No Group
Manchester City Council - Chorlton,Chorlton Place,2019,July,30,Monday,22 Jul 2019,00:00,9,2,11,9,2,11,No Group
Manchester City Council - Chorlton,Chorlton Place,2019,July,30,Monday,22 Jul 2019,01:00,27,1,28,27,1,28,No Group
Manchester City Council - Chorlton,Chorlton Place,2019,July,30,Monday,22 Jul 2019,02:00,9,1,10,9,1,10,No Group
Manchester City Council - Chorlton,Chorlton Place,2019,July,30,Monday,22 Jul 2019,03:00,12,3,15,12,3,15,No Group
Manchester City Council - Chorlton,Chorlton Place,2019,July,30,Monday,22 Jul 2019,04:00,1,2,3,1,2,3,No Group
Manchester City Council - Chorlton,Chorlton Place,2019,July,30,Monday,22 Jul 2019,05:00,5,10,15,5,10,15,No Group
Manchester City Council - Chorlton,Chorlton Place,2019,July,30,Monday,22 Jul 2019,06:00,7,18,25,7,18,25,No Group
Manchester City Council - Chorlton,Chorlton Place,2019,July,30,Monday,22 Jul 2019,07:00,21,79,100,21,79,100,No Group
Manchester City Council - Chorlton,Chorlton Place,2019,July,30,Monday,22 Jul 2019,08:00,37,92,129,37,92,129,No Group
Manchester City Council - Chorlton,Chorlton Place,2019,July,30,Monday,22 Jul 2019,09:00,75,114,189,75,114,189,No Group
Manchester City Council - Chorlton,Chorlton Place,2019,July,30,Monday,22 Jul 2019,10:00,120,141,261,120,141,261,No Group
Manchester City Council - Chorlton,Chorlton Place,2019,July,30,Monday,22 Jul 2019,11:00,134,148,282,134,148,282,No Group
Manchester City Council - Chorlton,Chorlton Place,2019,July,30,Monday,22 Jul 2019,12:00,213,230,443,213,230,443,No Group
Manchester City Council - Chorlton,Chorlton Place,2019,July,30,Monday,22 Jul 2019,13:00,209,269,478,209,269,478,No Group
Manchester City Council - Chorlton,Chorlton Place,2019,July,30,Monday,22 Jul 2019,14:00,177,194,371,177,194,371,No Group
Manchester City Council - Chorlton,Chorlton Place,2019,July,30,Monday,22 Jul 2019,15:00,135,175,310,135,175,310,No Group
Manchester City Council - Chorlton,Chorlton Place,2019,July,30,Monday,22 Jul 2019,16:00,132,149,281,132,149,281,No Group
Manchester City Council - Chorlton,Chorlton Place,2019,July,30,Monday,22 Jul 2019,17:00,124,94,218,124,94,218,No Group
Manchester City Council - Chorlton,Chorlton Place,2019,July,30,Monday,22 Jul 2019,18:00,119,100,219,119,100,219,No Group
Manchester City Council - Chorlton,Chorlton Place,2019,July,30,Monday,22 Jul 2019,19:00,80,62,142,80,62,142,No Group
Manchester City Council - Chorlton,Chorlton Place,2019,July,30,Monday,22 Jul 2019,20:00,60,41,101,60,41,101,No Group
Manchester City Council - Chorlton,Chorlton Place,2019,July,30,Monday,22 Jul 2019,21:00,28,48,76,28,48,76,No Group
Manchester City Council - Chorlton,Chorlton Place,2019,July,30,Monday,22 Jul 2019,22:00,21,27,48,21,27,48,No Group
Manchester City Council - Chorlton,Chorlton Place,2019,July,30,Monday,22 Jul 2019,23:00,18,26,44,18,26,44,No Group
Manchester City Council - Chorlton,Chorlton Place,2019,July,30,Tuesday,23 Jul 2019,00:00,10,2,12,10,2,12,No Group
Manchester City Council - Chorlton,Chorlton Place,2019,July,30,Tuesday,23 Jul 2019,01:00,0,1,1,0,1,1,No Group
Manchester City Council - Chorlton,Chorlton Place,2019,July,30,Tuesday,23 Jul 2019,02:00,11,10,21,11,10,21,No Group
Manchester City Council - Chorlton,Chorlton Place,2019,July,30,Tuesday,23 Jul 2019,03:00,0,1,1,0,1,1,No Group
Manchester City Council - Chorlton,Chorlton Place,2019,July,30,Tuesday,23 Jul 2019,04:00,2,3,5,2,3,5,No Group
Manchester City Council - Chorlton,Chorlton Place,2019,July,30,Tuesday,23 Jul 2019,05:00,0,4,4,0,4,4,No Group
Manchester City Council - Chorlton,Chorlton Place,2019,July,30,Tuesday,23 Jul 2019,06:00,14,30,44,14,30,44,No Group
Manchester City Council - Chorlton,Chorlton Place,2019,July,30,Tuesday,23 Jul 2019,07:00,15,73,88,15,73,88,No Group
Manchester City Council - Chorlton,Chorlton Place,2019,July,30,Tuesday,23 Jul 2019,08:00,35,105,140,35,105,140,No Group
Manchester City Council - Chorlton,Chorlton Place,2019,July,30,Tuesday,23 Jul 2019,09:00,81,124,205,81,124,205,No Group
Manchester City Council - Chorlton,Chorlton Place,2019,July,30,Tuesday,23 Jul 2019,10:00,117,153,270,117,153,270,No Group
Manchester City Council - Chorlton,Chorlton Place,2019,July,30,Tuesday,23 Jul 2019,11:00,158,151,309,158,151,309,No Group
Manchester City Council - Chorlton,Chorlton Place,2019,July,30,Tuesday,23 Jul 2019,12:00,225,232,457,225,232,457,No Group
Manchester City Council - Chorlton,Chorlton Place,2019,July,30,Tuesday,23 Jul 2019,13:00,181,249,430,181,249,430,No Group
Manchester City Council - Chorlton,Chorlton Place,2019,July,30,Tuesday,23 Jul 2019,14:00,189,211,400,189,211,400,No Group
Manchester City Council - Chorlton,Chorlton Place,2019,July,30,Tuesday,23 Jul 2019,15:00,141,153,294,141,153,294,No Group
Manchester City Council - Chorlton,Chorlton Place,2019,July,30,Tuesday,23 Jul 2019,16:00,140,141,281,140,141,281,No Group
Manchester City Council - Chorlton,Chorlton Place,2019,July,30,Tuesday,23 Jul 2019,17:00,110,105,215,110,105,215,No Group
Manchester City Council - Chorlton,Chorlton Place,2019,July,30,Tuesday,23 Jul 2019,18:00,109,85,194,109,85,194,No Group
Manchester City Council - Chorlton,Chorlton Place,2019,July,30,Tuesday,23 Jul 2019,19:00,95,77,172,95,77,172,No Group
Manchester City Council - Chorlton,Chorlton Place,2019,July,30,Tuesday,23 Jul 2019,20:00,57,58,115,57,58,115,No Group
Manchester City Council - Chorlton,Chorlton Place,2019,July,30,Tuesday,23 Jul 2019,21:00,32,36,68,32,36,68,No Group
Manchester City Council - Chorlton,Chorlton Place,2019,July,30,Tuesday,23 Jul 2019,22:00,29,49,78,29,49,78,No Group
Manchester City Council - Chorlton,Chorlton Place,2019,July,30,Tuesday,23 Jul 2019,23:00,24,17,41,24,17,41,No Group
Manchester City Council - Chorlton,Chorlton Place,2019,July,30,Wednesday,24 Jul 2019,00:00,8,8,16,8,8,16,No Group
Manchester City Council - Chorlton,Chorlton Place,2019,July,30,Wednesday,24 Jul 2019,01:00,2,0,2,2,0,2,No Group
Manchester City Council - Chorlton,Chorlton Place,2019,July,30,Wednesday,24 Jul 2019,02:00,3,4,7,3,4,7,No Group
Manchester City Council - Chorlton,Chorlton Place,2019,July,30,Wednesday,24 Jul 2019,03:00,3,1,4,3,1,4,No Group
Manchester City Council - Chorlton,Chorlton Place,2019,July,30,Wednesday,24 Jul 2019,04:00,2,3,5,2,3,5,No Group
Manchester City Council - Chorlton,Chorlton Place,2019,July,30,Wednesday,24 Jul 2019,05:00,2,10,12,2,10,12,No Group
Manchester City Council - Chorlton,Chorlton Place,2019,July,30,Wednesday,24 Jul 2019,06:00,11,23,34,11,23,34,No Group
Manchester City Council - Chorlton,Chorlton Place,2019,July,30,Wednesday,24 Jul 2019,07:00,18,74,92,18,74,92,No Group
Manchester City Council - Chorlton,Chorlton Place,2019,July,30,Wednesday,24 Jul 2019,08:00,50,107,157,50,107,157,No Group
Manchester City Council - Chorlton,Chorlton Place,2019,July,30,Wednesday,24 Jul 2019,09:00,67,114,181,67,114,181,No Group
Manchester City Council - Chorlton,Chorlton Place,2019,July,30,Wednesday,24 Jul 2019,10:00,105,126,231,105,126,231,No Group
Manchester City Council - Chorlton,Chorlton Place,2019,July,30,Wednesday,24 Jul 2019,11:00,129,149,278,129,149,278,No Group
Manchester City Council - Chorlton,Chorlton Place,2019,July,30,Wednesday,24 Jul 2019,12:00,182,214,396,182,214,396,No Group
Manchester City Council - Chorlton,Chorlton Place,2019,July,30,Wednesday,24 Jul 2019,13:00,217,252,469,217,252,469,No Group
Manchester City Council - Chorlton,Chorlton Place,2019,July,30,Wednesday,24 Jul 2019,14:00,171,179,350,171,179,350,No Group
Manchester City Council - Chorlton,Chorlton Place,2019,July,30,Wednesday,24 Jul 2019,15:00,131,133,264,131,133,264,No Group
Manchester City Council - Chorlton,Chorlton Place,2019,July,30,Wednesday,24 Jul 2019,16:00,136,116,252,136,116,252,No Group
Manchester City Council - Chorlton,Chorlton Place,2019,July,30,Wednesday,24 Jul 2019,17:00,121,112,233,121,112,233,No Group
Manchester City Council - Chorlton,Chorlton Place,2019,July,30,Wednesday,24 Jul 2019,18:00,102,80,182,102,80,182,No Group
Manchester City Council - Chorlton,Chorlton Place,2019,July,30,Wednesday,24 Jul 2019,19:00,90,77,167,90,77,167,No Group
Manchester City Council - Chorlton,Chorlton Place,2019,July,30,Wednesday,24 Jul 2019,20:00,53,48,101,53,48,101,No Group
Manchester City Council - Chorlton,Chorlton Place,2019,July,30,Wednesday,24 Jul 2019,21:00,60,39,99,60,39,99,No Group
Manchester City Council - Chorlton,Chorlton Place,2019,July,30,Wednesday,24 Jul 2019,22:00,37,47,84,37,47,84,No Group
Manchester City Council - Chorlton,Chorlton Place,2019,July,30,Wednesday,24 Jul 2019,23:00,26,23,49,26,23,49,No Group
Manchester City Council - Chorlton,Chorlton Place,2019,July,30,Thursday,25 Jul 2019,00:00,13,8,21,13,8,21,No Group
Manchester City Council - Chorlton,Chorlton Place,2019,July,30,Thursday,25 Jul 2019,01:00,1,6,7,1,6,7,No Group
Manchester City Council - Chorlton,Chorlton Place,2019,July,30,Thursday,25 Jul 2019,02:00,1,0,1,1,0,1,No Group
Manchester City Council - Chorlton,Chorlton Place,2019,July,30,Thursday,25 Jul 2019,03:00,0,1,1,0,1,1,No Group
Manchester City Council - Chorlton,Chorlton Place,2019,July,30,Thursday,25 Jul 2019,04:00,0,2,2,0,2,2,No Group
Manchester City Council - Chorlton,Chorlton Place,2019,July,30,Thursday,25 Jul 2019,05:00,4,6,10,4,6,10,No Group
Manchester City Council - Chorlton,Chorlton Place,2019,July,30,Thursday,25 Jul 2019,06:00,11,24,35,11,24,35,No Group
Manchester City Council - Chorlton,Chorlton Place,2019,July,30,Thursday,25 Jul 2019,07:00,25,89,114,25,89,114,No Group
Manchester City Council - Chorlton,Chorlton Place,2019,July,30,Thursday,25 Jul 2019,08:00,41,110,151,41,110,151,No Group
Manchester City Council - Chorlton,Chorlton Place,2019,July,30,Thursday,25 Jul 2019,09:00,103,141,244,103,141,244,No Group
Manchester City Council - Chorlton,Chorlton Place,2019,July,30,Thursday,25 Jul 2019,10:00,125,126,251,125,126,251,No Group
Manchester City Council - Chorlton,Chorlton Place,2019,July,30,Thursday,25 Jul 2019,11:00,122,131,253,122,131,253,No Group
Manchester City Council - Chorlton,Chorlton Place,2019,July,30,Thursday,25 Jul 2019,12:00,217,245,462,217,245,462,No Group
Manchester City Council - Chorlton,Chorlton Place,2019,July,30,Thursday,25 Jul 2019,13:00,228,267,495,228,267,495,No Group
Manchester City Council - Chorlton,Chorlton Place,2019,July,30,Thursday,25 Jul 2019,14:00,191,196,387,191,196,387,No Group
Manchester City Council - Chorlton,Chorlton Place,2019,July,30,Thursday,25 Jul 2019,15:00,135,145,280,135,145,280,No Group
Manchester City Council - Chorlton,Chorlton Place,2019,July,30,Thursday,25 Jul 2019,16:00,121,128,249,121,128,249,No Group
Manchester City Council - Chorlton,Chorlton Place,2019,July,30,Thursday,25 Jul 2019,17:00,80,88,168,80,88,168,No Group
Manchester City Council - Chorlton,Chorlton Place,2019,July,30,Thursday,25 Jul 2019,18:00,97,96,193,97,96,193,No Group
Manchester City Council - Chorlton,Chorlton Place,2019,July,30,Thursday,25 Jul 2019,19:00,81,60,141,81,60,141,No Group
Manchester City Council - Chorlton,Chorlton Place,2019,July,30,Thursday,25 Jul 2019,20:00,61,44,105,61,44,105,No Group
Manchester City Council - Chorlton,Chorlton Place,2019,July,30,Thursday,25 Jul 2019,21:00,32,57,89,32,57,89,No Group
Manchester City Council - Chorlton,Chorlton Place,2019,July,30,Thursday,25 Jul 2019,22:00,34,38,72,34,38,72,No Group
Manchester City Council - Chorlton,Chorlton Place,2019,July,30,Thursday,25 Jul 2019,23:00,36,30,66,36,30,66,No Group
Manchester City Council - Chorlton,Chorlton Place,2019,July,30,Friday,26 Jul 2019,00:00,13,14,27,13,14,27,No Group
Manchester City Council - Chorlton,Chorlton Place,2019,July,30,Friday,26 Jul 2019,01:00,6,5,11,6,5,11,No Group
Manchester City Council - Chorlton,Chorlton Place,2019,July,30,Friday,26 Jul 2019,02:00,3,4,7,3,4,7,No Group
Manchester City Council - Chorlton,Chorlton Place,2019,July,30,Friday,26 Jul 2019,03:00,0,4,4,0,4,4,No Group
Manchester City Council - Chorlton,Chorlton Place,2019,July,30,Friday,26 Jul 2019,04:00,1,10,11,1,10,11,No Group
Manchester City Council - Chorlton,Chorlton Place,2019,July,30,Friday,26 Jul 2019,05:00,11,7,18,11,7,18,No Group
Manchester City Council - Chorlton,Chorlton Place,2019,July,30,Friday,26 Jul 2019,06:00,16,27,43,16,27,43,No Group
Manchester City Council - Chorlton,Chorlton Place,2019,July,30,Friday,26 Jul 2019,07:00,26,82,108,26,82,108,No Group
Manchester City Council - Chorlton,Chorlton Place,2019,July,30,Friday,26 Jul 2019,08:00,38,102,140,38,102,140,No Group
Manchester City Council - Chorlton,Chorlton Place,2019,July,30,Friday,26 Jul 2019,09:00,77,114,191,77,114,191,No Group
Manchester City Council - Chorlton,Chorlton Place,2019,July,30,Friday,26 Jul 2019,10:00,115,140,255,115,140,255,No Group
Manchester City Council - Chorlton,Chorlton Place,2019,July,30,Friday,26 Jul 2019,11:00,159,168,327,159,168,327,No Group
Manchester City Council - Chorlton,Chorlton Place,2019,July,30,Friday,26 Jul 2019,12:00,180,206,386,180,206,386,No Group
Manchester City Council - Chorlton,Chorlton Place,2019,July,30,Friday,26 Jul 2019,13:00,162,190,352,162,190,352,No Group
Manchester City Council - Chorlton,Chorlton Place,2019,July,30,Friday,26 Jul 2019,14:00,167,167,334,167,167,334,No Group
Manchester City Council - Chorlton,Chorlton Place,2019,July,30,Friday,26 Jul 2019,15:00,147,164,311,147,164,311,No Group
Manchester City Council - Chorlton,Chorlton Place,2019,July,30,Friday,26 Jul 2019,16:00,149,156,305,149,156,305,No Group
Manchester City Council - Chorlton,Chorlton Place,2019,July,30,Friday,26 Jul 2019,17:00,102,87,189,102,87,189,No Group
Manchester City Council - Chorlton,Chorlton Place,2019,July,30,Friday,26 Jul 2019,18:00,86,108,194,86,108,194,No Group
Manchester City Council - Chorlton,Chorlton Place,2019,July,30,Friday,26 Jul 2019,19:00,95,86,181,95,86,181,No Group
Manchester City Council - Chorlton,Chorlton Place,2019,July,30,Friday,26 Jul 2019,20:00,84,75,159,84,75,159,No Group
Manchester City Council - Chorlton,Chorlton Place,2019,July,30,Friday,26 Jul 2019,21:00,50,67,117,50,67,117,No Group
Manchester City Council - Chorlton,Chorlton Place,2019,July,30,Friday,26 Jul 2019,22:00,49,55,104,49,55,104,No Group
Manchester City Council - Chorlton,Chorlton Place,2019,July,30,Friday,26 Jul 2019,23:00,54,56,110,54,56,110,No Group
Manchester City Council - Chorlton,Chorlton Place,2019,July,30,Saturday,27 Jul 2019,00:00,62,75,137,62,75,137,No Group
Manchester City Council - Chorlton,Chorlton Place,2019,July,30,Saturday,27 Jul 2019,01:00,24,20,44,24,20,44,No Group
Manchester City Council - Chorlton,Chorlton Place,2019,July,30,Saturday,27 Jul 2019,02:00,8,4,12,8,4,12,No Group
Manchester City Council - Chorlton,Chorlton Place,2019,July,30,Saturday,27 Jul 2019,03:00,1,8,9,1,8,9,No Group
Manchester City Council - Chorlton,Chorlton Place,2019,July,30,Saturday,27 Jul 2019,04:00,2,4,6,2,4,6,No Group
Manchester City Council - Chorlton,Chorlton Place,2019,July,30,Saturday,27 Jul 2019,05:00,2,1,3,2,1,3,No Group
Manchester City Council - Chorlton,Chorlton Place,2019,July,30,Saturday,27 Jul 2019,06:00,10,10,20,10,10,20,No Group
Manchester City Council - Chorlton,Chorlton Place,2019,July,30,Saturday,27 Jul 2019,07:00,14,21,35,14,21,35,No Group
Manchester City Council - Chorlton,Chorlton Place,2019,July,30,Saturday,27 Jul 2019,08:00,54,54,108,54,54,108,No Group
Manchester City Council - Chorlton,Chorlton Place,2019,July,30,Saturday,27 Jul 2019,09:00,102,146,248,102,146,248,No Group
Manchester City Council - Chorlton,Chorlton Place,2019,July,30,Saturday,27 Jul 2019,10:00,192,197,389,192,197,389,No Group
Manchester City Council - Chorlton,Chorlton Place,2019,July,30,Saturday,27 Jul 2019,11:00,187,269,456,187,269,456,No Group
Manchester City Council - Chorlton,Chorlton Place,2019,July,30,Saturday,27 Jul 2019,12:00,237,239,476,237,239,476,No Group
Manchester City Council - Chorlton,Chorlton Place,2019,July,30,Saturday,27 Jul 2019,13:00,296,263,559,296,263,559,No Group
Manchester City Council - Chorlton,Chorlton Place,2019,July,30,Saturday,27 Jul 2019,14:00,245,275,520,245,275,520,No Group
Manchester City Council - Chorlton,Chorlton Place,2019,July,30,Saturday,27 Jul 2019,15:00,241,264,505,241,264,505,No Group
Manchester City Council - Chorlton,Chorlton Place,2019,July,30,Saturday,27 Jul 2019,16:00,179,164,343,179,164,343,No Group
Manchester City Council - Chorlton,Chorlton Place,2019,July,30,Saturday,27 Jul 2019,17:00,105,137,242,105,137,242,No Group
Manchester City Council - Chorlton,Chorlton Place,2019,July,30,Saturday,27 Jul 2019,18:00,106,94,200,106,94,200,No Group
Manchester City Council - Chorlton,Chorlton Place,2019,July,30,Saturday,27 Jul 2019,19:00,84,87,171,84,87,171,No Group
Manchester City Council - Chorlton,Chorlton Place,2019,July,30,Saturday,27 Jul 2019,20:00,61,61,122,61,61,122,No Group
Manchester City Council - Chorlton,Chorlton Place,2019,July,30,Saturday,27 Jul 2019,21:00,41,68,109,41,68,109,No Group
Manchester City Council - Chorlton,Chorlton Place,2019,July,30,Saturday,27 Jul 2019,22:00,38,52,90,38,52,90,No Group
Manchester City Council - Chorlton,Chorlton Place,2019,July,30,Saturday,27 Jul 2019,23:00,35,27,62,35,27,62,No Group
Manchester City Council - Chorlton,Chorlton Place,2019,July,30,Sunday,28 Jul 2019,00:00,16,11,27,16,11,27,No Group
Manchester City Council - Chorlton,Chorlton Place,2019,July,30,Sunday,28 Jul 2019,01:00,22,8,30,22,8,30,No Group
Manchester City Council - Chorlton,Chorlton Place,2019,July,30,Sunday,28 Jul 2019,02:00,4,8,12,4,8,12,No Group
Manchester City Council - Chorlton,Chorlton Place,2019,July,30,Sunday,28 Jul 2019,03:00,10,8,18,10,8,18,No Group
Manchester City Council - Chorlton,Chorlton Place,2019,July,30,Sunday,28 Jul 2019,04:00,8,12,20,8,12,20,No Group
Manchester City Council - Chorlton,Chorlton Place,2019,July,30,Sunday,28 Jul 2019,05:00,2,1,3,2,1,3,No Group
Manchester City Council - Chorlton,Chorlton Place,2019,July,30,Sunday,28 Jul 2019,06:00,6,11,17,6,11,17,No Group
Manchester City Council - Chorlton,Chorlton Place,2019,July,30,Sunday,28 Jul 2019,07:00,14,9,23,14,9,23,No Group
Manchester City Council - Chorlton,Chorlton Place,2019,July,30,Sunday,28 Jul 2019,08:00,14,22,36,14,22,36,No Group
Manchester City Council - Chorlton,Chorlton Place,2019,July,30,Sunday,28 Jul 2019,09:00,34,48,82,34,48,82,No Group
Manchester City Council - Chorlton,Chorlton Place,2019,July,30,Sunday,28 Jul 2019,10:00,49,75,124,49,75,124,No Group
Manchester City Council - Chorlton,Chorlton Place,2019,July,30,Sunday,28 Jul 2019,11:00,89,90,179,89,90,179,No Group
Manchester City Council - Chorlton,Chorlton Place,2019,July,30,Sunday,28 Jul 2019,12:00,83,127,210,83,127,210,No Group
Manchester City Council - Chorlton,Chorlton Place,2019,July,30,Sunday,28 Jul 2019,13:00,95,146,241,95,146,241,No Group
Manchester City Council - Chorlton,Chorlton Place,2019,July,30,Sunday,28 Jul 2019,14:00,103,127,230,103,127,230,No Group
Manchester City Council - Chorlton,Chorlton Place,2019,July,30,Sunday,28 Jul 2019,15:00,103,120,223,103,120,223,No Group
Manchester City Council - Chorlton,Chorlton Place,2019,July,30,Sunday,28 Jul 2019,16:00,91,90,181,91,90,181,No Group
Manchester City Council - Chorlton,Chorlton Place,2019,July,30,Sunday,28 Jul 2019,17:00,62,57,119,62,57,119,No Group
Manchester City Council - Chorlton,Chorlton Place,2019,July,30,Sunday,28 Jul 2019,18:00,52,55,107,52,55,107,No Group
Manchester City Council - Chorlton,Chorlton Place,2019,July,30,Sunday,28 Jul 2019,19:00,52,62,114,52,62,114,No Group
Manchester City Council - Chorlton,Chorlton Place,2019,July,30,Sunday,28 Jul 2019,20:00,36,26,62,36,26,62,No Group
Manchester City Council - Chorlton,Chorlton Place,2019,July,30,Sunday,28 Jul 2019,21:00,23,25,48,23,25,48,No Group
Manchester City Council - Chorlton,Chorlton Place,2019,July,30,Sunday,28 Jul 2019,22:00,8,17,25,8,17,25,No Group
Manchester City Council - Chorlton,Chorlton Place,2019,July,30,Sunday,28 Jul 2019,23:00,11,9,20,11,9,20,No Group
Manchester City Council - Chorlton,Chorlton Place,2019,August,31,Monday,29 Jul 2019,00:00,7,5,12,7,5,12,No Group
Manchester City Council - Chorlton,Chorlton Place,2019,August,31,Monday,29 Jul 2019,01:00,2,1,3,2,1,3,No Group
Manchester City Council - Chorlton,Chorlton Place,2019,August,31,Monday,29 Jul 2019,02:00,2,1,3,2,1,3,No Group
Manchester City Council - Chorlton,Chorlton Place,2019,August,31,Monday,29 Jul 2019,03:00,2,2,4,2,2,4,No Group
Manchester City Council - Chorlton,Chorlton Place,2019,August,31,Monday,29 Jul 2019,04:00,10,7,17,10,7,17,No Group
Manchester City Council - Chorlton,Chorlton Place,2019,August,31,Monday,29 Jul 2019,05:00,2,7,9,2,7,9,No Group
Manchester City Council - Chorlton,Chorlton Place,2019,August,31,Monday,29 Jul 2019,06:00,20,29,49,20,29,49,No Group
Manchester City Council - Chorlton,Chorlton Place,2019,August,31,Monday,29 Jul 2019,07:00,26,78,104,26,78,104,No Group
Manchester City Council - Chorlton,Chorlton Place,2019,August,31,Monday,29 Jul 2019,08:00,29,121,150,29,121,150,No Group
Manchester City Council - Chorlton,Chorlton Place,2019,August,31,Monday,29 Jul 2019,09:00,67,106,173,67,106,173,No Group
Manchester City Council - Chorlton,Chorlton Place,2019,August,31,Monday,29 Jul 2019,10:00,138,156,294,138,156,294,No Group
Manchester City Council - Chorlton,Chorlton Place,2019,August,31,Monday,29 Jul 2019,11:00,178,178,356,178,178,356,No Group
Manchester City Council - Chorlton,Chorlton Place,2019,August,31,Monday,29 Jul 2019,12:00,193,182,375,193,182,375,No Group
Manchester City Council - Chorlton,Chorlton Place,2019,August,31,Monday,29 Jul 2019,13:00,173,201,374,173,201,374,No Group
Manchester City Council - Chorlton,Chorlton Place,2019,August,31,Monday,29 Jul 2019,14:00,206,212,418,206,212,418,No Group
Manchester City Council - Chorlton,Chorlton Place,2019,August,31,Monday,29 Jul 2019,15:00,186,188,374,186,188,374,No Group
Manchester City Council - Chorlton,Chorlton Place,2019,August,31,Monday,29 Jul 2019,16:00,152,131,283,152,131,283,No Group
Manchester City Council - Chorlton,Chorlton Place,2019,August,31,Monday,29 Jul 2019,17:00,149,110,259,149,110,259,No Group
Manchester City Council - Chorlton,Chorlton Place,2019,August,31,Monday,29 Jul 2019,18:00,120,90,210,120,90,210,No Group
Manchester City Council - Chorlton,Chorlton Place,2019,August,31,Monday,29 Jul 2019,19:00,87,75,162,87,75,162,No Group
Manchester City Council - Chorlton,Chorlton Place,2019,August,31,Monday,29 Jul 2019,20:00,60,61,121,60,61,121,No Group
Manchester City Council - Chorlton,Chorlton Place,2019,August,31,Monday,29 Jul 2019,21:00,61,58,119,61,58,119,No Group
Manchester City Council - Chorlton,Chorlton Place,2019,August,31,Monday,29 Jul 2019,22:00,22,38,60,22,38,60,No Group
Manchester City Council - Chorlton,Chorlton Place,2019,August,31,Monday,29 Jul 2019,23:00,13,16,29,13,16,29,No Group
Manchester City Council - Chorlton,Chorlton Place,2019,August,31,Tuesday,30 Jul 2019,00:00,0,0,0,0,0,0,No Group
Manchester City Council - Chorlton,Chorlton Place,2019,August,31,Tuesday,30 Jul 2019,01:00,2,1,3,2,1,3,No Group
Manchester City Council - Chorlton,Chorlton Place,2019,August,31,Tuesday,30 Jul 2019,02:00,4,2,6,4,2,6,No Group
Manchester City Council - Chorlton,Chorlton Place,2019,August,31,Tuesday,30 Jul 2019,03:00,1,1,2,1,1,2,No Group
Manchester City Council - Chorlton,Chorlton Place,2019,August,31,Tuesday,30 Jul 2019,04:00,0,2,2,0,2,2,No Group
Manchester City Council - Chorlton,Chorlton Place,2019,August,31,Tuesday,30 Jul 2019,05:00,4,6,10,4,6,10,No Group
Manchester City Council - Chorlton,Chorlton Place,2019,August,31,Tuesday,30 Jul 2019,06:00,14,30,44,14,30,44,No Group
Manchester City Council - Chorlton,Chorlton Place,2019,August,31,Tuesday,30 Jul 2019,07:00,23,83,106,23,83,106,No Group
Manchester City Council - Chorlton,Chorlton Place,2019,August,31,Tuesday,30 Jul 2019,08:00,47,128,175,47,128,175,No Group
Manchester City Council - Chorlton,Chorlton Place,2019,August,31,Tuesday,30 Jul 2019,09:00,69,99,168,69,99,168,No Group
Manchester City Council - Chorlton,Chorlton Place,2019,August,31,Tuesday,30 Jul 2019,10:00,136,135,271,136,135,271,No Group
Manchester City Council - Chorlton,Chorlton Place,2019,August,31,Tuesday,30 Jul 2019,11:00,160,172,332,160,172,332,No Group
Manchester City Council - Chorlton,Chorlton Place,2019,August,31,Tuesday,30 Jul 2019,12:00,196,210,406,196,210,406,No Group
Manchester City Council - Chorlton,Chorlton Place,2019,August,31,Tuesday,30 Jul 2019,13:00,185,203,388,185,203,388,No Group
Manchester City Council - Chorlton,Chorlton Place,2019,August,31,Tuesday,30 Jul 2019,14:00,157,181,338,157,181,338,No Group
Manchester City Council - Chorlton,Chorlton Place,2019,August,31,Tuesday,30 Jul 2019,15:00,83,86,169,83,86,169,No Group
Manchester City Council - Chorlton,Chorlton Place,2019,August,31,Tuesday,30 Jul 2019,16:00,79,35,114,79,35,114,No Group
Manchester City Council - Chorlton,Chorlton Place,2019,August,31,Tuesday,30 Jul 2019,17:00,66,38,104,66,38,104,No Group
Manchester City Council - Chorlton,Chorlton Place,2019,August,31,Tuesday,30 Jul 2019,18:00,43,34,77,43,34,77,No Group
Manchester City Council - Chorlton,Chorlton Place,2019,August,31,Tuesday,30 Jul 2019,19:00,71,47,118,71,47,118,No Group
Manchester City Council - Chorlton,Chorlton Place,2019,August,31,Tuesday,30 Jul 2019,20:00,56,45,101,56,45,101,No Group
Manchester City Council - Chorlton,Chorlton Place,2019,August,31,Tuesday,30 Jul 2019,21:00,46,43,89,46,43,89,No Group
Manchester City Council - Chorlton,Chorlton Place,2019,August,31,Tuesday,30 Jul 2019,22:00,25,29,54,25,29,54,No Group
Manchester City Council - Chorlton,Chorlton Place,2019,August,31,Tuesday,30 Jul 2019,23:00,23,35,58,23,35,58,No Group
Manchester City Council - Chorlton,Chorlton Place,2019,August,31,Wednesday,31 Jul 2019,00:00,1,1,2,1,1,2,No Group
Manchester City Council - Chorlton,Chorlton Place,2019,August,31,Wednesday,31 Jul 2019,01:00,4,0,4,4,0,4,No Group
Manchester City Council - Chorlton,Chorlton Place,2019,August,31,Wednesday,31 Jul 2019,02:00,0,3,3,0,3,3,No Group
Manchester City Council - Chorlton,Chorlton Place,2019,August,31,Wednesday,31 Jul 2019,03:00,0,0,0,0,0,0,No Group
Manchester City Council - Chorlton,Chorlton Place,2019,August,31,Wednesday,31 Jul 2019,04:00,3,6,9,3,6,9,No Group
Manchester City Council - Chorlton,Chorlton Place,2019,August,31,Wednesday,31 Jul 2019,05:00,4,12,16,4,12,16,No Group
Manchester City Council - Chorlton,Chorlton Place,2019,August,31,Wednesday,31 Jul 2019,06:00,9,24,33,9,24,33,No Group
Manchester City Council - Chorlton,Chorlton Place,2019,August,31,Wednesday,31 Jul 2019,07:00,25,111,136,25,111,136,No Group
Manchester City Council - Chorlton,Chorlton Place,2019,August,31,Wednesday,31 Jul 2019,08:00,35,122,157,35,122,157,No Group
Manchester City Council - Chorlton,Chorlton Place,2019,August,31,Wednesday,31 Jul 2019,09:00,100,25,125,100,25,125,No Group
Manchester City Council - Chorlton,Chorlton Place,2019,August,31,Wednesday,31 Jul 2019,10:00,156,116,272,156,116,272,No Group
Manchester City Council - Chorlton,Chorlton Place,2019,August,31,Wednesday,31 Jul 2019,11:00,147,161,308,147,161,308,No Group
Manchester City Council - Chorlton,Chorlton Place,2019,August,31,Wednesday,31 Jul 2019,12:00,183,186,369,183,186,369,No Group
Manchester City Council - Chorlton,Chorlton Place,2019,August,31,Wednesday,31 Jul 2019,13:00,157,170,327,157,170,327,No Group
Manchester City Council - Chorlton,Chorlton Place,2019,August,31,Wednesday,31 Jul 2019,14:00,147,169,316,147,169,316,No Group
Manchester City Council - Chorlton,Chorlton Place,2019,August,31,Wednesday,31 Jul 2019,15:00,111,140,251,111,140,251,No Group
Manchester City Council - Chorlton,Chorlton Place,2019,August,31,Wednesday,31 Jul 2019,16:00,159,153,312,159,153,312,No Group
Manchester City Council - Chorlton,Chorlton Place,2019,August,31,Wednesday,31 Jul 2019,17:00,145,194,339,145,194,339,No Group
Manchester City Council - Chorlton,Chorlton Place,2019,August,31,Wednesday,31 Jul 2019,18:00,78,76,154,78,76,154,No Group
Manchester City Council - Chorlton,Chorlton Place,2019,August,31,Wednesday,31 Jul 2019,19:00,90,56,146,90,56,146,No Group
Manchester City Council - Chorlton,Chorlton Place,2019,August,31,Wednesday,31 Jul 2019,20:00,61,41,102,61,41,102,No Group
Manchester City Council - Chorlton,Chorlton Place,2019,August,31,Wednesday,31 Jul 2019,21:00,44,35,79,44,35,79,No Group
Manchester City Council - Chorlton,Chorlton Place,2019,August,31,Wednesday,31 Jul 2019,22:00,27,34,61,27,34,61,No Group
Manchester City Council - Chorlton,Chorlton Place,2019,August,31,Wednesday,31 Jul 2019,23:00,16,20,36,16,20,36,No Group
Manchester City Council - Chorlton,Chorlton Place,2019,August,31,Thursday,01 Aug 2019,00:00,12,4,16,12,4,16,No Group
Manchester City Council - Chorlton,Chorlton Place,2019,August,31,Thursday,01 Aug 2019,01:00,12,3,15,12,3,15,No Group
Manchester City Council - Chorlton,Chorlton Place,2019,August,31,Thursday,01 Aug 2019,02:00,1,1,2,1,1,2,No Group
Manchester City Council - Chorlton,Chorlton Place,2019,August,31,Thursday,01 Aug 2019,03:00,0,1,1,0,1,1,No Group
Manchester City Council - Chorlton,Chorlton Place,2019,August,31,Thursday,01 Aug 2019,04:00,1,4,5,1,4,5,No Group
Manchester City Council - Chorlton,Chorlton Place,2019,August,31,Thursday,01 Aug 2019,05:00,2,5,7,2,5,7,No Group
Manchester City Council - Chorlton,Chorlton Place,2019,August,31,Thursday,01 Aug 2019,06:00,14,25,39,14,25,39,No Group
Manchester City Council - Chorlton,Chorlton Place,2019,August,31,Thursday,01 Aug 2019,07:00,19,72,91,19,72,91,No Group
Manchester City Council - Chorlton,Chorlton Place,2019,August,31,Thursday,01 Aug 2019,08:00,40,109,149,40,109,149,No Group
Manchester City Council - Chorlton,Chorlton Place,2019,August,31,Thursday,01 Aug 2019,09:00,91,125,216,91,125,216,No Group
Manchester City Council - Chorlton,Chorlton Place,2019,August,31,Thursday,01 Aug 2019,10:00,146,154,300,146,154,300,No Group
Manchester City Council - Chorlton,Chorlton Place,2019,August,31,Thursday,01 Aug 2019,11:00,141,170,311,141,170,311,No Group
Manchester City Council - Chorlton,Chorlton Place,2019,August,31,Thursday,01 Aug 2019,12:00,209,228,437,209,228,437,No Group
Manchester City Council - Chorlton,Chorlton Place,2019,August,31,Thursday,01 Aug 2019,13:00,218,229,447,218,229,447,No Group
Manchester City Council - Chorlton,Chorlton Place,2019,August,31,Thursday,01 Aug 2019,14:00,183,211,394,183,211,394,No Group
Manchester City Council - Chorlton,Chorlton Place,2019,August,31,Thursday,01 Aug 2019,15:00,182,176,358,182,176,358,No Group
Manchester City Council - Chorlton,Chorlton Place,2019,August,31,Thursday,01 Aug 2019,16:00,150,153,303,150,153,303,No Group
Manchester City Council - Chorlton,Chorlton Place,2019,August,31,Thursday,01 Aug 2019,17:00,124,98,222,124,98,222,No Group
Manchester City Council - Chorlton,Chorlton Place,2019,August,31,Thursday,01 Aug 2019,18:00,98,93,191,98,93,191,No Group
Manchester City Council - Chorlton,Chorlton Place,2019,August,31,Thursday,01 Aug 2019,19:00,80,68,148,80,68,148,No Group
Manchester City Council - Chorlton,Chorlton Place,2019,August,31,Thursday,01 Aug 2019,20:00,60,46,106,60,46,106,No Group
Manchester City Council - Chorlton,Chorlton Place,2019,August,31,Thursday,01 Aug 2019,21:00,41,32,73,41,32,73,No Group
Manchester City Council - Chorlton,Chorlton Place,2019,August,31,Thursday,01 Aug 2019,22:00,25,26,51,25,26,51,No Group
Manchester City Council - Chorlton,Chorlton Place,2019,August,31,Thursday,01 Aug 2019,23:00,20,17,37,20,17,37,No Group
Manchester City Council - Chorlton,Chorlton Place,2019,August,31,Friday,02 Aug 2019,00:00,9,6,15,9,6,15,No Group
Manchester City Council - Chorlton,Chorlton Place,2019,August,31,Friday,02 Aug 2019,01:00,9,15,24,9,15,24,No Group
Manchester City Council - Chorlton,Chorlton Place,2019,August,31,Friday,02 Aug 2019,02:00,0,1,1,0,1,1,No Group
Manchester City Council - Chorlton,Chorlton Place,2019,August,31,Friday,02 Aug 2019,03:00,1,0,1,1,0,1,No Group
Manchester City Council - Chorlton,Chorlton Place,2019,August,31,Friday,02 Aug 2019,04:00,0,3,3,0,3,3,No Group
Manchester City Council - Chorlton,Chorlton Place,2019,August,31,Friday,02 Aug 2019,05:00,5,6,11,5,6,11,No Group
Manchester City Council - Chorlton,Chorlton Place,2019,August,31,Friday,02 Aug 2019,06:00,9,21,30,9,21,30,No Group
Manchester City Council - Chorlton,Chorlton Place,2019,August,31,Friday,02 Aug 2019,07:00,31,85,116,31,85,116,No Group
Manchester City Council - Chorlton,Chorlton Place,2019,August,31,Friday,02 Aug 2019,08:00,42,120,162,42,120,162,No Group
Manchester City Council - Chorlton,Chorlton Place,2019,August,31,Friday,02 Aug 2019,09:00,83,134,217,83,134,217,No Group
Manchester City Council - Chorlton,Chorlton Place,2019,August,31,Friday,02 Aug 2019,10:00,134,174,308,134,174,308,No Group
Manchester City Council - Chorlton,Chorlton Place,2019,August,31,Friday,02 Aug 2019,11:00,186,239,425,186,239,425,No Group
Manchester City Council - Chorlton,Chorlton Place,2019,August,31,Friday,02 Aug 2019,12:00,260,294,554,260,294,554,No Group
Manchester City Council - Chorlton,Chorlton Place,2019,August,31,Friday,02 Aug 2019,13:00,185,187,372,185,187,372,No Group
Manchester City Council - Chorlton,Chorlton Place,2019,August,31,Friday,02 Aug 2019,14:00,178,215,393,178,215,393,No Group
Manchester City Council - Chorlton,Chorlton Place,2019,August,31,Friday,02 Aug 2019,15:00,172,170,342,172,170,342,No Group
Manchester City Council - Chorlton,Chorlton Place,2019,August,31,Friday,02 Aug 2019,16:00,192,190,382,192,190,382,No Group
Manchester City Council - Chorlton,Chorlton Place,2019,August,31,Friday,02 Aug 2019,17:00,167,137,304,167,137,304,No Group
Manchester City Council - Chorlton,Chorlton Place,2019,August,31,Friday,02 Aug 2019,18:00,113,100,213,113,100,213,No Group
Manchester City Council - Chorlton,Chorlton Place,2019,August,31,Friday,02 Aug 2019,19:00,92,84,176,92,84,176,No Group
Manchester City Council - Chorlton,Chorlton Place,2019,August,31,Friday,02 Aug 2019,20:00,68,66,134,68,66,134,No Group
Manchester City Council - Chorlton,Chorlton Place,2019,August,31,Friday,02 Aug 2019,21:00,69,76,145,69,76,145,No Group
Manchester City Council - Chorlton,Chorlton Place,2019,August,31,Friday,02 Aug 2019,22:00,62,59,121,62,59,121,No Group
Manchester City Council - Chorlton,Chorlton Place,2019,August,31,Friday,02 Aug 2019,23:00,51,56,107,51,56,107,No Group
Manchester City Council - Chorlton,Chorlton Place,2019,August,31,Saturday,03 Aug 2019,00:00,56,79,135,56,79,135,No Group
Manchester City Council - Chorlton,Chorlton Place,2019,August,31,Saturday,03 Aug 2019,01:00,33,41,74,33,41,74,No Group
Manchester City Council - Chorlton,Chorlton Place,2019,August,31,Saturday,03 Aug 2019,02:00,8,8,16,8,8,16,No Group
Manchester City Council - Chorlton,Chorlton Place,2019,August,31,Saturday,03 Aug 2019,03:00,6,6,12,6,6,12,No Group
Manchester City Council - Chorlton,Chorlton Place,2019,August,31,Saturday,03 Aug 2019,04:00,2,4,6,2,4,6,No Group
Manchester City Council - Chorlton,Chorlton Place,2019,August,31,Saturday,03 Aug 2019,05:00,3,4,7,3,4,7,No Group
Manchester City Council - Chorlton,Chorlton Place,2019,August,31,Saturday,03 Aug 2019,06:00,12,23,35,12,23,35,No Group
Manchester City Council - Chorlton,Chorlton Place,2019,August,31,Saturday,03 Aug 2019,07:00,11,17,28,11,17,28,No Group
Manchester City Council - Chorlton,Chorlton Place,2019,August,31,Saturday,03 Aug 2019,08:00,45,63,108,45,63,108,No Group
Manchester City Council - Chorlton,Chorlton Place,2019,August,31,Saturday,03 Aug 2019,09:00,89,109,198,89,109,198,No Group
Manchester City Council - Chorlton,Chorlton Place,2019,August,31,Saturday,03 Aug 2019,10:00,167,191,358,167,191,358,No Group
Manchester City Council - Chorlton,Chorlton Place,2019,August,31,Saturday,03 Aug 2019,11:00,229,231,460,229,231,460,No Group
Manchester City Council - Chorlton,Chorlton Place,2019,August,31,Saturday,03 Aug 2019,12:00,299,335,634,299,335,634,No Group
Manchester City Council - Chorlton,Chorlton Place,2019,August,31,Saturday,03 Aug 2019,13:00,308,334,642,308,334,642,No Group
Manchester City Council - Chorlton,Chorlton Place,2019,August,31,Saturday,03 Aug 2019,14:00,244,295,539,244,295,539,No Group
Manchester City Council - Chorlton,Chorlton Place,2019,August,31,Saturday,03 Aug 2019,15:00,189,228,417,189,228,417,No Group
Manchester City Council - Chorlton,Chorlton Place,2019,August,31,Saturday,03 Aug 2019,16:00,157,164,321,157,164,321,No Group
Manchester City Council - Chorlton,Chorlton Place,2019,August,31,Saturday,03 Aug 2019,17:00,109,105,214,109,105,214,No Group
Manchester City Council - Chorlton,Chorlton Place,2019,August,31,Saturday,03 Aug 2019,18:00,86,84,170,86,84,170,No Group
Manchester City Council - Chorlton,Chorlton Place,2019,August,31,Saturday,03 Aug 2019,19:00,77,92,169,77,92,169,No Group
Manchester City Council - Chorlton,Chorlton Place,2019,August,31,Saturday,03 Aug 2019,20:00,86,60,146,86,60,146,No Group
Manchester City Council - Chorlton,Chorlton Place,2019,August,31,Saturday,03 Aug 2019,21:00,72,76,148,72,76,148,No Group
Manchester City Council - Chorlton,Chorlton Place,2019,August,31,Saturday,03 Aug 2019,22:00,19,22,41,19,22,41,No Group
Manchester City Council - Chorlton,Chorlton Place,2019,August,31,Saturday,03 Aug 2019,23:00,28,36,64,28,36,64,No Group
Manchester City Council - Chorlton,Chorlton Place,2019,August,31,Sunday,04 Aug 2019,00:00,20,39,59,20,39,59,No Group
Manchester City Council - Chorlton,Chorlton Place,2019,August,31,Sunday,04 Aug 2019,01:00,19,17,36,19,17,36,No Group
Manchester City Council - Chorlton,Chorlton Place,2019,August,31,Sunday,04 Aug 2019,02:00,8,5,13,8,5,13,No Group
Manchester City Council - Chorlton,Chorlton Place,2019,August,31,Sunday,04 Aug 2019,03:00,3,0,3,3,0,3,No Group
Manchester City Council - Chorlton,Chorlton Place,2019,August,31,Sunday,04 Aug 2019,04:00,1,3,4,1,3,4,No Group
Manchester City Council - Chorlton,Chorlton Place,2019,August,31,Sunday,04 Aug 2019,05:00,2,0,2,2,0,2,No Group
Manchester City Council - Chorlton,Chorlton Place,2019,August,31,Sunday,04 Aug 2019,06:00,7,13,20,7,13,20,No Group
Manchester City Council - Chorlton,Chorlton Place,2019,August,31,Sunday,04 Aug 2019,07:00,11,10,21,11,10,21,No Group
Manchester City Council - Chorlton,Chorlton Place,2019,August,31,Sunday,04 Aug 2019,08:00,8,26,34,8,26,34,No Group
Manchester City Council - Chorlton,Chorlton Place,2019,August,31,Sunday,04 Aug 2019,09:00,35,50,85,35,50,85,No Group
Manchester City Council - Chorlton,Chorlton Place,2019,August,31,Sunday,04 Aug 2019,10:00,55,71,126,55,71,126,No Group
Manchester City Council - Chorlton,Chorlton Place,2019,August,31,Sunday,04 Aug 2019,11:00,89,95,184,89,95,184,No Group
Manchester City Council - Chorlton,Chorlton Place,2019,August,31,Sunday,04 Aug 2019,12:00,124,134,258,124,134,258,No Group
Manchester City Council - Chorlton,Chorlton Place,2019,August,31,Sunday,04 Aug 2019,13:00,82,116,198,82,116,198,No Group
Manchester City Council - Chorlton,Chorlton Place,2019,August,31,Sunday,04 Aug 2019,14:00,116,117,233,116,117,233,No Group
Manchester City Council - Chorlton,Chorlton Place,2019,August,31,Sunday,04 Aug 2019,15:00,107,102,209,107,102,209,No Group
Manchester City Council - Chorlton,Chorlton Place,2019,August,31,Sunday,04 Aug 2019,16:00,64,89,153,64,89,153,No Group
Manchester City Council - Chorlton,Chorlton Place,2019,August,31,Sunday,04 Aug 2019,17:00,87,96,183,87,96,183,No Group
Manchester City Council - Chorlton,Chorlton Place,2019,August,31,Sunday,04 Aug 2019,18:00,68,73,141,68,73,141,No Group
Manchester City Council - Chorlton,Chorlton Place,2019,August,31,Sunday,04 Aug 2019,19:00,48,51,99,48,51,99,No Group
Manchester City Council - Chorlton,Chorlton Place,2019,August,31,Sunday,04 Aug 2019,20:00,44,35,79,44,35,79,No Group
Manchester City Council - Chorlton,Chorlton Place,2019,August,31,Sunday,04 Aug 2019,21:00,30,44,74,30,44,74,No Group
Manchester City Council - Chorlton,Chorlton Place,2019,August,31,Sunday,04 Aug 2019,22:00,23,34,57,23,34,57,No Group
Manchester City Council - Chorlton,Chorlton Place,2019,August,31,Sunday,04 Aug 2019,23:00,11,14,25,11,14,25,No Group
Manchester City Council - Chorlton,Chorlton Place,2019,August,32,Monday,05 Aug 2019,00:00,6,2,8,6,2,8,No Group
Manchester City Council - Chorlton,Chorlton Place,2019,August,32,Monday,05 Aug 2019,01:00,11,10,21,11,10,21,No Group
Manchester City Council - Chorlton,Chorlton Place,2019,August,32,Monday,05 Aug 2019,02:00,1,1,2,1,1,2,No Group
Manchester City Council - Chorlton,Chorlton Place,2019,August,32,Monday,05 Aug 2019,03:00,1,0,1,1,0,1,No Group
Manchester City Council - Chorlton,Chorlton Place,2019,August,32,Monday,05 Aug 2019,04:00,2,3,5,2,3,5,No Group
Manchester City Council - Chorlton,Chorlton Place,2019,August,32,Monday,05 Aug 2019,05:00,7,6,13,7,6,13,No Group
Manchester City Council - Chorlton,Chorlton Place,2019,August,32,Monday,05 Aug 2019,06:00,9,31,40,9,31,40,No Group
Manchester City Council - Chorlton,Chorlton Place,2019,August,32,Monday,05 Aug 2019,07:00,9,62,71,9,62,71,No Group
Manchester City Council - Chorlton,Chorlton Place,2019,August,32,Monday,05 Aug 2019,08:00,28,103,131,28,103,131,No Group
Manchester City Council - Chorlton,Chorlton Place,2019,August,32,Monday,05 Aug 2019,09:00,60,91,151,60,91,151,No Group
Manchester City Council - Chorlton,Chorlton Place,2019,August,32,Monday,05 Aug 2019,10:00,129,151,280,129,151,280,No Group
Manchester City Council - Chorlton,Chorlton Place,2019,August,32,Monday,05 Aug 2019,11:00,141,169,310,141,169,310,No Group
Manchester City Council - Chorlton,Chorlton Place,2019,August,32,Monday,05 Aug 2019,12:00,160,192,352,160,192,352,No Group
Manchester City Council - Chorlton,Chorlton Place,2019,August,32,Monday,05 Aug 2019,13:00,150,156,306,150,156,306,No Group
Manchester City Council - Chorlton,Chorlton Place,2019,August,32,Monday,05 Aug 2019,14:00,151,159,310,151,159,310,No Group
Manchester City Council - Chorlton,Chorlton Place,2019,August,32,Monday,05 Aug 2019,15:00,149,204,353,149,204,353,No Group
Manchester City Council - Chorlton,Chorlton Place,2019,August,32,Monday,05 Aug 2019,16:00,171,136,307,171,136,307,No Group
Manchester City Council - Chorlton,Chorlton Place,2019,August,32,Monday,05 Aug 2019,17:00,155,98,253,155,98,253,No Group
Manchester City Council - Chorlton,Chorlton Place,2019,August,32,Monday,05 Aug 2019,18:00,96,79,175,96,79,175,No Group
Manchester City Council - Chorlton,Chorlton Place,2019,August,32,Monday,05 Aug 2019,19:00,73,74,147,73,74,147,No Group
Manchester City Council - Chorlton,Chorlton Place,2019,August,32,Monday,05 Aug 2019,20:00,44,51,95,44,51,95,No Group
Manchester City Council - Chorlton,Chorlton Place,2019,August,32,Monday,05 Aug 2019,21:00,46,58,104,46,58,104,No Group
Manchester City Council - Chorlton,Chorlton Place,2019,August,32,Monday,05 Aug 2019,22:00,43,19,62,43,19,62,No Group
Manchester City Council - Chorlton,Chorlton Place,2019,August,32,Monday,05 Aug 2019,23:00,15,27,42,15,27,42,No Group
Manchester City Council - Chorlton,Chorlton Place,2019,August,32,Tuesday,06 Aug 2019,00:00,9,7,16,9,7,16,No Group
Manchester City Council - Chorlton,Chorlton Place,2019,August,32,Tuesday,06 Aug 2019,01:00,0,0,0,0,0,0,No Group
Manchester City Council - Chorlton,Chorlton Place,2019,August,32,Tuesday,06 Aug 2019,02:00,6,4,10,6,4,10,No Group
Manchester City Council - Chorlton,Chorlton Place,2019,August,32,Tuesday,06 Aug 2019,03:00,0,0,0,0,0,0,No Group
Manchester City Council - Chorlton,Chorlton Place,2019,August,32,Tuesday,06 Aug 2019,04:00,1,3,4,1,3,4,No Group
Manchester City Council - Chorlton,Chorlton Place,2019,August,32,Tuesday,06 Aug 2019,05:00,2,5,7,2,5,7,No Group
Manchester City Council - Chorlton,Chorlton Place,2019,August,32,Tuesday,06 Aug 2019,06:00,9,21,30,9,21,30,No Group
Manchester City Council - Chorlton,Chorlton Place,2019,August,32,Tuesday,06 Aug 2019,07:00,20,78,98,20,78,98,No Group
Manchester City Council - Chorlton,Chorlton Place,2019,August,32,Tuesday,06 Aug 2019,08:00,35,118,153,35,118,153,No Group
Manchester City Council - Chorlton,Chorlton Place,2019,August,32,Tuesday,06 Aug 2019,09:00,75,111,186,75,111,186,No Group
Manchester City Council - Chorlton,Chorlton Place,2019,August,32,Tuesday,06 Aug 2019,10:00,109,132,241,109,132,241,No Group
Manchester City Council - Chorlton,Chorlton Place,2019,August,32,Tuesday,06 Aug 2019,11:00,155,178,333,155,178,333,No Group
Manchester City Council - Chorlton,Chorlton Place,2019,August,32,Tuesday,06 Aug 2019,12:00,197,239,436,197,239,436,No Group
Manchester City Council - Chorlton,Chorlton Place,2019,August,32,Tuesday,06 Aug 2019,13:00,237,248,485,237,248,485,No Group
Manchester City Council - Chorlton,Chorlton Place,2019,August,32,Tuesday,06 Aug 2019,14:00,150,179,329,150,179,329,No Group
Manchester City Council - Chorlton,Chorlton Place,2019,August,32,Tuesday,06 Aug 2019,15:00,158,162,320,158,162,320,No Group
Manchester City Council - Chorlton,Chorlton Place,2019,August,32,Tuesday,06 Aug 2019,16:00,154,140,294,154,140,294,No Group
Manchester City Council - Chorlton,Chorlton Place,2019,August,32,Tuesday,06 Aug 2019,17:00,132,86,218,132,86,218,No Group
Manchester City Council - Chorlton,Chorlton Place,2019,August,32,Tuesday,06 Aug 2019,18:00,123,89,212,123,89,212,No Group
Manchester City Council - Chorlton,Chorlton Place,2019,August,32,Tuesday,06 Aug 2019,19:00,66,64,130,66,64,130,No Group
Manchester City Council - Chorlton,Chorlton Place,2019,August,32,Tuesday,06 Aug 2019,20:00,55,46,101,55,46,101,No Group
Manchester City Council - Chorlton,Chorlton Place,2019,August,32,Tuesday,06 Aug 2019,21:00,52,41,93,52,41,93,No Group
Manchester City Council - Chorlton,Chorlton Place,2019,August,32,Tuesday,06 Aug 2019,22:00,23,18,41,23,18,41,No Group
Manchester City Council - Chorlton,Chorlton Place,2019,August,32,Tuesday,06 Aug 2019,23:00,23,30,53,23,30,53,No Group
Manchester City Council - Chorlton,Chorlton Place,2019,August,32,Wednesday,07 Aug 2019,00:00,9,5,14,9,5,14,No Group
Manchester City Council - Chorlton,Chorlton Place,2019,August,32,Wednesday,07 Aug 2019,01:00,6,1,7,6,1,7,No Group
Manchester City Council - Chorlton,Chorlton Place,2019,August,32,Wednesday,07 Aug 2019,02:00,1,1,2,1,1,2,No Group
Manchester City Council - Chorlton,Chorlton Place,2019,August,32,Wednesday,07 Aug 2019,03:00,0,0,0,0,0,0,No Group
Manchester City Council - Chorlton,Chorlton Place,2019,August,32,Wednesday,07 Aug 2019,04:00,3,4,7,3,4,7,No Group
Manchester City Council - Chorlton,Chorlton Place,2019,August,32,Wednesday,07 Aug 2019,05:00,2,6,8,2,6,8,No Group
Manchester City Council - Chorlton,Chorlton Place,2019,August,32,Wednesday,07 Aug 2019,06:00,7,16,23,7,16,23,No Group
Manchester City Council - Chorlton,Chorlton Place,2019,August,32,Wednesday,07 Aug 2019,07:00,25,81,106,25,81,106,No Group
Manchester City Council - Chorlton,Chorlton Place,2019,August,32,Wednesday,07 Aug 2019,08:00,34,110,144,34,110,144,No Group
Manchester City Council - Chorlton,Chorlton Place,2019,August,32,Wednesday,07 Aug 2019,09:00,83,125,208,83,125,208,No Group
Manchester City Council - Chorlton,Chorlton Place,2019,August,32,Wednesday,07 Aug 2019,10:00,119,134,253,119,134,253,No Group
Manchester City Council - Chorlton,Chorlton Place,2019,August,32,Wednesday,07 Aug 2019,11:00,110,160,270,110,160,270,No Group
Manchester City Council - Chorlton,Chorlton Place,2019,August,32,Wednesday,07 Aug 2019,12:00,134,169,303,134,169,303,No Group
Manchester City Council - Chorlton,Chorlton Place,2019,August,32,Wednesday,07 Aug 2019,13:00,163,205,368,163,205,368,No Group
Manchester City Council - Chorlton,Chorlton Place,2019,August,32,Wednesday,07 Aug 2019,14:00,160,177,337,160,177,337,No Group
Manchester City Council - Chorlton,Chorlton Place,2019,August,32,Wednesday,07 Aug 2019,15:00,124,142,266,124,142,266,No Group
Manchester City Council - Chorlton,Chorlton Place,2019,August,32,Wednesday,07 Aug 2019,16:00,148,145,293,148,145,293,No Group
Manchester City Council - Chorlton,Chorlton Place,2019,August,32,Wednesday,07 Aug 2019,17:00,121,111,232,121,111,232,No Group
Manchester City Council - Chorlton,Chorlton Place,2019,August,32,Wednesday,07 Aug 2019,18:00,107,74,181,107,74,181,No Group
Manchester City Council - Chorlton,Chorlton Place,2019,August,32,Wednesday,07 Aug 2019,19:00,77,68,145,77,68,145,No Group
Manchester City Council - Chorlton,Chorlton Place,2019,August,32,Wednesday,07 Aug 2019,20:00,84,67,151,84,67,151,No Group
Manchester City Council - Chorlton,Chorlton Place,2019,August,32,Wednesday,07 Aug 2019,21:00,39,38,77,39,38,77,No Group
Manchester City Council - Chorlton,Chorlton Place,2019,August,32,Wednesday,07 Aug 2019,22:00,29,27,56,29,27,56,No Group
Manchester City Council - Chorlton,Chorlton Place,2019,August,32,Wednesday,07 Aug 2019,23:00,14,19,33,14,19,33,No Group
Manchester City Council - Chorlton,Chorlton Place,2019,August,32,Thursday,08 Aug 2019,00:00,10,9,19,10,9,19,No Group
Manchester City Council - Chorlton,Chorlton Place,2019,August,32,Thursday,08 Aug 2019,01:00,2,0,2,2,0,2,No Group
Manchester City Council - Chorlton,Chorlton Place,2019,August,32,Thursday,08 Aug 2019,02:00,0,0,0,0,0,0,No Group
Manchester City Council - Chorlton,Chorlton Place,2019,August,32,Thursday,08 Aug 2019,03:00,0,0,0,0,0,0,No Group
Manchester City Council - Chorlton,Chorlton Place,2019,August,32,Thursday,08 Aug 2019,04:00,0,2,2,0,2,2,No Group
Manchester City Council - Chorlton,Chorlton Place,2019,August,32,Thursday,08 Aug 2019,05:00,1,4,5,1,4,5,No Group
Manchester City Council - Chorlton,Chorlton Place,2019,August,32,Thursday,08 Aug 2019,06:00,8,19,27,8,19,27,No Group
Manchester City Council - Chorlton,Chorlton Place,2019,August,32,Thursday,08 Aug 2019,07:00,20,79,99,20,79,99,No Group
Manchester City Council - Chorlton,Chorlton Place,2019,August,32,Thursday,08 Aug 2019,08:00,36,125,161,36,125,161,No Group
Manchester City Council - Chorlton,Chorlton Place,2019,August,32,Thursday,08 Aug 2019,09:00,76,129,205,76,129,205,No Group
Manchester City Council - Chorlton,Chorlton Place,2019,August,32,Thursday,08 Aug 2019,10:00,131,142,273,131,142,273,No Group
Manchester City Council - Chorlton,Chorlton Place,2019,August,32,Thursday,08 Aug 2019,11:00,143,181,324,143,181,324,No Group
Manchester City Council - Chorlton,Chorlton Place,2019,August,32,Thursday,08 Aug 2019,12:00,201,278,479,201,278,479,No Group
Manchester City Council - Chorlton,Chorlton Place,2019,August,32,Thursday,08 Aug 2019,13:00,247,260,507,247,260,507,No Group
Manchester City Council - Chorlton,Chorlton Place,2019,August,32,Thursday,08 Aug 2019,14:00,214,244,458,214,244,458,No Group
Manchester City Council - Chorlton,Chorlton Place,2019,August,32,Thursday,08 Aug 2019,15:00,161,136,297,161,136,297,No Group
Manchester City Council - Chorlton,Chorlton Place,2019,August,32,Thursday,08 Aug 2019,16:00,156,133,289,156,133,289,No Group
Manchester City Council - Chorlton,Chorlton Place,2019,August,32,Thursday,08 Aug 2019,17:00,139,85,224,139,85,224,No Group
Manchester City Council - Chorlton,Chorlton Place,2019,August,32,Thursday,08 Aug 2019,18:00,113,81,194,113,81,194,No Group
Manchester City Council - Chorlton,Chorlton Place,2019,August,32,Thursday,08 Aug 2019,19:00,70,60,130,70,60,130,No Group
Manchester City Council - Chorlton,Chorlton Place,2019,August,32,Thursday,08 Aug 2019,20:00,62,54,116,62,54,116,No Group
Manchester City Council - Chorlton,Chorlton Place,2019,August,32,Thursday,08 Aug 2019,21:00,50,40,90,50,40,90,No Group
Manchester City Council - Chorlton,Chorlton Place,2019,August,32,Thursday,08 Aug 2019,22:00,33,26,59,33,26,59,No Group
Manchester City Council - Chorlton,Chorlton Place,2019,August,32,Thursday,08 Aug 2019,23:00,25,18,43,25,18,43,No Group
Manchester City Council - Chorlton,Chorlton Place,2019,August,32,Friday,09 Aug 2019,00:00,11,3,14,11,3,14,No Group
Manchester City Council - Chorlton,Chorlton Place,2019,August,32,Friday,09 Aug 2019,01:00,0,3,3,0,3,3,No Group
Manchester City Council - Chorlton,Chorlton Place,2019,August,32,Friday,09 Aug 2019,02:00,4,5,9,4,5,9,No Group
Manchester City Council - Chorlton,Chorlton Place,2019,August,32,Friday,09 Aug 2019,03:00,0,2,2,0,2,2,No Group
Manchester City Council - Chorlton,Chorlton Place,2019,August,32,Friday,09 Aug 2019,04:00,1,2,3,1,2,3,No Group
Manchester City Council - Chorlton,Chorlton Place,2019,August,32,Friday,09 Aug 2019,05:00,3,6,9,3,6,9,No Group
Manchester City Council - Chorlton,Chorlton Place,2019,August,32,Friday,09 Aug 2019,06:00,10,28,38,10,28,38,No Group
Manchester City Council - Chorlton,Chorlton Place,2019,August,32,Friday,09 Aug 2019,07:00,19,92,111,19,92,111,No Group
Manchester City Council - Chorlton,Chorlton Place,2019,August,32,Friday,09 Aug 2019,08:00,62,231,293,62,231,293,No Group
Manchester City Council - Chorlton,Chorlton Place,2019,August,32,Friday,09 Aug 2019,09:00,71,135,206,71,135,206,No Group
Manchester City Council - Chorlton,Chorlton Place,2019,August,32,Friday,09 Aug 2019,10:00,134,168,302,134,168,302,No Group
Manchester City Council - Chorlton,Chorlton Place,2019,August,32,Friday,09 Aug 2019,11:00,172,178,350,172,178,350,No Group
Manchester City Council - Chorlton,Chorlton Place,2019,August,32,Friday,09 Aug 2019,12:00,207,230,437,207,230,437,No Group
Manchester City Council - Chorlton,Chorlton Place,2019,August,32,Friday,09 Aug 2019,13:00,191,183,374,191,183,374,No Group
Manchester City Council - Chorlton,Chorlton Place,2019,August,32,Friday,09 Aug 2019,14:00,156,185,341,156,185,341,No Group
Manchester City Council - Chorlton,Chorlton Place,2019,August,32,Friday,09 Aug 2019,15:00,171,161,332,171,161,332,No Group
Manchester City Council - Chorlton,Chorlton Place,2019,August,32,Friday,09 Aug 2019,16:00,148,146,294,148,146,294,No Group
Manchester City Council - Chorlton,Chorlton Place,2019,August,32,Friday,09 Aug 2019,17:00,151,120,271,151,120,271,No Group
Manchester City Council - Chorlton,Chorlton Place,2019,August,32,Friday,09 Aug 2019,18:00,131,139,270,131,139,270,No Group
Manchester City Council - Chorlton,Chorlton Place,2019,August,32,Friday,09 Aug 2019,19:00,103,98,201,103,98,201,No Group
Manchester City Council - Chorlton,Chorlton Place,2019,August,32,Friday,09 Aug 2019,20:00,86,66,152,86,66,152,No Group
Manchester City Council - Chorlton,Chorlton Place,2019,August,32,Friday,09 Aug 2019,21:00,45,71,116,45,71,116,No Group
Manchester City Council - Chorlton,Chorlton Place,2019,August,32,Friday,09 Aug 2019,22:00,41,44,85,41,44,85,No Group
Manchester City Council - Chorlton,Chorlton Place,2019,August,32,Friday,09 Aug 2019,23:00,29,43,72,29,43,72,No Group
Manchester City Council - Chorlton,Chorlton Place,2019,August,32,Saturday,10 Aug 2019,00:00,31,50,81,31,50,81,No Group
Manchester City Council - Chorlton,Chorlton Place,2019,August,32,Saturday,10 Aug 2019,01:00,14,35,49,14,35,49,No Group
Manchester City Council - Chorlton,Chorlton Place,2019,August,32,Saturday,10 Aug 2019,02:00,3,8,11,3,8,11,No Group
Manchester City Council - Chorlton,Chorlton Place,2019,August,32,Saturday,10 Aug 2019,03:00,0,2,2,0,2,2,No Group
Manchester City Council - Chorlton,Chorlton Place,2019,August,32,Saturday,10 Aug 2019,04:00,5,5,10,5,5,10,No Group
Manchester City Council - Chorlton,Chorlton Place,2019,August,32,Saturday,10 Aug 2019,05:00,12,15,27,12,15,27,No Group
Manchester City Council - Chorlton,Chorlton Place,2019,August,32,Saturday,10 Aug 2019,06:00,9,16,25,9,16,25,No Group
Manchester City Council - Chorlton,Chorlton Place,2019,August,32,Saturday,10 Aug 2019,07:00,9,29,38,9,29,38,No Group
Manchester City Council - Chorlton,Chorlton Place,2019,August,32,Saturday,10 Aug 2019,08:00,32,61,93,32,61,93,No Group
Manchester City Council - Chorlton,Chorlton Place,2019,August,32,Saturday,10 Aug 2019,09:00,106,120,226,106,120,226,No Group
Manchester City Council - Chorlton,Chorlton Place,2019,August,32,Saturday,10 Aug 2019,10:00,150,174,324,150,174,324,No Group
Manchester City Council - Chorlton,Chorlton Place,2019,August,32,Saturday,10 Aug 2019,11:00,177,174,351,177,174,351,No Group
Manchester City Council - Chorlton,Chorlton Place,2019,August,32,Saturday,10 Aug 2019,12:00,165,197,362,165,197,362,No Group
Manchester City Council - Chorlton,Chorlton Place,2019,August,32,Saturday,10 Aug 2019,13:00,235,253,488,235,253,488,No Group
Manchester City Council - Chorlton,Chorlton Place,2019,August,32,Saturday,10 Aug 2019,14:00,228,256,484,228,256,484,No Group
Manchester City Council - Chorlton,Chorlton Place,2019,August,32,Saturday,10 Aug 2019,15:00,172,202,374,172,202,374,No Group
Manchester City Council - Chorlton,Chorlton Place,2019,August,32,Saturday,10 Aug 2019,16:00,167,154,321,167,154,321,No Group
Manchester City Council - Chorlton,Chorlton Place,2019,August,32,Saturday,10 Aug 2019,17:00,106,111,217,106,111,217,No Group
Manchester City Council - Chorlton,Chorlton Place,2019,August,32,Saturday,10 Aug 2019,18:00,95,90,185,95,90,185,No Group
Manchester City Council - Chorlton,Chorlton Place,2019,August,32,Saturday,10 Aug 2019,19:00,80,92,172,80,92,172,No Group
Manchester City Council - Chorlton,Chorlton Place,2019,August,32,Saturday,10 Aug 2019,20:00,81,77,158,81,77,158,No Group
Manchester City Council - Chorlton,Chorlton Place,2019,August,32,Saturday,10 Aug 2019,21:00,66,56,122,66,56,122,No Group
Manchester City Council - Chorlton,Chorlton Place,2019,August,32,Saturday,10 Aug 2019,22:00,55,52,107,55,52,107,No Group
Manchester City Council - Chorlton,Chorlton Place,2019,August,32,Saturday,10 Aug 2019,23:00,51,52,103,51,52,103,No Group
Manchester City Council - Chorlton,Chorlton Place,2019,August,32,Sunday,11 Aug 2019,00:00,15,32,47,15,32,47,No Group
Manchester City Council - Chorlton,Chorlton Place,2019,August,32,Sunday,11 Aug 2019,01:00,22,26,48,22,26,48,No Group
Manchester City Council - Chorlton,Chorlton Place,2019,August,32,Sunday,11 Aug 2019,02:00,7,2,9,7,2,9,No Group
Manchester City Council - Chorlton,Chorlton Place,2019,August,32,Sunday,11 Aug 2019,03:00,1,4,5,1,4,5,No Group
Manchester City Council - Chorlton,Chorlton Place,2019,August,32,Sunday,11 Aug 2019,04:00,1,2,3,1,2,3,No Group
Manchester City Council - Chorlton,Chorlton Place,2019,August,32,Sunday,11 Aug 2019,05:00,3,1,4,3,1,4,No Group
Manchester City Council - Chorlton,Chorlton Place,2019,August,32,Sunday,11 Aug 2019,06:00,9,9,18,9,9,18,No Group
Manchester City Council - Chorlton,Chorlton Place,2019,August,32,Sunday,11 Aug 2019,07:00,7,27,34,7,27,34,No Group
Manchester City Council - Chorlton,Chorlton Place,2019,August,32,Sunday,11 Aug 2019,08:00,14,24,38,14,24,38,No Group
Manchester City Council - Chorlton,Chorlton Place,2019,August,32,Sunday,11 Aug 2019,09:00,28,50,78,28,50,78,No Group
Manchester City Council - Chorlton,Chorlton Place,2019,August,32,Sunday,11 Aug 2019,10:00,92,76,168,92,76,168,No Group
Manchester City Council - Chorlton,Chorlton Place,2019,August,32,Sunday,11 Aug 2019,11:00,61,113,174,61,113,174,No Group
Manchester City Council - Chorlton,Chorlton Place,2019,August,32,Sunday,11 Aug 2019,12:00,106,126,232,106,126,232,No Group
Manchester City Council - Chorlton,Chorlton Place,2019,August,32,Sunday,11 Aug 2019,13:00,116,153,269,116,153,269,No Group
Manchester City Council - Chorlton,Chorlton Place,2019,August,32,Sunday,11 Aug 2019,14:00,127,117,244,127,117,244,No Group
Manchester City Council - Chorlton,Chorlton Place,2019,August,32,Sunday,11 Aug 2019,15:00,126,130,256,126,130,256,No Group
Manchester City Council - Chorlton,Chorlton Place,2019,August,32,Sunday,11 Aug 2019,16:00,94,101,195,94,101,195,No Group
Manchester City Council - Chorlton,Chorlton Place,2019,August,32,Sunday,11 Aug 2019,17:00,58,60,118,58,60,118,No Group
Manchester City Council - Chorlton,Chorlton Place,2019,August,32,Sunday,11 Aug 2019,18:00,73,68,141,73,68,141,No Group
Manchester City Council - Chorlton,Chorlton Place,2019,August,32,Sunday,11 Aug 2019,19:00,57,92,149,57,92,149,No Group
Manchester City Council - Chorlton,Chorlton Place,2019,August,32,Sunday,11 Aug 2019,20:00,43,58,101,43,58,101,No Group
Manchester City Council - Chorlton,Chorlton Place,2019,August,32,Sunday,11 Aug 2019,21:00,39,38,77,39,38,77,No Group
Manchester City Council - Chorlton,Chorlton Place,2019,August,32,Sunday,11 Aug 2019,22:00,17,29,46,17,29,46,No Group
Manchester City Council - Chorlton,Chorlton Place,2019,August,32,Sunday,11 Aug 2019,23:00,25,28,53,25,28,53,No Group
Manchester City Council - Chorlton,Chorlton Place,2019,August,33,Monday,12 Aug 2019,00:00,21,3,24,21,3,24,No Group
Manchester City Council - Chorlton,Chorlton Place,2019,August,33,Monday,12 Aug 2019,01:00,1,1,2,1,1,2,No Group
Manchester City Council - Chorlton,Chorlton Place,2019,August,33,Monday,12 Aug 2019,02:00,1,1,2,1,1,2,No Group
Manchester City Council - Chorlton,Chorlton Place,2019,August,33,Monday,12 Aug 2019,03:00,0,4,4,0,4,4,No Group
Manchester City Council - Chorlton,Chorlton Place,2019,August,33,Monday,12 Aug 2019,04:00,1,6,7,1,6,7,No Group
Manchester City Council - Chorlton,Chorlton Place,2019,August,33,Monday,12 Aug 2019,05:00,3,3,6,3,3,6,No Group
Manchester City Council - Chorlton,Chorlton Place,2019,August,33,Monday,12 Aug 2019,06:00,11,21,32,11,21,32,No Group
Manchester City Council - Chorlton,Chorlton Place,2019,August,33,Monday,12 Aug 2019,07:00,14,54,68,14,54,68,No Group
Manchester City Council - Chorlton,Chorlton Place,2019,August,33,Monday,12 Aug 2019,08:00,21,107,128,21,107,128,No Group
Manchester City Council - Chorlton,Chorlton Place,2019,August,33,Monday,12 Aug 2019,09:00,71,95,166,71,95,166,No Group
Manchester City Council - Chorlton,Chorlton Place,2019,August,33,Monday,12 Aug 2019,10:00,96,125,221,96,125,221,No Group
Manchester City Council - Chorlton,Chorlton Place,2019,August,33,Monday,12 Aug 2019,11:00,135,141,276,135,141,276,No Group
Manchester City Council - Chorlton,Chorlton Place,2019,August,33,Monday,12 Aug 2019,12:00,173,171,344,173,171,344,No Group
Manchester City Council - Chorlton,Chorlton Place,2019,August,33,Monday,12 Aug 2019,13:00,185,189,374,185,189,374,No Group
Manchester City Council - Chorlton,Chorlton Place,2019,August,33,Monday,12 Aug 2019,14:00,161,188,349,161,188,349,No Group
Manchester City Council - Chorlton,Chorlton Place,2019,August,33,Monday,12 Aug 2019,15:00,140,145,285,140,145,285,No Group
Manchester City Council - Chorlton,Chorlton Place,2019,August,33,Monday,12 Aug 2019,16:00,133,155,288,133,155,288,No Group
Manchester City Council - Chorlton,Chorlton Place,2019,August,33,Monday,12 Aug 2019,17:00,137,97,234,137,97,234,No Group
Manchester City Council - Chorlton,Chorlton Place,2019,August,33,Monday,12 Aug 2019,18:00,110,89,199,110,89,199,No Group
Manchester City Council - Chorlton,Chorlton Place,2019,August,33,Monday,12 Aug 2019,19:00,66,67,133,66,67,133,No Group
Manchester City Council - Chorlton,Chorlton Place,2019,August,33,Monday,12 Aug 2019,20:00,41,48,89,41,48,89,No Group
Manchester City Council - Chorlton,Chorlton Place,2019,August,33,Monday,12 Aug 2019,21:00,30,54,84,30,54,84,No Group
Manchester City Council - Chorlton,Chorlton Place,2019,August,33,Monday,12 Aug 2019,22:00,29,28,57,29,28,57,No Group
Manchester City Council - Chorlton,Chorlton Place,2019,August,33,Monday,12 Aug 2019,23:00,21,18,39,21,18,39,No Group
Manchester City Council - Chorlton,Chorlton Place,2019,August,33,Tuesday,13 Aug 2019,00:00,8,12,20,8,12,20,No Group
Manchester City Council - Chorlton,Chorlton Place,2019,August,33,Tuesday,13 Aug 2019,01:00,7,0,7,7,0,7,No Group
Manchester City Council - Chorlton,Chorlton Place,2019,August,33,Tuesday,13 Aug 2019,02:00,11,10,21,11,10,21,No Group
Manchester City Council - Chorlton,Chorlton Place,2019,August,33,Tuesday,13 Aug 2019,03:00,0,0,0,0,0,0,No Group
Manchester City Council - Chorlton,Chorlton Place,2019,August,33,Tuesday,13 Aug 2019,04:00,0,2,2,0,2,2,No Group
Manchester City Council - Chorlton,Chorlton Place,2019,August,33,Tuesday,13 Aug 2019,05:00,0,3,3,0,3,3,No Group
Manchester City Council - Chorlton,Chorlton Place,2019,August,33,Tuesday,13 Aug 2019,06:00,9,15,24,9,15,24,No Group
Manchester City Council - Chorlton,Chorlton Place,2019,August,33,Tuesday,13 Aug 2019,07:00,14,74,88,14,74,88,No Group
Manchester City Council - Chorlton,Chorlton Place,2019,August,33,Tuesday,13 Aug 2019,08:00,27,108,135,27,108,135,No Group
Manchester City Council - Chorlton,Chorlton Place,2019,August,33,Tuesday,13 Aug 2019,09:00,91,110,201,91,110,201,No Group
Manchester City Council - Chorlton,Chorlton Place,2019,August,33,Tuesday,13 Aug 2019,10:00,307,165,472,307,165,472,No Group
Manchester City Council - Chorlton,Chorlton Place,2019,August,33,Tuesday,13 Aug 2019,11:00,151,185,336,151,185,336,No Group
Manchester City Council - Chorlton,Chorlton Place,2019,August,33,Tuesday,13 Aug 2019,12:00,243,261,504,243,261,504,No Group
Manchester City Council - Chorlton,Chorlton Place,2019,August,33,Tuesday,13 Aug 2019,13:00,236,271,507,236,271,507,No Group
Manchester City Council - Chorlton,Chorlton Place,2019,August,33,Tuesday,13 Aug 2019,14:00,213,209,422,213,209,422,No Group
Manchester City Council - Chorlton,Chorlton Place,2019,August,33,Tuesday,13 Aug 2019,15:00,189,210,399,189,210,399,No Group
Manchester City Council - Chorlton,Chorlton Place,2019,August,33,Tuesday,13 Aug 2019,16:00,138,142,280,138,142,280,No Group
Manchester City Council - Chorlton,Chorlton Place,2019,August,33,Tuesday,13 Aug 2019,17:00,140,115,255,140,115,255,No Group
Manchester City Council - Chorlton,Chorlton Place,2019,August,33,Tuesday,13 Aug 2019,18:00,91,99,190,91,99,190,No Group
Manchester City Council - Chorlton,Chorlton Place,2019,August,33,Tuesday,13 Aug 2019,19:00,96,79,175,96,79,175,No Group
Manchester City Council - Chorlton,Chorlton Place,2019,August,33,Tuesday,13 Aug 2019,20:00,53,35,88,53,35,88,No Group
Manchester City Council - Chorlton,Chorlton Place,2019,August,33,Tuesday,13 Aug 2019,21:00,52,39,91,52,39,91,No Group
Manchester City Council - Chorlton,Chorlton Place,2019,August,33,Tuesday,13 Aug 2019,22:00,23,25,48,23,25,48,No Group
Manchester City Council - Chorlton,Chorlton Place,2019,August,33,Tuesday,13 Aug 2019,23:00,37,20,57,37,20,57,No Group
Manchester City Council - Chorlton,Chorlton Place,2019,August,33,Wednesday,14 Aug 2019,00:00,12,0,12,12,0,12,No Group
Manchester City Council - Chorlton,Chorlton Place,2019,August,33,Wednesday,14 Aug 2019,01:00,1,0,1,1,0,1,No Group
Manchester City Council - Chorlton,Chorlton Place,2019,August,33,Wednesday,14 Aug 2019,02:00,2,0,2,2,0,2,No Group
Manchester City Council - Chorlton,Chorlton Place,2019,August,33,Wednesday,14 Aug 2019,03:00,1,1,2,1,1,2,No Group
Manchester City Council - Chorlton,Chorlton Place,2019,August,33,Wednesday,14 Aug 2019,04:00,1,4,5,1,4,5,No Group
Manchester City Council - Chorlton,Chorlton Place,2019,August,33,Wednesday,14 Aug 2019,05:00,3,8,11,3,8,11,No Group
Manchester City Council - Chorlton,Chorlton Place,2019,August,33,Wednesday,14 Aug 2019,06:00,5,14,19,5,14,19,No Group
Manchester City Council - Chorlton,Chorlton Place,2019,August,33,Wednesday,14 Aug 2019,07:00,23,70,93,23,70,93,No Group
Manchester City Council - Chorlton,Chorlton Place,2019,August,33,Wednesday,14 Aug 2019,08:00,31,115,146,31,115,146,No Group
Manchester City Council - Chorlton,Chorlton Place,2019,August,33,Wednesday,14 Aug 2019,09:00,80,106,186,80,106,186,No Group
Manchester City Council - Chorlton,Chorlton Place,2019,August,33,Wednesday,14 Aug 2019,10:00,124,151,275,124,151,275,No Group
Manchester City Council - Chorlton,Chorlton Place,2019,August,33,Wednesday,14 Aug 2019,11:00,136,180,316,136,180,316,No Group
Manchester City Council - Chorlton,Chorlton Place,2019,August,33,Wednesday,14 Aug 2019,12:00,183,213,396,183,213,396,No Group
Manchester City Council - Chorlton,Chorlton Place,2019,August,33,Wednesday,14 Aug 2019,13:00,158,167,325,158,167,325,No Group
Manchester City Council - Chorlton,Chorlton Place,2019,August,33,Wednesday,14 Aug 2019,14:00,188,219,407,188,219,407,No Group
Manchester City Council - Chorlton,Chorlton Place,2019,August,33,Wednesday,14 Aug 2019,15:00,157,210,367,157,210,367,No Group
Manchester City Council - Chorlton,Chorlton Place,2019,August,33,Wednesday,14 Aug 2019,16:00,196,161,357,196,161,357,No Group
Manchester City Council - Chorlton,Chorlton Place,2019,August,33,Wednesday,14 Aug 2019,17:00,150,111,261,150,111,261,No Group
Manchester City Council - Chorlton,Chorlton Place,2019,August,33,Wednesday,14 Aug 2019,18:00,144,108,252,144,108,252,No Group
Manchester City Council - Chorlton,Chorlton Place,2019,August,33,Wednesday,14 Aug 2019,19:00,96,69,165,96,69,165,No Group
Manchester City Council - Chorlton,Chorlton Place,2019,August,33,Wednesday,14 Aug 2019,20:00,71,48,119,71,48,119,No Group
Manchester City Council - Chorlton,Chorlton Place,2019,August,33,Wednesday,14 Aug 2019,21:00,35,48,83,35,48,83,No Group
Manchester City Council - Chorlton,Chorlton Place,2019,August,33,Wednesday,14 Aug 2019,22:00,33,38,71,33,38,71,No Group
Manchester City Council - Chorlton,Chorlton Place,2019,August,33,Wednesday,14 Aug 2019,23:00,29,39,68,29,39,68,No Group
Manchester City Council - Chorlton,Chorlton Place,2019,August,33,Thursday,15 Aug 2019,00:00,6,8,14,6,8,14,No Group
Manchester City Council - Chorlton,Chorlton Place,2019,August,33,Thursday,15 Aug 2019,01:00,1,2,3,1,2,3,No Group
Manchester City Council - Chorlton,Chorlton Place,2019,August,33,Thursday,15 Aug 2019,02:00,0,0,0,0,0,0,No Group
Manchester City Council - Chorlton,Chorlton Place,2019,August,33,Thursday,15 Aug 2019,03:00,1,2,3,1,2,3,No Group
Manchester City Council - Chorlton,Chorlton Place,2019,August,33,Thursday,15 Aug 2019,04:00,2,2,4,2,2,4,No Group
Manchester City Council - Chorlton,Chorlton Place,2019,August,33,Thursday,15 Aug 2019,05:00,6,16,22,6,16,22,No Group
Manchester City Council - Chorlton,Chorlton Place,2019,August,33,Thursday,15 Aug 2019,06:00,7,26,33,7,26,33,No Group
Manchester City Council - Chorlton,Chorlton Place,2019,August,33,Thursday,15 Aug 2019,07:00,36,99,135,36,99,135,No Group
Manchester City Council - Chorlton,Chorlton Place,2019,August,33,Thursday,15 Aug 2019,08:00,48,141,189,48,141,189,No Group
Manchester City Council - Chorlton,Chorlton Place,2019,August,33,Thursday,15 Aug 2019,09:00,70,114,184,70,114,184,No Group
Manchester City Council - Chorlton,Chorlton Place,2019,August,33,Thursday,15 Aug 2019,10:00,113,127,240,113,127,240,No Group
Manchester City Council - Chorlton,Chorlton Place,2019,August,33,Thursday,15 Aug 2019,11:00,135,151,286,135,151,286,No Group
Manchester City Council - Chorlton,Chorlton Place,2019,August,33,Thursday,15 Aug 2019,12:00,206,219,425,206,219,425,No Group
Manchester City Council - Chorlton,Chorlton Place,2019,August,33,Thursday,15 Aug 2019,13:00,213,221,434,213,221,434,No Group
Manchester City Council - Chorlton,Chorlton Place,2019,August,33,Thursday,15 Aug 2019,14:00,166,193,359,166,193,359,No Group
Manchester City Council - Chorlton,Chorlton Place,2019,August,33,Thursday,15 Aug 2019,15:00,170,167,337,170,167,337,No Group
Manchester City Council - Chorlton,Chorlton Place,2019,August,33,Thursday,15 Aug 2019,16:00,134,135,269,134,135,269,No Group
Manchester City Council - Chorlton,Chorlton Place,2019,August,33,Thursday,15 Aug 2019,17:00,158,111,269,158,111,269,No Group
Manchester City Council - Chorlton,Chorlton Place,2019,August,33,Thursday,15 Aug 2019,18:00,88,85,173,88,85,173,No Group
Manchester City Council - Chorlton,Chorlton Place,2019,August,33,Thursday,15 Aug 2019,19:00,78,86,164,78,86,164,No Group
Manchester City Council - Chorlton,Chorlton Place,2019,August,33,Thursday,15 Aug 2019,20:00,57,49,106,57,49,106,No Group
Manchester City Council - Chorlton,Chorlton Place,2019,August,33,Thursday,15 Aug 2019,21:00,38,41,79,38,41,79,No Group
Manchester City Council - Chorlton,Chorlton Place,2019,August,33,Thursday,15 Aug 2019,22:00,35,34,69,35,34,69,No Group
Manchester City Council - Chorlton,Chorlton Place,2019,August,33,Thursday,15 Aug 2019,23:00,23,18,41,23,18,41,No Group
Manchester City Council - Chorlton,Chorlton Place,2019,August,33,Friday,16 Aug 2019,00:00,13,7,20,13,7,20,No Group
Manchester City Council - Chorlton,Chorlton Place,2019,August,33,Friday,16 Aug 2019,01:00,8,0,8,8,0,8,No Group
Manchester City Council - Chorlton,Chorlton Place,2019,August,33,Friday,16 Aug 2019,02:00,0,1,1,0,1,1,No Group
Manchester City Council - Chorlton,Chorlton Place,2019,August,33,Friday,16 Aug 2019,03:00,0,0,0,0,0,0,No Group
Manchester City Council - Chorlton,Chorlton Place,2019,August,33,Friday,16 Aug 2019,04:00,0,3,3,0,3,3,No Group
Manchester City Council - Chorlton,Chorlton Place,2019,August,33,Friday,16 Aug 2019,05:00,5,9,14,5,9,14,No Group
Manchester City Council - Chorlton,Chorlton Place,2019,August,33,Friday,16 Aug 2019,06:00,8,17,25,8,17,25,No Group
Manchester City Council - Chorlton,Chorlton Place,2019,August,33,Friday,16 Aug 2019,07:00,21,73,94,21,73,94,No Group
Manchester City Council - Chorlton,Chorlton Place,2019,August,33,Friday,16 Aug 2019,08:00,96,166,262,96,166,262,No Group
Manchester City Council - Chorlton,Chorlton Place,2019,August,33,Friday,16 Aug 2019,09:00,116,227,343,116,227,343,No Group
Manchester City Council - Chorlton,Chorlton Place,2019,August,33,Friday,16 Aug 2019,10:00,130,163,293,130,163,293,No Group
Manchester City Council - Chorlton,Chorlton Place,2019,August,33,Friday,16 Aug 2019,11:00,181,195,376,181,195,376,No Group
Manchester City Council - Chorlton,Chorlton Place,2019,August,33,Friday,16 Aug 2019,12:00,214,261,475,214,261,475,No Group
Manchester City Council - Chorlton,Chorlton Place,2019,August,33,Friday,16 Aug 2019,13:00,203,197,400,203,197,400,No Group
Manchester City Council - Chorlton,Chorlton Place,2019,August,33,Friday,16 Aug 2019,14:00,185,219,404,185,219,404,No Group
Manchester City Council - Chorlton,Chorlton Place,2019,August,33,Friday,16 Aug 2019,15:00,185,193,378,185,193,378,No Group
Manchester City Council - Chorlton,Chorlton Place,2019,August,33,Friday,16 Aug 2019,16:00,239,201,440,239,201,440,No Group
Manchester City Council - Chorlton,Chorlton Place,2019,August,33,Friday,16 Aug 2019,17:00,151,122,273,151,122,273,No Group
Manchester City Council - Chorlton,Chorlton Place,2019,August,33,Friday,16 Aug 2019,18:00,150,227,377,150,227,377,No Group
Manchester City Council - Chorlton,Chorlton Place,2019,August,33,Friday,16 Aug 2019,19:00,77,83,160,77,83,160,No Group
Manchester City Council - Chorlton,Chorlton Place,2019,August,33,Friday,16 Aug 2019,20:00,67,46,113,67,46,113,No Group
Manchester City Council - Chorlton,Chorlton Place,2019,August,33,Friday,16 Aug 2019,21:00,59,62,121,59,62,121,No Group
Manchester City Council - Chorlton,Chorlton Place,2019,August,33,Friday,16 Aug 2019,22:00,57,51,108,57,51,108,No Group
Manchester City Council - Chorlton,Chorlton Place,2019,August,33,Friday,16 Aug 2019,23:00,30,41,71,30,41,71,No Group
Manchester City Council - Chorlton,Chorlton Place,2019,August,33,Saturday,17 Aug 2019,00:00,21,54,75,21,54,75,No Group
Manchester City Council - Chorlton,Chorlton Place,2019,August,33,Saturday,17 Aug 2019,01:00,15,12,27,15,12,27,No Group
Manchester City Council - Chorlton,Chorlton Place,2019,August,33,Saturday,17 Aug 2019,02:00,4,4,8,4,4,8,No Group
Manchester City Council - Chorlton,Chorlton Place,2019,August,33,Saturday,17 Aug 2019,03:00,3,0,3,3,0,3,No Group
Manchester City Council - Chorlton,Chorlton Place,2019,August,33,Saturday,17 Aug 2019,04:00,6,8,14,6,8,14,No Group
Manchester City Council - Chorlton,Chorlton Place,2019,August,33,Saturday,17 Aug 2019,05:00,8,8,16,8,8,16,No Group
Manchester City Council - Chorlton,Chorlton Place,2019,August,33,Saturday,17 Aug 2019,06:00,12,11,23,12,11,23,No Group
Manchester City Council - Chorlton,Chorlton Place,2019,August,33,Saturday,17 Aug 2019,07:00,12,24,36,12,24,36,No Group
Manchester City Council - Chorlton,Chorlton Place,2019,August,33,Saturday,17 Aug 2019,08:00,38,56,94,38,56,94,No Group
Manchester City Council - Chorlton,Chorlton Place,2019,August,33,Saturday,17 Aug 2019,09:00,103,116,219,103,116,219,No Group
Manchester City Council - Chorlton,Chorlton Place,2019,August,33,Saturday,17 Aug 2019,10:00,158,185,343,158,185,343,No Group
Manchester City Council - Chorlton,Chorlton Place,2019,August,33,Saturday,17 Aug 2019,11:00,254,307,561,254,307,561,No Group
Manchester City Council - Chorlton,Chorlton Place,2019,August,33,Saturday,17 Aug 2019,12:00,351,391,742,351,391,742,No Group
Manchester City Council - Chorlton,Chorlton Place,2019,August,33,Saturday,17 Aug 2019,13:00,392,405,797,392,405,797,No Group
Manchester City Council - Chorlton,Chorlton Place,2019,August,33,Saturday,17 Aug 2019,14:00,297,279,576,297,279,576,No Group
Manchester City Council - Chorlton,Chorlton Place,2019,August,33,Saturday,17 Aug 2019,15:00,220,237,457,220,237,457,No Group
Manchester City Council - Chorlton,Chorlton Place,2019,August,33,Saturday,17 Aug 2019,16:00,213,184,397,213,184,397,No Group
Manchester City Council - Chorlton,Chorlton Place,2019,August,33,Saturday,17 Aug 2019,17:00,128,138,266,128,138,266,No Group
Manchester City Council - Chorlton,Chorlton Place,2019,August,33,Saturday,17 Aug 2019,18:00,76,109,185,76,109,185,No Group
Manchester City Council - Chorlton,Chorlton Place,2019,August,33,Saturday,17 Aug 2019,19:00,73,88,161,73,88,161,No Group
Manchester City Council - Chorlton,Chorlton Place,2019,August,33,Saturday,17 Aug 2019,20:00,83,80,163,83,80,163,No Group
Manchester City Council - Chorlton,Chorlton Place,2019,August,33,Saturday,17 Aug 2019,21:00,60,49,109,60,49,109,No Group
Manchester City Council - Chorlton,Chorlton Place,2019,August,33,Saturday,17 Aug 2019,22:00,58,74,132,58,74,132,No Group
Manchester City Council - Chorlton,Chorlton Place,2019,August,33,Saturday,17 Aug 2019,23:00,48,65,113,48,65,113,No Group
Manchester City Council - Chorlton,Chorlton Place,2019,August,33,Sunday,18 Aug 2019,00:00,40,94,134,40,94,134,No Group
Manchester City Council - Chorlton,Chorlton Place,2019,August,33,Sunday,18 Aug 2019,01:00,12,13,25,12,13,25,No Group
Manchester City Council - Chorlton,Chorlton Place,2019,August,33,Sunday,18 Aug 2019,02:00,0,0,0,0,0,0,No Group
Manchester City Council - Chorlton,Chorlton Place,2019,August,33,Sunday,18 Aug 2019,03:00,4,2,6,4,2,6,No Group
Manchester City Council - Chorlton,Chorlton Place,2019,August,33,Sunday,18 Aug 2019,04:00,0,2,2,0,2,2,No Group
Manchester City Council - Chorlton,Chorlton Place,2019,August,33,Sunday,18 Aug 2019,05:00,8,4,12,8,4,12,No Group
Manchester City Council - Chorlton,Chorlton Place,2019,August,33,Sunday,18 Aug 2019,06:00,1,10,11,1,10,11,No Group
Manchester City Council - Chorlton,Chorlton Place,2019,August,33,Sunday,18 Aug 2019,07:00,5,10,15,5,10,15,No Group
Manchester City Council - Chorlton,Chorlton Place,2019,August,33,Sunday,18 Aug 2019,08:00,22,30,52,22,30,52,No Group
Manchester City Council - Chorlton,Chorlton Place,2019,August,33,Sunday,18 Aug 2019,09:00,28,53,81,28,53,81,No Group
Manchester City Council - Chorlton,Chorlton Place,2019,August,33,Sunday,18 Aug 2019,10:00,54,67,121,54,67,121,No Group
Manchester City Council - Chorlton,Chorlton Place,2019,August,33,Sunday,18 Aug 2019,11:00,79,116,195,79,116,195,No Group
Manchester City Council - Chorlton,Chorlton Place,2019,August,33,Sunday,18 Aug 2019,12:00,133,146,279,133,146,279,No Group
Manchester City Council - Chorlton,Chorlton Place,2019,August,33,Sunday,18 Aug 2019,13:00,150,175,325,150,175,325,No Group
Manchester City Council - Chorlton,Chorlton Place,2019,August,33,Sunday,18 Aug 2019,14:00,129,136,265,129,136,265,No Group
Manchester City Council - Chorlton,Chorlton Place,2019,August,33,Sunday,18 Aug 2019,15:00,91,107,198,91,107,198,No Group
Manchester City Council - Chorlton,Chorlton Place,2019,August,33,Sunday,18 Aug 2019,16:00,96,108,204,96,108,204,No Group
Manchester City Council - Chorlton,Chorlton Place,2019,August,33,Sunday,18 Aug 2019,17:00,57,56,113,57,56,113,No Group
Manchester City Council - Chorlton,Chorlton Place,2019,August,33,Sunday,18 Aug 2019,18:00,66,77,143,66,77,143,No Group
Manchester City Council - Chorlton,Chorlton Place,2019,August,33,Sunday,18 Aug 2019,19:00,46,54,100,46,54,100,No Group
Manchester City Council - Chorlton,Chorlton Place,2019,August,33,Sunday,18 Aug 2019,20:00,56,48,104,56,48,104,No Group
Manchester City Council - Chorlton,Chorlton Place,2019,August,33,Sunday,18 Aug 2019,21:00,30,42,72,30,42,72,No Group
Manchester City Council - Chorlton,Chorlton Place,2019,August,33,Sunday,18 Aug 2019,22:00,31,26,57,31,26,57,No Group
Manchester City Council - Chorlton,Chorlton Place,2019,August,33,Sunday,18 Aug 2019,23:00,19,30,49,19,30,49,No Group
Manchester City Council - Chorlton,Chorlton Place,2019,August,34,Monday,19 Aug 2019,00:00,3,6,9,3,6,9,No Group
Manchester City Council - Chorlton,Chorlton Place,2019,August,34,Monday,19 Aug 2019,01:00,2,3,5,2,3,5,No Group
Manchester City Council - Chorlton,Chorlton Place,2019,August,34,Monday,19 Aug 2019,02:00,0,4,4,0,4,4,No Group
Manchester City Council - Chorlton,Chorlton Place,2019,August,34,Monday,19 Aug 2019,03:00,0,1,1,0,1,1,No Group
Manchester City Council - Chorlton,Chorlton Place,2019,August,34,Monday,19 Aug 2019,04:00,0,3,3,0,3,3,No Group
Manchester City Council - Chorlton,Chorlton Place,2019,August,34,Monday,19 Aug 2019,05:00,7,22,29,7,22,29,No Group
Manchester City Council - Chorlton,Chorlton Place,2019,August,34,Monday,19 Aug 2019,06:00,7,26,33,7,26,33,No Group
Manchester City Council - Chorlton,Chorlton Place,2019,August,34,Monday,19 Aug 2019,07:00,17,85,102,17,85,102,No Group
Manchester City Council - Chorlton,Chorlton Place,2019,August,34,Monday,19 Aug 2019,08:00,42,111,153,42,111,153,No Group
Manchester City Council - Chorlton,Chorlton Place,2019,August,34,Monday,19 Aug 2019,09:00,66,95,161,66,95,161,No Group
Manchester City Council - Chorlton,Chorlton Place,2019,August,34,Monday,19 Aug 2019,10:00,104,152,256,104,152,256,No Group
Manchester City Council - Chorlton,Chorlton Place,2019,August,34,Monday,19 Aug 2019,11:00,160,204,364,160,204,364,No Group
Manchester City Council - Chorlton,Chorlton Place,2019,August,34,Monday,19 Aug 2019,12:00,150,180,330,150,180,330,No Group
Manchester City Council - Chorlton,Chorlton Place,2019,August,34,Monday,19 Aug 2019,13:00,163,226,389,163,226,389,No Group
Manchester City Council - Chorlton,Chorlton Place,2019,August,34,Monday,19 Aug 2019,14:00,152,174,326,152,174,326,No Group
Manchester City Council - Chorlton,Chorlton Place,2019,August,34,Monday,19 Aug 2019,15:00,153,175,328,153,175,328,No Group
Manchester City Council - Chorlton,Chorlton Place,2019,August,34,Monday,19 Aug 2019,16:00,167,150,317,167,150,317,No Group
Manchester City Council - Chorlton,Chorlton Place,2019,August,34,Monday,19 Aug 2019,17:00,130,104,234,130,104,234,No Group
Manchester City Council - Chorlton,Chorlton Place,2019,August,34,Monday,19 Aug 2019,18:00,120,92,212,120,92,212,No Group
Manchester City Council - Chorlton,Chorlton Place,2019,August,34,Monday,19 Aug 2019,19:00,101,75,176,101,75,176,No Group
Manchester City Council - Chorlton,Chorlton Place,2019,August,34,Monday,19 Aug 2019,20:00,48,40,88,48,40,88,No Group
Manchester City Council - Chorlton,Chorlton Place,2019,August,34,Monday,19 Aug 2019,21:00,43,44,87,43,44,87,No Group
Manchester City Council - Chorlton,Chorlton Place,2019,August,34,Monday,19 Aug 2019,22:00,37,41,78,37,41,78,No Group
Manchester City Council - Chorlton,Chorlton Place,2019,August,34,Monday,19 Aug 2019,23:00,18,19,37,18,19,37,No Group
Manchester City Council - Chorlton,Chorlton Place,2019,August,34,Tuesday,20 Aug 2019,00:00,5,4,9,5,4,9,No Group
Manchester City Council - Chorlton,Chorlton Place,2019,August,34,Tuesday,20 Aug 2019,01:00,4,2,6,4,2,6,No Group
Manchester City Council - Chorlton,Chorlton Place,2019,August,34,Tuesday,20 Aug 2019,02:00,8,7,15,8,7,15,No Group
Manchester City Council - Chorlton,Chorlton Place,2019,August,34,Tuesday,20 Aug 2019,03:00,0,0,0,0,0,0,No Group
Manchester City Council - Chorlton,Chorlton Place,2019,August,34,Tuesday,20 Aug 2019,04:00,1,2,3,1,2,3,No Group
Manchester City Council - Chorlton,Chorlton Place,2019,August,34,Tuesday,20 Aug 2019,05:00,1,1,2,1,1,2,No Group
Manchester City Council - Chorlton,Chorlton Place,2019,August,34,Tuesday,20 Aug 2019,06:00,4,14,18,4,14,18,No Group
Manchester City Council - Chorlton,Chorlton Place,2019,August,34,Tuesday,20 Aug 2019,07:00,21,86,107,21,86,107,No Group
Manchester City Council - Chorlton,Chorlton Place,2019,August,34,Tuesday,20 Aug 2019,08:00,32,104,136,32,104,136,No Group
Manchester City Council - Chorlton,Chorlton Place,2019,August,34,Tuesday,20 Aug 2019,09:00,78,109,187,78,109,187,No Group
Manchester City Council - Chorlton,Chorlton Place,2019,August,34,Tuesday,20 Aug 2019,10:00,109,130,239,109,130,239,No Group
Manchester City Council - Chorlton,Chorlton Place,2019,August,34,Tuesday,20 Aug 2019,11:00,141,165,306,141,165,306,No Group
Manchester City Council - Chorlton,Chorlton Place,2019,August,34,Tuesday,20 Aug 2019,12:00,178,193,371,178,193,371,No Group
Manchester City Council - Chorlton,Chorlton Place,2019,August,34,Tuesday,20 Aug 2019,13:00,153,158,311,153,158,311,No Group
Manchester City Council - Chorlton,Chorlton Place,2019,August,34,Tuesday,20 Aug 2019,14:00,207,214,421,207,214,421,No Group
Manchester City Council - Chorlton,Chorlton Place,2019,August,34,Tuesday,20 Aug 2019,15:00,169,155,324,169,155,324,No Group
Manchester City Council - Chorlton,Chorlton Place,2019,August,34,Tuesday,20 Aug 2019,16:00,161,155,316,161,155,316,No Group
Manchester City Council - Chorlton,Chorlton Place,2019,August,34,Tuesday,20 Aug 2019,17:00,123,85,208,123,85,208,No Group
Manchester City Council - Chorlton,Chorlton Place,2019,August,34,Tuesday,20 Aug 2019,18:00,106,72,178,106,72,178,No Group
Manchester City Council - Chorlton,Chorlton Place,2019,August,34,Tuesday,20 Aug 2019,19:00,68,62,130,68,62,130,No Group
Manchester City Council - Chorlton,Chorlton Place,2019,August,34,Tuesday,20 Aug 2019,20:00,45,37,82,45,37,82,No Group
Manchester City Council - Chorlton,Chorlton Place,2019,August,34,Tuesday,20 Aug 2019,21:00,29,33,62,29,33,62,No Group
Manchester City Council - Chorlton,Chorlton Place,2019,August,34,Tuesday,20 Aug 2019,22:00,25,23,48,25,23,48,No Group
Manchester City Council - Chorlton,Chorlton Place,2019,August,34,Tuesday,20 Aug 2019,23:00,17,22,39,17,22,39,No Group
Manchester City Council - Chorlton,Chorlton Place,2019,August,34,Wednesday,21 Aug 2019,00:00,8,3,11,8,3,11,No Group
Manchester City Council - Chorlton,Chorlton Place,2019,August,34,Wednesday,21 Aug 2019,01:00,1,1,2,1,1,2,No Group
Manchester City Council - Chorlton,Chorlton Place,2019,August,34,Wednesday,21 Aug 2019,02:00,0,0,0,0,0,0,No Group
Manchester City Council - Chorlton,Chorlton Place,2019,August,34,Wednesday,21 Aug 2019,03:00,1,0,1,1,0,1,No Group
Manchester City Council - Chorlton,Chorlton Place,2019,August,34,Wednesday,21 Aug 2019,04:00,5,4,9,5,4,9,No Group
Manchester City Council - Chorlton,Chorlton Place,2019,August,34,Wednesday,21 Aug 2019,05:00,0,4,4,0,4,4,No Group
Manchester City Council - Chorlton,Chorlton Place,2019,August,34,Wednesday,21 Aug 2019,06:00,7,19,26,7,19,26,No Group
Manchester City Council - Chorlton,Chorlton Place,2019,August,34,Wednesday,21 Aug 2019,07:00,15,69,84,15,69,84,No Group
Manchester City Council - Chorlton,Chorlton Place,2019,August,34,Wednesday,21 Aug 2019,08:00,38,108,146,38,108,146,No Group
Manchester City Council - Chorlton,Chorlton Place,2019,August,34,Wednesday,21 Aug 2019,09:00,54,89,143,54,89,143,No Group
Manchester City Council - Chorlton,Chorlton Place,2019,August,34,Wednesday,21 Aug 2019,10:00,116,154,270,116,154,270,No Group
Manchester City Council - Chorlton,Chorlton Place,2019,August,34,Wednesday,21 Aug 2019,11:00,166,171,337,166,171,337,No Group
Manchester City Council - Chorlton,Chorlton Place,2019,August,34,Wednesday,21 Aug 2019,12:00,175,216,391,175,216,391,No Group
Manchester City Council - Chorlton,Chorlton Place,2019,August,34,Wednesday,21 Aug 2019,13:00,207,187,394,207,187,394,No Group
Manchester City Council - Chorlton,Chorlton Place,2019,August,34,Wednesday,21 Aug 2019,14:00,170,200,370,170,200,370,No Group
Manchester City Council - Chorlton,Chorlton Place,2019,August,34,Wednesday,21 Aug 2019,15:00,179,166,345,179,166,345,No Group
Manchester City Council - Chorlton,Chorlton Place,2019,August,34,Wednesday,21 Aug 2019,16:00,184,196,380,184,196,380,No Group
Manchester City Council - Chorlton,Chorlton Place,2019,August,34,Wednesday,21 Aug 2019,17:00,141,116,257,141,116,257,No Group
Manchester City Council - Chorlton,Chorlton Place,2019,August,34,Wednesday,21 Aug 2019,18:00,108,69,177,108,69,177,No Group
Manchester City Council - Chorlton,Chorlton Place,2019,August,34,Wednesday,21 Aug 2019,19:00,85,69,154,85,69,154,No Group
Manchester City Council - Chorlton,Chorlton Place,2019,August,34,Wednesday,21 Aug 2019,20:00,51,46,97,51,46,97,No Group
Manchester City Council - Chorlton,Chorlton Place,2019,August,34,Wednesday,21 Aug 2019,21:00,31,49,80,31,49,80,No Group
Manchester City Council - Chorlton,Chorlton Place,2019,August,34,Wednesday,21 Aug 2019,22:00,18,35,53,18,35,53,No Group
Manchester City Council - Chorlton,Chorlton Place,2019,August,34,Wednesday,21 Aug 2019,23:00,29,30,59,29,30,59,No Group
Manchester City Council - Chorlton,Chorlton Place,2019,August,34,Thursday,22 Aug 2019,00:00,5,3,8,5,3,8,No Group
Manchester City Council - Chorlton,Chorlton Place,2019,August,34,Thursday,22 Aug 2019,01:00,2,2,4,2,2,4,No Group
Manchester City Council - Chorlton,Chorlton Place,2019,August,34,Thursday,22 Aug 2019,02:00,0,0,0,0,0,0,No Group
Manchester City Council - Chorlton,Chorlton Place,2019,August,34,Thursday,22 Aug 2019,03:00,0,0,0,0,0,0,No Group
Manchester City Council - Chorlton,Chorlton Place,2019,August,34,Thursday,22 Aug 2019,04:00,7,3,10,7,3,10,No Group
Manchester City Council - Chorlton,Chorlton Place,2019,August,34,Thursday,22 Aug 2019,05:00,1,3,4,1,3,4,No Group
Manchester City Council - Chorlton,Chorlton Place,2019,August,34,Thursday,22 Aug 2019,06:00,6,24,30,6,24,30,No Group
Manchester City Council - Chorlton,Chorlton Place,2019,August,34,Thursday,22 Aug 2019,07:00,42,107,149,42,107,149,No Group
Manchester City Council - Chorlton,Chorlton Place,2019,August,34,Thursday,22 Aug 2019,08:00,41,125,166,41,125,166,No Group
Manchester City Council - Chorlton,Chorlton Place,2019,August,34,Thursday,22 Aug 2019,09:00,79,122,201,79,122,201,No Group
Manchester City Council - Chorlton,Chorlton Place,2019,August,34,Thursday,22 Aug 2019,10:00,130,141,271,130,141,271,No Group
Manchester City Council - Chorlton,Chorlton Place,2019,August,34,Thursday,22 Aug 2019,11:00,139,167,306,139,167,306,No Group
Manchester City Council - Chorlton,Chorlton Place,2019,August,34,Thursday,22 Aug 2019,12:00,205,241,446,205,241,446,No Group
Manchester City Council - Chorlton,Chorlton Place,2019,August,34,Thursday,22 Aug 2019,13:00,226,236,462,226,236,462,No Group
Manchester City Council - Chorlton,Chorlton Place,2019,August,34,Thursday,22 Aug 2019,14:00,161,180,341,161,180,341,No Group
Manchester City Council - Chorlton,Chorlton Place,2019,August,34,Thursday,22 Aug 2019,15:00,154,153,307,154,153,307,No Group
Manchester City Council - Chorlton,Chorlton Place,2019,August,34,Thursday,22 Aug 2019,16:00,156,169,325,156,169,325,No Group
Manchester City Council - Chorlton,Chorlton Place,2019,August,34,Thursday,22 Aug 2019,17:00,136,111,247,136,111,247,No Group
Manchester City Council - Chorlton,Chorlton Place,2019,August,34,Thursday,22 Aug 2019,18:00,100,66,166,100,66,166,No Group
Manchester City Council - Chorlton,Chorlton Place,2019,August,34,Thursday,22 Aug 2019,19:00,56,72,128,56,72,128,No Group
Manchester City Council - Chorlton,Chorlton Place,2019,August,34,Thursday,22 Aug 2019,20:00,60,51,111,60,51,111,No Group
Manchester City Council - Chorlton,Chorlton Place,2019,August,34,Thursday,22 Aug 2019,21:00,56,42,98,56,42,98,No Group
Manchester City Council - Chorlton,Chorlton Place,2019,August,34,Thursday,22 Aug 2019,22:00,29,21,50,29,21,50,No Group
Manchester City Council - Chorlton,Chorlton Place,2019,August,34,Thursday,22 Aug 2019,23:00,27,13,40,27,13,40,No Group
Manchester City Council - Chorlton,Chorlton Place,2019,August,34,Friday,23 Aug 2019,00:00,13,3,16,13,3,16,No Group
Manchester City Council - Chorlton,Chorlton Place,2019,August,34,Friday,23 Aug 2019,01:00,6,1,7,6,1,7,No Group
Manchester City Council - Chorlton,Chorlton Place,2019,August,34,Friday,23 Aug 2019,02:00,0,1,1,0,1,1,No Group
Manchester City Council - Chorlton,Chorlton Place,2019,August,34,Friday,23 Aug 2019,03:00,0,0,0,0,0,0,No Group
Manchester City Council - Chorlton,Chorlton Place,2019,August,34,Friday,23 Aug 2019,04:00,0,1,1,0,1,1,No Group
Manchester City Council - Chorlton,Chorlton Place,2019,August,34,Friday,23 Aug 2019,05:00,7,7,14,7,7,14,No Group
Manchester City Council - Chorlton,Chorlton Place,2019,August,34,Friday,23 Aug 2019,06:00,6,21,27,6,21,27,No Group
Manchester City Council - Chorlton,Chorlton Place,2019,August,34,Friday,23 Aug 2019,07:00,21,76,97,21,76,97,No Group
Manchester City Council - Chorlton,Chorlton Place,2019,August,34,Friday,23 Aug 2019,08:00,27,107,134,27,107,134,No Group
Manchester City Council - Chorlton,Chorlton Place,2019,August,34,Friday,23 Aug 2019,09:00,80,112,192,80,112,192,No Group
Manchester City Council - Chorlton,Chorlton Place,2019,August,34,Friday,23 Aug 2019,10:00,141,157,298,141,157,298,No Group
Manchester City Council - Chorlton,Chorlton Place,2019,August,34,Friday,23 Aug 2019,11:00,172,182,354,172,182,354,No Group
Manchester City Council - Chorlton,Chorlton Place,2019,August,34,Friday,23 Aug 2019,12:00,163,183,346,163,183,346,No Group
Manchester City Council - Chorlton,Chorlton Place,2019,August,34,Friday,23 Aug 2019,13:00,205,243,448,205,243,448,No Group
Manchester City Council - Chorlton,Chorlton Place,2019,August,34,Friday,23 Aug 2019,14:00,227,206,433,227,206,433,No Group
Manchester City Council - Chorlton,Chorlton Place,2019,August,34,Friday,23 Aug 2019,15:00,198,205,403,198,205,403,No Group
Manchester City Council - Chorlton,Chorlton Place,2019,August,34,Friday,23 Aug 2019,16:00,188,164,352,188,164,352,No Group
Manchester City Council - Chorlton,Chorlton Place,2019,August,34,Friday,23 Aug 2019,17:00,133,118,251,133,118,251,No Group
Manchester City Council - Chorlton,Chorlton Place,2019,August,34,Friday,23 Aug 2019,18:00,115,94,209,115,94,209,No Group
Manchester City Council - Chorlton,Chorlton Place,2019,August,34,Friday,23 Aug 2019,19:00,112,84,196,112,84,196,No Group
Manchester City Council - Chorlton,Chorlton Place,2019,August,34,Friday,23 Aug 2019,20:00,70,84,154,70,84,154,No Group
Manchester City Council - Chorlton,Chorlton Place,2019,August,34,Friday,23 Aug 2019,21:00,58,51,109,58,51,109,No Group
Manchester City Council - Chorlton,Chorlton Place,2019,August,34,Friday,23 Aug 2019,22:00,54,73,127,54,73,127,No Group
Manchester City Council - Chorlton,Chorlton Place,2019,August,34,Friday,23 Aug 2019,23:00,71,54,125,71,54,125,No Group
Manchester City Council - Chorlton,Chorlton Place,2019,August,34,Saturday,24 Aug 2019,00:00,55,76,131,55,76,131,No Group
Manchester City Council - Chorlton,Chorlton Place,2019,August,34,Saturday,24 Aug 2019,01:00,20,26,46,20,26,46,No Group
Manchester City Council - Chorlton,Chorlton Place,2019,August,34,Saturday,24 Aug 2019,02:00,9,5,14,9,5,14,No Group
Manchester City Council - Chorlton,Chorlton Place,2019,August,34,Saturday,24 Aug 2019,03:00,2,2,4,2,2,4,No Group
Manchester City Council - Chorlton,Chorlton Place,2019,August,34,Saturday,24 Aug 2019,04:00,3,7,10,3,7,10,No Group
Manchester City Council - Chorlton,Chorlton Place,2019,August,34,Saturday,24 Aug 2019,05:00,8,9,17,8,9,17,No Group
Manchester City Council - Chorlton,Chorlton Place,2019,August,34,Saturday,24 Aug 2019,06:00,2,11,13,2,11,13,No Group
Manchester City Council - Chorlton,Chorlton Place,2019,August,34,Saturday,24 Aug 2019,07:00,11,14,25,11,14,25,No Group
Manchester City Council - Chorlton,Chorlton Place,2019,August,34,Saturday,24 Aug 2019,08:00,32,63,95,32,63,95,No Group
Manchester City Council - Chorlton,Chorlton Place,2019,August,34,Saturday,24 Aug 2019,09:00,96,137,233,96,137,233,No Group
Manchester City Council - Chorlton,Chorlton Place,2019,August,34,Saturday,24 Aug 2019,10:00,190,237,427,190,237,427,No Group
Manchester City Council - Chorlton,Chorlton Place,2019,August,34,Saturday,24 Aug 2019,11:00,260,318,578,260,318,578,No Group
Manchester City Council - Chorlton,Chorlton Place,2019,August,34,Saturday,24 Aug 2019,12:00,342,357,699,342,357,699,No Group
Manchester City Council - Chorlton,Chorlton Place,2019,August,34,Saturday,24 Aug 2019,13:00,356,368,724,356,368,724,No Group
Manchester City Council - Chorlton,Chorlton Place,2019,August,34,Saturday,24 Aug 2019,14:00,240,291,531,240,291,531,No Group
Manchester City Council - Chorlton,Chorlton Place,2019,August,34,Saturday,24 Aug 2019,15:00,183,193,376,183,193,376,No Group
Manchester City Council - Chorlton,Chorlton Place,2019,August,34,Saturday,24 Aug 2019,16:00,131,155,286,131,155,286,No Group
Manchester City Council - Chorlton,Chorlton Place,2019,August,34,Saturday,24 Aug 2019,17:00,141,126,267,141,126,267,No Group
Manchester City Council - Chorlton,Chorlton Place,2019,August,34,Saturday,24 Aug 2019,18:00,100,113,213,100,113,213,No Group
Manchester City Council - Chorlton,Chorlton Place,2019,August,34,Saturday,24 Aug 2019,19:00,122,99,221,122,99,221,No Group
Manchester City Council - Chorlton,Chorlton Place,2019,August,34,Saturday,24 Aug 2019,20:00,67,74,141,67,74,141,No Group
Manchester City Council - Chorlton,Chorlton Place,2019,August,34,Saturday,24 Aug 2019,21:00,73,47,120,73,47,120,No Group
Manchester City Council - Chorlton,Chorlton Place,2019,August,34,Saturday,24 Aug 2019,22:00,56,57,113,56,57,113,No Group
Manchester City Council - Chorlton,Chorlton Place,2019,August,34,Saturday,24 Aug 2019,23:00,42,46,88,42,46,88,No Group
Manchester City Council - Chorlton,Chorlton Place,2019,August,34,Sunday,25 Aug 2019,00:00,24,45,69,24,45,69,No Group
Manchester City Council - Chorlton,Chorlton Place,2019,August,34,Sunday,25 Aug 2019,01:00,10,7,17,10,7,17,No Group
Manchester City Council - Chorlton,Chorlton Place,2019,August,34,Sunday,25 Aug 2019,02:00,0,1,1,0,1,1,No Group
Manchester City Council - Chorlton,Chorlton Place,2019,August,34,Sunday,25 Aug 2019,03:00,0,0,0,0,0,0,No Group
Manchester City Council - Chorlton,Chorlton Place,2019,August,34,Sunday,25 Aug 2019,04:00,0,2,2,0,2,2,No Group
Manchester City Council - Chorlton,Chorlton Place,2019,August,34,Sunday,25 Aug 2019,05:00,4,3,7,4,3,7,No Group
Manchester City Council - Chorlton,Chorlton Place,2019,August,34,Sunday,25 Aug 2019,06:00,4,7,11,4,7,11,No Group
Manchester City Council - Chorlton,Chorlton Place,2019,August,34,Sunday,25 Aug 2019,07:00,16,12,28,16,12,28,No Group
Manchester City Council - Chorlton,Chorlton Place,2019,August,34,Sunday,25 Aug 2019,08:00,15,18,33,15,18,33,No Group
Manchester City Council - Chorlton,Chorlton Place,2019,August,34,Sunday,25 Aug 2019,09:00,30,50,80,30,50,80,No Group
Manchester City Council - Chorlton,Chorlton Place,2019,August,34,Sunday,25 Aug 2019,10:00,57,87,144,57,87,144,No Group
Manchester City Council - Chorlton,Chorlton Place,2019,August,34,Sunday,25 Aug 2019,11:00,135,184,319,135,184,319,No Group
Manchester City Council - Chorlton,Chorlton Place,2019,August,34,Sunday,25 Aug 2019,12:00,165,172,337,165,172,337,No Group
Manchester City Council - Chorlton,Chorlton Place,2019,August,34,Sunday,25 Aug 2019,13:00,150,188,338,150,188,338,No Group
Manchester City Council - Chorlton,Chorlton Place,2019,August,34,Sunday,25 Aug 2019,14:00,137,121,258,137,121,258,No Group
Manchester City Council - Chorlton,Chorlton Place,2019,August,34,Sunday,25 Aug 2019,15:00,70,94,164,70,94,164,No Group
Manchester City Council - Chorlton,Chorlton Place,2019,August,34,Sunday,25 Aug 2019,16:00,74,84,158,74,84,158,No Group
Manchester City Council - Chorlton,Chorlton Place,2019,August,34,Sunday,25 Aug 2019,17:00,86,99,185,86,99,185,No Group
Manchester City Council - Chorlton,Chorlton Place,2019,August,34,Sunday,25 Aug 2019,18:00,71,79,150,71,79,150,No Group
Manchester City Council - Chorlton,Chorlton Place,2019,August,34,Sunday,25 Aug 2019,19:00,73,61,134,73,61,134,No Group
Manchester City Council - Chorlton,Chorlton Place,2019,August,34,Sunday,25 Aug 2019,20:00,39,74,113,39,74,113,No Group
Manchester City Council - Chorlton,Chorlton Place,2019,August,34,Sunday,25 Aug 2019,21:00,46,50,96,46,50,96,No Group
Manchester City Council - Chorlton,Chorlton Place,2019,August,34,Sunday,25 Aug 2019,22:00,35,39,74,35,39,74,No Group
Manchester City Council - Chorlton,Chorlton Place,2019,August,34,Sunday,25 Aug 2019,23:00,25,19,44,25,19,44,No Group
Manchester City Council - Chorlton,Chorlton Place,2019,September,35,Monday,26 Aug 2019,00:00,22,16,38,22,16,38,No Group
Manchester City Council - Chorlton,Chorlton Place,2019,September,35,Monday,26 Aug 2019,01:00,10,14,24,10,14,24,No Group
Manchester City Council - Chorlton,Chorlton Place,2019,September,35,Monday,26 Aug 2019,02:00,3,4,7,3,4,7,No Group
Manchester City Council - Chorlton,Chorlton Place,2019,September,35,Monday,26 Aug 2019,03:00,7,6,13,7,6,13,No Group
Manchester City Council - Chorlton,Chorlton Place,2019,September,35,Monday,26 Aug 2019,04:00,4,0,4,4,0,4,No Group
Manchester City Council - Chorlton,Chorlton Place,2019,September,35,Monday,26 Aug 2019,05:00,0,1,1,0,1,1,No Group
Manchester City Council - Chorlton,Chorlton Place,2019,September,35,Monday,26 Aug 2019,06:00,10,17,27,10,17,27,No Group
Manchester City Council - Chorlton,Chorlton Place,2019,September,35,Monday,26 Aug 2019,07:00,9,17,26,9,17,26,No Group
Manchester City Council - Chorlton,Chorlton Place,2019,September,35,Monday,26 Aug 2019,08:00,18,39,57,18,39,57,No Group
Manchester City Council - Chorlton,Chorlton Place,2019,September,35,Monday,26 Aug 2019,09:00,23,34,57,23,34,57,No Group
Manchester City Council - Chorlton,Chorlton Place,2019,September,35,Monday,26 Aug 2019,10:00,64,54,118,64,54,118,No Group
Manchester City Council - Chorlton,Chorlton Place,2019,September,35,Monday,26 Aug 2019,11:00,83,128,211,83,128,211,No Group
Manchester City Council - Chorlton,Chorlton Place,2019,September,35,Monday,26 Aug 2019,12:00,182,238,420,182,238,420,No Group
Manchester City Council - Chorlton,Chorlton Place,2019,September,35,Monday,26 Aug 2019,13:00,205,221,426,205,221,426,No Group
Manchester City Council - Chorlton,Chorlton Place,2019,September,35,Monday,26 Aug 2019,14:00,124,121,245,124,121,245,No Group
Manchester City Council - Chorlton,Chorlton Place,2019,September,35,Monday,26 Aug 2019,15:00,146,119,265,146,119,265,No Group
Manchester City Council - Chorlton,Chorlton Place,2019,September,35,Monday,26 Aug 2019,16:00,117,127,244,117,127,244,No Group
Manchester City Council - Chorlton,Chorlton Place,2019,September,35,Monday,26 Aug 2019,17:00,95,102,197,95,102,197,No Group
Manchester City Council - Chorlton,Chorlton Place,2019,September,35,Monday,26 Aug 2019,18:00,75,80,155,75,80,155,No Group
Manchester City Council - Chorlton,Chorlton Place,2019,September,35,Monday,26 Aug 2019,19:00,71,70,141,71,70,141,No Group
Manchester City Council - Chorlton,Chorlton Place,2019,September,35,Monday,26 Aug 2019,20:00,45,52,97,45,52,97,No Group
Manchester City Council - Chorlton,Chorlton Place,2019,September,35,Monday,26 Aug 2019,21:00,40,44,84,40,44,84,No Group
Manchester City Council - Chorlton,Chorlton Place,2019,September,35,Monday,26 Aug 2019,22:00,37,36,73,37,36,73,No Group
Manchester City Council - Chorlton,Chorlton Place,2019,September,35,Monday,26 Aug 2019,23:00,12,31,43,12,31,43,No Group
Manchester City Council - Chorlton,Chorlton Place,2019,September,35,Tuesday,27 Aug 2019,00:00,9,2,11,9,2,11,No Group
Manchester City Council - Chorlton,Chorlton Place,2019,September,35,Tuesday,27 Aug 2019,01:00,5,2,7,5,2,7,No Group
Manchester City Council - Chorlton,Chorlton Place,2019,September,35,Tuesday,27 Aug 2019,02:00,8,11,19,8,11,19,No Group
Manchester City Council - Chorlton,Chorlton Place,2019,September,35,Tuesday,27 Aug 2019,03:00,3,2,5,3,2,5,No Group
Manchester City Council - Chorlton,Chorlton Place,2019,September,35,Tuesday,27 Aug 2019,04:00,3,5,8,3,5,8,No Group
Manchester City Council - Chorlton,Chorlton Place,2019,September,35,Tuesday,27 Aug 2019,05:00,1,1,2,1,1,2,No Group
Manchester City Council - Chorlton,Chorlton Place,2019,September,35,Tuesday,27 Aug 2019,06:00,4,26,30,4,26,30,No Group
Manchester City Council - Chorlton,Chorlton Place,2019,September,35,Tuesday,27 Aug 2019,07:00,20,72,92,20,72,92,No Group
Manchester City Council - Chorlton,Chorlton Place,2019,September,35,Tuesday,27 Aug 2019,08:00,26,101,127,26,101,127,No Group
Manchester City Council - Chorlton,Chorlton Place,2019,September,35,Tuesday,27 Aug 2019,09:00,78,117,195,78,117,195,No Group
Manchester City Council - Chorlton,Chorlton Place,2019,September,35,Tuesday,27 Aug 2019,10:00,126,154,280,126,154,280,No Group
Manchester City Council - Chorlton,Chorlton Place,2019,September,35,Tuesday,27 Aug 2019,11:00,229,264,493,229,264,493,No Group
Manchester City Council - Chorlton,Chorlton Place,2019,September,35,Tuesday,27 Aug 2019,12:00,269,331,600,269,331,600,No Group
Manchester City Council - Chorlton,Chorlton Place,2019,September,35,Tuesday,27 Aug 2019,13:00,259,249,508,259,249,508,No Group
Manchester City Council - Chorlton,Chorlton Place,2019,September,35,Tuesday,27 Aug 2019,14:00,191,192,383,191,192,383,No Group
Manchester City Council - Chorlton,Chorlton Place,2019,September,35,Tuesday,27 Aug 2019,15:00,161,179,340,161,179,340,No Group
Manchester City Council - Chorlton,Chorlton Place,2019,September,35,Tuesday,27 Aug 2019,16:00,143,127,270,143,127,270,No Group
Manchester City Council - Chorlton,Chorlton Place,2019,September,35,Tuesday,27 Aug 2019,17:00,126,98,224,126,98,224,No Group
Manchester City Council - Chorlton,Chorlton Place,2019,September,35,Tuesday,27 Aug 2019,18:00,112,92,204,112,92,204,No Group
Manchester City Council - Chorlton,Chorlton Place,2019,September,35,Tuesday,27 Aug 2019,19:00,100,99,199,100,99,199,No Group
Manchester City Council - Chorlton,Chorlton Place,2019,September,35,Tuesday,27 Aug 2019,20:00,63,55,118,63,55,118,No Group
Manchester City Council - Chorlton,Chorlton Place,2019,September,35,Tuesday,27 Aug 2019,21:00,39,41,80,39,41,80,No Group
Manchester City Council - Chorlton,Chorlton Place,2019,September,35,Tuesday,27 Aug 2019,22:00,24,23,47,24,23,47,No Group
Manchester City Council - Chorlton,Chorlton Place,2019,September,35,Tuesday,27 Aug 2019,23:00,14,22,36,14,22,36,No Group
Manchester City Council - Chorlton,Chorlton Place,2019,September,35,Wednesday,28 Aug 2019,00:00,4,3,7,4,3,7,No Group
Manchester City Council - Chorlton,Chorlton Place,2019,September,35,Wednesday,28 Aug 2019,01:00,1,3,4,1,3,4,No Group
Manchester City Council - Chorlton,Chorlton Place,2019,September,35,Wednesday,28 Aug 2019,02:00,0,0,0,0,0,0,No Group
Manchester City Council - Chorlton,Chorlton Place,2019,September,35,Wednesday,28 Aug 2019,03:00,0,2,2,0,2,2,No Group
Manchester City Council - Chorlton,Chorlton Place,2019,September,35,Wednesday,28 Aug 2019,04:00,1,2,3,1,2,3,No Group
Manchester City Council - Chorlton,Chorlton Place,2019,September,35,Wednesday,28 Aug 2019,05:00,3,6,9,3,6,9,No Group
Manchester City Council - Chorlton,Chorlton Place,2019,September,35,Wednesday,28 Aug 2019,06:00,8,20,28,8,20,28,No Group
Manchester City Council - Chorlton,Chorlton Place,2019,September,35,Wednesday,28 Aug 2019,07:00,18,82,100,18,82,100,No Group
Manchester City Council - Chorlton,Chorlton Place,2019,September,35,Wednesday,28 Aug 2019,08:00,46,123,169,46,123,169,No Group
Manchester City Council - Chorlton,Chorlton Place,2019,September,35,Wednesday,28 Aug 2019,09:00,90,122,212,90,122,212,No Group
Manchester City Council - Chorlton,Chorlton Place,2019,September,35,Wednesday,28 Aug 2019,10:00,138,169,307,138,169,307,No Group
Manchester City Council - Chorlton,Chorlton Place,2019,September,35,Wednesday,28 Aug 2019,11:00,170,187,357,170,187,357,No Group
Manchester City Council - Chorlton,Chorlton Place,2019,September,35,Wednesday,28 Aug 2019,12:00,206,212,418,206,212,418,No Group
Manchester City Council - Chorlton,Chorlton Place,2019,September,35,Wednesday,28 Aug 2019,13:00,168,185,353,168,185,353,No Group
Manchester City Council - Chorlton,Chorlton Place,2019,September,35,Wednesday,28 Aug 2019,14:00,162,202,364,162,202,364,No Group
Manchester City Council - Chorlton,Chorlton Place,2019,September,35,Wednesday,28 Aug 2019,15:00,166,187,353,166,187,353,No Group
Manchester City Council - Chorlton,Chorlton Place,2019,September,35,Wednesday,28 Aug 2019,16:00,237,188,425,237,188,425,No Group
Manchester City Council - Chorlton,Chorlton Place,2019,September,35,Wednesday,28 Aug 2019,17:00,162,155,317,162,155,317,No Group
Manchester City Council - Chorlton,Chorlton Place,2019,September,35,Wednesday,28 Aug 2019,18:00,111,71,182,111,71,182,No Group
Manchester City Council - Chorlton,Chorlton Place,2019,September,35,Wednesday,28 Aug 2019,19:00,77,54,131,77,54,131,No Group
Manchester City Council - Chorlton,Chorlton Place,2019,September,35,Wednesday,28 Aug 2019,20:00,54,35,89,54,35,89,No Group
Manchester City Council - Chorlton,Chorlton Place,2019,September,35,Wednesday,28 Aug 2019,21:00,41,32,73,41,32,73,No Group
Manchester City Council - Chorlton,Chorlton Place,2019,September,35,Wednesday,28 Aug 2019,22:00,27,27,54,27,27,54,No Group
Manchester City Council - Chorlton,Chorlton Place,2019,September,35,Wednesday,28 Aug 2019,23:00,13,19,32,13,19,32,No Group
Manchester City Council - Chorlton,Chorlton Place,2019,September,35,Thursday,29 Aug 2019,00:00,13,6,19,13,6,19,No Group
Manchester City Council - Chorlton,Chorlton Place,2019,September,35,Thursday,29 Aug 2019,01:00,4,3,7,4,3,7,No Group
Manchester City Council - Chorlton,Chorlton Place,2019,September,35,Thursday,29 Aug 2019,02:00,0,1,1,0,1,1,No Group
Manchester City Council - Chorlton,Chorlton Place,2019,September,35,Thursday,29 Aug 2019,03:00,0,1,1,0,1,1,No Group
Manchester City Council - Chorlton,Chorlton Place,2019,September,35,Thursday,29 Aug 2019,04:00,1,3,4,1,3,4,No Group
Manchester City Council - Chorlton,Chorlton Place,2019,September,35,Thursday,29 Aug 2019,05:00,1,6,7,1,6,7,No Group
Manchester City Council - Chorlton,Chorlton Place,2019,September,35,Thursday,29 Aug 2019,06:00,7,17,24,7,17,24,No Group
Manchester City Council - Chorlton,Chorlton Place,2019,September,35,Thursday,29 Aug 2019,07:00,22,71,93,22,71,93,No Group
Manchester City Council - Chorlton,Chorlton Place,2019,September,35,Thursday,29 Aug 2019,08:00,35,105,140,35,105,140,No Group
Manchester City Council - Chorlton,Chorlton Place,2019,September,35,Thursday,29 Aug 2019,09:00,70,118,188,70,118,188,No Group
Manchester City Council - Chorlton,Chorlton Place,2019,September,35,Thursday,29 Aug 2019,10:00,173,190,363,173,190,363,No Group
Manchester City Council - Chorlton,Chorlton Place,2019,September,35,Thursday,29 Aug 2019,11:00,198,186,384,198,186,384,No Group
Manchester City Council - Chorlton,Chorlton Place,2019,September,35,Thursday,29 Aug 2019,12:00,204,267,471,204,267,471,No Group
Manchester City Council - Chorlton,Chorlton Place,2019,September,35,Thursday,29 Aug 2019,13:00,206,164,370,206,164,370,No Group
Manchester City Council - Chorlton,Chorlton Place,2019,September,35,Thursday,29 Aug 2019,14:00,169,158,327,169,158,327,No Group
Manchester City Council - Chorlton,Chorlton Place,2019,September,35,Thursday,29 Aug 2019,15:00,189,180,369,189,180,369,No Group
Manchester City Council - Chorlton,Chorlton Place,2019,September,35,Thursday,29 Aug 2019,16:00,159,195,354,159,195,354,No Group
Manchester City Council - Chorlton,Chorlton Place,2019,September,35,Thursday,29 Aug 2019,17:00,148,115,263,148,115,263,No Group
Manchester City Council - Chorlton,Chorlton Place,2019,September,35,Thursday,29 Aug 2019,18:00,102,69,171,102,69,171,No Group
Manchester City Council - Chorlton,Chorlton Place,2019,September,35,Thursday,29 Aug 2019,19:00,62,71,133,62,71,133,No Group
Manchester City Council - Chorlton,Chorlton Place,2019,September,35,Thursday,29 Aug 2019,20:00,51,55,106,51,55,106,No Group
Manchester City Council - Chorlton,Chorlton Place,2019,September,35,Thursday,29 Aug 2019,21:00,56,49,105,56,49,105,No Group
Manchester City Council - Chorlton,Chorlton Place,2019,September,35,Thursday,29 Aug 2019,22:00,34,45,79,34,45,79,No Group
Manchester City Council - Chorlton,Chorlton Place,2019,September,35,Thursday,29 Aug 2019,23:00,25,16,41,25,16,41,No Group
Manchester City Council - Chorlton,Chorlton Place,2019,September,35,Friday,30 Aug 2019,00:00,27,17,44,27,17,44,No Group
Manchester City Council - Chorlton,Chorlton Place,2019,September,35,Friday,30 Aug 2019,01:00,18,15,33,18,15,33,No Group
Manchester City Council - Chorlton,Chorlton Place,2019,September,35,Friday,30 Aug 2019,02:00,3,6,9,3,6,9,No Group
Manchester City Council - Chorlton,Chorlton Place,2019,September,35,Friday,30 Aug 2019,03:00,5,13,18,5,13,18,No Group
Manchester City Council - Chorlton,Chorlton Place,2019,September,35,Friday,30 Aug 2019,04:00,5,10,15,5,10,15,No Group
Manchester City Council - Chorlton,Chorlton Place,2019,September,35,Friday,30 Aug 2019,05:00,2,7,9,2,7,9,No Group
Manchester City Council - Chorlton,Chorlton Place,2019,September,35,Friday,30 Aug 2019,06:00,7,18,25,7,18,25,No Group
Manchester City Council - Chorlton,Chorlton Place,2019,September,35,Friday,30 Aug 2019,07:00,16,74,90,16,74,90,No Group
Manchester City Council - Chorlton,Chorlton Place,2019,September,35,Friday,30 Aug 2019,08:00,29,105,134,29,105,134,No Group
Manchester City Council - Chorlton,Chorlton Place,2019,September,35,Friday,30 Aug 2019,09:00,97,128,225,97,128,225,No Group
Manchester City Council - Chorlton,Chorlton Place,2019,September,35,Friday,30 Aug 2019,10:00,124,134,258,124,134,258,No Group
Manchester City Council - Chorlton,Chorlton Place,2019,September,35,Friday,30 Aug 2019,11:00,185,194,379,185,194,379,No Group
Manchester City Council - Chorlton,Chorlton Place,2019,September,35,Friday,30 Aug 2019,12:00,244,312,556,244,312,556,No Group
Manchester City Council - Chorlton,Chorlton Place,2019,September,35,Friday,30 Aug 2019,13:00,166,198,364,166,198,364,No Group
Manchester City Council - Chorlton,Chorlton Place,2019,September,35,Friday,30 Aug 2019,14:00,176,195,371,176,195,371,No Group
Manchester City Council - Chorlton,Chorlton Place,2019,September,35,Friday,30 Aug 2019,15:00,215,205,420,215,205,420,No Group
Manchester City Council - Chorlton,Chorlton Place,2019,September,35,Friday,30 Aug 2019,16:00,185,186,371,185,186,371,No Group
Manchester City Council - Chorlton,Chorlton Place,2019,September,35,Friday,30 Aug 2019,17:00,168,126,294,168,126,294,No Group
Manchester City Council - Chorlton,Chorlton Place,2019,September,35,Friday,30 Aug 2019,18:00,130,110,240,130,110,240,No Group
Manchester City Council - Chorlton,Chorlton Place,2019,September,35,Friday,30 Aug 2019,19:00,89,93,182,89,93,182,No Group
Manchester City Council - Chorlton,Chorlton Place,2019,September,35,Friday,30 Aug 2019,20:00,140,87,227,140,87,227,No Group
Manchester City Council - Chorlton,Chorlton Place,2019,September,35,Friday,30 Aug 2019,21:00,98,74,172,98,74,172,No Group
Manchester City Council - Chorlton,Chorlton Place,2019,September,35,Friday,30 Aug 2019,22:00,82,81,163,82,81,163,No Group
Manchester City Council - Chorlton,Chorlton Place,2019,September,35,Friday,30 Aug 2019,23:00,66,68,134,66,68,134,No Group
Manchester City Council - Chorlton,Chorlton Place,2019,September,35,Saturday,31 Aug 2019,00:00,46,60,106,46,60,106,No Group
Manchester City Council - Chorlton,Chorlton Place,2019,September,35,Saturday,31 Aug 2019,01:00,57,91,148,57,91,148,No Group
Manchester City Council - Chorlton,Chorlton Place,2019,September,35,Saturday,31 Aug 2019,02:00,12,7,19,12,7,19,No Group
Manchester City Council - Chorlton,Chorlton Place,2019,September,35,Saturday,31 Aug 2019,03:00,1,6,7,1,6,7,No Group
Manchester City Council - Chorlton,Chorlton Place,2019,September,35,Saturday,31 Aug 2019,04:00,2,3,5,2,3,5,No Group
Manchester City Council - Chorlton,Chorlton Place,2019,September,35,Saturday,31 Aug 2019,05:00,8,10,18,8,10,18,No Group
Manchester City Council - Chorlton,Chorlton Place,2019,September,35,Saturday,31 Aug 2019,06:00,6,14,20,6,14,20,No Group
Manchester City Council - Chorlton,Chorlton Place,2019,September,35,Saturday,31 Aug 2019,07:00,13,19,32,13,19,32,No Group
Manchester City Council - Chorlton,Chorlton Place,2019,September,35,Saturday,31 Aug 2019,08:00,34,53,87,34,53,87,No Group
Manchester City Council - Chorlton,Chorlton Place,2019,September,35,Saturday,31 Aug 2019,09:00,132,117,249,132,117,249,No Group
Manchester City Council - Chorlton,Chorlton Place,2019,September,35,Saturday,31 Aug 2019,10:00,139,209,348,139,209,348,No Group
Manchester City Council - Chorlton,Chorlton Place,2019,September,35,Saturday,31 Aug 2019,11:00,218,231,449,218,231,449,No Group
Manchester City Council - Chorlton,Chorlton Place,2019,September,35,Saturday,31 Aug 2019,12:00,267,316,583,267,316,583,No Group
Manchester City Council - Chorlton,Chorlton Place,2019,September,35,Saturday,31 Aug 2019,13:00,282,333,615,282,333,615,No Group
Manchester City Council - Chorlton,Chorlton Place,2019,September,35,Saturday,31 Aug 2019,14:00,226,264,490,226,264,490,No Group
Manchester City Council - Chorlton,Chorlton Place,2019,September,35,Saturday,31 Aug 2019,15:00,259,245,504,259,245,504,No Group
Manchester City Council - Chorlton,Chorlton Place,2019,September,35,Saturday,31 Aug 2019,16:00,184,198,382,184,198,382,No Group
Manchester City Council - Chorlton,Chorlton Place,2019,September,35,Saturday,31 Aug 2019,17:00,156,113,269,156,113,269,No Group
Manchester City Council - Chorlton,Chorlton Place,2019,September,35,Saturday,31 Aug 2019,18:00,114,93,207,114,93,207,No Group
Manchester City Council - Chorlton,Chorlton Place,2019,September,35,Saturday,31 Aug 2019,19:00,91,100,191,91,100,191,No Group
Manchester City Council - Chorlton,Chorlton Place,2019,September,35,Saturday,31 Aug 2019,20:00,88,74,162,88,74,162,No Group
Manchester City Council - Chorlton,Chorlton Place,2019,September,35,Saturday,31 Aug 2019,21:00,88,98,186,88,98,186,No Group
Manchester City Council - Chorlton,Chorlton Place,2019,September,35,Saturday,31 Aug 2019,22:00,71,94,165,71,94,165,No Group
Manchester City Council - Chorlton,Chorlton Place,2019,September,35,Saturday,31 Aug 2019,23:00,54,62,116,54,62,116,No Group
Manchester City Council - Chorlton,Chorlton Place,2019,September,35,Sunday,01 Sep 2019,00:00,19,47,66,19,47,66,No Group
Manchester City Council - Chorlton,Chorlton Place,2019,September,35,Sunday,01 Sep 2019,01:00,11,10,21,11,10,21,No Group
Manchester City Council - Chorlton,Chorlton Place,2019,September,35,Sunday,01 Sep 2019,02:00,6,4,10,6,4,10,No Group
Manchester City Council - Chorlton,Chorlton Place,2019,September,35,Sunday,01 Sep 2019,03:00,1,5,6,1,5,6,No Group
Manchester City Council - Chorlton,Chorlton Place,2019,September,35,Sunday,01 Sep 2019,04:00,1,3,4,1,3,4,No Group
Manchester City Council - Chorlton,Chorlton Place,2019,September,35,Sunday,01 Sep 2019,05:00,3,0,3,3,0,3,No Group
Manchester City Council - Chorlton,Chorlton Place,2019,September,35,Sunday,01 Sep 2019,06:00,2,6,8,2,6,8,No Group
Manchester City Council - Chorlton,Chorlton Place,2019,September,35,Sunday,01 Sep 2019,07:00,8,11,19,8,11,19,No Group
Manchester City Council - Chorlton,Chorlton Place,2019,September,35,Sunday,01 Sep 2019,08:00,12,24,36,12,24,36,No Group
Manchester City Council - Chorlton,Chorlton Place,2019,September,35,Sunday,01 Sep 2019,09:00,76,49,125,76,49,125,No Group
Manchester City Council - Chorlton,Chorlton Place,2019,September,35,Sunday,01 Sep 2019,10:00,76,109,185,76,109,185,No Group
Manchester City Council - Chorlton,Chorlton Place,2019,September,35,Sunday,01 Sep 2019,11:00,80,102,182,80,102,182,No Group
Manchester City Council - Chorlton,Chorlton Place,2019,September,35,Sunday,01 Sep 2019,12:00,144,184,328,144,184,328,No Group
Manchester City Council - Chorlton,Chorlton Place,2019,September,35,Sunday,01 Sep 2019,13:00,125,129,254,125,129,254,No Group
Manchester City Council - Chorlton,Chorlton Place,2019,September,35,Sunday,01 Sep 2019,14:00,116,145,261,116,145,261,No Group
Manchester City Council - Chorlton,Chorlton Place,2019,September,35,Sunday,01 Sep 2019,15:00,139,139,278,139,139,278,No Group
Manchester City Council - Chorlton,Chorlton Place,2019,September,35,Sunday,01 Sep 2019,16:00,82,92,174,82,92,174,No Group
Manchester City Council - Chorlton,Chorlton Place,2019,September,35,Sunday,01 Sep 2019,17:00,55,72,127,55,72,127,No Group
Manchester City Council - Chorlton,Chorlton Place,2019,September,35,Sunday,01 Sep 2019,18:00,63,65,128,63,65,128,No Group
Manchester City Council - Chorlton,Chorlton Place,2019,September,35,Sunday,01 Sep 2019,19:00,49,57,106,49,57,106,No Group
Manchester City Council - Chorlton,Chorlton Place,2019,September,35,Sunday,01 Sep 2019,20:00,35,42,77,35,42,77,No Group
Manchester City Council - Chorlton,Chorlton Place,2019,September,35,Sunday,01 Sep 2019,21:00,35,30,65,35,30,65,No Group
Manchester City Council - Chorlton,Chorlton Place,2019,September,35,Sunday,01 Sep 2019,22:00,29,30,59,29,30,59,No Group
Manchester City Council - Chorlton,Chorlton Place,2019,September,35,Sunday,01 Sep 2019,23:00,9,6,15,9,6,15,No Group
Manchester City Council - Chorlton,Chorlton Place,2019,September,36,Monday,02 Sep 2019,00:00,5,3,8,5,3,8,No Group
Manchester City Council - Chorlton,Chorlton Place,2019,September,36,Monday,02 Sep 2019,01:00,1,1,2,1,1,2,No Group
Manchester City Council - Chorlton,Chorlton Place,2019,September,36,Monday,02 Sep 2019,02:00,2,1,3,2,1,3,No Group
Manchester City Council - Chorlton,Chorlton Place,2019,September,36,Monday,02 Sep 2019,03:00,4,2,6,4,2,6,No Group
Manchester City Council - Chorlton,Chorlton Place,2019,September,36,Monday,02 Sep 2019,04:00,1,4,5,1,4,5,No Group
Manchester City Council - Chorlton,Chorlton Place,2019,September,36,Monday,02 Sep 2019,05:00,1,3,4,1,3,4,No Group
Manchester City Council - Chorlton,Chorlton Place,2019,September,36,Monday,02 Sep 2019,06:00,6,25,31,6,25,31,No Group
Manchester City Council - Chorlton,Chorlton Place,2019,September,36,Monday,02 Sep 2019,07:00,17,82,99,17,82,99,No Group
Manchester City Council - Chorlton,Chorlton Place,2019,September,36,Monday,02 Sep 2019,08:00,48,116,164,48,116,164,No Group
Manchester City Council - Chorlton,Chorlton Place,2019,September,36,Monday,02 Sep 2019,09:00,65,132,197,65,132,197,No Group
Manchester City Council - Chorlton,Chorlton Place,2019,September,36,Monday,02 Sep 2019,10:00,115,166,281,115,166,281,No Group
Manchester City Council - Chorlton,Chorlton Place,2019,September,36,Monday,02 Sep 2019,11:00,149,193,342,149,193,342,No Group
Manchester City Council - Chorlton,Chorlton Place,2019,September,36,Monday,02 Sep 2019,12:00,193,223,416,193,223,416,No Group
Manchester City Council - Chorlton,Chorlton Place,2019,September,36,Monday,02 Sep 2019,13:00,202,228,430,202,228,430,No Group
Manchester City Council - Chorlton,Chorlton Place,2019,September,36,Monday,02 Sep 2019,14:00,200,224,424,200,224,424,No Group
Manchester City Council - Chorlton,Chorlton Place,2019,September,36,Monday,02 Sep 2019,15:00,158,168,326,158,168,326,No Group
Manchester City Council - Chorlton,Chorlton Place,2019,September,36,Monday,02 Sep 2019,16:00,216,169,385,216,169,385,No Group
Manchester City Council - Chorlton,Chorlton Place,2019,September,36,Monday,02 Sep 2019,17:00,150,117,267,150,117,267,No Group
Manchester City Council - Chorlton,Chorlton Place,2019,September,36,Monday,02 Sep 2019,18:00,110,90,200,110,90,200,No Group
Manchester City Council - Chorlton,Chorlton Place,2019,September,36,Monday,02 Sep 2019,19:00,97,96,193,97,96,193,No Group
Manchester City Council - Chorlton,Chorlton Place,2019,September,36,Monday,02 Sep 2019,20:00,44,69,113,44,69,113,No Group
Manchester City Council - Chorlton,Chorlton Place,2019,September,36,Monday,02 Sep 2019,21:00,25,55,80,25,55,80,No Group
Manchester City Council - Chorlton,Chorlton Place,2019,September,36,Monday,02 Sep 2019,22:00,20,21,41,20,21,41,No Group
Manchester City Council - Chorlton,Chorlton Place,2019,September,36,Monday,02 Sep 2019,23:00,12,16,28,12,16,28,No Group
Manchester City Council - Chorlton,Chorlton Place,2019,September,36,Tuesday,03 Sep 2019,00:00,13,0,13,13,0,13,No Group
Manchester City Council - Chorlton,Chorlton Place,2019,September,36,Tuesday,03 Sep 2019,01:00,7,0,7,7,0,7,No Group
Manchester City Council - Chorlton,Chorlton Place,2019,September,36,Tuesday,03 Sep 2019,02:00,11,10,21,11,10,21,No Group
Manchester City Council - Chorlton,Chorlton Place,2019,September,36,Tuesday,03 Sep 2019,03:00,0,1,1,0,1,1,No Group
Manchester City Council - Chorlton,Chorlton Place,2019,September,36,Tuesday,03 Sep 2019,04:00,2,3,5,2,3,5,No Group
Manchester City Council - Chorlton,Chorlton Place,2019,September,36,Tuesday,03 Sep 2019,05:00,0,4,4,0,4,4,No Group
Manchester City Council - Chorlton,Chorlton Place,2019,September,36,Tuesday,03 Sep 2019,06:00,6,21,27,6,21,27,No Group
Manchester City Council - Chorlton,Chorlton Place,2019,September,36,Tuesday,03 Sep 2019,07:00,32,81,113,32,81,113,No Group
Manchester City Council - Chorlton,Chorlton Place,2019,September,36,Tuesday,03 Sep 2019,08:00,48,123,171,48,123,171,No Group
Manchester City Council - Chorlton,Chorlton Place,2019,September,36,Tuesday,03 Sep 2019,09:00,75,135,210,75,135,210,No Group
Manchester City Council - Chorlton,Chorlton Place,2019,September,36,Tuesday,03 Sep 2019,10:00,153,163,316,153,163,316,No Group
Manchester City Council - Chorlton,Chorlton Place,2019,September,36,Tuesday,03 Sep 2019,11:00,171,166,337,171,166,337,No Group
Manchester City Council - Chorlton,Chorlton Place,2019,September,36,Tuesday,03 Sep 2019,12:00,181,178,359,181,178,359,No Group
Manchester City Council - Chorlton,Chorlton Place,2019,September,36,Tuesday,03 Sep 2019,13:00,158,175,333,158,175,333,No Group
Manchester City Council - Chorlton,Chorlton Place,2019,September,36,Tuesday,03 Sep 2019,14:00,189,205,394,189,205,394,No Group
Manchester City Council - Chorlton,Chorlton Place,2019,September,36,Tuesday,03 Sep 2019,15:00,170,173,343,170,173,343,No Group
Manchester City Council - Chorlton,Chorlton Place,2019,September,36,Tuesday,03 Sep 2019,16:00,157,150,307,157,150,307,No Group
Manchester City Council - Chorlton,Chorlton Place,2019,September,36,Tuesday,03 Sep 2019,17:00,180,136,316,180,136,316,No Group
Manchester City Council - Chorlton,Chorlton Place,2019,September,36,Tuesday,03 Sep 2019,18:00,136,115,251,136,115,251,No Group
Manchester City Council - Chorlton,Chorlton Place,2019,September,36,Tuesday,03 Sep 2019,19:00,77,61,138,77,61,138,No Group
Manchester City Council - Chorlton,Chorlton Place,2019,September,36,Tuesday,03 Sep 2019,20:00,90,56,146,90,56,146,No Group
Manchester City Council - Chorlton,Chorlton Place,2019,September,36,Tuesday,03 Sep 2019,21:00,151,25,176,151,25,176,No Group
Manchester City Council - Chorlton,Chorlton Place,2019,September,36,Tuesday,03 Sep 2019,22:00,168,30,198,168,30,198,No Group
Manchester City Council - Chorlton,Chorlton Place,2019,September,36,Tuesday,03 Sep 2019,23:00,17,35,52,17,35,52,No Group
Manchester City Council - Chorlton,Chorlton Place,2019,September,36,Wednesday,04 Sep 2019,00:00,7,6,13,7,6,13,No Group
Manchester City Council - Chorlton,Chorlton Place,2019,September,36,Wednesday,04 Sep 2019,01:00,1,0,1,1,0,1,No Group
Manchester City Council - Chorlton,Chorlton Place,2019,September,36,Wednesday,04 Sep 2019,02:00,3,0,3,3,0,3,No Group
Manchester City Council - Chorlton,Chorlton Place,2019,September,36,Wednesday,04 Sep 2019,03:00,0,1,1,0,1,1,No Group
Manchester City Council - Chorlton,Chorlton Place,2019,September,36,Wednesday,04 Sep 2019,04:00,2,5,7,2,5,7,No Group
Manchester City Council - Chorlton,Chorlton Place,2019,September,36,Wednesday,04 Sep 2019,05:00,0,6,6,0,6,6,No Group
Manchester City Council - Chorlton,Chorlton Place,2019,September,36,Wednesday,04 Sep 2019,06:00,12,28,40,12,28,40,No Group
Manchester City Council - Chorlton,Chorlton Place,2019,September,36,Wednesday,04 Sep 2019,07:00,32,119,151,32,119,151,No Group
Manchester City Council - Chorlton,Chorlton Place,2019,September,36,Wednesday,04 Sep 2019,08:00,40,109,149,40,109,149,No Group
Manchester City Council - Chorlton,Chorlton Place,2019,September,36,Wednesday,04 Sep 2019,09:00,105,178,283,105,178,283,No Group
Manchester City Council - Chorlton,Chorlton Place,2019,September,36,Wednesday,04 Sep 2019,10:00,143,149,292,143,149,292,No Group
Manchester City Council - Chorlton,Chorlton Place,2019,September,36,Wednesday,04 Sep 2019,11:00,157,189,346,157,189,346,No Group
Manchester City Council - Chorlton,Chorlton Place,2019,September,36,Wednesday,04 Sep 2019,12:00,223,267,490,223,267,490,No Group
Manchester City Council - Chorlton,Chorlton Place,2019,September,36,Wednesday,04 Sep 2019,13:00,155,167,322,155,167,322,No Group
Manchester City Council - Chorlton,Chorlton Place,2019,September,36,Wednesday,04 Sep 2019,14:00,189,155,344,189,155,344,No Group
Manchester City Council - Chorlton,Chorlton Place,2019,September,36,Wednesday,04 Sep 2019,15:00,145,155,300,145,155,300,No Group
Manchester City Council - Chorlton,Chorlton Place,2019,September,36,Wednesday,04 Sep 2019,16:00,141,135,276,141,135,276,No Group
Manchester City Council - Chorlton,Chorlton Place,2019,September,36,Wednesday,04 Sep 2019,17:00,127,105,232,127,105,232,No Group
Manchester City Council - Chorlton,Chorlton Place,2019,September,36,Wednesday,04 Sep 2019,18:00,110,71,181,110,71,181,No Group
Manchester City Council - Chorlton,Chorlton Place,2019,September,36,Wednesday,04 Sep 2019,19:00,91,65,156,91,65,156,No Group
Manchester City Council - Chorlton,Chorlton Place,2019,September,36,Wednesday,04 Sep 2019,20:00,39,43,82,39,43,82,No Group
Manchester City Council - Chorlton,Chorlton Place,2019,September,36,Wednesday,04 Sep 2019,21:00,45,37,82,45,37,82,No Group
Manchester City Council - Chorlton,Chorlton Place,2019,September,36,Wednesday,04 Sep 2019,22:00,39,35,74,39,35,74,No Group
Manchester City Council - Chorlton,Chorlton Place,2019,September,36,Wednesday,04 Sep 2019,23:00,24,37,61,24,37,61,No Group
Manchester City Council - Chorlton,Chorlton Place,2019,September,36,Thursday,05 Sep 2019,00:00,6,4,10,6,4,10,No Group
Manchester City Council - Chorlton,Chorlton Place,2019,September,36,Thursday,05 Sep 2019,01:00,4,2,6,4,2,6,No Group
Manchester City Council - Chorlton,Chorlton Place,2019,September,36,Thursday,05 Sep 2019,02:00,3,0,3,3,0,3,No Group
Manchester City Council - Chorlton,Chorlton Place,2019,September,36,Thursday,05 Sep 2019,03:00,1,3,4,1,3,4,No Group
Manchester City Council - Chorlton,Chorlton Place,2019,September,36,Thursday,05 Sep 2019,04:00,0,3,3,0,3,3,No Group
Manchester City Council - Chorlton,Chorlton Place,2019,September,36,Thursday,05 Sep 2019,05:00,1,1,2,1,1,2,No Group
Manchester City Council - Chorlton,Chorlton Place,2019,September,36,Thursday,05 Sep 2019,06:00,5,21,26,5,21,26,No Group
Manchester City Council - Chorlton,Chorlton Place,2019,September,36,Thursday,05 Sep 2019,07:00,33,99,132,33,99,132,No Group
Manchester City Council - Chorlton,Chorlton Place,2019,September,36,Thursday,05 Sep 2019,08:00,34,134,168,34,134,168,No Group
Manchester City Council - Chorlton,Chorlton Place,2019,September,36,Thursday,05 Sep 2019,09:00,85,165,250,85,165,250,No Group
Manchester City Council - Chorlton,Chorlton Place,2019,September,36,Thursday,05 Sep 2019,10:00,128,169,297,128,169,297,No Group
Manchester City Council - Chorlton,Chorlton Place,2019,September,36,Thursday,05 Sep 2019,11:00,169,189,358,169,189,358,No Group
Manchester City Council - Chorlton,Chorlton Place,2019,September,36,Thursday,05 Sep 2019,12:00,167,200,367,167,200,367,No Group
Manchester City Council - Chorlton,Chorlton Place,2019,September,36,Thursday,05 Sep 2019,13:00,174,175,349,174,175,349,No Group
Manchester City Council - Chorlton,Chorlton Place,2019,September,36,Thursday,05 Sep 2019,14:00,156,154,310,156,154,310,No Group
Manchester City Council - Chorlton,Chorlton Place,2019,September,36,Thursday,05 Sep 2019,15:00,193,158,351,193,158,351,No Group
Manchester City Council - Chorlton,Chorlton Place,2019,September,36,Thursday,05 Sep 2019,16:00,192,199,391,192,199,391,No Group
Manchester City Council - Chorlton,Chorlton Place,2019,September,36,Thursday,05 Sep 2019,17:00,153,132,285,153,132,285,No Group
Manchester City Council - Chorlton,Chorlton Place,2019,September,36,Thursday,05 Sep 2019,18:00,100,77,177,100,77,177,No Group
Manchester City Council - Chorlton,Chorlton Place,2019,September,36,Thursday,05 Sep 2019,19:00,74,77,151,74,77,151,No Group
Manchester City Council - Chorlton,Chorlton Place,2019,September,36,Thursday,05 Sep 2019,20:00,82,60,142,82,60,142,No Group
Manchester City Council - Chorlton,Chorlton Place,2019,September,36,Thursday,05 Sep 2019,21:00,58,49,107,58,49,107,No Group
Manchester City Council - Chorlton,Chorlton Place,2019,September,36,Thursday,05 Sep 2019,22:00,36,35,71,36,35,71,No Group
Manchester City Council - Chorlton,Chorlton Place,2019,September,36,Thursday,05 Sep 2019,23:00,35,19,54,35,19,54,No Group
Manchester City Council - Chorlton,Chorlton Place,2019,September,36,Friday,06 Sep 2019,00:00,10,7,17,10,7,17,No Group
Manchester City Council - Chorlton,Chorlton Place,2019,September,36,Friday,06 Sep 2019,01:00,8,4,12,8,4,12,No Group
Manchester City Council - Chorlton,Chorlton Place,2019,September,36,Friday,06 Sep 2019,02:00,0,0,0,0,0,0,No Group
Manchester City Council - Chorlton,Chorlton Place,2019,September,36,Friday,06 Sep 2019,03:00,0,2,2,0,2,2,No Group
Manchester City Council - Chorlton,Chorlton Place,2019,September,36,Friday,06 Sep 2019,04:00,2,3,5,2,3,5,No Group
Manchester City Council - Chorlton,Chorlton Place,2019,September,36,Friday,06 Sep 2019,05:00,1,5,6,1,5,6,No Group
Manchester City Council - Chorlton,Chorlton Place,2019,September,36,Friday,06 Sep 2019,06:00,7,20,27,7,20,27,No Group
Manchester City Council - Chorlton,Chorlton Place,2019,September,36,Friday,06 Sep 2019,07:00,22,77,99,22,77,99,No Group
Manchester City Council - Chorlton,Chorlton Place,2019,September,36,Friday,06 Sep 2019,08:00,40,136,176,40,136,176,No Group
Manchester City Council - Chorlton,Chorlton Place,2019,September,36,Friday,06 Sep 2019,09:00,95,136,231,95,136,231,No Group
Manchester City Council - Chorlton,Chorlton Place,2019,September,36,Friday,06 Sep 2019,10:00,165,160,325,165,160,325,No Group
Manchester City Council - Chorlton,Chorlton Place,2019,September,36,Friday,06 Sep 2019,11:00,171,172,343,171,172,343,No Group
Manchester City Council - Chorlton,Chorlton Place,2019,September,36,Friday,06 Sep 2019,12:00,206,223,429,206,223,429,No Group
Manchester City Council - Chorlton,Chorlton Place,2019,September,36,Friday,06 Sep 2019,13:00,204,214,418,204,214,418,No Group
Manchester City Council - Chorlton,Chorlton Place,2019,September,36,Friday,06 Sep 2019,14:00,177,200,377,177,200,377,No Group
Manchester City Council - Chorlton,Chorlton Place,2019,September,36,Friday,06 Sep 2019,15:00,193,214,407,193,214,407,No Group
Manchester City Council - Chorlton,Chorlton Place,2019,September,36,Friday,06 Sep 2019,16:00,182,169,351,182,169,351,No Group
Manchester City Council - Chorlton,Chorlton Place,2019,September,36,Friday,06 Sep 2019,17:00,116,108,224,116,108,224,No Group
Manchester City Council - Chorlton,Chorlton Place,2019,September,36,Friday,06 Sep 2019,18:00,114,88,202,114,88,202,No Group
Manchester City Council - Chorlton,Chorlton Place,2019,September,36,Friday,06 Sep 2019,19:00,101,75,176,101,75,176,No Group
Manchester City Council - Chorlton,Chorlton Place,2019,September,36,Friday,06 Sep 2019,20:00,66,61,127,66,61,127,No Group
Manchester City Council - Chorlton,Chorlton Place,2019,September,36,Friday,06 Sep 2019,21:00,53,68,121,53,68,121,No Group
Manchester City Council - Chorlton,Chorlton Place,2019,September,36,Friday,06 Sep 2019,22:00,36,63,99,36,63,99,No Group
Manchester City Council - Chorlton,Chorlton Place,2019,September,36,Friday,06 Sep 2019,23:00,40,39,79,40,39,79,No Group
Manchester City Council - Chorlton,Chorlton Place,2019,September,36,Saturday,07 Sep 2019,00:00,36,35,71,36,35,71,No Group
Manchester City Council - Chorlton,Chorlton Place,2019,September,36,Saturday,07 Sep 2019,01:00,14,10,24,14,10,24,No Group
Manchester City Council - Chorlton,Chorlton Place,2019,September,36,Saturday,07 Sep 2019,02:00,3,4,7,3,4,7,No Group
Manchester City Council - Chorlton,Chorlton Place,2019,September,36,Saturday,07 Sep 2019,03:00,0,3,3,0,3,3,No Group
Manchester City Council - Chorlton,Chorlton Place,2019,September,36,Saturday,07 Sep 2019,04:00,6,9,15,6,9,15,No Group
Manchester City Council - Chorlton,Chorlton Place,2019,September,36,Saturday,07 Sep 2019,05:00,5,3,8,5,3,8,No Group
Manchester City Council - Chorlton,Chorlton Place,2019,September,36,Saturday,07 Sep 2019,06:00,4,7,11,4,7,11,No Group
Manchester City Council - Chorlton,Chorlton Place,2019,September,36,Saturday,07 Sep 2019,07:00,15,24,39,15,24,39,No Group
Manchester City Council - Chorlton,Chorlton Place,2019,September,36,Saturday,07 Sep 2019,08:00,32,47,79,32,47,79,No Group
Manchester City Council - Chorlton,Chorlton Place,2019,September,36,Saturday,07 Sep 2019,09:00,95,123,218,95,123,218,No Group
Manchester City Council - Chorlton,Chorlton Place,2019,September,36,Saturday,07 Sep 2019,10:00,193,175,368,193,175,368,No Group
Manchester City Council - Chorlton,Chorlton Place,2019,September,36,Saturday,07 Sep 2019,11:00,215,243,458,215,243,458,No Group
Manchester City Council - Chorlton,Chorlton Place,2019,September,36,Saturday,07 Sep 2019,12:00,237,282,519,237,282,519,No Group
Manchester City Council - Chorlton,Chorlton Place,2019,September,36,Saturday,07 Sep 2019,13:00,328,340,668,328,340,668,No Group
Manchester City Council - Chorlton,Chorlton Place,2019,September,36,Saturday,07 Sep 2019,14:00,229,221,450,229,221,450,No Group
Manchester City Council - Chorlton,Chorlton Place,2019,September,36,Saturday,07 Sep 2019,15:00,214,231,445,214,231,445,No Group
Manchester City Council - Chorlton,Chorlton Place,2019,September,36,Saturday,07 Sep 2019,16:00,191,190,381,191,190,381,No Group
Manchester City Council - Chorlton,Chorlton Place,2019,September,36,Saturday,07 Sep 2019,17:00,119,92,211,119,92,211,No Group
Manchester City Council - Chorlton,Chorlton Place,2019,September,36,Saturday,07 Sep 2019,18:00,102,112,214,102,112,214,No Group
Manchester City Council - Chorlton,Chorlton Place,2019,September,36,Saturday,07 Sep 2019,19:00,77,99,176,77,99,176,No Group
Manchester City Council - Chorlton,Chorlton Place,2019,September,36,Saturday,07 Sep 2019,20:00,61,59,120,61,59,120,No Group
Manchester City Council - Chorlton,Chorlton Place,2019,September,36,Saturday,07 Sep 2019,21:00,69,62,131,69,62,131,No Group
Manchester City Council - Chorlton,Chorlton Place,2019,September,36,Saturday,07 Sep 2019,22:00,77,61,138,77,61,138,No Group
Manchester City Council - Chorlton,Chorlton Place,2019,September,36,Saturday,07 Sep 2019,23:00,41,35,76,41,35,76,No Group
Manchester City Council - Chorlton,Chorlton Place,2019,September,36,Sunday,08 Sep 2019,00:00,35,69,104,35,69,104,No Group
Manchester City Council - Chorlton,Chorlton Place,2019,September,36,Sunday,08 Sep 2019,01:00,22,26,48,22,26,48,No Group
Manchester City Council - Chorlton,Chorlton Place,2019,September,36,Sunday,08 Sep 2019,02:00,4,3,7,4,3,7,No Group
Manchester City Council - Chorlton,Chorlton Place,2019,September,36,Sunday,08 Sep 2019,03:00,2,3,5,2,3,5,No Group
Manchester City Council - Chorlton,Chorlton Place,2019,September,36,Sunday,08 Sep 2019,04:00,0,1,1,0,1,1,No Group
Manchester City Council - Chorlton,Chorlton Place,2019,September,36,Sunday,08 Sep 2019,05:00,1,3,4,1,3,4,No Group
Manchester City Council - Chorlton,Chorlton Place,2019,September,36,Sunday,08 Sep 2019,06:00,2,2,4,2,2,4,No Group
Manchester City Council - Chorlton,Chorlton Place,2019,September,36,Sunday,08 Sep 2019,07:00,5,5,10,5,5,10,No Group
Manchester City Council - Chorlton,Chorlton Place,2019,September,36,Sunday,08 Sep 2019,08:00,16,31,47,16,31,47,No Group
Manchester City Council - Chorlton,Chorlton Place,2019,September,36,Sunday,08 Sep 2019,09:00,55,96,151,55,96,151,No Group
Manchester City Council - Chorlton,Chorlton Place,2019,September,36,Sunday,08 Sep 2019,10:00,120,119,239,120,119,239,No Group
Manchester City Council - Chorlton,Chorlton Place,2019,September,36,Sunday,08 Sep 2019,11:00,120,129,249,120,129,249,No Group
Manchester City Council - Chorlton,Chorlton Place,2019,September,36,Sunday,08 Sep 2019,12:00,141,165,306,141,165,306,No Group
Manchester City Council - Chorlton,Chorlton Place,2019,September,36,Sunday,08 Sep 2019,13:00,132,153,285,132,153,285,No Group
Manchester City Council - Chorlton,Chorlton Place,2019,September,36,Sunday,08 Sep 2019,14:00,119,125,244,119,125,244,No Group
Manchester City Council - Chorlton,Chorlton Place,2019,September,36,Sunday,08 Sep 2019,15:00,104,105,209,104,105,209,No Group
Manchester City Council - Chorlton,Chorlton Place,2019,September,36,Sunday,08 Sep 2019,16:00,87,91,178,87,91,178,No Group
Manchester City Council - Chorlton,Chorlton Place,2019,September,36,Sunday,08 Sep 2019,17:00,70,69,139,70,69,139,No Group
Manchester City Council - Chorlton,Chorlton Place,2019,September,36,Sunday,08 Sep 2019,18:00,62,76,138,62,76,138,No Group
Manchester City Council - Chorlton,Chorlton Place,2019,September,36,Sunday,08 Sep 2019,19:00,75,50,125,75,50,125,No Group
Manchester City Council - Chorlton,Chorlton Place,2019,September,36,Sunday,08 Sep 2019,20:00,57,48,105,57,48,105,No Group
Manchester City Council - Chorlton,Chorlton Place,2019,September,36,Sunday,08 Sep 2019,21:00,34,42,76,34,42,76,No Group
Manchester City Council - Chorlton,Chorlton Place,2019,September,36,Sunday,08 Sep 2019,22:00,21,21,42,21,21,42,No Group
Manchester City Council - Chorlton,Chorlton Place,2019,September,36,Sunday,08 Sep 2019,23:00,7,23,30,7,23,30,No Group
Manchester City Council - Chorlton,Chorlton Place,2019,September,37,Monday,09 Sep 2019,00:00,9,3,12,9,3,12,No Group
Manchester City Council - Chorlton,Chorlton Place,2019,September,37,Monday,09 Sep 2019,01:00,3,3,6,3,3,6,No Group
Manchester City Council - Chorlton,Chorlton Place,2019,September,37,Monday,09 Sep 2019,02:00,1,0,1,1,0,1,No Group
Manchester City Council - Chorlton,Chorlton Place,2019,September,37,Monday,09 Sep 2019,03:00,1,0,1,1,0,1,No Group
Manchester City Council - Chorlton,Chorlton Place,2019,September,37,Monday,09 Sep 2019,04:00,1,3,4,1,3,4,No Group
Manchester City Council - Chorlton,Chorlton Place,2019,September,37,Monday,09 Sep 2019,05:00,4,5,9,4,5,9,No Group
Manchester City Council - Chorlton,Chorlton Place,2019,September,37,Monday,09 Sep 2019,06:00,7,20,27,7,20,27,No Group
Manchester City Council - Chorlton,Chorlton Place,2019,September,37,Monday,09 Sep 2019,07:00,34,108,142,34,108,142,No Group
Manchester City Council - Chorlton,Chorlton Place,2019,September,37,Monday,09 Sep 2019,08:00,41,151,192,41,151,192,No Group
Manchester City Council - Chorlton,Chorlton Place,2019,September,37,Monday,09 Sep 2019,09:00,76,101,177,76,101,177,No Group
Manchester City Council - Chorlton,Chorlton Place,2019,September,37,Monday,09 Sep 2019,10:00,123,149,272,123,149,272,No Group
Manchester City Council - Chorlton,Chorlton Place,2019,September,37,Monday,09 Sep 2019,11:00,151,181,332,151,181,332,No Group
Manchester City Council - Chorlton,Chorlton Place,2019,September,37,Monday,09 Sep 2019,12:00,161,168,329,161,168,329,No Group
Manchester City Council - Chorlton,Chorlton Place,2019,September,37,Monday,09 Sep 2019,13:00,164,181,345,164,181,345,No Group
Manchester City Council - Chorlton,Chorlton Place,2019,September,37,Monday,09 Sep 2019,14:00,148,164,312,148,164,312,No Group
Manchester City Council - Chorlton,Chorlton Place,2019,September,37,Monday,09 Sep 2019,15:00,157,177,334,157,177,334,No Group
Manchester City Council - Chorlton,Chorlton Place,2019,September,37,Monday,09 Sep 2019,16:00,153,141,294,153,141,294,No Group
Manchester City Council - Chorlton,Chorlton Place,2019,September,37,Monday,09 Sep 2019,17:00,126,107,233,126,107,233,No Group
Manchester City Council - Chorlton,Chorlton Place,2019,September,37,Monday,09 Sep 2019,18:00,119,82,201,119,82,201,No Group
Manchester City Council - Chorlton,Chorlton Place,2019,September,37,Monday,09 Sep 2019,19:00,62,55,117,62,55,117,No Group
Manchester City Council - Chorlton,Chorlton Place,2019,September,37,Monday,09 Sep 2019,20:00,58,33,91,58,33,91,No Group
Manchester City Council - Chorlton,Chorlton Place,2019,September,37,Monday,09 Sep 2019,21:00,23,37,60,23,37,60,No Group
Manchester City Council - Chorlton,Chorlton Place,2019,September,37,Monday,09 Sep 2019,22:00,13,19,32,13,19,32,No Group
Manchester City Council - Chorlton,Chorlton Place,2019,September,37,Monday,09 Sep 2019,23:00,13,9,22,13,9,22,No Group
Manchester City Council - Chorlton,Chorlton Place,2019,September,37,Tuesday,10 Sep 2019,00:00,1,0,1,1,0,1,No Group
Manchester City Council - Chorlton,Chorlton Place,2019,September,37,Tuesday,10 Sep 2019,01:00,2,1,3,2,1,3,No Group
Manchester City Council - Chorlton,Chorlton Place,2019,September,37,Tuesday,10 Sep 2019,02:00,7,3,10,7,3,10,No Group
Manchester City Council - Chorlton,Chorlton Place,2019,September,37,Tuesday,10 Sep 2019,03:00,2,1,3,2,1,3,No Group
Manchester City Council - Chorlton,Chorlton Place,2019,September,37,Tuesday,10 Sep 2019,04:00,0,2,2,0,2,2,No Group
Manchester City Council - Chorlton,Chorlton Place,2019,September,37,Tuesday,10 Sep 2019,05:00,1,6,7,1,6,7,No Group
Manchester City Council - Chorlton,Chorlton Place,2019,September,37,Tuesday,10 Sep 2019,06:00,6,21,27,6,21,27,No Group
Manchester City Council - Chorlton,Chorlton Place,2019,September,37,Tuesday,10 Sep 2019,07:00,23,87,110,23,87,110,No Group
Manchester City Council - Chorlton,Chorlton Place,2019,September,37,Tuesday,10 Sep 2019,08:00,39,119,158,39,119,158,No Group
Manchester City Council - Chorlton,Chorlton Place,2019,September,37,Tuesday,10 Sep 2019,09:00,74,129,203,74,129,203,No Group
Manchester City Council - Chorlton,Chorlton Place,2019,September,37,Tuesday,10 Sep 2019,10:00,137,161,298,137,161,298,No Group
Manchester City Council - Chorlton,Chorlton Place,2019,September,37,Tuesday,10 Sep 2019,11:00,154,168,322,154,168,322,No Group
Manchester City Council - Chorlton,Chorlton Place,2019,September,37,Tuesday,10 Sep 2019,12:00,232,271,503,232,271,503,No Group
Manchester City Council - Chorlton,Chorlton Place,2019,September,37,Tuesday,10 Sep 2019,13:00,179,207,386,179,207,386,No Group
Manchester City Council - Chorlton,Chorlton Place,2019,September,37,Tuesday,10 Sep 2019,14:00,155,180,335,155,180,335,No Group
Manchester City Council - Chorlton,Chorlton Place,2019,September,37,Tuesday,10 Sep 2019,15:00,191,188,379,191,188,379,No Group
Manchester City Council - Chorlton,Chorlton Place,2019,September,37,Tuesday,10 Sep 2019,16:00,170,150,320,170,150,320,No Group
Manchester City Council - Chorlton,Chorlton Place,2019,September,37,Tuesday,10 Sep 2019,17:00,141,109,250,141,109,250,No Group
Manchester City Council - Chorlton,Chorlton Place,2019,September,37,Tuesday,10 Sep 2019,18:00,95,87,182,95,87,182,No Group
Manchester City Council - Chorlton,Chorlton Place,2019,September,37,Tuesday,10 Sep 2019,19:00,89,79,168,89,79,168,No Group
Manchester City Council - Chorlton,Chorlton Place,2019,September,37,Tuesday,10 Sep 2019,20:00,56,53,109,56,53,109,No Group
Manchester City Council - Chorlton,Chorlton Place,2019,September,37,Tuesday,10 Sep 2019,21:00,34,44,78,34,44,78,No Group
Manchester City Council - Chorlton,Chorlton Place,2019,September,37,Tuesday,10 Sep 2019,22:00,32,27,59,32,27,59,No Group
Manchester City Council - Chorlton,Chorlton Place,2019,September,37,Tuesday,10 Sep 2019,23:00,20,30,50,20,30,50,No Group
Manchester City Council - Chorlton,Chorlton Place,2019,September,37,Wednesday,11 Sep 2019,00:00,9,3,12,9,3,12,No Group
Manchester City Council - Chorlton,Chorlton Place,2019,September,37,Wednesday,11 Sep 2019,01:00,1,1,2,1,1,2,No Group
Manchester City Council - Chorlton,Chorlton Place,2019,September,37,Wednesday,11 Sep 2019,02:00,0,0,0,0,0,0,No Group
Manchester City Council - Chorlton,Chorlton Place,2019,September,37,Wednesday,11 Sep 2019,03:00,0,0,0,0,0,0,No Group
Manchester City Council - Chorlton,Chorlton Place,2019,September,37,Wednesday,11 Sep 2019,04:00,1,3,4,1,3,4,No Group
Manchester City Council - Chorlton,Chorlton Place,2019,September,37,Wednesday,11 Sep 2019,05:00,1,0,1,1,0,1,No Group
Manchester City Council - Chorlton,Chorlton Place,2019,September,37,Wednesday,11 Sep 2019,06:00,2,22,24,2,22,24,No Group
Manchester City Council - Chorlton,Chorlton Place,2019,September,37,Wednesday,11 Sep 2019,07:00,38,123,161,38,123,161,No Group
Manchester City Council - Chorlton,Chorlton Place,2019,September,37,Wednesday,11 Sep 2019,08:00,48,206,254,48,206,254,No Group
Manchester City Council - Chorlton,Chorlton Place,2019,September,37,Wednesday,11 Sep 2019,09:00,108,140,248,108,140,248,No Group
Manchester City Council - Chorlton,Chorlton Place,2019,September,37,Wednesday,11 Sep 2019,10:00,132,173,305,132,173,305,No Group
Manchester City Council - Chorlton,Chorlton Place,2019,September,37,Wednesday,11 Sep 2019,11:00,179,174,353,179,174,353,No Group
Manchester City Council - Chorlton,Chorlton Place,2019,September,37,Wednesday,11 Sep 2019,12:00,239,259,498,239,259,498,No Group
Manchester City Council - Chorlton,Chorlton Place,2019,September,37,Wednesday,11 Sep 2019,13:00,173,212,385,173,212,385,No Group
Manchester City Council - Chorlton,Chorlton Place,2019,September,37,Wednesday,11 Sep 2019,14:00,148,194,342,148,194,342,No Group
Manchester City Council - Chorlton,Chorlton Place,2019,September,37,Wednesday,11 Sep 2019,15:00,168,172,340,168,172,340,No Group
Manchester City Council - Chorlton,Chorlton Place,2019,September,37,Wednesday,11 Sep 2019,16:00,159,146,305,159,146,305,No Group
Manchester City Council - Chorlton,Chorlton Place,2019,September,37,Wednesday,11 Sep 2019,17:00,140,95,235,140,95,235,No Group
Manchester City Council - Chorlton,Chorlton Place,2019,September,37,Wednesday,11 Sep 2019,18:00,162,116,278,162,116,278,No Group
Manchester City Council - Chorlton,Chorlton Place,2019,September,37,Wednesday,11 Sep 2019,19:00,75,68,143,75,68,143,No Group
Manchester City Council - Chorlton,Chorlton Place,2019,September,37,Wednesday,11 Sep 2019,20:00,61,49,110,61,49,110,No Group
Manchester City Council - Chorlton,Chorlton Place,2019,September,37,Wednesday,11 Sep 2019,21:00,60,54,114,60,54,114,No Group
Manchester City Council - Chorlton,Chorlton Place,2019,September,37,Wednesday,11 Sep 2019,22:00,33,28,61,33,28,61,No Group
Manchester City Council - Chorlton,Chorlton Place,2019,September,37,Wednesday,11 Sep 2019,23:00,26,48,74,26,48,74,No Group
Manchester City Council - Chorlton,Chorlton Place,2019,September,37,Thursday,12 Sep 2019,00:00,21,8,29,21,8,29,No Group
Manchester City Council - Chorlton,Chorlton Place,2019,September,37,Thursday,12 Sep 2019,01:00,2,0,2,2,0,2,No Group
Manchester City Council - Chorlton,Chorlton Place,2019,September,37,Thursday,12 Sep 2019,02:00,1,3,4,1,3,4,No Group
Manchester City Council - Chorlton,Chorlton Place,2019,September,37,Thursday,12 Sep 2019,03:00,0,4,4,0,4,4,No Group
Manchester City Council - Chorlton,Chorlton Place,2019,September,37,Thursday,12 Sep 2019,04:00,1,3,4,1,3,4,No Group
Manchester City Council - Chorlton,Chorlton Place,2019,September,37,Thursday,12 Sep 2019,05:00,0,4,4,0,4,4,No Group
Manchester City Council - Chorlton,Chorlton Place,2019,September,37,Thursday,12 Sep 2019,06:00,5,22,27,5,22,27,No Group
Manchester City Council - Chorlton,Chorlton Place,2019,September,37,Thursday,12 Sep 2019,07:00,27,88,115,27,88,115,No Group
Manchester City Council - Chorlton,Chorlton Place,2019,September,37,Thursday,12 Sep 2019,08:00,33,132,165,33,132,165,No Group
Manchester City Council - Chorlton,Chorlton Place,2019,September,37,Thursday,12 Sep 2019,09:00,84,145,229,84,145,229,No Group
Manchester City Council - Chorlton,Chorlton Place,2019,September,37,Thursday,12 Sep 2019,10:00,120,140,260,120,140,260,No Group
Manchester City Council - Chorlton,Chorlton Place,2019,September,37,Thursday,12 Sep 2019,11:00,146,140,286,146,140,286,No Group
Manchester City Council - Chorlton,Chorlton Place,2019,September,37,Thursday,12 Sep 2019,12:00,168,201,369,168,201,369,No Group
Manchester City Council - Chorlton,Chorlton Place,2019,September,37,Thursday,12 Sep 2019,13:00,157,182,339,157,182,339,No Group
Manchester City Council - Chorlton,Chorlton Place,2019,September,37,Thursday,12 Sep 2019,14:00,196,189,385,196,189,385,No Group
Manchester City Council - Chorlton,Chorlton Place,2019,September,37,Thursday,12 Sep 2019,15:00,169,172,341,169,172,341,No Group
Manchester City Council - Chorlton,Chorlton Place,2019,September,37,Thursday,12 Sep 2019,16:00,148,144,292,148,144,292,No Group
Manchester City Council - Chorlton,Chorlton Place,2019,September,37,Thursday,12 Sep 2019,17:00,109,96,205,109,96,205,No Group
Manchester City Council - Chorlton,Chorlton Place,2019,September,37,Thursday,12 Sep 2019,18:00,116,92,208,116,92,208,No Group
Manchester City Council - Chorlton,Chorlton Place,2019,September,37,Thursday,12 Sep 2019,19:00,85,73,158,85,73,158,No Group
Manchester City Council - Chorlton,Chorlton Place,2019,September,37,Thursday,12 Sep 2019,20:00,57,53,110,57,53,110,No Group
Manchester City Council - Chorlton,Chorlton Place,2019,September,37,Thursday,12 Sep 2019,21:00,36,24,60,36,24,60,No Group
Manchester City Council - Chorlton,Chorlton Place,2019,September,37,Thursday,12 Sep 2019,22:00,20,31,51,20,31,51,No Group
Manchester City Council - Chorlton,Chorlton Place,2019,September,37,Thursday,12 Sep 2019,23:00,19,25,44,19,25,44,No Group
Manchester City Council - Chorlton,Chorlton Place,2019,September,37,Friday,13 Sep 2019,00:00,15,3,18,15,3,18,No Group
Manchester City Council - Chorlton,Chorlton Place,2019,September,37,Friday,13 Sep 2019,01:00,7,3,10,7,3,10,No Group
Manchester City Council - Chorlton,Chorlton Place,2019,September,37,Friday,13 Sep 2019,02:00,0,0,0,0,0,0,No Group
Manchester City Council - Chorlton,Chorlton Place,2019,September,37,Friday,13 Sep 2019,03:00,1,0,1,1,0,1,No Group
Manchester City Council - Chorlton,Chorlton Place,2019,September,37,Friday,13 Sep 2019,04:00,1,1,2,1,1,2,No Group
Manchester City Council - Chorlton,Chorlton Place,2019,September,37,Friday,13 Sep 2019,05:00,3,4,7,3,4,7,No Group
Manchester City Council - Chorlton,Chorlton Place,2019,September,37,Friday,13 Sep 2019,06:00,7,27,34,7,27,34,No Group
Manchester City Council - Chorlton,Chorlton Place,2019,September,37,Friday,13 Sep 2019,07:00,37,98,135,37,98,135,No Group
Manchester City Council - Chorlton,Chorlton Place,2019,September,37,Friday,13 Sep 2019,08:00,45,124,169,45,124,169,No Group
Manchester City Council - Chorlton,Chorlton Place,2019,September,37,Friday,13 Sep 2019,09:00,118,203,321,118,203,321,No Group
Manchester City Council - Chorlton,Chorlton Place,2019,September,37,Friday,13 Sep 2019,10:00,170,229,399,170,229,399,No Group
Manchester City Council - Chorlton,Chorlton Place,2019,September,37,Friday,13 Sep 2019,11:00,195,210,405,195,210,405,No Group
Manchester City Council - Chorlton,Chorlton Place,2019,September,37,Friday,13 Sep 2019,12:00,238,302,540,238,302,540,No Group
Manchester City Council - Chorlton,Chorlton Place,2019,September,37,Friday,13 Sep 2019,13:00,192,207,399,192,207,399,No Group
Manchester City Council - Chorlton,Chorlton Place,2019,September,37,Friday,13 Sep 2019,14:00,188,199,387,188,199,387,No Group
Manchester City Council - Chorlton,Chorlton Place,2019,September,37,Friday,13 Sep 2019,15:00,186,197,383,186,197,383,No Group
Manchester City Council - Chorlton,Chorlton Place,2019,September,37,Friday,13 Sep 2019,16:00,170,167,337,170,167,337,No Group
Manchester City Council - Chorlton,Chorlton Place,2019,September,37,Friday,13 Sep 2019,17:00,177,132,309,177,132,309,No Group
Manchester City Council - Chorlton,Chorlton Place,2019,September,37,Friday,13 Sep 2019,18:00,113,94,207,113,94,207,No Group
Manchester City Council - Chorlton,Chorlton Place,2019,September,37,Friday,13 Sep 2019,19:00,88,68,156,88,68,156,No Group
Manchester City Council - Chorlton,Chorlton Place,2019,September,37,Friday,13 Sep 2019,20:00,87,75,162,87,75,162,No Group
Manchester City Council - Chorlton,Chorlton Place,2019,September,37,Friday,13 Sep 2019,21:00,54,60,114,54,60,114,No Group
Manchester City Council - Chorlton,Chorlton Place,2019,September,37,Friday,13 Sep 2019,22:00,49,66,115,49,66,115,No Group
Manchester City Council - Chorlton,Chorlton Place,2019,September,37,Friday,13 Sep 2019,23:00,38,33,71,38,33,71,No Group
Manchester City Council - Chorlton,Chorlton Place,2019,September,37,Saturday,14 Sep 2019,00:00,33,49,82,33,49,82,No Group
Manchester City Council - Chorlton,Chorlton Place,2019,September,37,Saturday,14 Sep 2019,01:00,31,22,53,31,22,53,No Group
Manchester City Council - Chorlton,Chorlton Place,2019,September,37,Saturday,14 Sep 2019,02:00,5,3,8,5,3,8,No Group
Manchester City Council - Chorlton,Chorlton Place,2019,September,37,Saturday,14 Sep 2019,03:00,2,3,5,2,3,5,No Group
Manchester City Council - Chorlton,Chorlton Place,2019,September,37,Saturday,14 Sep 2019,04:00,2,4,6,2,4,6,No Group
Manchester City Council - Chorlton,Chorlton Place,2019,September,37,Saturday,14 Sep 2019,05:00,6,16,22,6,16,22,No Group
Manchester City Council - Chorlton,Chorlton Place,2019,September,37,Saturday,14 Sep 2019,06:00,5,8,13,5,8,13,No Group
Manchester City Council - Chorlton,Chorlton Place,2019,September,37,Saturday,14 Sep 2019,07:00,14,24,38,14,24,38,No Group
Manchester City Council - Chorlton,Chorlton Place,2019,September,37,Saturday,14 Sep 2019,08:00,36,56,92,36,56,92,No Group
Manchester City Council - Chorlton,Chorlton Place,2019,September,37,Saturday,14 Sep 2019,09:00,130,187,317,130,187,317,No Group
Manchester City Council - Chorlton,Chorlton Place,2019,September,37,Saturday,14 Sep 2019,10:00,235,264,499,235,264,499,No Group
Manchester City Council - Chorlton,Chorlton Place,2019,September,37,Saturday,14 Sep 2019,11:00,346,389,735,346,389,735,No Group
Manchester City Council - Chorlton,Chorlton Place,2019,September,37,Saturday,14 Sep 2019,12:00,460,613,1073,460,613,1073,No Group
Manchester City Council - Chorlton,Chorlton Place,2019,September,37,Saturday,14 Sep 2019,13:00,285,299,584,285,299,584,No Group
Manchester City Council - Chorlton,Chorlton Place,2019,September,37,Saturday,14 Sep 2019,14:00,236,281,517,236,281,517,No Group
Manchester City Council - Chorlton,Chorlton Place,2019,September,37,Saturday,14 Sep 2019,15:00,243,236,479,243,236,479,No Group
Manchester City Council - Chorlton,Chorlton Place,2019,September,37,Saturday,14 Sep 2019,16:00,179,220,399,179,220,399,No Group
Manchester City Council - Chorlton,Chorlton Place,2019,September,37,Saturday,14 Sep 2019,17:00,153,108,261,153,108,261,No Group
Manchester City Council - Chorlton,Chorlton Place,2019,September,37,Saturday,14 Sep 2019,18:00,99,111,210,99,111,210,No Group
Manchester City Council - Chorlton,Chorlton Place,2019,September,37,Saturday,14 Sep 2019,19:00,84,84,168,84,84,168,No Group
Manchester City Council - Chorlton,Chorlton Place,2019,September,37,Saturday,14 Sep 2019,20:00,68,72,140,68,72,140,No Group
Manchester City Council - Chorlton,Chorlton Place,2019,September,37,Saturday,14 Sep 2019,21:00,78,82,160,78,82,160,No Group
Manchester City Council - Chorlton,Chorlton Place,2019,September,37,Saturday,14 Sep 2019,22:00,57,53,110,57,53,110,No Group
Manchester City Council - Chorlton,Chorlton Place,2019,September,37,Saturday,14 Sep 2019,23:00,65,72,137,65,72,137,No Group
Manchester City Council - Chorlton,Chorlton Place,2019,September,37,Sunday,15 Sep 2019,00:00,32,46,78,32,46,78,No Group
Manchester City Council - Chorlton,Chorlton Place,2019,September,37,Sunday,15 Sep 2019,01:00,18,27,45,18,27,45,No Group
Manchester City Council - Chorlton,Chorlton Place,2019,September,37,Sunday,15 Sep 2019,02:00,2,3,5,2,3,5,No Group
Manchester City Council - Chorlton,Chorlton Place,2019,September,37,Sunday,15 Sep 2019,03:00,3,2,5,3,2,5,No Group
Manchester City Council - Chorlton,Chorlton Place,2019,September,37,Sunday,15 Sep 2019,04:00,0,1,1,0,1,1,No Group
Manchester City Council - Chorlton,Chorlton Place,2019,September,37,Sunday,15 Sep 2019,05:00,0,2,2,0,2,2,No Group
Manchester City Council - Chorlton,Chorlton Place,2019,September,37,Sunday,15 Sep 2019,06:00,3,3,6,3,3,6,No Group
Manchester City Council - Chorlton,Chorlton Place,2019,September,37,Sunday,15 Sep 2019,07:00,4,19,23,4,19,23,No Group
Manchester City Council - Chorlton,Chorlton Place,2019,September,37,Sunday,15 Sep 2019,08:00,22,28,50,22,28,50,No Group
Manchester City Council - Chorlton,Chorlton Place,2019,September,37,Sunday,15 Sep 2019,09:00,55,83,138,55,83,138,No Group
Manchester City Council - Chorlton,Chorlton Place,2019,September,37,Sunday,15 Sep 2019,10:00,70,111,181,70,111,181,No Group
Manchester City Council - Chorlton,Chorlton Place,2019,September,37,Sunday,15 Sep 2019,11:00,104,99,203,104,99,203,No Group
Manchester City Council - Chorlton,Chorlton Place,2019,September,37,Sunday,15 Sep 2019,12:00,118,118,236,118,118,236,No Group
Manchester City Council - Chorlton,Chorlton Place,2019,September,37,Sunday,15 Sep 2019,13:00,124,134,258,124,134,258,No Group
Manchester City Council - Chorlton,Chorlton Place,2019,September,37,Sunday,15 Sep 2019,14:00,134,142,276,134,142,276,No Group
Manchester City Council - Chorlton,Chorlton Place,2019,September,37,Sunday,15 Sep 2019,15:00,114,135,249,114,135,249,No Group
Manchester City Council - Chorlton,Chorlton Place,2019,September,37,Sunday,15 Sep 2019,16:00,115,136,251,115,136,251,No Group
Manchester City Council - Chorlton,Chorlton Place,2019,September,37,Sunday,15 Sep 2019,17:00,71,95,166,71,95,166,No Group
Manchester City Council - Chorlton,Chorlton Place,2019,September,37,Sunday,15 Sep 2019,18:00,57,78,135,57,78,135,No Group
Manchester City Council - Chorlton,Chorlton Place,2019,September,37,Sunday,15 Sep 2019,19:00,63,74,137,63,74,137,No Group
Manchester City Council - Chorlton,Chorlton Place,2019,September,37,Sunday,15 Sep 2019,20:00,30,43,73,30,43,73,No Group
Manchester City Council - Chorlton,Chorlton Place,2019,September,37,Sunday,15 Sep 2019,21:00,30,25,55,30,25,55,No Group
Manchester City Council - Chorlton,Chorlton Place,2019,September,37,Sunday,15 Sep 2019,22:00,14,19,33,14,19,33,No Group
Manchester City Council - Chorlton,Chorlton Place,2019,September,37,Sunday,15 Sep 2019,23:00,4,9,13,4,9,13,No Group
Manchester City Council - Chorlton,Chorlton Place,2019,September,38,Monday,16 Sep 2019,00:00,4,2,6,4,2,6,No Group
Manchester City Council - Chorlton,Chorlton Place,2019,September,38,Monday,16 Sep 2019,01:00,2,1,3,2,1,3,No Group
Manchester City Council - Chorlton,Chorlton Place,2019,September,38,Monday,16 Sep 2019,02:00,0,1,1,0,1,1,No Group
Manchester City Council - Chorlton,Chorlton Place,2019,September,38,Monday,16 Sep 2019,03:00,7,8,15,7,8,15,No Group
Manchester City Council - Chorlton,Chorlton Place,2019,September,38,Monday,16 Sep 2019,04:00,3,2,5,3,2,5,No Group
Manchester City Council - Chorlton,Chorlton Place,2019,September,38,Monday,16 Sep 2019,05:00,3,3,6,3,3,6,No Group
Manchester City Council - Chorlton,Chorlton Place,2019,September,38,Monday,16 Sep 2019,06:00,6,19,25,6,19,25,No Group
Manchester City Council - Chorlton,Chorlton Place,2019,September,38,Monday,16 Sep 2019,07:00,26,90,116,26,90,116,No Group
Manchester City Council - Chorlton,Chorlton Place,2019,September,38,Monday,16 Sep 2019,08:00,30,109,139,30,109,139,No Group
Manchester City Council - Chorlton,Chorlton Place,2019,September,38,Monday,16 Sep 2019,09:00,80,143,223,80,143,223,No Group
Manchester City Council - Chorlton,Chorlton Place,2019,September,38,Monday,16 Sep 2019,10:00,123,123,246,123,123,246,No Group
Manchester City Council - Chorlton,Chorlton Place,2019,September,38,Monday,16 Sep 2019,11:00,188,229,417,188,229,417,No Group
Manchester City Council - Chorlton,Chorlton Place,2019,September,38,Monday,16 Sep 2019,12:00,189,242,431,189,242,431,No Group
Manchester City Council - Chorlton,Chorlton Place,2019,September,38,Monday,16 Sep 2019,13:00,180,231,411,180,231,411,No Group
Manchester City Council - Chorlton,Chorlton Place,2019,September,38,Monday,16 Sep 2019,14:00,141,154,295,141,154,295,No Group
Manchester City Council - Chorlton,Chorlton Place,2019,September,38,Monday,16 Sep 2019,15:00,134,157,291,134,157,291,No Group
Manchester City Council - Chorlton,Chorlton Place,2019,September,38,Monday,16 Sep 2019,16:00,153,137,290,153,137,290,No Group
Manchester City Council - Chorlton,Chorlton Place,2019,September,38,Monday,16 Sep 2019,17:00,136,112,248,136,112,248,No Group
Manchester City Council - Chorlton,Chorlton Place,2019,September,38,Monday,16 Sep 2019,18:00,124,98,222,124,98,222,No Group
Manchester City Council - Chorlton,Chorlton Place,2019,September,38,Monday,16 Sep 2019,19:00,80,65,145,80,65,145,No Group
Manchester City Council - Chorlton,Chorlton Place,2019,September,38,Monday,16 Sep 2019,20:00,43,50,93,43,50,93,No Group
Manchester City Council - Chorlton,Chorlton Place,2019,September,38,Monday,16 Sep 2019,21:00,20,34,54,20,34,54,No Group
Manchester City Council - Chorlton,Chorlton Place,2019,September,38,Monday,16 Sep 2019,22:00,19,24,43,19,24,43,No Group
Manchester City Council - Chorlton,Chorlton Place,2019,September,38,Monday,16 Sep 2019,23:00,19,11,30,19,11,30,No Group
Manchester City Council - Chorlton,Chorlton Place,2019,September,38,Tuesday,17 Sep 2019,00:00,5,3,8,5,3,8,No Group
Manchester City Council - Chorlton,Chorlton Place,2019,September,38,Tuesday,17 Sep 2019,01:00,4,8,12,4,8,12,No Group
Manchester City Council - Chorlton,Chorlton Place,2019,September,38,Tuesday,17 Sep 2019,02:00,0,0,0,0,0,0,No Group
Manchester City Council - Chorlton,Chorlton Place,2019,September,38,Tuesday,17 Sep 2019,03:00,1,0,1,1,0,1,No Group
Manchester City Council - Chorlton,Chorlton Place,2019,September,38,Tuesday,17 Sep 2019,04:00,1,2,3,1,2,3,No Group
Manchester City Council - Chorlton,Chorlton Place,2019,September,38,Tuesday,17 Sep 2019,05:00,3,9,12,3,9,12,No Group
Manchester City Council - Chorlton,Chorlton Place,2019,September,38,Tuesday,17 Sep 2019,06:00,10,26,36,10,26,36,No Group
Manchester City Council - Chorlton,Chorlton Place,2019,September,38,Tuesday,17 Sep 2019,07:00,32,94,126,32,94,126,No Group
Manchester City Council - Chorlton,Chorlton Place,2019,September,38,Tuesday,17 Sep 2019,08:00,34,134,168,34,134,168,No Group
Manchester City Council - Chorlton,Chorlton Place,2019,September,38,Tuesday,17 Sep 2019,09:00,104,187,291,104,187,291,No Group
Manchester City Council - Chorlton,Chorlton Place,2019,September,38,Tuesday,17 Sep 2019,10:00,146,235,381,146,235,381,No Group
Manchester City Council - Chorlton,Chorlton Place,2019,September,38,Tuesday,17 Sep 2019,11:00,195,269,464,195,269,464,No Group
Manchester City Council - Chorlton,Chorlton Place,2019,September,38,Tuesday,17 Sep 2019,12:00,306,435,741,306,435,741,No Group
Manchester City Council - Chorlton,Chorlton Place,2019,September,38,Tuesday,17 Sep 2019,13:00,183,219,402,183,219,402,No Group
Manchester City Council - Chorlton,Chorlton Place,2019,September,38,Tuesday,17 Sep 2019,14:00,157,161,318,157,161,318,No Group
Manchester City Council - Chorlton,Chorlton Place,2019,September,38,Tuesday,17 Sep 2019,15:00,166,176,342,166,176,342,No Group
Manchester City Council - Chorlton,Chorlton Place,2019,September,38,Tuesday,17 Sep 2019,16:00,165,161,326,165,161,326,No Group
Manchester City Council - Chorlton,Chorlton Place,2019,September,38,Tuesday,17 Sep 2019,17:00,137,114,251,137,114,251,No Group
Manchester City Council - Chorlton,Chorlton Place,2019,September,38,Tuesday,17 Sep 2019,18:00,120,76,196,120,76,196,No Group
Manchester City Council - Chorlton,Chorlton Place,2019,September,38,Tuesday,17 Sep 2019,19:00,89,70,159,89,70,159,No Group
Manchester City Council - Chorlton,Chorlton Place,2019,September,38,Tuesday,17 Sep 2019,20:00,52,44,96,52,44,96,No Group
Manchester City Council - Chorlton,Chorlton Place,2019,September,38,Tuesday,17 Sep 2019,21:00,30,33,63,30,33,63,No Group
Manchester City Council - Chorlton,Chorlton Place,2019,September,38,Tuesday,17 Sep 2019,22:00,28,29,57,28,29,57,No Group
Manchester City Council - Chorlton,Chorlton Place,2019,September,38,Tuesday,17 Sep 2019,23:00,16,23,39,16,23,39,No Group
Manchester City Council - Chorlton,Chorlton Place,2019,September,38,Wednesday,18 Sep 2019,00:00,1,1,2,1,1,2,No Group
Manchester City Council - Chorlton,Chorlton Place,2019,September,38,Wednesday,18 Sep 2019,01:00,4,3,7,4,3,7,No Group
Manchester City Council - Chorlton,Chorlton Place,2019,September,38,Wednesday,18 Sep 2019,02:00,1,0,1,1,0,1,No Group
Manchester City Council - Chorlton,Chorlton Place,2019,September,38,Wednesday,18 Sep 2019,03:00,0,4,4,0,4,4,No Group
Manchester City Council - Chorlton,Chorlton Place,2019,September,38,Wednesday,18 Sep 2019,04:00,1,4,5,1,4,5,No Group
Manchester City Council - Chorlton,Chorlton Place,2019,September,38,Wednesday,18 Sep 2019,05:00,2,6,8,2,6,8,No Group
Manchester City Council - Chorlton,Chorlton Place,2019,September,38,Wednesday,18 Sep 2019,06:00,6,24,30,6,24,30,No Group
Manchester City Council - Chorlton,Chorlton Place,2019,September,38,Wednesday,18 Sep 2019,07:00,32,108,140,32,108,140,No Group
Manchester City Council - Chorlton,Chorlton Place,2019,September,38,Wednesday,18 Sep 2019,08:00,33,130,163,33,130,163,No Group
Manchester City Council - Chorlton,Chorlton Place,2019,September,38,Wednesday,18 Sep 2019,09:00,70,116,186,70,116,186,No Group
Manchester City Council - Chorlton,Chorlton Place,2019,September,38,Wednesday,18 Sep 2019,10:00,121,135,256,121,135,256,No Group
Manchester City Council - Chorlton,Chorlton Place,2019,September,38,Wednesday,18 Sep 2019,11:00,142,135,277,142,135,277,No Group
Manchester City Council - Chorlton,Chorlton Place,2019,September,38,Wednesday,18 Sep 2019,12:00,147,142,289,147,142,289,No Group
Manchester City Council - Chorlton,Chorlton Place,2019,September,38,Wednesday,18 Sep 2019,13:00,159,165,324,159,165,324,No Group
Manchester City Council - Chorlton,Chorlton Place,2019,September,38,Wednesday,18 Sep 2019,14:00,151,141,292,151,141,292,No Group
Manchester City Council - Chorlton,Chorlton Place,2019,September,38,Wednesday,18 Sep 2019,15:00,149,153,302,149,153,302,No Group
Manchester City Council - Chorlton,Chorlton Place,2019,September,38,Wednesday,18 Sep 2019,16:00,151,147,298,151,147,298,No Group
Manchester City Council - Chorlton,Chorlton Place,2019,September,38,Wednesday,18 Sep 2019,17:00,124,101,225,124,101,225,No Group
Manchester City Council - Chorlton,Chorlton Place,2019,September,38,Wednesday,18 Sep 2019,18:00,128,101,229,128,101,229,No Group
Manchester City Council - Chorlton,Chorlton Place,2019,September,38,Wednesday,18 Sep 2019,19:00,90,79,169,90,79,169,No Group
Manchester City Council - Chorlton,Chorlton Place,2019,September,38,Wednesday,18 Sep 2019,20:00,52,34,86,52,34,86,No Group
Manchester City Council - Chorlton,Chorlton Place,2019,September,38,Wednesday,18 Sep 2019,21:00,36,31,67,36,31,67,No Group
Manchester City Council - Chorlton,Chorlton Place,2019,September,38,Wednesday,18 Sep 2019,22:00,29,26,55,29,26,55,No Group
Manchester City Council - Chorlton,Chorlton Place,2019,September,38,Wednesday,18 Sep 2019,23:00,20,26,46,20,26,46,No Group
Manchester City Council - Chorlton,Chorlton Place,2019,September,38,Thursday,19 Sep 2019,00:00,16,16,32,16,16,32,No Group
Manchester City Council - Chorlton,Chorlton Place,2019,September,38,Thursday,19 Sep 2019,01:00,0,3,3,0,3,3,No Group
Manchester City Council - Chorlton,Chorlton Place,2019,September,38,Thursday,19 Sep 2019,02:00,1,0,1,1,0,1,No Group
Manchester City Council - Chorlton,Chorlton Place,2019,September,38,Thursday,19 Sep 2019,03:00,0,4,4,0,4,4,No Group
Manchester City Council - Chorlton,Chorlton Place,2019,September,38,Thursday,19 Sep 2019,04:00,1,5,6,1,5,6,No Group
Manchester City Council - Chorlton,Chorlton Place,2019,September,38,Thursday,19 Sep 2019,05:00,5,10,15,5,10,15,No Group
Manchester City Council - Chorlton,Chorlton Place,2019,September,38,Thursday,19 Sep 2019,06:00,6,20,26,6,20,26,No Group
Manchester City Council - Chorlton,Chorlton Place,2019,September,38,Thursday,19 Sep 2019,07:00,26,94,120,26,94,120,No Group
Manchester City Council - Chorlton,Chorlton Place,2019,September,38,Thursday,19 Sep 2019,08:00,29,122,151,29,122,151,No Group
Manchester City Council - Chorlton,Chorlton Place,2019,September,38,Thursday,19 Sep 2019,09:00,73,129,202,73,129,202,No Group
Manchester City Council - Chorlton,Chorlton Place,2019,September,38,Thursday,19 Sep 2019,10:00,116,150,266,116,150,266,No Group
Manchester City Council - Chorlton,Chorlton Place,2019,September,38,Thursday,19 Sep 2019,11:00,127,186,313,127,186,313,No Group
Manchester City Council - Chorlton,Chorlton Place,2019,September,38,Thursday,19 Sep 2019,12:00,296,395,691,296,395,691,No Group
Manchester City Council - Chorlton,Chorlton Place,2019,September,38,Thursday,19 Sep 2019,13:00,202,197,399,202,197,399,No Group
Manchester City Council - Chorlton,Chorlton Place,2019,September,38,Thursday,19 Sep 2019,14:00,178,179,357,178,179,357,No Group
Manchester City Council - Chorlton,Chorlton Place,2019,September,38,Thursday,19 Sep 2019,15:00,142,160,302,142,160,302,No Group
Manchester City Council - Chorlton,Chorlton Place,2019,September,38,Thursday,19 Sep 2019,16:00,137,129,266,137,129,266,No Group
Manchester City Council - Chorlton,Chorlton Place,2019,September,38,Thursday,19 Sep 2019,17:00,126,107,233,126,107,233,No Group
Manchester City Council - Chorlton,Chorlton Place,2019,September,38,Thursday,19 Sep 2019,18:00,108,98,206,108,98,206,No Group
Manchester City Council - Chorlton,Chorlton Place,2019,September,38,Thursday,19 Sep 2019,19:00,116,76,192,116,76,192,No Group
Manchester City Council - Chorlton,Chorlton Place,2019,September,38,Thursday,19 Sep 2019,20:00,51,42,93,51,42,93,No Group
Manchester City Council - Chorlton,Chorlton Place,2019,September,38,Thursday,19 Sep 2019,21:00,47,30,77,47,30,77,No Group
Manchester City Council - Chorlton,Chorlton Place,2019,September,38,Thursday,19 Sep 2019,22:00,33,44,77,33,44,77,No Group
Manchester City Council - Chorlton,Chorlton Place,2019,September,38,Thursday,19 Sep 2019,23:00,31,27,58,31,27,58,No Group
Manchester City Council - Chorlton,Chorlton Place,2019,September,38,Friday,20 Sep 2019,00:00,15,5,20,15,5,20,No Group
Manchester City Council - Chorlton,Chorlton Place,2019,September,38,Friday,20 Sep 2019,01:00,4,2,6,4,2,6,No Group
Manchester City Council - Chorlton,Chorlton Place,2019,September,38,Friday,20 Sep 2019,02:00,0,2,2,0,2,2,No Group
Manchester City Council - Chorlton,Chorlton Place,2019,September,38,Friday,20 Sep 2019,03:00,0,2,2,0,2,2,No Group
Manchester City Council - Chorlton,Chorlton Place,2019,September,38,Friday,20 Sep 2019,04:00,0,3,3,0,3,3,No Group
Manchester City Council - Chorlton,Chorlton Place,2019,September,38,Friday,20 Sep 2019,05:00,0,3,3,0,3,3,No Group
Manchester City Council - Chorlton,Chorlton Place,2019,September,38,Friday,20 Sep 2019,06:00,5,19,24,5,19,24,No Group
Manchester City Council - Chorlton,Chorlton Place,2019,September,38,Friday,20 Sep 2019,07:00,29,96,125,29,96,125,No Group
Manchester City Council - Chorlton,Chorlton Place,2019,September,38,Friday,20 Sep 2019,08:00,48,141,189,48,141,189,No Group
Manchester City Council - Chorlton,Chorlton Place,2019,September,38,Friday,20 Sep 2019,09:00,133,204,337,133,204,337,No Group
Manchester City Council - Chorlton,Chorlton Place,2019,September,38,Friday,20 Sep 2019,10:00,157,228,385,157,228,385,No Group
Manchester City Council - Chorlton,Chorlton Place,2019,September,38,Friday,20 Sep 2019,11:00,239,346,585,239,346,585,No Group
Manchester City Council - Chorlton,Chorlton Place,2019,September,38,Friday,20 Sep 2019,12:00,356,481,837,356,481,837,No Group
Manchester City Council - Chorlton,Chorlton Place,2019,September,38,Friday,20 Sep 2019,13:00,193,201,394,193,201,394,No Group
Manchester City Council - Chorlton,Chorlton Place,2019,September,38,Friday,20 Sep 2019,14:00,194,179,373,194,179,373,No Group
Manchester City Council - Chorlton,Chorlton Place,2019,September,38,Friday,20 Sep 2019,15:00,174,186,360,174,186,360,No Group
Manchester City Council - Chorlton,Chorlton Place,2019,September,38,Friday,20 Sep 2019,16:00,156,133,289,156,133,289,No Group
Manchester City Council - Chorlton,Chorlton Place,2019,September,38,Friday,20 Sep 2019,17:00,150,124,274,150,124,274,No Group
Manchester City Council - Chorlton,Chorlton Place,2019,September,38,Friday,20 Sep 2019,18:00,130,108,238,130,108,238,No Group
Manchester City Council - Chorlton,Chorlton Place,2019,September,38,Friday,20 Sep 2019,19:00,84,97,181,84,97,181,No Group
Manchester City Council - Chorlton,Chorlton Place,2019,September,38,Friday,20 Sep 2019,20:00,86,71,157,86,71,157,No Group
Manchester City Council - Chorlton,Chorlton Place,2019,September,38,Friday,20 Sep 2019,21:00,72,72,144,72,72,144,No Group
Manchester City Council - Chorlton,Chorlton Place,2019,September,38,Friday,20 Sep 2019,22:00,64,52,116,64,52,116,No Group
Manchester City Council - Chorlton,Chorlton Place,2019,September,38,Friday,20 Sep 2019,23:00,28,55,83,28,55,83,No Group
Manchester City Council - Chorlton,Chorlton Place,2019,September,38,Saturday,21 Sep 2019,00:00,33,55,88,33,55,88,No Group
Manchester City Council - Chorlton,Chorlton Place,2019,September,38,Saturday,21 Sep 2019,01:00,14,14,28,14,14,28,No Group
Manchester City Council - Chorlton,Chorlton Place,2019,September,38,Saturday,21 Sep 2019,02:00,8,8,16,8,8,16,No Group
Manchester City Council - Chorlton,Chorlton Place,2019,September,38,Saturday,21 Sep 2019,03:00,0,2,2,0,2,2,No Group
Manchester City Council - Chorlton,Chorlton Place,2019,September,38,Saturday,21 Sep 2019,04:00,2,2,4,2,2,4,No Group
Manchester City Council - Chorlton,Chorlton Place,2019,September,38,Saturday,21 Sep 2019,05:00,5,6,11,5,6,11,No Group
Manchester City Council - Chorlton,Chorlton Place,2019,September,38,Saturday,21 Sep 2019,06:00,1,8,9,1,8,9,No Group
Manchester City Council - Chorlton,Chorlton Place,2019,September,38,Saturday,21 Sep 2019,07:00,8,28,36,8,28,36,No Group
Manchester City Council - Chorlton,Chorlton Place,2019,September,38,Saturday,21 Sep 2019,08:00,37,80,117,37,80,117,No Group
Manchester City Council - Chorlton,Chorlton Place,2019,September,38,Saturday,21 Sep 2019,09:00,143,187,330,143,187,330,No Group
Manchester City Council - Chorlton,Chorlton Place,2019,September,38,Saturday,21 Sep 2019,10:00,262,289,551,262,289,551,No Group
Manchester City Council - Chorlton,Chorlton Place,2019,September,38,Saturday,21 Sep 2019,11:00,348,449,797,348,449,797,No Group
Manchester City Council - Chorlton,Chorlton Place,2019,September,38,Saturday,21 Sep 2019,12:00,532,590,1122,532,590,1122,No Group
Manchester City Council - Chorlton,Chorlton Place,2019,September,38,Saturday,21 Sep 2019,13:00,384,453,837,384,453,837,No Group
Manchester City Council - Chorlton,Chorlton Place,2019,September,38,Saturday,21 Sep 2019,14:00,254,248,502,254,248,502,No Group
Manchester City Council - Chorlton,Chorlton Place,2019,September,38,Saturday,21 Sep 2019,15:00,265,247,512,265,247,512,No Group
Manchester City Council - Chorlton,Chorlton Place,2019,September,38,Saturday,21 Sep 2019,16:00,189,207,396,189,207,396,No Group
Manchester City Council - Chorlton,Chorlton Place,2019,September,38,Saturday,21 Sep 2019,17:00,138,157,295,138,157,295,No Group
Manchester City Council - Chorlton,Chorlton Place,2019,September,38,Saturday,21 Sep 2019,18:00,89,93,182,89,93,182,No Group
Manchester City Council - Chorlton,Chorlton Place,2019,September,38,Saturday,21 Sep 2019,19:00,75,79,154,75,79,154,No Group
Manchester City Council - Chorlton,Chorlton Place,2019,September,38,Saturday,21 Sep 2019,20:00,78,84,162,78,84,162,No Group
Manchester City Council - Chorlton,Chorlton Place,2019,September,38,Saturday,21 Sep 2019,21:00,73,107,180,73,107,180,No Group
Manchester City Council - Chorlton,Chorlton Place,2019,September,38,Saturday,21 Sep 2019,22:00,67,61,128,67,61,128,No Group
Manchester City Council - Chorlton,Chorlton Place,2019,September,38,Saturday,21 Sep 2019,23:00,48,46,94,48,46,94,No Group
Manchester City Council - Chorlton,Chorlton Place,2019,September,38,Sunday,22 Sep 2019,00:00,58,79,137,58,79,137,No Group
Manchester City Council - Chorlton,Chorlton Place,2019,September,38,Sunday,22 Sep 2019,01:00,28,56,84,28,56,84,No Group
Manchester City Council - Chorlton,Chorlton Place,2019,September,38,Sunday,22 Sep 2019,02:00,5,6,11,5,6,11,No Group
Manchester City Council - Chorlton,Chorlton Place,2019,September,38,Sunday,22 Sep 2019,03:00,2,5,7,2,5,7,No Group
Manchester City Council - Chorlton,Chorlton Place,2019,September,38,Sunday,22 Sep 2019,04:00,1,1,2,1,1,2,No Group
Manchester City Council - Chorlton,Chorlton Place,2019,September,38,Sunday,22 Sep 2019,05:00,0,1,1,0,1,1,No Group
Manchester City Council - Chorlton,Chorlton Place,2019,September,38,Sunday,22 Sep 2019,06:00,4,8,12,4,8,12,No Group
Manchester City Council - Chorlton,Chorlton Place,2019,September,38,Sunday,22 Sep 2019,07:00,4,12,16,4,12,16,No Group
Manchester City Council - Chorlton,Chorlton Place,2019,September,38,Sunday,22 Sep 2019,08:00,12,16,28,12,16,28,No Group
Manchester City Council - Chorlton,Chorlton Place,2019,September,38,Sunday,22 Sep 2019,09:00,28,43,71,28,43,71,No Group
Manchester City Council - Chorlton,Chorlton Place,2019,September,38,Sunday,22 Sep 2019,10:00,63,79,142,63,79,142,No Group
Manchester City Council - Chorlton,Chorlton Place,2019,September,38,Sunday,22 Sep 2019,11:00,86,96,182,86,96,182,No Group
Manchester City Council - Chorlton,Chorlton Place,2019,September,38,Sunday,22 Sep 2019,12:00,100,115,215,100,115,215,No Group
Manchester City Council - Chorlton,Chorlton Place,2019,September,38,Sunday,22 Sep 2019,13:00,123,119,242,123,119,242,No Group
Manchester City Council - Chorlton,Chorlton Place,2019,September,38,Sunday,22 Sep 2019,14:00,152,127,279,152,127,279,No Group
Manchester City Council - Chorlton,Chorlton Place,2019,September,38,Sunday,22 Sep 2019,15:00,130,130,260,130,130,260,No Group
Manchester City Council - Chorlton,Chorlton Place,2019,September,38,Sunday,22 Sep 2019,16:00,112,131,243,112,131,243,No Group
Manchester City Council - Chorlton,Chorlton Place,2019,September,38,Sunday,22 Sep 2019,17:00,58,66,124,58,66,124,No Group
Manchester City Council - Chorlton,Chorlton Place,2019,September,38,Sunday,22 Sep 2019,18:00,48,68,116,48,68,116,No Group
Manchester City Council - Chorlton,Chorlton Place,2019,September,38,Sunday,22 Sep 2019,19:00,62,58,120,62,58,120,No Group
Manchester City Council - Chorlton,Chorlton Place,2019,September,38,Sunday,22 Sep 2019,20:00,35,31,66,35,31,66,No Group
Manchester City Council - Chorlton,Chorlton Place,2019,September,38,Sunday,22 Sep 2019,21:00,20,24,44,20,24,44,No Group
Manchester City Council - Chorlton,Chorlton Place,2019,September,38,Sunday,22 Sep 2019,22:00,8,17,25,8,17,25,No Group
Manchester City Council - Chorlton,Chorlton Place,2019,September,38,Sunday,22 Sep 2019,23:00,3,10,13,3,10,13,No Group
Manchester City Council - Chorlton,Chorlton Place,2019,September,39,Monday,23 Sep 2019,00:00,6,3,9,6,3,9,No Group
Manchester City Council - Chorlton,Chorlton Place,2019,September,39,Monday,23 Sep 2019,01:00,2,6,8,2,6,8,No Group
Manchester City Council - Chorlton,Chorlton Place,2019,September,39,Monday,23 Sep 2019,02:00,1,4,5,1,4,5,No Group
Manchester City Council - Chorlton,Chorlton Place,2019,September,39,Monday,23 Sep 2019,03:00,0,3,3,0,3,3,No Group
Manchester City Council - Chorlton,Chorlton Place,2019,September,39,Monday,23 Sep 2019,04:00,1,4,5,1,4,5,No Group
Manchester City Council - Chorlton,Chorlton Place,2019,September,39,Monday,23 Sep 2019,05:00,0,1,1,0,1,1,No Group
Manchester City Council - Chorlton,Chorlton Place,2019,September,39,Monday,23 Sep 2019,06:00,5,24,29,5,24,29,No Group
Manchester City Council - Chorlton,Chorlton Place,2019,September,39,Monday,23 Sep 2019,07:00,18,91,109,18,91,109,No Group
Manchester City Council - Chorlton,Chorlton Place,2019,September,39,Monday,23 Sep 2019,08:00,35,98,133,35,98,133,No Group
Manchester City Council - Chorlton,Chorlton Place,2019,September,39,Monday,23 Sep 2019,09:00,74,148,222,74,148,222,No Group
Manchester City Council - Chorlton,Chorlton Place,2019,September,39,Monday,23 Sep 2019,10:00,119,197,316,119,197,316,No Group
Manchester City Council - Chorlton,Chorlton Place,2019,September,39,Monday,23 Sep 2019,11:00,185,234,419,185,234,419,No Group
Manchester City Council - Chorlton,Chorlton Place,2019,September,39,Monday,23 Sep 2019,12:00,230,331,561,230,331,561,No Group
Manchester City Council - Chorlton,Chorlton Place,2019,September,39,Monday,23 Sep 2019,13:00,132,159,291,132,159,291,No Group
Manchester City Council - Chorlton,Chorlton Place,2019,September,39,Monday,23 Sep 2019,14:00,153,154,307,153,154,307,No Group
Manchester City Council - Chorlton,Chorlton Place,2019,September,39,Monday,23 Sep 2019,15:00,163,150,313,163,150,313,No Group
Manchester City Council - Chorlton,Chorlton Place,2019,September,39,Monday,23 Sep 2019,16:00,135,121,256,135,121,256,No Group
Manchester City Council - Chorlton,Chorlton Place,2019,September,39,Monday,23 Sep 2019,17:00,149,86,235,149,86,235,No Group
Manchester City Council - Chorlton,Chorlton Place,2019,September,39,Monday,23 Sep 2019,18:00,122,72,194,122,72,194,No Group
Manchester City Council - Chorlton,Chorlton Place,2019,September,39,Monday,23 Sep 2019,19:00,39,31,70,39,31,70,No Group
Manchester City Council - Chorlton,Chorlton Place,2019,September,39,Monday,23 Sep 2019,20:00,35,36,71,35,36,71,No Group
Manchester City Council - Chorlton,Chorlton Place,2019,September,39,Monday,23 Sep 2019,21:00,24,36,60,24,36,60,No Group
Manchester City Council - Chorlton,Chorlton Place,2019,September,39,Monday,23 Sep 2019,22:00,20,17,37,20,17,37,No Group
Manchester City Council - Chorlton,Chorlton Place,2019,September,39,Monday,23 Sep 2019,23:00,15,4,19,15,4,19,No Group
Manchester City Council - Chorlton,Chorlton Place,2019,September,39,Tuesday,24 Sep 2019,00:00,4,1,5,4,1,5,No Group
Manchester City Council - Chorlton,Chorlton Place,2019,September,39,Tuesday,24 Sep 2019,01:00,3,1,4,3,1,4,No Group
Manchester City Council - Chorlton,Chorlton Place,2019,September,39,Tuesday,24 Sep 2019,02:00,0,0,0,0,0,0,No Group
Manchester City Council - Chorlton,Chorlton Place,2019,September,39,Tuesday,24 Sep 2019,03:00,0,1,1,0,1,1,No Group
Manchester City Council - Chorlton,Chorlton Place,2019,September,39,Tuesday,24 Sep 2019,04:00,1,2,3,1,2,3,No Group
Manchester City Council - Chorlton,Chorlton Place,2019,September,39,Tuesday,24 Sep 2019,05:00,1,8,9,1,8,9,No Group
Manchester City Council - Chorlton,Chorlton Place,2019,September,39,Tuesday,24 Sep 2019,06:00,10,24,34,10,24,34,No Group
Manchester City Council - Chorlton,Chorlton Place,2019,September,39,Tuesday,24 Sep 2019,07:00,5,16,21,5,16,21,No Group
Manchester City Council - Chorlton,Chorlton Place,2019,September,39,Tuesday,24 Sep 2019,08:00,6,22,28,6,22,28,No Group
Manchester City Council - Chorlton,Chorlton Place,2019,September,39,Tuesday,24 Sep 2019,09:00,54,75,129,54,75,129,No Group
Manchester City Council - Chorlton,Chorlton Place,2019,September,39,Tuesday,24 Sep 2019,10:00,166,162,328,166,162,328,No Group
Manchester City Council - Chorlton,Chorlton Place,2019,September,39,Tuesday,24 Sep 2019,11:00,155,157,312,155,157,312,No Group
Manchester City Council - Chorlton,Chorlton Place,2019,September,39,Tuesday,24 Sep 2019,12:00,115,147,262,115,147,262,No Group
Manchester City Council - Chorlton,Chorlton Place,2019,September,39,Tuesday,24 Sep 2019,13:00,155,154,309,155,154,309,No Group
Manchester City Council - Chorlton,Chorlton Place,2019,September,39,Tuesday,24 Sep 2019,14:00,104,82,186,104,82,186,No Group
Manchester City Council - Chorlton,Chorlton Place,2019,September,39,Tuesday,24 Sep 2019,15:00,188,180,368,188,180,368,No Group
Manchester City Council - Chorlton,Chorlton Place,2019,September,39,Tuesday,24 Sep 2019,16:00,119,117,236,119,117,236,No Group
Manchester City Council - Chorlton,Chorlton Place,2019,September,39,Tuesday,24 Sep 2019,17:00,129,98,227,129,98,227,No Group
Manchester City Council - Chorlton,Chorlton Place,2019,September,39,Tuesday,24 Sep 2019,18:00,94,87,181,94,87,181,No Group
Manchester City Council - Chorlton,Chorlton Place,2019,September,39,Tuesday,24 Sep 2019,19:00,48,51,99,48,51,99,No Group
Manchester City Council - Chorlton,Chorlton Place,2019,September,39,Tuesday,24 Sep 2019,20:00,46,34,80,46,34,80,No Group
Manchester City Council - Chorlton,Chorlton Place,2019,September,39,Tuesday,24 Sep 2019,21:00,40,34,74,40,34,74,No Group
Manchester City Council - Chorlton,Chorlton Place,2019,September,39,Tuesday,24 Sep 2019,22:00,28,22,50,28,22,50,No Group
Manchester City Council - Chorlton,Chorlton Place,2019,September,39,Tuesday,24 Sep 2019,23:00,11,10,21,11,10,21,No Group
Manchester City Council - Chorlton,Chorlton Place,2019,September,39,Wednesday,25 Sep 2019,00:00,4,3,7,4,3,7,No Group
Manchester City Council - Chorlton,Chorlton Place,2019,September,39,Wednesday,25 Sep 2019,01:00,4,2,6,4,2,6,No Group
Manchester City Council - Chorlton,Chorlton Place,2019,September,39,Wednesday,25 Sep 2019,02:00,0,0,0,0,0,0,No Group
Manchester City Council - Chorlton,Chorlton Place,2019,September,39,Wednesday,25 Sep 2019,03:00,2,2,4,2,2,4,No Group
Manchester City Council - Chorlton,Chorlton Place,2019,September,39,Wednesday,25 Sep 2019,04:00,1,3,4,1,3,4,No Group
Manchester City Council - Chorlton,Chorlton Place,2019,September,39,Wednesday,25 Sep 2019,05:00,1,7,8,1,7,8,No Group
Manchester City Council - Chorlton,Chorlton Place,2019,September,39,Wednesday,25 Sep 2019,06:00,4,19,23,4,19,23,No Group
Manchester City Council - Chorlton,Chorlton Place,2019,September,39,Wednesday,25 Sep 2019,07:00,20,99,119,20,99,119,No Group
Manchester City Council - Chorlton,Chorlton Place,2019,September,39,Wednesday,25 Sep 2019,08:00,29,125,154,29,125,154,No Group
Manchester City Council - Chorlton,Chorlton Place,2019,September,39,Wednesday,25 Sep 2019,09:00,93,132,225,93,132,225,No Group
Manchester City Council - Chorlton,Chorlton Place,2019,September,39,Wednesday,25 Sep 2019,10:00,125,152,277,125,152,277,No Group
Manchester City Council - Chorlton,Chorlton Place,2019,September,39,Wednesday,25 Sep 2019,11:00,133,158,291,133,158,291,No Group
Manchester City Council - Chorlton,Chorlton Place,2019,September,39,Wednesday,25 Sep 2019,12:00,133,148,281,133,148,281,No Group
Manchester City Council - Chorlton,Chorlton Place,2019,September,39,Wednesday,25 Sep 2019,13:00,153,166,319,153,166,319,No Group
Manchester City Council - Chorlton,Chorlton Place,2019,September,39,Wednesday,25 Sep 2019,14:00,167,167,334,167,167,334,No Group
Manchester City Council - Chorlton,Chorlton Place,2019,September,39,Wednesday,25 Sep 2019,15:00,151,159,310,151,159,310,No Group
Manchester City Council - Chorlton,Chorlton Place,2019,September,39,Wednesday,25 Sep 2019,16:00,160,163,323,160,163,323,No Group
Manchester City Council - Chorlton,Chorlton Place,2019,September,39,Wednesday,25 Sep 2019,17:00,129,106,235,129,106,235,No Group
Manchester City Council - Chorlton,Chorlton Place,2019,September,39,Wednesday,25 Sep 2019,18:00,111,98,209,111,98,209,No Group
Manchester City Council - Chorlton,Chorlton Place,2019,September,39,Wednesday,25 Sep 2019,19:00,80,71,151,80,71,151,No Group
Manchester City Council - Chorlton,Chorlton Place,2019,September,39,Wednesday,25 Sep 2019,20:00,86,63,149,86,63,149,No Group
Manchester City Council - Chorlton,Chorlton Place,2019,September,39,Wednesday,25 Sep 2019,21:00,39,37,76,39,37,76,No Group
Manchester City Council - Chorlton,Chorlton Place,2019,September,39,Wednesday,25 Sep 2019,22:00,24,27,51,24,27,51,No Group
Manchester City Council - Chorlton,Chorlton Place,2019,September,39,Wednesday,25 Sep 2019,23:00,19,34,53,19,34,53,No Group
Manchester City Council - Chorlton,Chorlton Place,2019,September,39,Thursday,26 Sep 2019,00:00,11,7,18,11,7,18,No Group
Manchester City Council - Chorlton,Chorlton Place,2019,September,39,Thursday,26 Sep 2019,01:00,11,8,19,11,8,19,No Group
Manchester City Council - Chorlton,Chorlton Place,2019,September,39,Thursday,26 Sep 2019,02:00,0,1,1,0,1,1,No Group
Manchester City Council - Chorlton,Chorlton Place,2019,September,39,Thursday,26 Sep 2019,03:00,0,2,2,0,2,2,No Group
Manchester City Council - Chorlton,Chorlton Place,2019,September,39,Thursday,26 Sep 2019,04:00,2,2,4,2,2,4,No Group
Manchester City Council - Chorlton,Chorlton Place,2019,September,39,Thursday,26 Sep 2019,05:00,5,30,35,5,30,35,No Group
Manchester City Council - Chorlton,Chorlton Place,2019,September,39,Thursday,26 Sep 2019,06:00,6,31,37,6,31,37,No Group
Manchester City Council - Chorlton,Chorlton Place,2019,September,39,Thursday,26 Sep 2019,07:00,24,87,111,24,87,111,No Group
Manchester City Council - Chorlton,Chorlton Place,2019,September,39,Thursday,26 Sep 2019,08:00,35,119,154,35,119,154,No Group
Manchester City Council - Chorlton,Chorlton Place,2019,September,39,Thursday,26 Sep 2019,09:00,117,165,282,117,165,282,No Group
Manchester City Council - Chorlton,Chorlton Place,2019,September,39,Thursday,26 Sep 2019,10:00,139,173,312,139,173,312,No Group
Manchester City Council - Chorlton,Chorlton Place,2019,September,39,Thursday,26 Sep 2019,11:00,205,213,418,205,213,418,No Group
Manchester City Council - Chorlton,Chorlton Place,2019,September,39,Thursday,26 Sep 2019,12:00,163,194,357,163,194,357,No Group
Manchester City Council - Chorlton,Chorlton Place,2019,September,39,Thursday,26 Sep 2019,13:00,119,145,264,119,145,264,No Group
Manchester City Council - Chorlton,Chorlton Place,2019,September,39,Thursday,26 Sep 2019,14:00,161,183,344,161,183,344,No Group
Manchester City Council - Chorlton,Chorlton Place,2019,September,39,Thursday,26 Sep 2019,15:00,162,157,319,162,157,319,No Group
Manchester City Council - Chorlton,Chorlton Place,2019,September,39,Thursday,26 Sep 2019,16:00,151,162,313,151,162,313,No Group
Manchester City Council - Chorlton,Chorlton Place,2019,September,39,Thursday,26 Sep 2019,17:00,123,85,208,123,85,208,No Group
Manchester City Council - Chorlton,Chorlton Place,2019,September,39,Thursday,26 Sep 2019,18:00,118,82,200,118,82,200,No Group
Manchester City Council - Chorlton,Chorlton Place,2019,September,39,Thursday,26 Sep 2019,19:00,83,50,133,83,50,133,No Group
Manchester City Council - Chorlton,Chorlton Place,2019,September,39,Thursday,26 Sep 2019,20:00,48,30,78,48,30,78,No Group
Manchester City Council - Chorlton,Chorlton Place,2019,September,39,Thursday,26 Sep 2019,21:00,38,43,81,38,43,81,No Group
Manchester City Council - Chorlton,Chorlton Place,2019,September,39,Thursday,26 Sep 2019,22:00,28,22,50,28,22,50,No Group
Manchester City Council - Chorlton,Chorlton Place,2019,September,39,Thursday,26 Sep 2019,23:00,14,16,30,14,16,30,No Group
Manchester City Council - Chorlton,Chorlton Place,2019,September,39,Friday,27 Sep 2019,00:00,4,0,4,4,0,4,No Group
Manchester City Council - Chorlton,Chorlton Place,2019,September,39,Friday,27 Sep 2019,01:00,3,1,4,3,1,4,No Group
Manchester City Council - Chorlton,Chorlton Place,2019,September,39,Friday,27 Sep 2019,02:00,0,2,2,0,2,2,No Group
Manchester City Council - Chorlton,Chorlton Place,2019,September,39,Friday,27 Sep 2019,03:00,1,4,5,1,4,5,No Group
Manchester City Council - Chorlton,Chorlton Place,2019,September,39,Friday,27 Sep 2019,04:00,4,1,5,4,1,5,No Group
Manchester City Council - Chorlton,Chorlton Place,2019,September,39,Friday,27 Sep 2019,05:00,1,0,1,1,0,1,No Group
Manchester City Council - Chorlton,Chorlton Place,2019,September,39,Friday,27 Sep 2019,06:00,2,11,13,2,11,13,No Group
Manchester City Council - Chorlton,Chorlton Place,2019,September,39,Friday,27 Sep 2019,07:00,26,60,86,26,60,86,No Group
Manchester City Council - Chorlton,Chorlton Place,2019,September,39,Friday,27 Sep 2019,08:00,14,81,95,14,81,95,No Group
Manchester City Council - Chorlton,Chorlton Place,2019,September,39,Friday,27 Sep 2019,09:00,145,161,306,145,161,306,No Group
Manchester City Council - Chorlton,Chorlton Place,2019,September,39,Friday,27 Sep 2019,10:00,130,182,312,130,182,312,No Group
Manchester City Council - Chorlton,Chorlton Place,2019,September,39,Friday,27 Sep 2019,11:00,154,189,343,154,189,343,No Group
Manchester City Council - Chorlton,Chorlton Place,2019,September,39,Friday,27 Sep 2019,12:00,157,146,303,157,146,303,No Group
Manchester City Council - Chorlton,Chorlton Place,2019,September,39,Friday,27 Sep 2019,13:00,274,273,547,274,273,547,No Group
Manchester City Council - Chorlton,Chorlton Place,2019,September,39,Friday,27 Sep 2019,14:00,158,206,364,158,206,364,No Group
Manchester City Council - Chorlton,Chorlton Place,2019,September,39,Friday,27 Sep 2019,15:00,146,174,320,146,174,320,No Group
Manchester City Council - Chorlton,Chorlton Place,2019,September,39,Friday,27 Sep 2019,16:00,149,153,302,149,153,302,No Group
Manchester City Council - Chorlton,Chorlton Place,2019,September,39,Friday,27 Sep 2019,17:00,121,90,211,121,90,211,No Group
Manchester City Council - Chorlton,Chorlton Place,2019,September,39,Friday,27 Sep 2019,18:00,106,86,192,106,86,192,No Group
Manchester City Council - Chorlton,Chorlton Place,2019,September,39,Friday,27 Sep 2019,19:00,91,84,175,91,84,175,No Group
Manchester City Council - Chorlton,Chorlton Place,2019,September,39,Friday,27 Sep 2019,20:00,55,67,122,55,67,122,No Group
Manchester City Council - Chorlton,Chorlton Place,2019,September,39,Friday,27 Sep 2019,21:00,60,48,108,60,48,108,No Group
Manchester City Council - Chorlton,Chorlton Place,2019,September,39,Friday,27 Sep 2019,22:00,36,35,71,36,35,71,No Group
Manchester City Council - Chorlton,Chorlton Place,2019,September,39,Friday,27 Sep 2019,23:00,29,37,66,29,37,66,No Group
Manchester City Council - Chorlton,Chorlton Place,2019,September,39,Saturday,28 Sep 2019,00:00,39,43,82,39,43,82,No Group
Manchester City Council - Chorlton,Chorlton Place,2019,September,39,Saturday,28 Sep 2019,01:00,19,21,40,19,21,40,No Group
Manchester City Council - Chorlton,Chorlton Place,2019,September,39,Saturday,28 Sep 2019,02:00,6,5,11,6,5,11,No Group
Manchester City Council - Chorlton,Chorlton Place,2019,September,39,Saturday,28 Sep 2019,03:00,1,4,5,1,4,5,No Group
Manchester City Council - Chorlton,Chorlton Place,2019,September,39,Saturday,28 Sep 2019,04:00,0,0,0,0,0,0,No Group
Manchester City Council - Chorlton,Chorlton Place,2019,September,39,Saturday,28 Sep 2019,05:00,2,4,6,2,4,6,No Group
Manchester City Council - Chorlton,Chorlton Place,2019,September,39,Saturday,28 Sep 2019,06:00,1,5,6,1,5,6,No Group
Manchester City Council - Chorlton,Chorlton Place,2019,September,39,Saturday,28 Sep 2019,07:00,9,20,29,9,20,29,No Group
Manchester City Council - Chorlton,Chorlton Place,2019,September,39,Saturday,28 Sep 2019,08:00,39,50,89,39,50,89,No Group
Manchester City Council - Chorlton,Chorlton Place,2019,September,39,Saturday,28 Sep 2019,09:00,129,184,313,129,184,313,No Group
Manchester City Council - Chorlton,Chorlton Place,2019,September,39,Saturday,28 Sep 2019,10:00,225,224,449,225,224,449,No Group
Manchester City Council - Chorlton,Chorlton Place,2019,September,39,Saturday,28 Sep 2019,11:00,234,289,523,234,289,523,No Group
Manchester City Council - Chorlton,Chorlton Place,2019,September,39,Saturday,28 Sep 2019,12:00,239,277,516,239,277,516,No Group
Manchester City Council - Chorlton,Chorlton Place,2019,September,39,Saturday,28 Sep 2019,13:00,257,277,534,257,277,534,No Group
Manchester City Council - Chorlton,Chorlton Place,2019,September,39,Saturday,28 Sep 2019,14:00,243,329,572,243,329,572,No Group
Manchester City Council - Chorlton,Chorlton Place,2019,September,39,Saturday,28 Sep 2019,15:00,267,311,578,267,311,578,No Group
Manchester City Council - Chorlton,Chorlton Place,2019,September,39,Saturday,28 Sep 2019,16:00,208,189,397,208,189,397,No Group
Manchester City Council - Chorlton,Chorlton Place,2019,September,39,Saturday,28 Sep 2019,17:00,125,109,234,125,109,234,No Group
Manchester City Council - Chorlton,Chorlton Place,2019,September,39,Saturday,28 Sep 2019,18:00,79,92,171,79,92,171,No Group
Manchester City Council - Chorlton,Chorlton Place,2019,September,39,Saturday,28 Sep 2019,19:00,82,85,167,82,85,167,No Group
Manchester City Council - Chorlton,Chorlton Place,2019,September,39,Saturday,28 Sep 2019,20:00,79,79,158,79,79,158,No Group
Manchester City Council - Chorlton,Chorlton Place,2019,September,39,Saturday,28 Sep 2019,21:00,33,45,78,33,45,78,No Group
Manchester City Council - Chorlton,Chorlton Place,2019,September,39,Saturday,28 Sep 2019,22:00,51,22,73,51,22,73,No Group
Manchester City Council - Chorlton,Chorlton Place,2019,September,39,Saturday,28 Sep 2019,23:00,28,29,57,28,29,57,No Group
Manchester City Council - Chorlton,Chorlton Place,2019,September,39,Sunday,29 Sep 2019,00:00,13,24,37,13,24,37,No Group
Manchester City Council - Chorlton,Chorlton Place,2019,September,39,Sunday,29 Sep 2019,01:00,13,5,18,13,5,18,No Group
Manchester City Council - Chorlton,Chorlton Place,2019,September,39,Sunday,29 Sep 2019,02:00,6,5,11,6,5,11,No Group
Manchester City Council - Chorlton,Chorlton Place,2019,September,39,Sunday,29 Sep 2019,03:00,1,1,2,1,1,2,No Group
Manchester City Council - Chorlton,Chorlton Place,2019,September,39,Sunday,29 Sep 2019,04:00,1,2,3,1,2,3,No Group
Manchester City Council - Chorlton,Chorlton Place,2019,September,39,Sunday,29 Sep 2019,05:00,0,2,2,0,2,2,No Group
Manchester City Council - Chorlton,Chorlton Place,2019,September,39,Sunday,29 Sep 2019,06:00,2,7,9,2,7,9,No Group
Manchester City Council - Chorlton,Chorlton Place,2019,September,39,Sunday,29 Sep 2019,07:00,3,3,6,3,3,6,No Group
Manchester City Council - Chorlton,Chorlton Place,2019,September,39,Sunday,29 Sep 2019,08:00,14,27,41,14,27,41,No Group
Manchester City Council - Chorlton,Chorlton Place,2019,September,39,Sunday,29 Sep 2019,09:00,42,58,100,42,58,100,No Group
Manchester City Council - Chorlton,Chorlton Place,2019,September,39,Sunday,29 Sep 2019,10:00,78,97,175,78,97,175,No Group
Manchester City Council - Chorlton,Chorlton Place,2019,September,39,Sunday,29 Sep 2019,11:00,119,138,257,119,138,257,No Group
Manchester City Council - Chorlton,Chorlton Place,2019,September,39,Sunday,29 Sep 2019,12:00,118,123,241,118,123,241,No Group
Manchester City Council - Chorlton,Chorlton Place,2019,September,39,Sunday,29 Sep 2019,13:00,117,173,290,117,173,290,No Group
Manchester City Council - Chorlton,Chorlton Place,2019,September,39,Sunday,29 Sep 2019,14:00,169,157,326,169,157,326,No Group
Manchester City Council - Chorlton,Chorlton Place,2019,September,39,Sunday,29 Sep 2019,15:00,161,134,295,161,134,295,No Group
Manchester City Council - Chorlton,Chorlton Place,2019,September,39,Sunday,29 Sep 2019,16:00,112,90,202,112,90,202,No Group
Manchester City Council - Chorlton,Chorlton Place,2019,September,39,Sunday,29 Sep 2019,17:00,92,79,171,92,79,171,No Group
Manchester City Council - Chorlton,Chorlton Place,2019,September,39,Sunday,29 Sep 2019,18:00,50,82,132,50,82,132,No Group
Manchester City Council - Chorlton,Chorlton Place,2019,September,39,Sunday,29 Sep 2019,19:00,63,50,113,63,50,113,No Group
Manchester City Council - Chorlton,Chorlton Place,2019,September,39,Sunday,29 Sep 2019,20:00,29,24,53,29,24,53,No Group
Manchester City Council - Chorlton,Chorlton Place,2019,September,39,Sunday,29 Sep 2019,21:00,24,37,61,24,37,61,No Group
Manchester City Council - Chorlton,Chorlton Place,2019,September,39,Sunday,29 Sep 2019,22:00,14,21,35,14,21,35,No Group
Manchester City Council - Chorlton,Chorlton Place,2019,September,39,Sunday,29 Sep 2019,23:00,17,24,41,17,24,41,No Group
Manchester City Council - Chorlton,Chorlton Place,2019,October,40,Monday,30 Sep 2019,00:00,1,2,3,1,2,3,No Group
Manchester City Council - Chorlton,Chorlton Place,2019,October,40,Monday,30 Sep 2019,01:00,2,1,3,2,1,3,No Group
Manchester City Council - Chorlton,Chorlton Place,2019,October,40,Monday,30 Sep 2019,02:00,2,0,2,2,0,2,No Group
Manchester City Council - Chorlton,Chorlton Place,2019,October,40,Monday,30 Sep 2019,03:00,0,3,3,0,3,3,No Group
Manchester City Council - Chorlton,Chorlton Place,2019,October,40,Monday,30 Sep 2019,04:00,0,2,2,0,2,2,No Group
Manchester City Council - Chorlton,Chorlton Place,2019,October,40,Monday,30 Sep 2019,05:00,2,5,7,2,5,7,No Group
Manchester City Council - Chorlton,Chorlton Place,2019,October,40,Monday,30 Sep 2019,06:00,7,12,19,7,12,19,No Group
Manchester City Council - Chorlton,Chorlton Place,2019,October,40,Monday,30 Sep 2019,07:00,25,86,111,25,86,111,No Group
Manchester City Council - Chorlton,Chorlton Place,2019,October,40,Monday,30 Sep 2019,08:00,46,140,186,46,140,186,No Group
Manchester City Council - Chorlton,Chorlton Place,2019,October,40,Monday,30 Sep 2019,09:00,74,112,186,74,112,186,No Group
Manchester City Council - Chorlton,Chorlton Place,2019,October,40,Monday,30 Sep 2019,10:00,103,159,262,103,159,262,No Group
Manchester City Council - Chorlton,Chorlton Place,2019,October,40,Monday,30 Sep 2019,11:00,130,165,295,130,165,295,No Group
Manchester City Council - Chorlton,Chorlton Place,2019,October,40,Monday,30 Sep 2019,12:00,169,187,356,169,187,356,No Group
Manchester City Council - Chorlton,Chorlton Place,2019,October,40,Monday,30 Sep 2019,13:00,147,169,316,147,169,316,No Group
Manchester City Council - Chorlton,Chorlton Place,2019,October,40,Monday,30 Sep 2019,14:00,150,181,331,150,181,331,No Group
Manchester City Council - Chorlton,Chorlton Place,2019,October,40,Monday,30 Sep 2019,15:00,156,175,331,156,175,331,No Group
Manchester City Council - Chorlton,Chorlton Place,2019,October,40,Monday,30 Sep 2019,16:00,139,107,246,139,107,246,No Group
Manchester City Council - Chorlton,Chorlton Place,2019,October,40,Monday,30 Sep 2019,17:00,187,125,312,187,125,312,No Group
Manchester City Council - Chorlton,Chorlton Place,2019,October,40,Monday,30 Sep 2019,18:00,118,65,183,118,65,183,No Group
Manchester City Council - Chorlton,Chorlton Place,2019,October,40,Monday,30 Sep 2019,19:00,43,50,93,43,50,93,No Group
Manchester City Council - Chorlton,Chorlton Place,2019,October,40,Monday,30 Sep 2019,20:00,41,36,77,41,36,77,No Group
Manchester City Council - Chorlton,Chorlton Place,2019,October,40,Monday,30 Sep 2019,21:00,22,29,51,22,29,51,No Group
Manchester City Council - Chorlton,Chorlton Place,2019,October,40,Monday,30 Sep 2019,22:00,27,32,59,27,32,59,No Group
Manchester City Council - Chorlton,Chorlton Place,2019,October,40,Monday,30 Sep 2019,23:00,14,16,30,14,16,30,No Group
Manchester City Council - Chorlton,Chorlton Place,2019,October,40,Tuesday,01 Oct 2019,00:00,3,3,6,3,3,6,No Group
Manchester City Council - Chorlton,Chorlton Place,2019,October,40,Tuesday,01 Oct 2019,01:00,1,1,2,1,1,2,No Group
Manchester City Council - Chorlton,Chorlton Place,2019,October,40,Tuesday,01 Oct 2019,02:00,1,1,2,1,1,2,No Group
Manchester City Council - Chorlton,Chorlton Place,2019,October,40,Tuesday,01 Oct 2019,03:00,0,2,2,0,2,2,No Group
Manchester City Council - Chorlton,Chorlton Place,2019,October,40,Tuesday,01 Oct 2019,04:00,0,2,2,0,2,2,No Group
Manchester City Council - Chorlton,Chorlton Place,2019,October,40,Tuesday,01 Oct 2019,05:00,1,5,6,1,5,6,No Group
Manchester City Council - Chorlton,Chorlton Place,2019,October,40,Tuesday,01 Oct 2019,06:00,11,24,35,11,24,35,No Group
Manchester City Council - Chorlton,Chorlton Place,2019,October,40,Tuesday,01 Oct 2019,07:00,31,127,158,31,127,158,No Group
Manchester City Council - Chorlton,Chorlton Place,2019,October,40,Tuesday,01 Oct 2019,08:00,44,182,226,44,182,226,No Group
Manchester City Council - Chorlton,Chorlton Place,2019,October,40,Tuesday,01 Oct 2019,09:00,92,132,224,92,132,224,No Group
Manchester City Council - Chorlton,Chorlton Place,2019,October,40,Tuesday,01 Oct 2019,10:00,126,151,277,126,151,277,No Group
Manchester City Council - Chorlton,Chorlton Place,2019,October,40,Tuesday,01 Oct 2019,11:00,144,173,317,144,173,317,No Group
Manchester City Council - Chorlton,Chorlton Place,2019,October,40,Tuesday,01 Oct 2019,12:00,150,170,320,150,170,320,No Group
Manchester City Council - Chorlton,Chorlton Place,2019,October,40,Tuesday,01 Oct 2019,13:00,167,170,337,167,170,337,No Group
Manchester City Council - Chorlton,Chorlton Place,2019,October,40,Tuesday,01 Oct 2019,14:00,166,180,346,166,180,346,No Group
Manchester City Council - Chorlton,Chorlton Place,2019,October,40,Tuesday,01 Oct 2019,15:00,174,152,326,174,152,326,No Group
Manchester City Council - Chorlton,Chorlton Place,2019,October,40,Tuesday,01 Oct 2019,16:00,168,185,353,168,185,353,No Group
Manchester City Council - Chorlton,Chorlton Place,2019,October,40,Tuesday,01 Oct 2019,17:00,141,110,251,141,110,251,No Group
Manchester City Council - Chorlton,Chorlton Place,2019,October,40,Tuesday,01 Oct 2019,18:00,127,114,241,127,114,241,No Group
Manchester City Council - Chorlton,Chorlton Place,2019,October,40,Tuesday,01 Oct 2019,19:00,85,42,127,85,42,127,No Group
Manchester City Council - Chorlton,Chorlton Place,2019,October,40,Tuesday,01 Oct 2019,20:00,34,28,62,34,28,62,No Group
Manchester City Council - Chorlton,Chorlton Place,2019,October,40,Tuesday,01 Oct 2019,21:00,29,31,60,29,31,60,No Group
Manchester City Council - Chorlton,Chorlton Place,2019,October,40,Tuesday,01 Oct 2019,22:00,24,17,41,24,17,41,No Group
Manchester City Council - Chorlton,Chorlton Place,2019,October,40,Tuesday,01 Oct 2019,23:00,35,12,47,35,12,47,No Group
Manchester City Council - Chorlton,Chorlton Place,2019,October,40,Wednesday,02 Oct 2019,00:00,5,3,8,5,3,8,No Group
Manchester City Council - Chorlton,Chorlton Place,2019,October,40,Wednesday,02 Oct 2019,01:00,14,14,28,14,14,28,No Group
Manchester City Council - Chorlton,Chorlton Place,2019,October,40,Wednesday,02 Oct 2019,02:00,4,5,9,4,5,9,No Group
Manchester City Council - Chorlton,Chorlton Place,2019,October,40,Wednesday,02 Oct 2019,03:00,3,4,7,3,4,7,No Group
Manchester City Council - Chorlton,Chorlton Place,2019,October,40,Wednesday,02 Oct 2019,04:00,0,3,3,0,3,3,No Group
Manchester City Council - Chorlton,Chorlton Place,2019,October,40,Wednesday,02 Oct 2019,05:00,2,3,5,2,3,5,No Group
Manchester City Council - Chorlton,Chorlton Place,2019,October,40,Wednesday,02 Oct 2019,06:00,11,25,36,11,25,36,No Group
Manchester City Council - Chorlton,Chorlton Place,2019,October,40,Wednesday,02 Oct 2019,07:00,32,98,130,32,98,130,No Group
Manchester City Council - Chorlton,Chorlton Place,2019,October,40,Wednesday,02 Oct 2019,08:00,49,240,289,49,240,289,No Group
Manchester City Council - Chorlton,Chorlton Place,2019,October,40,Wednesday,02 Oct 2019,09:00,112,203,315,112,203,315,No Group
Manchester City Council - Chorlton,Chorlton Place,2019,October,40,Wednesday,02 Oct 2019,10:00,174,313,487,174,313,487,No Group
Manchester City Council - Chorlton,Chorlton Place,2019,October,40,Wednesday,02 Oct 2019,11:00,239,333,572,239,333,572,No Group
Manchester City Council - Chorlton,Chorlton Place,2019,October,40,Wednesday,02 Oct 2019,12:00,311,465,776,311,465,776,No Group
Manchester City Council - Chorlton,Chorlton Place,2019,October,40,Wednesday,02 Oct 2019,13:00,200,187,387,200,187,387,No Group
Manchester City Council - Chorlton,Chorlton Place,2019,October,40,Wednesday,02 Oct 2019,14:00,187,217,404,187,217,404,No Group
Manchester City Council - Chorlton,Chorlton Place,2019,October,40,Wednesday,02 Oct 2019,15:00,164,185,349,164,185,349,No Group
Manchester City Council - Chorlton,Chorlton Place,2019,October,40,Wednesday,02 Oct 2019,16:00,157,139,296,157,139,296,No Group
Manchester City Council - Chorlton,Chorlton Place,2019,October,40,Wednesday,02 Oct 2019,17:00,129,104,233,129,104,233,No Group
Manchester City Council - Chorlton,Chorlton Place,2019,October,40,Wednesday,02 Oct 2019,18:00,144,108,252,144,108,252,No Group
Manchester City Council - Chorlton,Chorlton Place,2019,October,40,Wednesday,02 Oct 2019,19:00,57,76,133,57,76,133,No Group
Manchester City Council - Chorlton,Chorlton Place,2019,October,40,Wednesday,02 Oct 2019,20:00,57,35,92,57,35,92,No Group
Manchester City Council - Chorlton,Chorlton Place,2019,October,40,Wednesday,02 Oct 2019,21:00,39,36,75,39,36,75,No Group
Manchester City Council - Chorlton,Chorlton Place,2019,October,40,Wednesday,02 Oct 2019,22:00,29,22,51,29,22,51,No Group
Manchester City Council - Chorlton,Chorlton Place,2019,October,40,Wednesday,02 Oct 2019,23:00,29,20,49,29,20,49,No Group
Manchester City Council - Chorlton,Chorlton Place,2019,October,40,Thursday,03 Oct 2019,00:00,4,0,4,4,0,4,No Group
Manchester City Council - Chorlton,Chorlton Place,2019,October,40,Thursday,03 Oct 2019,01:00,1,1,2,1,1,2,No Group
Manchester City Council - Chorlton,Chorlton Place,2019,October,40,Thursday,03 Oct 2019,02:00,0,0,0,0,0,0,No Group
Manchester City Council - Chorlton,Chorlton Place,2019,October,40,Thursday,03 Oct 2019,03:00,0,5,5,0,5,5,No Group
Manchester City Council - Chorlton,Chorlton Place,2019,October,40,Thursday,03 Oct 2019,04:00,0,3,3,0,3,3,No Group
Manchester City Council - Chorlton,Chorlton Place,2019,October,40,Thursday,03 Oct 2019,05:00,1,3,4,1,3,4,No Group
Manchester City Council - Chorlton,Chorlton Place,2019,October,40,Thursday,03 Oct 2019,06:00,10,22,32,10,22,32,No Group
Manchester City Council - Chorlton,Chorlton Place,2019,October,40,Thursday,03 Oct 2019,07:00,39,109,148,39,109,148,No Group
Manchester City Council - Chorlton,Chorlton Place,2019,October,40,Thursday,03 Oct 2019,08:00,46,148,194,46,148,194,No Group
Manchester City Council - Chorlton,Chorlton Place,2019,October,40,Thursday,03 Oct 2019,09:00,101,116,217,101,116,217,No Group
Manchester City Council - Chorlton,Chorlton Place,2019,October,40,Thursday,03 Oct 2019,10:00,122,120,242,122,120,242,No Group
Manchester City Council - Chorlton,Chorlton Place,2019,October,40,Thursday,03 Oct 2019,11:00,143,172,315,143,172,315,No Group
Manchester City Council - Chorlton,Chorlton Place,2019,October,40,Thursday,03 Oct 2019,12:00,180,189,369,180,189,369,No Group
Manchester City Council - Chorlton,Chorlton Place,2019,October,40,Thursday,03 Oct 2019,13:00,152,171,323,152,171,323,No Group
Manchester City Council - Chorlton,Chorlton Place,2019,October,40,Thursday,03 Oct 2019,14:00,147,140,287,147,140,287,No Group
Manchester City Council - Chorlton,Chorlton Place,2019,October,40,Thursday,03 Oct 2019,15:00,159,152,311,159,152,311,No Group
Manchester City Council - Chorlton,Chorlton Place,2019,October,40,Thursday,03 Oct 2019,16:00,125,141,266,125,141,266,No Group
Manchester City Council - Chorlton,Chorlton Place,2019,October,40,Thursday,03 Oct 2019,17:00,120,80,200,120,80,200,No Group
Manchester City Council - Chorlton,Chorlton Place,2019,October,40,Thursday,03 Oct 2019,18:00,99,75,174,99,75,174,No Group
Manchester City Council - Chorlton,Chorlton Place,2019,October,40,Thursday,03 Oct 2019,19:00,56,66,122,56,66,122,No Group
Manchester City Council - Chorlton,Chorlton Place,2019,October,40,Thursday,03 Oct 2019,20:00,38,39,77,38,39,77,No Group
Manchester City Council - Chorlton,Chorlton Place,2019,October,40,Thursday,03 Oct 2019,21:00,21,45,66,21,45,66,No Group
Manchester City Council - Chorlton,Chorlton Place,2019,October,40,Thursday,03 Oct 2019,22:00,26,22,48,26,22,48,No Group
Manchester City Council - Chorlton,Chorlton Place,2019,October,40,Thursday,03 Oct 2019,23:00,14,21,35,14,21,35,No Group
Manchester City Council - Chorlton,Chorlton Place,2019,October,40,Friday,04 Oct 2019,00:00,7,0,7,7,0,7,No Group
Manchester City Council - Chorlton,Chorlton Place,2019,October,40,Friday,04 Oct 2019,01:00,2,1,3,2,1,3,No Group
Manchester City Council - Chorlton,Chorlton Place,2019,October,40,Friday,04 Oct 2019,02:00,1,1,2,1,1,2,No Group
Manchester City Council - Chorlton,Chorlton Place,2019,October,40,Friday,04 Oct 2019,03:00,0,1,1,0,1,1,No Group
Manchester City Council - Chorlton,Chorlton Place,2019,October,40,Friday,04 Oct 2019,04:00,4,4,8,4,4,8,No Group
Manchester City Council - Chorlton,Chorlton Place,2019,October,40,Friday,04 Oct 2019,05:00,1,3,4,1,3,4,No Group
Manchester City Council - Chorlton,Chorlton Place,2019,October,40,Friday,04 Oct 2019,06:00,4,27,31,4,27,31,No Group
Manchester City Council - Chorlton,Chorlton Place,2019,October,40,Friday,04 Oct 2019,07:00,36,93,129,36,93,129,No Group
Manchester City Council - Chorlton,Chorlton Place,2019,October,40,Friday,04 Oct 2019,08:00,48,192,240,48,192,240,No Group
Manchester City Council - Chorlton,Chorlton Place,2019,October,40,Friday,04 Oct 2019,09:00,92,142,234,92,142,234,No Group
Manchester City Council - Chorlton,Chorlton Place,2019,October,40,Friday,04 Oct 2019,10:00,138,117,255,138,117,255,No Group
Manchester City Council - Chorlton,Chorlton Place,2019,October,40,Friday,04 Oct 2019,11:00,159,176,335,159,176,335,No Group
Manchester City Council - Chorlton,Chorlton Place,2019,October,40,Friday,04 Oct 2019,12:00,196,204,400,196,204,400,No Group
Manchester City Council - Chorlton,Chorlton Place,2019,October,40,Friday,04 Oct 2019,13:00,192,187,379,192,187,379,No Group
Manchester City Council - Chorlton,Chorlton Place,2019,October,40,Friday,04 Oct 2019,14:00,161,179,340,161,179,340,No Group
Manchester City Council - Chorlton,Chorlton Place,2019,October,40,Friday,04 Oct 2019,15:00,202,202,404,202,202,404,No Group
Manchester City Council - Chorlton,Chorlton Place,2019,October,40,Friday,04 Oct 2019,16:00,202,189,391,202,189,391,No Group
Manchester City Council - Chorlton,Chorlton Place,2019,October,40,Friday,04 Oct 2019,17:00,127,126,253,127,126,253,No Group
Manchester City Council - Chorlton,Chorlton Place,2019,October,40,Friday,04 Oct 2019,18:00,118,100,218,118,100,218,No Group
Manchester City Council - Chorlton,Chorlton Place,2019,October,40,Friday,04 Oct 2019,19:00,100,77,177,100,77,177,No Group
Manchester City Council - Chorlton,Chorlton Place,2019,October,40,Friday,04 Oct 2019,20:00,66,69,135,66,69,135,No Group
Manchester City Council - Chorlton,Chorlton Place,2019,October,40,Friday,04 Oct 2019,21:00,80,78,158,80,78,158,No Group
Manchester City Council - Chorlton,Chorlton Place,2019,October,40,Friday,04 Oct 2019,22:00,48,60,108,48,60,108,No Group
Manchester City Council - Chorlton,Chorlton Place,2019,October,40,Friday,04 Oct 2019,23:00,33,39,72,33,39,72,No Group
Manchester City Council - Chorlton,Chorlton Place,2019,October,40,Saturday,05 Oct 2019,00:00,30,50,80,30,50,80,No Group
Manchester City Council - Chorlton,Chorlton Place,2019,October,40,Saturday,05 Oct 2019,01:00,29,19,48,29,19,48,No Group
Manchester City Council - Chorlton,Chorlton Place,2019,October,40,Saturday,05 Oct 2019,02:00,6,4,10,6,4,10,No Group
Manchester City Council - Chorlton,Chorlton Place,2019,October,40,Saturday,05 Oct 2019,03:00,5,7,12,5,7,12,No Group
Manchester City Council - Chorlton,Chorlton Place,2019,October,40,Saturday,05 Oct 2019,04:00,4,2,6,4,2,6,No Group
Manchester City Council - Chorlton,Chorlton Place,2019,October,40,Saturday,05 Oct 2019,05:00,8,12,20,8,12,20,No Group
Manchester City Council - Chorlton,Chorlton Place,2019,October,40,Saturday,05 Oct 2019,06:00,6,8,14,6,8,14,No Group
Manchester City Council - Chorlton,Chorlton Place,2019,October,40,Saturday,05 Oct 2019,07:00,7,22,29,7,22,29,No Group
Manchester City Council - Chorlton,Chorlton Place,2019,October,40,Saturday,05 Oct 2019,08:00,32,54,86,32,54,86,No Group
Manchester City Council - Chorlton,Chorlton Place,2019,October,40,Saturday,05 Oct 2019,09:00,83,102,185,83,102,185,No Group
Manchester City Council - Chorlton,Chorlton Place,2019,October,40,Saturday,05 Oct 2019,10:00,161,169,330,161,169,330,No Group
Manchester City Council - Chorlton,Chorlton Place,2019,October,40,Saturday,05 Oct 2019,11:00,231,252,483,231,252,483,No Group
Manchester City Council - Chorlton,Chorlton Place,2019,October,40,Saturday,05 Oct 2019,12:00,249,294,543,249,294,543,No Group
Manchester City Council - Chorlton,Chorlton Place,2019,October,40,Saturday,05 Oct 2019,13:00,261,261,522,261,261,522,No Group
Manchester City Council - Chorlton,Chorlton Place,2019,October,40,Saturday,05 Oct 2019,14:00,241,250,491,241,250,491,No Group
Manchester City Council - Chorlton,Chorlton Place,2019,October,40,Saturday,05 Oct 2019,15:00,217,271,488,217,271,488,No Group
Manchester City Council - Chorlton,Chorlton Place,2019,October,40,Saturday,05 Oct 2019,16:00,189,205,394,189,205,394,No Group
Manchester City Council - Chorlton,Chorlton Place,2019,October,40,Saturday,05 Oct 2019,17:00,114,113,227,114,113,227,No Group
Manchester City Council - Chorlton,Chorlton Place,2019,October,40,Saturday,05 Oct 2019,18:00,79,95,174,79,95,174,No Group
Manchester City Council - Chorlton,Chorlton Place,2019,October,40,Saturday,05 Oct 2019,19:00,112,79,191,112,79,191,No Group
Manchester City Council - Chorlton,Chorlton Place,2019,October,40,Saturday,05 Oct 2019,20:00,57,46,103,57,46,103,No Group
Manchester City Council - Chorlton,Chorlton Place,2019,October,40,Saturday,05 Oct 2019,21:00,31,57,88,31,57,88,No Group
Manchester City Council - Chorlton,Chorlton Place,2019,October,40,Saturday,05 Oct 2019,22:00,32,29,61,32,29,61,No Group
Manchester City Council - Chorlton,Chorlton Place,2019,October,40,Saturday,05 Oct 2019,23:00,37,68,105,37,68,105,No Group
Manchester City Council - Chorlton,Chorlton Place,2019,October,40,Sunday,06 Oct 2019,00:00,26,42,68,26,42,68,No Group
Manchester City Council - Chorlton,Chorlton Place,2019,October,40,Sunday,06 Oct 2019,01:00,11,20,31,11,20,31,No Group
Manchester City Council - Chorlton,Chorlton Place,2019,October,40,Sunday,06 Oct 2019,02:00,1,2,3,1,2,3,No Group
Manchester City Council - Chorlton,Chorlton Place,2019,October,40,Sunday,06 Oct 2019,03:00,3,3,6,3,3,6,No Group
Manchester City Council - Chorlton,Chorlton Place,2019,October,40,Sunday,06 Oct 2019,04:00,3,2,5,3,2,5,No Group
Manchester City Council - Chorlton,Chorlton Place,2019,October,40,Sunday,06 Oct 2019,05:00,2,1,3,2,1,3,No Group
Manchester City Council - Chorlton,Chorlton Place,2019,October,40,Sunday,06 Oct 2019,06:00,1,2,3,1,2,3,No Group
Manchester City Council - Chorlton,Chorlton Place,2019,October,40,Sunday,06 Oct 2019,07:00,6,10,16,6,10,16,No Group
Manchester City Council - Chorlton,Chorlton Place,2019,October,40,Sunday,06 Oct 2019,08:00,24,21,45,24,21,45,No Group
Manchester City Council - Chorlton,Chorlton Place,2019,October,40,Sunday,06 Oct 2019,09:00,32,81,113,32,81,113,No Group
Manchester City Council - Chorlton,Chorlton Place,2019,October,40,Sunday,06 Oct 2019,10:00,91,111,202,91,111,202,No Group
Manchester City Council - Chorlton,Chorlton Place,2019,October,40,Sunday,06 Oct 2019,11:00,114,158,272,114,158,272,No Group
Manchester City Council - Chorlton,Chorlton Place,2019,October,40,Sunday,06 Oct 2019,12:00,167,212,379,167,212,379,No Group
Manchester City Council - Chorlton,Chorlton Place,2019,October,40,Sunday,06 Oct 2019,13:00,104,150,254,104,150,254,No Group
Manchester City Council - Chorlton,Chorlton Place,2019,October,40,Sunday,06 Oct 2019,14:00,123,130,253,123,130,253,No Group
Manchester City Council - Chorlton,Chorlton Place,2019,October,40,Sunday,06 Oct 2019,15:00,135,137,272,135,137,272,No Group
Manchester City Council - Chorlton,Chorlton Place,2019,October,40,Sunday,06 Oct 2019,16:00,98,80,178,98,80,178,No Group
Manchester City Council - Chorlton,Chorlton Place,2019,October,40,Sunday,06 Oct 2019,17:00,60,77,137,60,77,137,No Group
Manchester City Council - Chorlton,Chorlton Place,2019,October,40,Sunday,06 Oct 2019,18:00,81,75,156,81,75,156,No Group
Manchester City Council - Chorlton,Chorlton Place,2019,October,40,Sunday,06 Oct 2019,19:00,45,54,99,45,54,99,No Group
Manchester City Council - Chorlton,Chorlton Place,2019,October,40,Sunday,06 Oct 2019,20:00,25,25,50,25,25,50,No Group
Manchester City Council - Chorlton,Chorlton Place,2019,October,40,Sunday,06 Oct 2019,21:00,20,25,45,20,25,45,No Group
Manchester City Council - Chorlton,Chorlton Place,2019,October,40,Sunday,06 Oct 2019,22:00,28,38,66,28,38,66,No Group
Manchester City Council - Chorlton,Chorlton Place,2019,October,40,Sunday,06 Oct 2019,23:00,12,4,16,12,4,16,No Group
Manchester City Council - Chorlton,Chorlton Place,2019,October,41,Monday,07 Oct 2019,00:00,12,1,13,12,1,13,No Group
Manchester City Council - Chorlton,Chorlton Place,2019,October,41,Monday,07 Oct 2019,01:00,4,1,5,4,1,5,No Group
Manchester City Council - Chorlton,Chorlton Place,2019,October,41,Monday,07 Oct 2019,02:00,0,0,0,0,0,0,No Group
Manchester City Council - Chorlton,Chorlton Place,2019,October,41,Monday,07 Oct 2019,03:00,0,1,1,0,1,1,No Group
Manchester City Council - Chorlton,Chorlton Place,2019,October,41,Monday,07 Oct 2019,04:00,1,2,3,1,2,3,No Group
Manchester City Council - Chorlton,Chorlton Place,2019,October,41,Monday,07 Oct 2019,05:00,1,2,3,1,2,3,No Group
Manchester City Council - Chorlton,Chorlton Place,2019,October,41,Monday,07 Oct 2019,06:00,19,24,43,19,24,43,No Group
Manchester City Council - Chorlton,Chorlton Place,2019,October,41,Monday,07 Oct 2019,07:00,26,91,117,26,91,117,No Group
Manchester City Council - Chorlton,Chorlton Place,2019,October,41,Monday,07 Oct 2019,08:00,21,97,118,21,97,118,No Group
Manchester City Council - Chorlton,Chorlton Place,2019,October,41,Monday,07 Oct 2019,09:00,55,91,146,55,91,146,No Group
Manchester City Council - Chorlton,Chorlton Place,2019,October,41,Monday,07 Oct 2019,10:00,98,112,210,98,112,210,No Group
Manchester City Council - Chorlton,Chorlton Place,2019,October,41,Monday,07 Oct 2019,11:00,113,145,258,113,145,258,No Group
Manchester City Council - Chorlton,Chorlton Place,2019,October,41,Monday,07 Oct 2019,12:00,152,165,317,152,165,317,No Group
Manchester City Council - Chorlton,Chorlton Place,2019,October,41,Monday,07 Oct 2019,13:00,151,179,330,151,179,330,No Group
Manchester City Council - Chorlton,Chorlton Place,2019,October,41,Monday,07 Oct 2019,14:00,148,163,311,148,163,311,No Group
Manchester City Council - Chorlton,Chorlton Place,2019,October,41,Monday,07 Oct 2019,15:00,151,154,305,151,154,305,No Group
Manchester City Council - Chorlton,Chorlton Place,2019,October,41,Monday,07 Oct 2019,16:00,157,131,288,157,131,288,No Group
Manchester City Council - Chorlton,Chorlton Place,2019,October,41,Monday,07 Oct 2019,17:00,135,84,219,135,84,219,No Group
Manchester City Council - Chorlton,Chorlton Place,2019,October,41,Monday,07 Oct 2019,18:00,119,88,207,119,88,207,No Group
Manchester City Council - Chorlton,Chorlton Place,2019,October,41,Monday,07 Oct 2019,19:00,66,37,103,66,37,103,No Group
Manchester City Council - Chorlton,Chorlton Place,2019,October,41,Monday,07 Oct 2019,20:00,36,34,70,36,34,70,No Group
Manchester City Council - Chorlton,Chorlton Place,2019,October,41,Monday,07 Oct 2019,21:00,24,33,57,24,33,57,No Group
Manchester City Council - Chorlton,Chorlton Place,2019,October,41,Monday,07 Oct 2019,22:00,15,12,27,15,12,27,No Group
Manchester City Council - Chorlton,Chorlton Place,2019,October,41,Monday,07 Oct 2019,23:00,22,21,43,22,21,43,No Group
Manchester City Council - Chorlton,Chorlton Place,2019,October,41,Tuesday,08 Oct 2019,00:00,14,8,22,14,8,22,No Group
Manchester City Council - Chorlton,Chorlton Place,2019,October,41,Tuesday,08 Oct 2019,01:00,6,6,12,6,6,12,No Group
Manchester City Council - Chorlton,Chorlton Place,2019,October,41,Tuesday,08 Oct 2019,02:00,1,1,2,1,1,2,No Group
Manchester City Council - Chorlton,Chorlton Place,2019,October,41,Tuesday,08 Oct 2019,03:00,1,0,1,1,0,1,No Group
Manchester City Council - Chorlton,Chorlton Place,2019,October,41,Tuesday,08 Oct 2019,04:00,1,2,3,1,2,3,No Group
Manchester City Council - Chorlton,Chorlton Place,2019,October,41,Tuesday,08 Oct 2019,05:00,1,4,5,1,4,5,No Group
Manchester City Council - Chorlton,Chorlton Place,2019,October,41,Tuesday,08 Oct 2019,06:00,5,17,22,5,17,22,No Group
Manchester City Council - Chorlton,Chorlton Place,2019,October,41,Tuesday,08 Oct 2019,07:00,25,87,112,25,87,112,No Group
Manchester City Council - Chorlton,Chorlton Place,2019,October,41,Tuesday,08 Oct 2019,08:00,39,146,185,39,146,185,No Group
Manchester City Council - Chorlton,Chorlton Place,2019,October,41,Tuesday,08 Oct 2019,09:00,71,143,214,71,143,214,No Group
Manchester City Council - Chorlton,Chorlton Place,2019,October,41,Tuesday,08 Oct 2019,10:00,108,141,249,108,141,249,No Group
Manchester City Council - Chorlton,Chorlton Place,2019,October,41,Tuesday,08 Oct 2019,11:00,183,338,521,183,338,521,No Group
Manchester City Council - Chorlton,Chorlton Place,2019,October,41,Tuesday,08 Oct 2019,12:00,172,218,390,172,218,390,No Group
Manchester City Council - Chorlton,Chorlton Place,2019,October,41,Tuesday,08 Oct 2019,13:00,148,150,298,148,150,298,No Group
Manchester City Council - Chorlton,Chorlton Place,2019,October,41,Tuesday,08 Oct 2019,14:00,168,170,338,168,170,338,No Group
Manchester City Council - Chorlton,Chorlton Place,2019,October,41,Tuesday,08 Oct 2019,15:00,147,165,312,147,165,312,No Group
Manchester City Council - Chorlton,Chorlton Place,2019,October,41,Tuesday,08 Oct 2019,16:00,149,143,292,149,143,292,No Group
Manchester City Council - Chorlton,Chorlton Place,2019,October,41,Tuesday,08 Oct 2019,17:00,108,95,203,108,95,203,No Group
Manchester City Council - Chorlton,Chorlton Place,2019,October,41,Tuesday,08 Oct 2019,18:00,98,84,182,98,84,182,No Group
Manchester City Council - Chorlton,Chorlton Place,2019,October,41,Tuesday,08 Oct 2019,19:00,101,56,157,101,56,157,No Group
Manchester City Council - Chorlton,Chorlton Place,2019,October,41,Tuesday,08 Oct 2019,20:00,47,43,90,47,43,90,No Group
Manchester City Council - Chorlton,Chorlton Place,2019,October,41,Tuesday,08 Oct 2019,21:00,34,26,60,34,26,60,No Group
Manchester City Council - Chorlton,Chorlton Place,2019,October,41,Tuesday,08 Oct 2019,22:00,35,20,55,35,20,55,No Group
Manchester City Council - Chorlton,Chorlton Place,2019,October,41,Tuesday,08 Oct 2019,23:00,13,6,19,13,6,19,No Group
Manchester City Council - Chorlton,Chorlton Place,2019,October,41,Wednesday,09 Oct 2019,00:00,10,9,19,10,9,19,No Group
Manchester City Council - Chorlton,Chorlton Place,2019,October,41,Wednesday,09 Oct 2019,01:00,1,1,2,1,1,2,No Group
Manchester City Council - Chorlton,Chorlton Place,2019,October,41,Wednesday,09 Oct 2019,02:00,0,1,1,0,1,1,No Group
Manchester City Council - Chorlton,Chorlton Place,2019,October,41,Wednesday,09 Oct 2019,03:00,0,0,0,0,0,0,No Group
Manchester City Council - Chorlton,Chorlton Place,2019,October,41,Wednesday,09 Oct 2019,04:00,1,4,5,1,4,5,No Group
Manchester City Council - Chorlton,Chorlton Place,2019,October,41,Wednesday,09 Oct 2019,05:00,3,4,7,3,4,7,No Group
Manchester City Council - Chorlton,Chorlton Place,2019,October,41,Wednesday,09 Oct 2019,06:00,14,21,35,14,21,35,No Group
Manchester City Council - Chorlton,Chorlton Place,2019,October,41,Wednesday,09 Oct 2019,07:00,24,97,121,24,97,121,No Group
Manchester City Council - Chorlton,Chorlton Place,2019,October,41,Wednesday,09 Oct 2019,08:00,40,121,161,40,121,161,No Group
Manchester City Council - Chorlton,Chorlton Place,2019,October,41,Wednesday,09 Oct 2019,09:00,129,157,286,129,157,286,No Group
Manchester City Council - Chorlton,Chorlton Place,2019,October,41,Wednesday,09 Oct 2019,10:00,146,224,370,146,224,370,No Group
Manchester City Council - Chorlton,Chorlton Place,2019,October,41,Wednesday,09 Oct 2019,11:00,195,280,475,195,280,475,No Group
Manchester City Council - Chorlton,Chorlton Place,2019,October,41,Wednesday,09 Oct 2019,12:00,208,256,464,208,256,464,No Group
Manchester City Council - Chorlton,Chorlton Place,2019,October,41,Wednesday,09 Oct 2019,13:00,143,151,294,143,151,294,No Group
Manchester City Council - Chorlton,Chorlton Place,2019,October,41,Wednesday,09 Oct 2019,14:00,106,107,213,106,107,213,No Group
Manchester City Council - Chorlton,Chorlton Place,2019,October,41,Wednesday,09 Oct 2019,15:00,169,175,344,169,175,344,No Group
Manchester City Council - Chorlton,Chorlton Place,2019,October,41,Wednesday,09 Oct 2019,16:00,150,129,279,150,129,279,No Group
Manchester City Council - Chorlton,Chorlton Place,2019,October,41,Wednesday,09 Oct 2019,17:00,116,111,227,116,111,227,No Group
Manchester City Council - Chorlton,Chorlton Place,2019,October,41,Wednesday,09 Oct 2019,18:00,96,74,170,96,74,170,No Group
Manchester City Council - Chorlton,Chorlton Place,2019,October,41,Wednesday,09 Oct 2019,19:00,68,67,135,68,67,135,No Group
Manchester City Council - Chorlton,Chorlton Place,2019,October,41,Wednesday,09 Oct 2019,20:00,57,42,99,57,42,99,No Group
Manchester City Council - Chorlton,Chorlton Place,2019,October,41,Wednesday,09 Oct 2019,21:00,27,31,58,27,31,58,No Group
Manchester City Council - Chorlton,Chorlton Place,2019,October,41,Wednesday,09 Oct 2019,22:00,29,26,55,29,26,55,No Group
Manchester City Council - Chorlton,Chorlton Place,2019,October,41,Wednesday,09 Oct 2019,23:00,17,17,34,17,17,34,No Group
Manchester City Council - Chorlton,Chorlton Place,2019,October,41,Thursday,10 Oct 2019,00:00,5,12,17,5,12,17,No Group
Manchester City Council - Chorlton,Chorlton Place,2019,October,41,Thursday,10 Oct 2019,01:00,1,7,8,1,7,8,No Group
Manchester City Council - Chorlton,Chorlton Place,2019,October,41,Thursday,10 Oct 2019,02:00,0,0,0,0,0,0,No Group
Manchester City Council - Chorlton,Chorlton Place,2019,October,41,Thursday,10 Oct 2019,03:00,0,0,0,0,0,0,No Group
Manchester City Council - Chorlton,Chorlton Place,2019,October,41,Thursday,10 Oct 2019,04:00,0,0,0,0,0,0,No Group
Manchester City Council - Chorlton,Chorlton Place,2019,October,41,Thursday,10 Oct 2019,05:00,0,1,1,0,1,1,No Group
Manchester City Council - Chorlton,Chorlton Place,2019,October,41,Thursday,10 Oct 2019,06:00,6,25,31,6,25,31,No Group
Manchester City Council - Chorlton,Chorlton Place,2019,October,41,Thursday,10 Oct 2019,07:00,26,116,142,26,116,142,No Group
Manchester City Council - Chorlton,Chorlton Place,2019,October,41,Thursday,10 Oct 2019,08:00,29,134,163,29,134,163,No Group
Manchester City Council - Chorlton,Chorlton Place,2019,October,41,Thursday,10 Oct 2019,09:00,81,124,205,81,124,205,No Group
Manchester City Council - Chorlton,Chorlton Place,2019,October,41,Thursday,10 Oct 2019,10:00,120,142,262,120,142,262,No Group
Manchester City Council - Chorlton,Chorlton Place,2019,October,41,Thursday,10 Oct 2019,11:00,150,178,328,150,178,328,No Group
Manchester City Council - Chorlton,Chorlton Place,2019,October,41,Thursday,10 Oct 2019,12:00,148,168,316,148,168,316,No Group
Manchester City Council - Chorlton,Chorlton Place,2019,October,41,Thursday,10 Oct 2019,13:00,157,170,327,157,170,327,No Group
Manchester City Council - Chorlton,Chorlton Place,2019,October,41,Thursday,10 Oct 2019,14:00,152,167,319,152,167,319,No Group
Manchester City Council - Chorlton,Chorlton Place,2019,October,41,Thursday,10 Oct 2019,15:00,151,158,309,151,158,309,No Group
Manchester City Council - Chorlton,Chorlton Place,2019,October,41,Thursday,10 Oct 2019,16:00,168,142,310,168,142,310,No Group
Manchester City Council - Chorlton,Chorlton Place,2019,October,41,Thursday,10 Oct 2019,17:00,129,92,221,129,92,221,No Group
Manchester City Council - Chorlton,Chorlton Place,2019,October,41,Thursday,10 Oct 2019,18:00,108,57,165,108,57,165,No Group
Manchester City Council - Chorlton,Chorlton Place,2019,October,41,Thursday,10 Oct 2019,19:00,51,66,117,51,66,117,No Group
Manchester City Council - Chorlton,Chorlton Place,2019,October,41,Thursday,10 Oct 2019,20:00,42,43,85,42,43,85,No Group
Manchester City Council - Chorlton,Chorlton Place,2019,October,41,Thursday,10 Oct 2019,21:00,38,27,65,38,27,65,No Group
Manchester City Council - Chorlton,Chorlton Place,2019,October,41,Thursday,10 Oct 2019,22:00,31,40,71,31,40,71,No Group
Manchester City Council - Chorlton,Chorlton Place,2019,October,41,Thursday,10 Oct 2019,23:00,18,8,26,18,8,26,No Group
Manchester City Council - Chorlton,Chorlton Place,2019,October,41,Friday,11 Oct 2019,00:00,8,1,9,8,1,9,No Group
Manchester City Council - Chorlton,Chorlton Place,2019,October,41,Friday,11 Oct 2019,01:00,6,2,8,6,2,8,No Group
Manchester City Council - Chorlton,Chorlton Place,2019,October,41,Friday,11 Oct 2019,02:00,0,0,0,0,0,0,No Group
Manchester City Council - Chorlton,Chorlton Place,2019,October,41,Friday,11 Oct 2019,03:00,0,0,0,0,0,0,No Group
Manchester City Council - Chorlton,Chorlton Place,2019,October,41,Friday,11 Oct 2019,04:00,0,3,3,0,3,3,No Group
Manchester City Council - Chorlton,Chorlton Place,2019,October,41,Friday,11 Oct 2019,05:00,1,1,2,1,1,2,No Group
Manchester City Council - Chorlton,Chorlton Place,2019,October,41,Friday,11 Oct 2019,06:00,14,34,48,14,34,48,No Group
Manchester City Council - Chorlton,Chorlton Place,2019,October,41,Friday,11 Oct 2019,07:00,25,103,128,25,103,128,No Group
Manchester City Council - Chorlton,Chorlton Place,2019,October,41,Friday,11 Oct 2019,08:00,47,156,203,47,156,203,No Group
Manchester City Council - Chorlton,Chorlton Place,2019,October,41,Friday,11 Oct 2019,09:00,103,171,274,103,171,274,No Group
Manchester City Council - Chorlton,Chorlton Place,2019,October,41,Friday,11 Oct 2019,10:00,114,157,271,114,157,271,No Group
Manchester City Council - Chorlton,Chorlton Place,2019,October,41,Friday,11 Oct 2019,11:00,217,218,435,217,218,435,No Group
Manchester City Council - Chorlton,Chorlton Place,2019,October,41,Friday,11 Oct 2019,12:00,182,241,423,182,241,423,No Group
Manchester City Council - Chorlton,Chorlton Place,2019,October,41,Friday,11 Oct 2019,13:00,201,220,421,201,220,421,No Group
Manchester City Council - Chorlton,Chorlton Place,2019,October,41,Friday,11 Oct 2019,14:00,218,219,437,218,219,437,No Group
Manchester City Council - Chorlton,Chorlton Place,2019,October,41,Friday,11 Oct 2019,15:00,244,226,470,244,226,470,No Group
Manchester City Council - Chorlton,Chorlton Place,2019,October,41,Friday,11 Oct 2019,16:00,200,198,398,200,198,398,No Group
Manchester City Council - Chorlton,Chorlton Place,2019,October,41,Friday,11 Oct 2019,17:00,135,113,248,135,113,248,No Group
Manchester City Council - Chorlton,Chorlton Place,2019,October,41,Friday,11 Oct 2019,18:00,135,105,240,135,105,240,No Group
Manchester City Council - Chorlton,Chorlton Place,2019,October,41,Friday,11 Oct 2019,19:00,99,95,194,99,95,194,No Group
Manchester City Council - Chorlton,Chorlton Place,2019,October,41,Friday,11 Oct 2019,20:00,58,62,120,58,62,120,No Group
Manchester City Council - Chorlton,Chorlton Place,2019,October,41,Friday,11 Oct 2019,21:00,73,81,154,73,81,154,No Group
Manchester City Council - Chorlton,Chorlton Place,2019,October,41,Friday,11 Oct 2019,22:00,43,63,106,43,63,106,No Group
Manchester City Council - Chorlton,Chorlton Place,2019,October,41,Friday,11 Oct 2019,23:00,39,42,81,39,42,81,No Group
Manchester City Council - Chorlton,Chorlton Place,2019,October,41,Saturday,12 Oct 2019,00:00,22,52,74,22,52,74,No Group
Manchester City Council - Chorlton,Chorlton Place,2019,October,41,Saturday,12 Oct 2019,01:00,16,1,17,16,1,17,No Group
Manchester City Council - Chorlton,Chorlton Place,2019,October,41,Saturday,12 Oct 2019,02:00,11,2,13,11,2,13,No Group
Manchester City Council - Chorlton,Chorlton Place,2019,October,41,Saturday,12 Oct 2019,03:00,3,1,4,3,1,4,No Group
Manchester City Council - Chorlton,Chorlton Place,2019,October,41,Saturday,12 Oct 2019,04:00,3,9,12,3,9,12,No Group
Manchester City Council - Chorlton,Chorlton Place,2019,October,41,Saturday,12 Oct 2019,05:00,11,11,22,11,11,22,No Group
Manchester City Council - Chorlton,Chorlton Place,2019,October,41,Saturday,12 Oct 2019,06:00,4,6,10,4,6,10,No Group
Manchester City Council - Chorlton,Chorlton Place,2019,October,41,Saturday,12 Oct 2019,07:00,13,27,40,13,27,40,No Group
Manchester City Council - Chorlton,Chorlton Place,2019,October,41,Saturday,12 Oct 2019,08:00,39,66,105,39,66,105,No Group
Manchester City Council - Chorlton,Chorlton Place,2019,October,41,Saturday,12 Oct 2019,09:00,109,129,238,109,129,238,No Group
Manchester City Council - Chorlton,Chorlton Place,2019,October,41,Saturday,12 Oct 2019,10:00,216,375,591,216,375,591,No Group
Manchester City Council - Chorlton,Chorlton Place,2019,October,41,Saturday,12 Oct 2019,11:00,440,654,1094,440,654,1094,No Group
Manchester City Council - Chorlton,Chorlton Place,2019,October,41,Saturday,12 Oct 2019,12:00,513,580,1093,513,580,1093,No Group
Manchester City Council - Chorlton,Chorlton Place,2019,October,41,Saturday,12 Oct 2019,13:00,318,359,677,318,359,677,No Group
Manchester City Council - Chorlton,Chorlton Place,2019,October,41,Saturday,12 Oct 2019,14:00,256,260,516,256,260,516,No Group
Manchester City Council - Chorlton,Chorlton Place,2019,October,41,Saturday,12 Oct 2019,15:00,244,265,509,244,265,509,No Group
Manchester City Council - Chorlton,Chorlton Place,2019,October,41,Saturday,12 Oct 2019,16:00,200,219,419,200,219,419,No Group
Manchester City Council - Chorlton,Chorlton Place,2019,October,41,Saturday,12 Oct 2019,17:00,157,110,267,157,110,267,No Group
Manchester City Council - Chorlton,Chorlton Place,2019,October,41,Saturday,12 Oct 2019,18:00,85,68,153,85,68,153,No Group
Manchester City Council - Chorlton,Chorlton Place,2019,October,41,Saturday,12 Oct 2019,19:00,67,92,159,67,92,159,No Group
Manchester City Council - Chorlton,Chorlton Place,2019,October,41,Saturday,12 Oct 2019,20:00,59,67,126,59,67,126,No Group
Manchester City Council - Chorlton,Chorlton Place,2019,October,41,Saturday,12 Oct 2019,21:00,62,51,113,62,51,113,No Group
Manchester City Council - Chorlton,Chorlton Place,2019,October,41,Saturday,12 Oct 2019,22:00,60,71,131,60,71,131,No Group
Manchester City Council - Chorlton,Chorlton Place,2019,October,41,Saturday,12 Oct 2019,23:00,30,29,59,30,29,59,No Group
Manchester City Council - Chorlton,Chorlton Place,2019,October,41,Sunday,13 Oct 2019,00:00,36,31,67,36,31,67,No Group
Manchester City Council - Chorlton,Chorlton Place,2019,October,41,Sunday,13 Oct 2019,01:00,16,19,35,16,19,35,No Group
Manchester City Council - Chorlton,Chorlton Place,2019,October,41,Sunday,13 Oct 2019,02:00,6,1,7,6,1,7,No Group
Manchester City Council - Chorlton,Chorlton Place,2019,October,41,Sunday,13 Oct 2019,03:00,7,4,11,7,4,11,No Group
Manchester City Council - Chorlton,Chorlton Place,2019,October,41,Sunday,13 Oct 2019,04:00,2,2,4,2,2,4,No Group
Manchester City Council - Chorlton,Chorlton Place,2019,October,41,Sunday,13 Oct 2019,05:00,2,1,3,2,1,3,No Group
Manchester City Council - Chorlton,Chorlton Place,2019,October,41,Sunday,13 Oct 2019,06:00,2,4,6,2,4,6,No Group
Manchester City Council - Chorlton,Chorlton Place,2019,October,41,Sunday,13 Oct 2019,07:00,5,13,18,5,13,18,No Group
Manchester City Council - Chorlton,Chorlton Place,2019,October,41,Sunday,13 Oct 2019,08:00,31,64,95,31,64,95,No Group
Manchester City Council - Chorlton,Chorlton Place,2019,October,41,Sunday,13 Oct 2019,09:00,72,127,199,72,127,199,No Group
Manchester City Council - Chorlton,Chorlton Place,2019,October,41,Sunday,13 Oct 2019,10:00,137,228,365,137,228,365,No Group
Manchester City Council - Chorlton,Chorlton Place,2019,October,41,Sunday,13 Oct 2019,11:00,203,280,483,203,280,483,No Group
Manchester City Council - Chorlton,Chorlton Place,2019,October,41,Sunday,13 Oct 2019,12:00,247,284,531,247,284,531,No Group
Manchester City Council - Chorlton,Chorlton Place,2019,October,41,Sunday,13 Oct 2019,13:00,171,192,363,171,192,363,No Group
Manchester City Council - Chorlton,Chorlton Place,2019,October,41,Sunday,13 Oct 2019,14:00,183,183,366,183,183,366,No Group
Manchester City Council - Chorlton,Chorlton Place,2019,October,41,Sunday,13 Oct 2019,15:00,164,173,337,164,173,337,No Group
Manchester City Council - Chorlton,Chorlton Place,2019,October,41,Sunday,13 Oct 2019,16:00,32,30,62,32,30,62,No Group
Manchester City Council - Chorlton,Chorlton Place,2019,October,41,Sunday,13 Oct 2019,17:00,181,146,327,181,146,327,No Group
Manchester City Council - Chorlton,Chorlton Place,2019,October,41,Sunday,13 Oct 2019,18:00,46,57,103,46,57,103,No Group
Manchester City Council - Chorlton,Chorlton Place,2019,October,41,Sunday,13 Oct 2019,19:00,27,50,77,27,50,77,No Group
Manchester City Council - Chorlton,Chorlton Place,2019,October,41,Sunday,13 Oct 2019,20:00,47,40,87,47,40,87,No Group
Manchester City Council - Chorlton,Chorlton Place,2019,October,41,Sunday,13 Oct 2019,21:00,25,19,44,25,19,44,No Group
Manchester City Council - Chorlton,Chorlton Place,2019,October,41,Sunday,13 Oct 2019,22:00,13,21,34,13,21,34,No Group
Manchester City Council - Chorlton,Chorlton Place,2019,October,41,Sunday,13 Oct 2019,23:00,21,7,28,21,7,28,No Group
Manchester City Council - Chorlton,Chorlton Place,2019,October,42,Monday,14 Oct 2019,00:00,8,4,12,8,4,12,No Group
Manchester City Council - Chorlton,Chorlton Place,2019,October,42,Monday,14 Oct 2019,01:00,2,2,4,2,2,4,No Group
Manchester City Council - Chorlton,Chorlton Place,2019,October,42,Monday,14 Oct 2019,02:00,3,0,3,3,0,3,No Group
Manchester City Council - Chorlton,Chorlton Place,2019,October,42,Monday,14 Oct 2019,03:00,0,0,0,0,0,0,No Group
Manchester City Council - Chorlton,Chorlton Place,2019,October,42,Monday,14 Oct 2019,04:00,1,4,5,1,4,5,No Group
Manchester City Council - Chorlton,Chorlton Place,2019,October,42,Monday,14 Oct 2019,05:00,2,5,7,2,5,7,No Group
Manchester City Council - Chorlton,Chorlton Place,2019,October,42,Monday,14 Oct 2019,06:00,6,23,29,6,23,29,No Group
Manchester City Council - Chorlton,Chorlton Place,2019,October,42,Monday,14 Oct 2019,07:00,21,88,109,21,88,109,No Group
Manchester City Council - Chorlton,Chorlton Place,2019,October,42,Monday,14 Oct 2019,08:00,29,116,145,29,116,145,No Group
Manchester City Council - Chorlton,Chorlton Place,2019,October,42,Monday,14 Oct 2019,09:00,79,130,209,79,130,209,No Group
Manchester City Council - Chorlton,Chorlton Place,2019,October,42,Monday,14 Oct 2019,10:00,129,156,285,129,156,285,No Group
Manchester City Council - Chorlton,Chorlton Place,2019,October,42,Monday,14 Oct 2019,11:00,164,181,345,164,181,345,No Group
Manchester City Council - Chorlton,Chorlton Place,2019,October,42,Monday,14 Oct 2019,12:00,150,172,322,150,172,322,No Group
Manchester City Council - Chorlton,Chorlton Place,2019,October,42,Monday,14 Oct 2019,13:00,136,164,300,136,164,300,No Group
Manchester City Council - Chorlton,Chorlton Place,2019,October,42,Monday,14 Oct 2019,14:00,150,146,296,150,146,296,No Group
Manchester City Council - Chorlton,Chorlton Place,2019,October,42,Monday,14 Oct 2019,15:00,136,142,278,136,142,278,No Group
Manchester City Council - Chorlton,Chorlton Place,2019,October,42,Monday,14 Oct 2019,16:00,150,119,269,150,119,269,No Group
Manchester City Council - Chorlton,Chorlton Place,2019,October,42,Monday,14 Oct 2019,17:00,174,101,275,174,101,275,No Group
Manchester City Council - Chorlton,Chorlton Place,2019,October,42,Monday,14 Oct 2019,18:00,115,69,184,115,69,184,No Group
Manchester City Council - Chorlton,Chorlton Place,2019,October,42,Monday,14 Oct 2019,19:00,59,49,108,59,49,108,No Group
Manchester City Council - Chorlton,Chorlton Place,2019,October,42,Monday,14 Oct 2019,20:00,28,21,49,28,21,49,No Group
Manchester City Council - Chorlton,Chorlton Place,2019,October,42,Monday,14 Oct 2019,21:00,20,23,43,20,23,43,No Group
Manchester City Council - Chorlton,Chorlton Place,2019,October,42,Monday,14 Oct 2019,22:00,11,19,30,11,19,30,No Group
Manchester City Council - Chorlton,Chorlton Place,2019,October,42,Monday,14 Oct 2019,23:00,10,14,24,10,14,24,No Group
Manchester City Council - Chorlton,Chorlton Place,2019,October,42,Tuesday,15 Oct 2019,00:00,3,2,5,3,2,5,No Group
Manchester City Council - Chorlton,Chorlton Place,2019,October,42,Tuesday,15 Oct 2019,01:00,7,6,13,7,6,13,No Group
Manchester City Council - Chorlton,Chorlton Place,2019,October,42,Tuesday,15 Oct 2019,02:00,1,0,1,1,0,1,No Group
Manchester City Council - Chorlton,Chorlton Place,2019,October,42,Tuesday,15 Oct 2019,03:00,1,1,2,1,1,2,No Group
Manchester City Council - Chorlton,Chorlton Place,2019,October,42,Tuesday,15 Oct 2019,04:00,6,10,16,6,10,16,No Group
Manchester City Council - Chorlton,Chorlton Place,2019,October,42,Tuesday,15 Oct 2019,05:00,2,2,4,2,2,4,No Group
Manchester City Council - Chorlton,Chorlton Place,2019,October,42,Tuesday,15 Oct 2019,06:00,1,15,16,1,15,16,No Group
Manchester City Council - Chorlton,Chorlton Place,2019,October,42,Tuesday,15 Oct 2019,07:00,19,89,108,19,89,108,No Group
Manchester City Council - Chorlton,Chorlton Place,2019,October,42,Tuesday,15 Oct 2019,08:00,48,154,202,48,154,202,No Group
Manchester City Council - Chorlton,Chorlton Place,2019,October,42,Tuesday,15 Oct 2019,09:00,81,170,251,81,170,251,No Group
Manchester City Council - Chorlton,Chorlton Place,2019,October,42,Tuesday,15 Oct 2019,10:00,129,129,258,129,129,258,No Group
Manchester City Council - Chorlton,Chorlton Place,2019,October,42,Tuesday,15 Oct 2019,11:00,152,173,325,152,173,325,No Group
Manchester City Council - Chorlton,Chorlton Place,2019,October,42,Tuesday,15 Oct 2019,12:00,165,181,346,165,181,346,No Group
Manchester City Council - Chorlton,Chorlton Place,2019,October,42,Tuesday,15 Oct 2019,13:00,152,162,314,152,162,314,No Group
Manchester City Council - Chorlton,Chorlton Place,2019,October,42,Tuesday,15 Oct 2019,14:00,165,177,342,165,177,342,No Group
Manchester City Council - Chorlton,Chorlton Place,2019,October,42,Tuesday,15 Oct 2019,15:00,137,143,280,137,143,280,No Group
Manchester City Council - Chorlton,Chorlton Place,2019,October,42,Tuesday,15 Oct 2019,16:00,145,148,293,145,148,293,No Group
Manchester City Council - Chorlton,Chorlton Place,2019,October,42,Tuesday,15 Oct 2019,17:00,128,96,224,128,96,224,No Group
Manchester City Council - Chorlton,Chorlton Place,2019,October,42,Tuesday,15 Oct 2019,18:00,116,81,197,116,81,197,No Group
Manchester City Council - Chorlton,Chorlton Place,2019,October,42,Tuesday,15 Oct 2019,19:00,76,64,140,76,64,140,No Group
Manchester City Council - Chorlton,Chorlton Place,2019,October,42,Tuesday,15 Oct 2019,20:00,43,41,84,43,41,84,No Group
Manchester City Council - Chorlton,Chorlton Place,2019,October,42,Tuesday,15 Oct 2019,21:00,31,22,53,31,22,53,No Group
Manchester City Council - Chorlton,Chorlton Place,2019,October,42,Tuesday,15 Oct 2019,22:00,30,19,49,30,19,49,No Group
Manchester City Council - Chorlton,Chorlton Place,2019,October,42,Tuesday,15 Oct 2019,23:00,14,18,32,14,18,32,No Group
Manchester City Council - Chorlton,Chorlton Place,2019,October,42,Wednesday,16 Oct 2019,00:00,5,6,11,5,6,11,No Group
Manchester City Council - Chorlton,Chorlton Place,2019,October,42,Wednesday,16 Oct 2019,01:00,0,0,0,0,0,0,No Group
Manchester City Council - Chorlton,Chorlton Place,2019,October,42,Wednesday,16 Oct 2019,02:00,0,0,0,0,0,0,No Group
Manchester City Council - Chorlton,Chorlton Place,2019,October,42,Wednesday,16 Oct 2019,03:00,2,3,5,2,3,5,No Group
Manchester City Council - Chorlton,Chorlton Place,2019,October,42,Wednesday,16 Oct 2019,04:00,1,2,3,1,2,3,No Group
Manchester City Council - Chorlton,Chorlton Place,2019,October,42,Wednesday,16 Oct 2019,05:00,3,3,6,3,3,6,No Group
Manchester City Council - Chorlton,Chorlton Place,2019,October,42,Wednesday,16 Oct 2019,06:00,13,17,30,13,17,30,No Group
Manchester City Council - Chorlton,Chorlton Place,2019,October,42,Wednesday,16 Oct 2019,07:00,31,93,124,31,93,124,No Group
Manchester City Council - Chorlton,Chorlton Place,2019,October,42,Wednesday,16 Oct 2019,08:00,34,137,171,34,137,171,No Group
Manchester City Council - Chorlton,Chorlton Place,2019,October,42,Wednesday,16 Oct 2019,09:00,103,158,261,103,158,261,No Group
Manchester City Council - Chorlton,Chorlton Place,2019,October,42,Wednesday,16 Oct 2019,10:00,115,152,267,115,152,267,No Group
Manchester City Council - Chorlton,Chorlton Place,2019,October,42,Wednesday,16 Oct 2019,11:00,148,136,284,148,136,284,No Group
Manchester City Council - Chorlton,Chorlton Place,2019,October,42,Wednesday,16 Oct 2019,12:00,305,463,768,305,463,768,No Group
Manchester City Council - Chorlton,Chorlton Place,2019,October,42,Wednesday,16 Oct 2019,13:00,165,198,363,165,198,363,No Group
Manchester City Council - Chorlton,Chorlton Place,2019,October,42,Wednesday,16 Oct 2019,14:00,155,172,327,155,172,327,No Group
Manchester City Council - Chorlton,Chorlton Place,2019,October,42,Wednesday,16 Oct 2019,15:00,215,199,414,215,199,414,No Group
Manchester City Council - Chorlton,Chorlton Place,2019,October,42,Wednesday,16 Oct 2019,16:00,130,144,274,130,144,274,No Group
Manchester City Council - Chorlton,Chorlton Place,2019,October,42,Wednesday,16 Oct 2019,17:00,132,100,232,132,100,232,No Group
Manchester City Council - Chorlton,Chorlton Place,2019,October,42,Wednesday,16 Oct 2019,18:00,102,67,169,102,67,169,No Group
Manchester City Council - Chorlton,Chorlton Place,2019,October,42,Wednesday,16 Oct 2019,19:00,63,62,125,63,62,125,No Group
Manchester City Council - Chorlton,Chorlton Place,2019,October,42,Wednesday,16 Oct 2019,20:00,62,50,112,62,50,112,No Group
Manchester City Council - Chorlton,Chorlton Place,2019,October,42,Wednesday,16 Oct 2019,21:00,46,52,98,46,52,98,No Group
Manchester City Council - Chorlton,Chorlton Place,2019,October,42,Wednesday,16 Oct 2019,22:00,29,30,59,29,30,59,No Group
Manchester City Council - Chorlton,Chorlton Place,2019,October,42,Wednesday,16 Oct 2019,23:00,27,18,45,27,18,45,No Group
Manchester City Council - Chorlton,Chorlton Place,2019,October,42,Thursday,17 Oct 2019,00:00,19,28,47,19,28,47,No Group
Manchester City Council - Chorlton,Chorlton Place,2019,October,42,Thursday,17 Oct 2019,01:00,6,1,7,6,1,7,No Group
Manchester City Council - Chorlton,Chorlton Place,2019,October,42,Thursday,17 Oct 2019,02:00,0,1,1,0,1,1,No Group
Manchester City Council - Chorlton,Chorlton Place,2019,October,42,Thursday,17 Oct 2019,03:00,0,3,3,0,3,3,No Group
Manchester City Council - Chorlton,Chorlton Place,2019,October,42,Thursday,17 Oct 2019,04:00,0,2,2,0,2,2,No Group
Manchester City Council - Chorlton,Chorlton Place,2019,October,42,Thursday,17 Oct 2019,05:00,1,1,2,1,1,2,No Group
Manchester City Council - Chorlton,Chorlton Place,2019,October,42,Thursday,17 Oct 2019,06:00,7,19,26,7,19,26,No Group
Manchester City Council - Chorlton,Chorlton Place,2019,October,42,Thursday,17 Oct 2019,07:00,26,91,117,26,91,117,No Group
Manchester City Council - Chorlton,Chorlton Place,2019,October,42,Thursday,17 Oct 2019,08:00,44,117,161,44,117,161,No Group
Manchester City Council - Chorlton,Chorlton Place,2019,October,42,Thursday,17 Oct 2019,09:00,92,153,245,92,153,245,No Group
Manchester City Council - Chorlton,Chorlton Place,2019,October,42,Thursday,17 Oct 2019,10:00,124,324,448,124,324,448,No Group
Manchester City Council - Chorlton,Chorlton Place,2019,October,42,Thursday,17 Oct 2019,11:00,265,600,865,265,600,865,No Group
Manchester City Council - Chorlton,Chorlton Place,2019,October,42,Thursday,17 Oct 2019,12:00,348,587,935,348,587,935,No Group
Manchester City Council - Chorlton,Chorlton Place,2019,October,42,Thursday,17 Oct 2019,13:00,174,195,369,174,195,369,No Group
Manchester City Council - Chorlton,Chorlton Place,2019,October,42,Thursday,17 Oct 2019,14:00,170,164,334,170,164,334,No Group
Manchester City Council - Chorlton,Chorlton Place,2019,October,42,Thursday,17 Oct 2019,15:00,174,203,377,174,203,377,No Group
Manchester City Council - Chorlton,Chorlton Place,2019,October,42,Thursday,17 Oct 2019,16:00,150,132,282,150,132,282,No Group
Manchester City Council - Chorlton,Chorlton Place,2019,October,42,Thursday,17 Oct 2019,17:00,117,82,199,117,82,199,No Group
Manchester City Council - Chorlton,Chorlton Place,2019,October,42,Thursday,17 Oct 2019,18:00,117,78,195,117,78,195,No Group
Manchester City Council - Chorlton,Chorlton Place,2019,October,42,Thursday,17 Oct 2019,19:00,61,57,118,61,57,118,No Group
Manchester City Council - Chorlton,Chorlton Place,2019,October,42,Thursday,17 Oct 2019,20:00,60,50,110,60,50,110,No Group
Manchester City Council - Chorlton,Chorlton Place,2019,October,42,Thursday,17 Oct 2019,21:00,48,39,87,48,39,87,No Group
Manchester City Council - Chorlton,Chorlton Place,2019,October,42,Thursday,17 Oct 2019,22:00,29,31,60,29,31,60,No Group
Manchester City Council - Chorlton,Chorlton Place,2019,October,42,Thursday,17 Oct 2019,23:00,34,18,52,34,18,52,No Group
Manchester City Council - Chorlton,Chorlton Place,2019,October,42,Friday,18 Oct 2019,00:00,10,12,22,10,12,22,No Group
Manchester City Council - Chorlton,Chorlton Place,2019,October,42,Friday,18 Oct 2019,01:00,13,11,24,13,11,24,No Group
Manchester City Council - Chorlton,Chorlton Place,2019,October,42,Friday,18 Oct 2019,02:00,0,3,3,0,3,3,No Group
Manchester City Council - Chorlton,Chorlton Place,2019,October,42,Friday,18 Oct 2019,03:00,0,1,1,0,1,1,No Group
Manchester City Council - Chorlton,Chorlton Place,2019,October,42,Friday,18 Oct 2019,04:00,0,2,2,0,2,2,No Group
Manchester City Council - Chorlton,Chorlton Place,2019,October,42,Friday,18 Oct 2019,05:00,1,2,3,1,2,3,No Group
Manchester City Council - Chorlton,Chorlton Place,2019,October,42,Friday,18 Oct 2019,06:00,8,28,36,8,28,36,No Group
Manchester City Council - Chorlton,Chorlton Place,2019,October,42,Friday,18 Oct 2019,07:00,23,77,100,23,77,100,No Group
Manchester City Council - Chorlton,Chorlton Place,2019,October,42,Friday,18 Oct 2019,08:00,35,140,175,35,140,175,No Group
Manchester City Council - Chorlton,Chorlton Place,2019,October,42,Friday,18 Oct 2019,09:00,84,146,230,84,146,230,No Group
Manchester City Council - Chorlton,Chorlton Place,2019,October,42,Friday,18 Oct 2019,10:00,180,390,570,180,390,570,No Group
Manchester City Council - Chorlton,Chorlton Place,2019,October,42,Friday,18 Oct 2019,11:00,177,221,398,177,221,398,No Group
Manchester City Council - Chorlton,Chorlton Place,2019,October,42,Friday,18 Oct 2019,12:00,196,237,433,196,237,433,No Group
Manchester City Council - Chorlton,Chorlton Place,2019,October,42,Friday,18 Oct 2019,13:00,169,193,362,169,193,362,No Group
Manchester City Council - Chorlton,Chorlton Place,2019,October,42,Friday,18 Oct 2019,14:00,157,196,353,157,196,353,No Group
Manchester City Council - Chorlton,Chorlton Place,2019,October,42,Friday,18 Oct 2019,15:00,190,193,383,190,193,383,No Group
Manchester City Council - Chorlton,Chorlton Place,2019,October,42,Friday,18 Oct 2019,16:00,145,141,286,145,141,286,No Group
Manchester City Council - Chorlton,Chorlton Place,2019,October,42,Friday,18 Oct 2019,17:00,207,134,341,207,134,341,No Group
Manchester City Council - Chorlton,Chorlton Place,2019,October,42,Friday,18 Oct 2019,18:00,113,78,191,113,78,191,No Group
Manchester City Council - Chorlton,Chorlton Place,2019,October,42,Friday,18 Oct 2019,19:00,70,57,127,70,57,127,No Group
Manchester City Council - Chorlton,Chorlton Place,2019,October,42,Friday,18 Oct 2019,20:00,46,60,106,46,60,106,No Group
Manchester City Council - Chorlton,Chorlton Place,2019,October,42,Friday,18 Oct 2019,21:00,16,28,44,16,28,44,No Group
Manchester City Council - Chorlton,Chorlton Place,2019,October,42,Friday,18 Oct 2019,22:00,17,23,40,17,23,40,No Group
Manchester City Council - Chorlton,Chorlton Place,2019,October,42,Friday,18 Oct 2019,23:00,19,18,37,19,18,37,No Group
Manchester City Council - Chorlton,Chorlton Place,2019,October,42,Saturday,19 Oct 2019,00:00,17,20,37,17,20,37,No Group
Manchester City Council - Chorlton,Chorlton Place,2019,October,42,Saturday,19 Oct 2019,01:00,4,4,8,4,4,8,No Group
Manchester City Council - Chorlton,Chorlton Place,2019,October,42,Saturday,19 Oct 2019,02:00,2,0,2,2,0,2,No Group
Manchester City Council - Chorlton,Chorlton Place,2019,October,42,Saturday,19 Oct 2019,03:00,2,3,5,2,3,5,No Group
Manchester City Council - Chorlton,Chorlton Place,2019,October,42,Saturday,19 Oct 2019,04:00,1,2,3,1,2,3,No Group
Manchester City Council - Chorlton,Chorlton Place,2019,October,42,Saturday,19 Oct 2019,05:00,9,10,19,9,10,19,No Group
Manchester City Council - Chorlton,Chorlton Place,2019,October,42,Saturday,19 Oct 2019,06:00,8,17,25,8,17,25,No Group
Manchester City Council - Chorlton,Chorlton Place,2019,October,42,Saturday,19 Oct 2019,07:00,14,26,40,14,26,40,No Group
Manchester City Council - Chorlton,Chorlton Place,2019,October,42,Saturday,19 Oct 2019,08:00,45,61,106,45,61,106,No Group
Manchester City Council - Chorlton,Chorlton Place,2019,October,42,Saturday,19 Oct 2019,09:00,96,126,222,96,126,222,No Group
Manchester City Council - Chorlton,Chorlton Place,2019,October,42,Saturday,19 Oct 2019,10:00,185,257,442,185,257,442,No Group
Manchester City Council - Chorlton,Chorlton Place,2019,October,42,Saturday,19 Oct 2019,11:00,380,609,989,380,609,989,No Group
Manchester City Council - Chorlton,Chorlton Place,2019,October,42,Saturday,19 Oct 2019,12:00,633,819,1452,633,819,1452,No Group
Manchester City Council - Chorlton,Chorlton Place,2019,October,42,Saturday,19 Oct 2019,13:00,326,328,654,326,328,654,No Group
Manchester City Council - Chorlton,Chorlton Place,2019,October,42,Saturday,19 Oct 2019,14:00,296,322,618,296,322,618,No Group
Manchester City Council - Chorlton,Chorlton Place,2019,October,42,Saturday,19 Oct 2019,15:00,276,246,522,276,246,522,No Group
Manchester City Council - Chorlton,Chorlton Place,2019,October,42,Saturday,19 Oct 2019,16:00,215,203,418,215,203,418,No Group
Manchester City Council - Chorlton,Chorlton Place,2019,October,42,Saturday,19 Oct 2019,17:00,111,117,228,111,117,228,No Group
Manchester City Council - Chorlton,Chorlton Place,2019,October,42,Saturday,19 Oct 2019,18:00,94,87,181,94,87,181,No Group
Manchester City Council - Chorlton,Chorlton Place,2019,October,42,Saturday,19 Oct 2019,19:00,103,108,211,103,108,211,No Group
Manchester City Council - Chorlton,Chorlton Place,2019,October,42,Saturday,19 Oct 2019,20:00,82,77,159,82,77,159,No Group
Manchester City Council - Chorlton,Chorlton Place,2019,October,42,Saturday,19 Oct 2019,21:00,58,85,143,58,85,143,No Group
Manchester City Council - Chorlton,Chorlton Place,2019,October,42,Saturday,19 Oct 2019,22:00,46,55,101,46,55,101,No Group
Manchester City Council - Chorlton,Chorlton Place,2019,October,42,Saturday,19 Oct 2019,23:00,44,70,114,44,70,114,No Group
Manchester City Council - Chorlton,Chorlton Place,2019,October,42,Sunday,20 Oct 2019,00:00,49,67,116,49,67,116,No Group
Manchester City Council - Chorlton,Chorlton Place,2019,October,42,Sunday,20 Oct 2019,01:00,26,23,49,26,23,49,No Group
Manchester City Council - Chorlton,Chorlton Place,2019,October,42,Sunday,20 Oct 2019,02:00,6,3,9,6,3,9,No Group
Manchester City Council - Chorlton,Chorlton Place,2019,October,42,Sunday,20 Oct 2019,03:00,5,5,10,5,5,10,No Group
Manchester City Council - Chorlton,Chorlton Place,2019,October,42,Sunday,20 Oct 2019,04:00,2,7,9,2,7,9,No Group
Manchester City Council - Chorlton,Chorlton Place,2019,October,42,Sunday,20 Oct 2019,05:00,1,0,1,1,0,1,No Group
Manchester City Council - Chorlton,Chorlton Place,2019,October,42,Sunday,20 Oct 2019,06:00,2,2,4,2,2,4,No Group
Manchester City Council - Chorlton,Chorlton Place,2019,October,42,Sunday,20 Oct 2019,07:00,5,15,20,5,15,20,No Group
Manchester City Council - Chorlton,Chorlton Place,2019,October,42,Sunday,20 Oct 2019,08:00,12,17,29,12,17,29,No Group
Manchester City Council - Chorlton,Chorlton Place,2019,October,42,Sunday,20 Oct 2019,09:00,31,48,79,31,48,79,No Group
Manchester City Council - Chorlton,Chorlton Place,2019,October,42,Sunday,20 Oct 2019,10:00,109,229,338,109,229,338,No Group
Manchester City Council - Chorlton,Chorlton Place,2019,October,42,Sunday,20 Oct 2019,11:00,117,214,331,117,214,331,No Group
Manchester City Council - Chorlton,Chorlton Place,2019,October,42,Sunday,20 Oct 2019,12:00,104,151,255,104,151,255,No Group
Manchester City Council - Chorlton,Chorlton Place,2019,October,42,Sunday,20 Oct 2019,13:00,131,158,289,131,158,289,No Group
Manchester City Council - Chorlton,Chorlton Place,2019,October,42,Sunday,20 Oct 2019,14:00,147,136,283,147,136,283,No Group
Manchester City Council - Chorlton,Chorlton Place,2019,October,42,Sunday,20 Oct 2019,15:00,148,135,283,148,135,283,No Group
Manchester City Council - Chorlton,Chorlton Place,2019,October,42,Sunday,20 Oct 2019,16:00,120,95,215,120,95,215,No Group
Manchester City Council - Chorlton,Chorlton Place,2019,October,42,Sunday,20 Oct 2019,17:00,72,69,141,72,69,141,No Group
Manchester City Council - Chorlton,Chorlton Place,2019,October,42,Sunday,20 Oct 2019,18:00,73,108,181,73,108,181,No Group
Manchester City Council - Chorlton,Chorlton Place,2019,October,42,Sunday,20 Oct 2019,19:00,48,76,124,48,76,124,No Group
Manchester City Council - Chorlton,Chorlton Place,2019,October,42,Sunday,20 Oct 2019,20:00,30,35,65,30,35,65,No Group
Manchester City Council - Chorlton,Chorlton Place,2019,October,42,Sunday,20 Oct 2019,21:00,40,32,72,40,32,72,No Group
Manchester City Council - Chorlton,Chorlton Place,2019,October,42,Sunday,20 Oct 2019,22:00,25,13,38,25,13,38,No Group
Manchester City Council - Chorlton,Chorlton Place,2019,October,42,Sunday,20 Oct 2019,23:00,38,42,80,38,42,80,No Group
Manchester City Council - Chorlton,Chorlton Place,2019,October,43,Monday,21 Oct 2019,00:00,11,11,22,11,11,22,No Group
Manchester City Council - Chorlton,Chorlton Place,2019,October,43,Monday,21 Oct 2019,01:00,2,1,3,2,1,3,No Group
Manchester City Council - Chorlton,Chorlton Place,2019,October,43,Monday,21 Oct 2019,02:00,1,1,2,1,1,2,No Group
Manchester City Council - Chorlton,Chorlton Place,2019,October,43,Monday,21 Oct 2019,03:00,2,2,4,2,2,4,No Group
Manchester City Council - Chorlton,Chorlton Place,2019,October,43,Monday,21 Oct 2019,04:00,1,5,6,1,5,6,No Group
Manchester City Council - Chorlton,Chorlton Place,2019,October,43,Monday,21 Oct 2019,05:00,0,5,5,0,5,5,No Group
Manchester City Council - Chorlton,Chorlton Place,2019,October,43,Monday,21 Oct 2019,06:00,5,20,25,5,20,25,No Group
Manchester City Council - Chorlton,Chorlton Place,2019,October,43,Monday,21 Oct 2019,07:00,24,77,101,24,77,101,No Group
Manchester City Council - Chorlton,Chorlton Place,2019,October,43,Monday,21 Oct 2019,08:00,32,131,163,32,131,163,No Group
Manchester City Council - Chorlton,Chorlton Place,2019,October,43,Monday,21 Oct 2019,09:00,70,130,200,70,130,200,No Group
Manchester City Council - Chorlton,Chorlton Place,2019,October,43,Monday,21 Oct 2019,10:00,91,119,210,91,119,210,No Group
Manchester City Council - Chorlton,Chorlton Place,2019,October,43,Monday,21 Oct 2019,11:00,128,149,277,128,149,277,No Group
Manchester City Council - Chorlton,Chorlton Place,2019,October,43,Monday,21 Oct 2019,12:00,181,196,377,181,196,377,No Group
Manchester City Council - Chorlton,Chorlton Place,2019,October,43,Monday,21 Oct 2019,13:00,150,165,315,150,165,315,No Group
Manchester City Council - Chorlton,Chorlton Place,2019,October,43,Monday,21 Oct 2019,14:00,147,150,297,147,150,297,No Group
Manchester City Council - Chorlton,Chorlton Place,2019,October,43,Monday,21 Oct 2019,15:00,169,162,331,169,162,331,No Group
Manchester City Council - Chorlton,Chorlton Place,2019,October,43,Monday,21 Oct 2019,16:00,128,118,246,128,118,246,No Group
Manchester City Council - Chorlton,Chorlton Place,2019,October,43,Monday,21 Oct 2019,17:00,128,89,217,128,89,217,No Group
Manchester City Council - Chorlton,Chorlton Place,2019,October,43,Monday,21 Oct 2019,18:00,108,69,177,108,69,177,No Group
Manchester City Council - Chorlton,Chorlton Place,2019,October,43,Monday,21 Oct 2019,19:00,59,55,114,59,55,114,No Group
Manchester City Council - Chorlton,Chorlton Place,2019,October,43,Monday,21 Oct 2019,20:00,57,39,96,57,39,96,No Group
Manchester City Council - Chorlton,Chorlton Place,2019,October,43,Monday,21 Oct 2019,21:00,29,34,63,29,34,63,No Group
Manchester City Council - Chorlton,Chorlton Place,2019,October,43,Monday,21 Oct 2019,22:00,22,31,53,22,31,53,No Group
Manchester City Council - Chorlton,Chorlton Place,2019,October,43,Monday,21 Oct 2019,23:00,13,25,38,13,25,38,No Group
Manchester City Council - Chorlton,Chorlton Place,2019,October,43,Tuesday,22 Oct 2019,00:00,5,1,6,5,1,6,No Group
Manchester City Council - Chorlton,Chorlton Place,2019,October,43,Tuesday,22 Oct 2019,01:00,11,5,16,11,5,16,No Group
Manchester City Council - Chorlton,Chorlton Place,2019,October,43,Tuesday,22 Oct 2019,02:00,0,0,0,0,0,0,No Group
Manchester City Council - Chorlton,Chorlton Place,2019,October,43,Tuesday,22 Oct 2019,03:00,0,6,6,0,6,6,No Group
Manchester City Council - Chorlton,Chorlton Place,2019,October,43,Tuesday,22 Oct 2019,04:00,0,2,2,0,2,2,No Group
Manchester City Council - Chorlton,Chorlton Place,2019,October,43,Tuesday,22 Oct 2019,05:00,0,2,2,0,2,2,No Group
Manchester City Council - Chorlton,Chorlton Place,2019,October,43,Tuesday,22 Oct 2019,06:00,14,28,42,14,28,42,No Group
Manchester City Council - Chorlton,Chorlton Place,2019,October,43,Tuesday,22 Oct 2019,07:00,17,97,114,17,97,114,No Group
Manchester City Council - Chorlton,Chorlton Place,2019,October,43,Tuesday,22 Oct 2019,08:00,34,116,150,34,116,150,No Group
Manchester City Council - Chorlton,Chorlton Place,2019,October,43,Tuesday,22 Oct 2019,09:00,73,132,205,73,132,205,No Group
Manchester City Council - Chorlton,Chorlton Place,2019,October,43,Tuesday,22 Oct 2019,10:00,112,146,258,112,146,258,No Group
Manchester City Council - Chorlton,Chorlton Place,2019,October,43,Tuesday,22 Oct 2019,11:00,129,168,297,129,168,297,No Group
Manchester City Council - Chorlton,Chorlton Place,2019,October,43,Tuesday,22 Oct 2019,12:00,178,175,353,178,175,353,No Group
Manchester City Council - Chorlton,Chorlton Place,2019,October,43,Tuesday,22 Oct 2019,13:00,140,169,309,140,169,309,No Group
Manchester City Council - Chorlton,Chorlton Place,2019,October,43,Tuesday,22 Oct 2019,14:00,170,170,340,170,170,340,No Group
Manchester City Council - Chorlton,Chorlton Place,2019,October,43,Tuesday,22 Oct 2019,15:00,161,149,310,161,149,310,No Group
Manchester City Council - Chorlton,Chorlton Place,2019,October,43,Tuesday,22 Oct 2019,16:00,142,121,263,142,121,263,No Group
Manchester City Council - Chorlton,Chorlton Place,2019,October,43,Tuesday,22 Oct 2019,17:00,122,99,221,122,99,221,No Group
Manchester City Council - Chorlton,Chorlton Place,2019,October,43,Tuesday,22 Oct 2019,18:00,123,86,209,123,86,209,No Group
Manchester City Council - Chorlton,Chorlton Place,2019,October,43,Tuesday,22 Oct 2019,19:00,58,44,102,58,44,102,No Group
Manchester City Council - Chorlton,Chorlton Place,2019,October,43,Tuesday,22 Oct 2019,20:00,49,39,88,49,39,88,No Group
Manchester City Council - Chorlton,Chorlton Place,2019,October,43,Tuesday,22 Oct 2019,21:00,21,29,50,21,29,50,No Group
Manchester City Council - Chorlton,Chorlton Place,2019,October,43,Tuesday,22 Oct 2019,22:00,19,10,29,19,10,29,No Group
Manchester City Council - Chorlton,Chorlton Place,2019,October,43,Tuesday,22 Oct 2019,23:00,17,11,28,17,11,28,No Group
Manchester City Council - Chorlton,Chorlton Place,2019,October,43,Wednesday,23 Oct 2019,00:00,13,6,19,13,6,19,No Group
Manchester City Council - Chorlton,Chorlton Place,2019,October,43,Wednesday,23 Oct 2019,01:00,0,1,1,0,1,1,No Group
Manchester City Council - Chorlton,Chorlton Place,2019,October,43,Wednesday,23 Oct 2019,02:00,1,1,2,1,1,2,No Group
Manchester City Council - Chorlton,Chorlton Place,2019,October,43,Wednesday,23 Oct 2019,03:00,0,2,2,0,2,2,No Group
Manchester City Council - Chorlton,Chorlton Place,2019,October,43,Wednesday,23 Oct 2019,04:00,0,5,5,0,5,5,No Group
Manchester City Council - Chorlton,Chorlton Place,2019,October,43,Wednesday,23 Oct 2019,05:00,0,3,3,0,3,3,No Group
Manchester City Council - Chorlton,Chorlton Place,2019,October,43,Wednesday,23 Oct 2019,06:00,5,27,32,5,27,32,No Group
Manchester City Council - Chorlton,Chorlton Place,2019,October,43,Wednesday,23 Oct 2019,07:00,37,98,135,37,98,135,No Group
Manchester City Council - Chorlton,Chorlton Place,2019,October,43,Wednesday,23 Oct 2019,08:00,57,157,214,57,157,214,No Group
Manchester City Council - Chorlton,Chorlton Place,2019,October,43,Wednesday,23 Oct 2019,09:00,74,130,204,74,130,204,No Group
Manchester City Council - Chorlton,Chorlton Place,2019,October,43,Wednesday,23 Oct 2019,10:00,200,461,661,200,461,661,No Group
Manchester City Council - Chorlton,Chorlton Place,2019,October,43,Wednesday,23 Oct 2019,11:00,353,656,1009,353,656,1009,No Group
Manchester City Council - Chorlton,Chorlton Place,2019,October,43,Wednesday,23 Oct 2019,12:00,272,531,803,272,531,803,No Group
Manchester City Council - Chorlton,Chorlton Place,2019,October,43,Wednesday,23 Oct 2019,13:00,172,166,338,172,166,338,No Group
Manchester City Council - Chorlton,Chorlton Place,2019,October,43,Wednesday,23 Oct 2019,14:00,155,156,311,155,156,311,No Group
Manchester City Council - Chorlton,Chorlton Place,2019,October,43,Wednesday,23 Oct 2019,15:00,154,151,305,154,151,305,No Group
Manchester City Council - Chorlton,Chorlton Place,2019,October,43,Wednesday,23 Oct 2019,16:00,137,111,248,137,111,248,No Group
Manchester City Council - Chorlton,Chorlton Place,2019,October,43,Wednesday,23 Oct 2019,17:00,101,112,213,101,112,213,No Group
Manchester City Council - Chorlton,Chorlton Place,2019,October,43,Wednesday,23 Oct 2019,18:00,106,79,185,106,79,185,No Group
Manchester City Council - Chorlton,Chorlton Place,2019,October,43,Wednesday,23 Oct 2019,19:00,80,50,130,80,50,130,No Group
Manchester City Council - Chorlton,Chorlton Place,2019,October,43,Wednesday,23 Oct 2019,20:00,52,49,101,52,49,101,No Group
Manchester City Council - Chorlton,Chorlton Place,2019,October,43,Wednesday,23 Oct 2019,21:00,35,19,54,35,19,54,No Group
Manchester City Council - Chorlton,Chorlton Place,2019,October,43,Wednesday,23 Oct 2019,22:00,21,20,41,21,20,41,No Group
Manchester City Council - Chorlton,Chorlton Place,2019,October,43,Wednesday,23 Oct 2019,23:00,19,8,27,19,8,27,No Group
Manchester City Council - Chorlton,Chorlton Place,2019,October,43,Thursday,24 Oct 2019,00:00,10,1,11,10,1,11,No Group
Manchester City Council - Chorlton,Chorlton Place,2019,October,43,Thursday,24 Oct 2019,01:00,1,2,3,1,2,3,No Group
Manchester City Council - Chorlton,Chorlton Place,2019,October,43,Thursday,24 Oct 2019,02:00,0,2,2,0,2,2,No Group
Manchester City Council - Chorlton,Chorlton Place,2019,October,43,Thursday,24 Oct 2019,03:00,1,3,4,1,3,4,No Group
Manchester City Council - Chorlton,Chorlton Place,2019,October,43,Thursday,24 Oct 2019,04:00,1,1,2,1,1,2,No Group
Manchester City Council - Chorlton,Chorlton Place,2019,October,43,Thursday,24 Oct 2019,05:00,2,1,3,2,1,3,No Group
Manchester City Council - Chorlton,Chorlton Place,2019,October,43,Thursday,24 Oct 2019,06:00,7,28,35,7,28,35,No Group
Manchester City Council - Chorlton,Chorlton Place,2019,October,43,Thursday,24 Oct 2019,07:00,38,116,154,38,116,154,No Group
Manchester City Council - Chorlton,Chorlton Place,2019,October,43,Thursday,24 Oct 2019,08:00,47,122,169,47,122,169,No Group
Manchester City Council - Chorlton,Chorlton Place,2019,October,43,Thursday,24 Oct 2019,09:00,90,133,223,90,133,223,No Group
Manchester City Council - Chorlton,Chorlton Place,2019,October,43,Thursday,24 Oct 2019,10:00,94,112,206,94,112,206,No Group
Manchester City Council - Chorlton,Chorlton Place,2019,October,43,Thursday,24 Oct 2019,11:00,149,171,320,149,171,320,No Group
Manchester City Council - Chorlton,Chorlton Place,2019,October,43,Thursday,24 Oct 2019,12:00,311,499,810,311,499,810,No Group
Manchester City Council - Chorlton,Chorlton Place,2019,October,43,Thursday,24 Oct 2019,13:00,148,201,349,148,201,349,No Group
Manchester City Council - Chorlton,Chorlton Place,2019,October,43,Thursday,24 Oct 2019,14:00,152,148,300,152,148,300,No Group
Manchester City Council - Chorlton,Chorlton Place,2019,October,43,Thursday,24 Oct 2019,15:00,176,185,361,176,185,361,No Group
Manchester City Council - Chorlton,Chorlton Place,2019,October,43,Thursday,24 Oct 2019,16:00,181,153,334,181,153,334,No Group
Manchester City Council - Chorlton,Chorlton Place,2019,October,43,Thursday,24 Oct 2019,17:00,146,94,240,146,94,240,No Group
Manchester City Council - Chorlton,Chorlton Place,2019,October,43,Thursday,24 Oct 2019,18:00,92,70,162,92,70,162,No Group
Manchester City Council - Chorlton,Chorlton Place,2019,October,43,Thursday,24 Oct 2019,19:00,59,59,118,59,59,118,No Group
Manchester City Council - Chorlton,Chorlton Place,2019,October,43,Thursday,24 Oct 2019,20:00,32,33,65,32,33,65,No Group
Manchester City Council - Chorlton,Chorlton Place,2019,October,43,Thursday,24 Oct 2019,21:00,22,30,52,22,30,52,No Group
Manchester City Council - Chorlton,Chorlton Place,2019,October,43,Thursday,24 Oct 2019,22:00,27,33,60,27,33,60,No Group
Manchester City Council - Chorlton,Chorlton Place,2019,October,43,Thursday,24 Oct 2019,23:00,17,15,32,17,15,32,No Group
Manchester City Council - Chorlton,Chorlton Place,2019,October,43,Friday,25 Oct 2019,00:00,5,1,6,5,1,6,No Group
Manchester City Council - Chorlton,Chorlton Place,2019,October,43,Friday,25 Oct 2019,01:00,2,1,3,2,1,3,No Group
Manchester City Council - Chorlton,Chorlton Place,2019,October,43,Friday,25 Oct 2019,02:00,0,2,2,0,2,2,No Group
Manchester City Council - Chorlton,Chorlton Place,2019,October,43,Friday,25 Oct 2019,03:00,0,2,2,0,2,2,No Group
Manchester City Council - Chorlton,Chorlton Place,2019,October,43,Friday,25 Oct 2019,04:00,0,1,1,0,1,1,No Group
Manchester City Council - Chorlton,Chorlton Place,2019,October,43,Friday,25 Oct 2019,05:00,2,3,5,2,3,5,No Group
Manchester City Council - Chorlton,Chorlton Place,2019,October,43,Friday,25 Oct 2019,06:00,5,29,34,5,29,34,No Group
Manchester City Council - Chorlton,Chorlton Place,2019,October,43,Friday,25 Oct 2019,07:00,30,80,110,30,80,110,No Group
Manchester City Council - Chorlton,Chorlton Place,2019,October,43,Friday,25 Oct 2019,08:00,49,135,184,49,135,184,No Group
Manchester City Council - Chorlton,Chorlton Place,2019,October,43,Friday,25 Oct 2019,09:00,91,149,240,91,149,240,No Group
Manchester City Council - Chorlton,Chorlton Place,2019,October,43,Friday,25 Oct 2019,10:00,127,170,297,127,170,297,No Group
Manchester City Council - Chorlton,Chorlton Place,2019,October,43,Friday,25 Oct 2019,11:00,188,210,398,188,210,398,No Group
Manchester City Council - Chorlton,Chorlton Place,2019,October,43,Friday,25 Oct 2019,12:00,239,267,506,239,267,506,No Group
Manchester City Council - Chorlton,Chorlton Place,2019,October,43,Friday,25 Oct 2019,13:00,202,200,402,202,200,402,No Group
Manchester City Council - Chorlton,Chorlton Place,2019,October,43,Friday,25 Oct 2019,14:00,129,177,306,129,177,306,No Group
Manchester City Council - Chorlton,Chorlton Place,2019,October,43,Friday,25 Oct 2019,15:00,188,149,337,188,149,337,No Group
Manchester City Council - Chorlton,Chorlton Place,2019,October,43,Friday,25 Oct 2019,16:00,172,131,303,172,131,303,No Group
Manchester City Council - Chorlton,Chorlton Place,2019,October,43,Friday,25 Oct 2019,17:00,110,85,195,110,85,195,No Group
Manchester City Council - Chorlton,Chorlton Place,2019,October,43,Friday,25 Oct 2019,18:00,54,68,122,54,68,122,No Group
Manchester City Council - Chorlton,Chorlton Place,2019,October,43,Friday,25 Oct 2019,19:00,53,69,122,53,69,122,No Group
Manchester City Council - Chorlton,Chorlton Place,2019,October,43,Friday,25 Oct 2019,20:00,29,45,74,29,45,74,No Group
Manchester City Council - Chorlton,Chorlton Place,2019,October,43,Friday,25 Oct 2019,21:00,31,42,73,31,42,73,No Group
Manchester City Council - Chorlton,Chorlton Place,2019,October,43,Friday,25 Oct 2019,22:00,28,30,58,28,30,58,No Group
Manchester City Council - Chorlton,Chorlton Place,2019,October,43,Friday,25 Oct 2019,23:00,34,29,63,34,29,63,No Group
Manchester City Council - Chorlton,Chorlton Place,2019,October,43,Saturday,26 Oct 2019,00:00,27,27,54,27,27,54,No Group
Manchester City Council - Chorlton,Chorlton Place,2019,October,43,Saturday,26 Oct 2019,01:00,21,16,37,21,16,37,No Group
Manchester City Council - Chorlton,Chorlton Place,2019,October,43,Saturday,26 Oct 2019,02:00,7,3,10,7,3,10,No Group
Manchester City Council - Chorlton,Chorlton Place,2019,October,43,Saturday,26 Oct 2019,03:00,0,2,2,0,2,2,No Group
Manchester City Council - Chorlton,Chorlton Place,2019,October,43,Saturday,26 Oct 2019,04:00,2,2,4,2,2,4,No Group
Manchester City Council - Chorlton,Chorlton Place,2019,October,43,Saturday,26 Oct 2019,05:00,7,9,16,7,9,16,No Group
Manchester City Council - Chorlton,Chorlton Place,2019,October,43,Saturday,26 Oct 2019,06:00,0,0,0,0,0,0,No Group
Manchester City Council - Chorlton,Chorlton Place,2019,October,43,Saturday,26 Oct 2019,07:00,8,11,19,8,11,19,No Group
Manchester City Council - Chorlton,Chorlton Place,2019,October,43,Saturday,26 Oct 2019,08:00,34,67,101,34,67,101,No Group
Manchester City Council - Chorlton,Chorlton Place,2019,October,43,Saturday,26 Oct 2019,09:00,107,144,251,107,144,251,No Group
Manchester City Council - Chorlton,Chorlton Place,2019,October,43,Saturday,26 Oct 2019,10:00,182,211,393,182,211,393,No Group
Manchester City Council - Chorlton,Chorlton Place,2019,October,43,Saturday,26 Oct 2019,11:00,194,244,438,194,244,438,No Group
Manchester City Council - Chorlton,Chorlton Place,2019,October,43,Saturday,26 Oct 2019,12:00,292,286,578,292,286,578,No Group
Manchester City Council - Chorlton,Chorlton Place,2019,October,43,Saturday,26 Oct 2019,13:00,305,307,612,305,307,612,No Group
Manchester City Council - Chorlton,Chorlton Place,2019,October,43,Saturday,26 Oct 2019,14:00,257,255,512,257,255,512,No Group
Manchester City Council - Chorlton,Chorlton Place,2019,October,43,Saturday,26 Oct 2019,15:00,320,248,568,320,248,568,No Group
Manchester City Council - Chorlton,Chorlton Place,2019,October,43,Saturday,26 Oct 2019,16:00,201,209,410,201,209,410,No Group
Manchester City Council - Chorlton,Chorlton Place,2019,October,43,Saturday,26 Oct 2019,17:00,100,99,199,100,99,199,No Group
Manchester City Council - Chorlton,Chorlton Place,2019,October,43,Saturday,26 Oct 2019,18:00,67,77,144,67,77,144,No Group
Manchester City Council - Chorlton,Chorlton Place,2019,October,43,Saturday,26 Oct 2019,19:00,66,53,119,66,53,119,No Group
Manchester City Council - Chorlton,Chorlton Place,2019,October,43,Saturday,26 Oct 2019,20:00,69,71,140,69,71,140,No Group
Manchester City Council - Chorlton,Chorlton Place,2019,October,43,Saturday,26 Oct 2019,21:00,40,46,86,40,46,86,No Group
Manchester City Council - Chorlton,Chorlton Place,2019,October,43,Saturday,26 Oct 2019,22:00,42,62,104,42,62,104,No Group
Manchester City Council - Chorlton,Chorlton Place,2019,October,43,Saturday,26 Oct 2019,23:00,29,38,67,29,38,67,No Group
Manchester City Council - Chorlton,Chorlton Place,2019,October,43,Sunday,27 Oct 2019,00:00,38,59,97,38,59,97,No Group
Manchester City Council - Chorlton,Chorlton Place,2019,October,43,Sunday,27 Oct 2019,01:00,9,4,13,9,4,13,No Group
Manchester City Council - Chorlton,Chorlton Place,2019,October,43,Sunday,27 Oct 2019,02:00,1,1,2,1,1,2,No Group
Manchester City Council - Chorlton,Chorlton Place,2019,October,43,Sunday,27 Oct 2019,03:00,3,0,3,3,0,3,No Group
Manchester City Council - Chorlton,Chorlton Place,2019,October,43,Sunday,27 Oct 2019,04:00,0,0,0,0,0,0,No Group
Manchester City Council - Chorlton,Chorlton Place,2019,October,43,Sunday,27 Oct 2019,05:00,0,2,2,0,2,2,No Group
Manchester City Council - Chorlton,Chorlton Place,2019,October,43,Sunday,27 Oct 2019,06:00,1,5,6,1,5,6,No Group
Manchester City Council - Chorlton,Chorlton Place,2019,October,43,Sunday,27 Oct 2019,07:00,10,17,27,10,17,27,No Group
Manchester City Council - Chorlton,Chorlton Place,2019,October,43,Sunday,27 Oct 2019,08:00,24,38,62,24,38,62,No Group
Manchester City Council - Chorlton,Chorlton Place,2019,October,43,Sunday,27 Oct 2019,09:00,87,237,324,87,237,324,No Group
Manchester City Council - Chorlton,Chorlton Place,2019,October,43,Sunday,27 Oct 2019,10:00,116,398,514,116,398,514,No Group
Manchester City Council - Chorlton,Chorlton Place,2019,October,43,Sunday,27 Oct 2019,11:00,292,540,832,292,540,832,No Group
Manchester City Council - Chorlton,Chorlton Place,2019,October,43,Sunday,27 Oct 2019,12:00,182,168,350,182,168,350,No Group
Manchester City Council - Chorlton,Chorlton Place,2019,October,43,Sunday,27 Oct 2019,13:00,149,151,300,149,151,300,No Group
Manchester City Council - Chorlton,Chorlton Place,2019,October,43,Sunday,27 Oct 2019,14:00,146,178,324,146,178,324,No Group
Manchester City Council - Chorlton,Chorlton Place,2019,October,43,Sunday,27 Oct 2019,15:00,139,157,296,139,157,296,No Group
Manchester City Council - Chorlton,Chorlton Place,2019,October,43,Sunday,27 Oct 2019,16:00,69,84,153,69,84,153,No Group
Manchester City Council - Chorlton,Chorlton Place,2019,October,43,Sunday,27 Oct 2019,17:00,51,59,110,51,59,110,No Group
Manchester City Council - Chorlton,Chorlton Place,2019,October,43,Sunday,27 Oct 2019,18:00,50,56,106,50,56,106,No Group
Manchester City Council - Chorlton,Chorlton Place,2019,October,43,Sunday,27 Oct 2019,19:00,89,78,167,89,78,167,No Group
Manchester City Council - Chorlton,Chorlton Place,2019,October,43,Sunday,27 Oct 2019,20:00,33,33,66,33,33,66,No Group
Manchester City Council - Chorlton,Chorlton Place,2019,October,43,Sunday,27 Oct 2019,21:00,25,27,52,25,27,52,No Group
Manchester City Council - Chorlton,Chorlton Place,2019,October,43,Sunday,27 Oct 2019,22:00,11,10,21,11,10,21,No Group
Manchester City Council - Chorlton,Chorlton Place,2019,October,43,Sunday,27 Oct 2019,23:00,16,13,29,16,13,29,No Group
Manchester City Council - Chorlton,Chorlton Place,2019,November,44,Monday,28 Oct 2019,00:00,7,6,13,7,6,13,No Group
Manchester City Council - Chorlton,Chorlton Place,2019,November,44,Monday,28 Oct 2019,01:00,3,1,4,3,1,4,No Group
Manchester City Council - Chorlton,Chorlton Place,2019,November,44,Monday,28 Oct 2019,02:00,3,2,5,3,2,5,No Group
Manchester City Council - Chorlton,Chorlton Place,2019,November,44,Monday,28 Oct 2019,03:00,2,6,8,2,6,8,No Group
Manchester City Council - Chorlton,Chorlton Place,2019,November,44,Monday,28 Oct 2019,04:00,2,2,4,2,2,4,No Group
Manchester City Council - Chorlton,Chorlton Place,2019,November,44,Monday,28 Oct 2019,05:00,3,6,9,3,6,9,No Group
Manchester City Council - Chorlton,Chorlton Place,2019,November,44,Monday,28 Oct 2019,06:00,18,33,51,18,33,51,No Group
Manchester City Council - Chorlton,Chorlton Place,2019,November,44,Monday,28 Oct 2019,07:00,41,95,136,41,95,136,No Group
Manchester City Council - Chorlton,Chorlton Place,2019,November,44,Monday,28 Oct 2019,08:00,38,120,158,38,120,158,No Group
Manchester City Council - Chorlton,Chorlton Place,2019,November,44,Monday,28 Oct 2019,09:00,111,482,593,111,482,593,No Group
Manchester City Council - Chorlton,Chorlton Place,2019,November,44,Monday,28 Oct 2019,10:00,248,588,836,248,588,836,No Group
Manchester City Council - Chorlton,Chorlton Place,2019,November,44,Monday,28 Oct 2019,11:00,344,715,1059,344,715,1059,No Group
Manchester City Council - Chorlton,Chorlton Place,2019,November,44,Monday,28 Oct 2019,12:00,164,244,408,164,244,408,No Group
Manchester City Council - Chorlton,Chorlton Place,2019,November,44,Monday,28 Oct 2019,13:00,151,173,324,151,173,324,No Group
Manchester City Council - Chorlton,Chorlton Place,2019,November,44,Monday,28 Oct 2019,14:00,157,177,334,157,177,334,No Group
Manchester City Council - Chorlton,Chorlton Place,2019,November,44,Monday,28 Oct 2019,15:00,214,216,430,214,216,430,No Group
Manchester City Council - Chorlton,Chorlton Place,2019,November,44,Monday,28 Oct 2019,16:00,139,111,250,139,111,250,No Group
Manchester City Council - Chorlton,Chorlton Place,2019,November,44,Monday,28 Oct 2019,17:00,125,90,215,125,90,215,No Group
Manchester City Council - Chorlton,Chorlton Place,2019,November,44,Monday,28 Oct 2019,18:00,107,73,180,107,73,180,No Group
Manchester City Council - Chorlton,Chorlton Place,2019,November,44,Monday,28 Oct 2019,19:00,62,51,113,62,51,113,No Group
Manchester City Council - Chorlton,Chorlton Place,2019,November,44,Monday,28 Oct 2019,20:00,31,39,70,31,39,70,No Group
Manchester City Council - Chorlton,Chorlton Place,2019,November,44,Monday,28 Oct 2019,21:00,42,30,72,42,30,72,No Group
Manchester City Council - Chorlton,Chorlton Place,2019,November,44,Monday,28 Oct 2019,22:00,33,22,55,33,22,55,No Group
Manchester City Council - Chorlton,Chorlton Place,2019,November,44,Monday,28 Oct 2019,23:00,20,20,40,20,20,40,No Group
Manchester City Council - Chorlton,Chorlton Place,2019,November,44,Tuesday,29 Oct 2019,00:00,4,2,6,4,2,6,No Group
Manchester City Council - Chorlton,Chorlton Place,2019,November,44,Tuesday,29 Oct 2019,01:00,5,9,14,5,9,14,No Group
Manchester City Council - Chorlton,Chorlton Place,2019,November,44,Tuesday,29 Oct 2019,02:00,0,1,1,0,1,1,No Group
Manchester City Council - Chorlton,Chorlton Place,2019,November,44,Tuesday,29 Oct 2019,03:00,0,1,1,0,1,1,No Group
Manchester City Council - Chorlton,Chorlton Place,2019,November,44,Tuesday,29 Oct 2019,04:00,1,2,3,1,2,3,No Group
Manchester City Council - Chorlton,Chorlton Place,2019,November,44,Tuesday,29 Oct 2019,05:00,1,4,5,1,4,5,No Group
Manchester City Council - Chorlton,Chorlton Place,2019,November,44,Tuesday,29 Oct 2019,06:00,9,26,35,9,26,35,No Group
Manchester City Council - Chorlton,Chorlton Place,2019,November,44,Tuesday,29 Oct 2019,07:00,28,92,120,28,92,120,No Group
Manchester City Council - Chorlton,Chorlton Place,2019,November,44,Tuesday,29 Oct 2019,08:00,30,121,151,30,121,151,No Group
Manchester City Council - Chorlton,Chorlton Place,2019,November,44,Tuesday,29 Oct 2019,09:00,119,396,515,119,396,515,No Group
Manchester City Council - Chorlton,Chorlton Place,2019,November,44,Tuesday,29 Oct 2019,10:00,292,779,1071,292,779,1071,No Group
Manchester City Council - Chorlton,Chorlton Place,2019,November,44,Tuesday,29 Oct 2019,11:00,455,798,1253,455,798,1253,No Group
Manchester City Council - Chorlton,Chorlton Place,2019,November,44,Tuesday,29 Oct 2019,12:00,179,210,389,179,210,389,No Group
Manchester City Council - Chorlton,Chorlton Place,2019,November,44,Tuesday,29 Oct 2019,13:00,154,200,354,154,200,354,No Group
Manchester City Council - Chorlton,Chorlton Place,2019,November,44,Tuesday,29 Oct 2019,14:00,176,166,342,176,166,342,No Group
Manchester City Council - Chorlton,Chorlton Place,2019,November,44,Tuesday,29 Oct 2019,15:00,147,150,297,147,150,297,No Group
Manchester City Council - Chorlton,Chorlton Place,2019,November,44,Tuesday,29 Oct 2019,16:00,131,127,258,131,127,258,No Group
Manchester City Council - Chorlton,Chorlton Place,2019,November,44,Tuesday,29 Oct 2019,17:00,127,99,226,127,99,226,No Group
Manchester City Council - Chorlton,Chorlton Place,2019,November,44,Tuesday,29 Oct 2019,18:00,111,82,193,111,82,193,No Group
Manchester City Council - Chorlton,Chorlton Place,2019,November,44,Tuesday,29 Oct 2019,19:00,41,24,65,41,24,65,No Group
Manchester City Council - Chorlton,Chorlton Place,2019,November,44,Tuesday,29 Oct 2019,20:00,34,33,67,34,33,67,No Group
Manchester City Council - Chorlton,Chorlton Place,2019,November,44,Tuesday,29 Oct 2019,21:00,24,24,48,24,24,48,No Group
Manchester City Council - Chorlton,Chorlton Place,2019,November,44,Tuesday,29 Oct 2019,22:00,30,14,44,30,14,44,No Group
Manchester City Council - Chorlton,Chorlton Place,2019,November,44,Tuesday,29 Oct 2019,23:00,17,8,25,17,8,25,No Group
Manchester City Council - Chorlton,Chorlton Place,2019,November,44,Wednesday,30 Oct 2019,00:00,3,1,4,3,1,4,No Group
Manchester City Council - Chorlton,Chorlton Place,2019,November,44,Wednesday,30 Oct 2019,01:00,1,0,1,1,0,1,No Group
Manchester City Council - Chorlton,Chorlton Place,2019,November,44,Wednesday,30 Oct 2019,02:00,0,1,1,0,1,1,No Group
Manchester City Council - Chorlton,Chorlton Place,2019,November,44,Wednesday,30 Oct 2019,03:00,0,3,3,0,3,3,No Group
Manchester City Council - Chorlton,Chorlton Place,2019,November,44,Wednesday,30 Oct 2019,04:00,1,7,8,1,7,8,No Group
Manchester City Council - Chorlton,Chorlton Place,2019,November,44,Wednesday,30 Oct 2019,05:00,3,7,10,3,7,10,No Group
Manchester City Council - Chorlton,Chorlton Place,2019,November,44,Wednesday,30 Oct 2019,06:00,6,24,30,6,24,30,No Group
Manchester City Council - Chorlton,Chorlton Place,2019,November,44,Wednesday,30 Oct 2019,07:00,29,90,119,29,90,119,No Group
Manchester City Council - Chorlton,Chorlton Place,2019,November,44,Wednesday,30 Oct 2019,08:00,30,115,145,30,115,145,No Group
Manchester City Council - Chorlton,Chorlton Place,2019,November,44,Wednesday,30 Oct 2019,09:00,104,374,478,104,374,478,No Group
Manchester City Council - Chorlton,Chorlton Place,2019,November,44,Wednesday,30 Oct 2019,10:00,328,730,1058,328,730,1058,No Group
Manchester City Council - Chorlton,Chorlton Place,2019,November,44,Wednesday,30 Oct 2019,11:00,348,659,1007,348,659,1007,No Group
Manchester City Council - Chorlton,Chorlton Place,2019,November,44,Wednesday,30 Oct 2019,12:00,174,218,392,174,218,392,No Group
Manchester City Council - Chorlton,Chorlton Place,2019,November,44,Wednesday,30 Oct 2019,13:00,150,187,337,150,187,337,No Group
Manchester City Council - Chorlton,Chorlton Place,2019,November,44,Wednesday,30 Oct 2019,14:00,160,162,322,160,162,322,No Group
Manchester City Council - Chorlton,Chorlton Place,2019,November,44,Wednesday,30 Oct 2019,15:00,150,141,291,150,141,291,No Group
Manchester City Council - Chorlton,Chorlton Place,2019,November,44,Wednesday,30 Oct 2019,16:00,150,128,278,150,128,278,No Group
Manchester City Council - Chorlton,Chorlton Place,2019,November,44,Wednesday,30 Oct 2019,17:00,146,123,269,146,123,269,No Group
Manchester City Council - Chorlton,Chorlton Place,2019,November,44,Wednesday,30 Oct 2019,18:00,114,60,174,114,60,174,No Group
Manchester City Council - Chorlton,Chorlton Place,2019,November,44,Wednesday,30 Oct 2019,19:00,66,60,126,66,60,126,No Group
Manchester City Council - Chorlton,Chorlton Place,2019,November,44,Wednesday,30 Oct 2019,20:00,56,48,104,56,48,104,No Group
Manchester City Council - Chorlton,Chorlton Place,2019,November,44,Wednesday,30 Oct 2019,21:00,46,40,86,46,40,86,No Group
Manchester City Council - Chorlton,Chorlton Place,2019,November,44,Wednesday,30 Oct 2019,22:00,38,26,64,38,26,64,No Group
Manchester City Council - Chorlton,Chorlton Place,2019,November,44,Wednesday,30 Oct 2019,23:00,16,26,42,16,26,42,No Group
Manchester City Council - Chorlton,Chorlton Place,2019,November,44,Thursday,31 Oct 2019,00:00,9,1,10,9,1,10,No Group
Manchester City Council - Chorlton,Chorlton Place,2019,November,44,Thursday,31 Oct 2019,01:00,1,2,3,1,2,3,No Group
Manchester City Council - Chorlton,Chorlton Place,2019,November,44,Thursday,31 Oct 2019,02:00,0,0,0,0,0,0,No Group
Manchester City Council - Chorlton,Chorlton Place,2019,November,44,Thursday,31 Oct 2019,03:00,1,2,3,1,2,3,No Group
Manchester City Council - Chorlton,Chorlton Place,2019,November,44,Thursday,31 Oct 2019,04:00,3,7,10,3,7,10,No Group
Manchester City Council - Chorlton,Chorlton Place,2019,November,44,Thursday,31 Oct 2019,05:00,3,6,9,3,6,9,No Group
Manchester City Council - Chorlton,Chorlton Place,2019,November,44,Thursday,31 Oct 2019,06:00,9,30,39,9,30,39,No Group
Manchester City Council - Chorlton,Chorlton Place,2019,November,44,Thursday,31 Oct 2019,07:00,37,92,129,37,92,129,No Group
Manchester City Council - Chorlton,Chorlton Place,2019,November,44,Thursday,31 Oct 2019,08:00,25,120,145,25,120,145,No Group
Manchester City Council - Chorlton,Chorlton Place,2019,November,44,Thursday,31 Oct 2019,09:00,142,429,571,142,429,571,No Group
Manchester City Council - Chorlton,Chorlton Place,2019,November,44,Thursday,31 Oct 2019,10:00,358,763,1121,358,763,1121,No Group
Manchester City Council - Chorlton,Chorlton Place,2019,November,44,Thursday,31 Oct 2019,11:00,251,461,712,251,461,712,No Group
Manchester City Council - Chorlton,Chorlton Place,2019,November,44,Thursday,31 Oct 2019,12:00,184,202,386,184,202,386,No Group
Manchester City Council - Chorlton,Chorlton Place,2019,November,44,Thursday,31 Oct 2019,13:00,161,191,352,161,191,352,No Group
Manchester City Council - Chorlton,Chorlton Place,2019,November,44,Thursday,31 Oct 2019,14:00,175,188,363,175,188,363,No Group
Manchester City Council - Chorlton,Chorlton Place,2019,November,44,Thursday,31 Oct 2019,15:00,178,198,376,178,198,376,No Group
Manchester City Council - Chorlton,Chorlton Place,2019,November,44,Thursday,31 Oct 2019,16:00,116,115,231,116,115,231,No Group
Manchester City Council - Chorlton,Chorlton Place,2019,November,44,Thursday,31 Oct 2019,17:00,130,100,230,130,100,230,No Group
Manchester City Council - Chorlton,Chorlton Place,2019,November,44,Thursday,31 Oct 2019,18:00,129,71,200,129,71,200,No Group
Manchester City Council - Chorlton,Chorlton Place,2019,November,44,Thursday,31 Oct 2019,19:00,63,86,149,63,86,149,No Group
Manchester City Council - Chorlton,Chorlton Place,2019,November,44,Thursday,31 Oct 2019,20:00,56,46,102,56,46,102,No Group
Manchester City Council - Chorlton,Chorlton Place,2019,November,44,Thursday,31 Oct 2019,21:00,36,30,66,36,30,66,No Group
Manchester City Council - Chorlton,Chorlton Place,2019,November,44,Thursday,31 Oct 2019,22:00,28,21,49,28,21,49,No Group
Manchester City Council - Chorlton,Chorlton Place,2019,November,44,Thursday,31 Oct 2019,23:00,20,19,39,20,19,39,No Group
Manchester City Council - Chorlton,Chorlton Place,2019,November,44,Friday,01 Nov 2019,00:00,13,9,22,13,9,22,No Group
Manchester City Council - Chorlton,Chorlton Place,2019,November,44,Friday,01 Nov 2019,01:00,6,1,7,6,1,7,No Group
Manchester City Council - Chorlton,Chorlton Place,2019,November,44,Friday,01 Nov 2019,02:00,11,1,12,11,1,12,No Group
Manchester City Council - Chorlton,Chorlton Place,2019,November,44,Friday,01 Nov 2019,03:00,8,2,10,8,2,10,No Group
Manchester City Council - Chorlton,Chorlton Place,2019,November,44,Friday,01 Nov 2019,04:00,2,2,4,2,2,4,No Group
Manchester City Council - Chorlton,Chorlton Place,2019,November,44,Friday,01 Nov 2019,05:00,2,4,6,2,4,6,No Group
Manchester City Council - Chorlton,Chorlton Place,2019,November,44,Friday,01 Nov 2019,06:00,2,24,26,2,24,26,No Group
Manchester City Council - Chorlton,Chorlton Place,2019,November,44,Friday,01 Nov 2019,07:00,25,46,71,25,46,71,No Group
Manchester City Council - Chorlton,Chorlton Place,2019,November,44,Friday,01 Nov 2019,08:00,122,126,248,122,126,248,No Group
Manchester City Council - Chorlton,Chorlton Place,2019,November,44,Friday,01 Nov 2019,09:00,100,102,202,100,102,202,No Group
Manchester City Council - Chorlton,Chorlton Place,2019,November,44,Friday,01 Nov 2019,10:00,143,127,270,143,127,270,No Group
Manchester City Council - Chorlton,Chorlton Place,2019,November,44,Friday,01 Nov 2019,11:00,157,184,341,157,184,341,No Group
Manchester City Council - Chorlton,Chorlton Place,2019,November,44,Friday,01 Nov 2019,12:00,135,159,294,135,159,294,No Group
Manchester City Council - Chorlton,Chorlton Place,2019,November,44,Friday,01 Nov 2019,13:00,241,230,471,241,230,471,No Group
Manchester City Council - Chorlton,Chorlton Place,2019,November,44,Friday,01 Nov 2019,14:00,179,194,373,179,194,373,No Group
Manchester City Council - Chorlton,Chorlton Place,2019,November,44,Friday,01 Nov 2019,15:00,160,202,362,160,202,362,No Group
Manchester City Council - Chorlton,Chorlton Place,2019,November,44,Friday,01 Nov 2019,16:00,175,168,343,175,168,343,No Group
Manchester City Council - Chorlton,Chorlton Place,2019,November,44,Friday,01 Nov 2019,17:00,129,75,204,129,75,204,No Group
Manchester City Council - Chorlton,Chorlton Place,2019,November,44,Friday,01 Nov 2019,18:00,101,97,198,101,97,198,No Group
Manchester City Council - Chorlton,Chorlton Place,2019,November,44,Friday,01 Nov 2019,19:00,72,55,127,72,55,127,No Group
Manchester City Council - Chorlton,Chorlton Place,2019,November,44,Friday,01 Nov 2019,20:00,49,67,116,49,67,116,No Group
Manchester City Council - Chorlton,Chorlton Place,2019,November,44,Friday,01 Nov 2019,21:00,49,47,96,49,47,96,No Group
Manchester City Council - Chorlton,Chorlton Place,2019,November,44,Friday,01 Nov 2019,22:00,35,49,84,35,49,84,No Group
Manchester City Council - Chorlton,Chorlton Place,2019,November,44,Friday,01 Nov 2019,23:00,19,35,54,19,35,54,No Group
Manchester City Council - Chorlton,Chorlton Place,2019,November,44,Saturday,02 Nov 2019,00:00,20,33,53,20,33,53,No Group
Manchester City Council - Chorlton,Chorlton Place,2019,November,44,Saturday,02 Nov 2019,01:00,5,9,14,5,9,14,No Group
Manchester City Council - Chorlton,Chorlton Place,2019,November,44,Saturday,02 Nov 2019,02:00,3,2,5,3,2,5,No Group
Manchester City Council - Chorlton,Chorlton Place,2019,November,44,Saturday,02 Nov 2019,03:00,0,1,1,0,1,1,No Group
Manchester City Council - Chorlton,Chorlton Place,2019,November,44,Saturday,02 Nov 2019,04:00,2,7,9,2,7,9,No Group
Manchester City Council - Chorlton,Chorlton Place,2019,November,44,Saturday,02 Nov 2019,05:00,7,13,20,7,13,20,No Group
Manchester City Council - Chorlton,Chorlton Place,2019,November,44,Saturday,02 Nov 2019,06:00,5,3,8,5,3,8,No Group
Manchester City Council - Chorlton,Chorlton Place,2019,November,44,Saturday,02 Nov 2019,07:00,11,37,48,11,37,48,No Group
Manchester City Council - Chorlton,Chorlton Place,2019,November,44,Saturday,02 Nov 2019,08:00,74,79,153,74,79,153,No Group
Manchester City Council - Chorlton,Chorlton Place,2019,November,44,Saturday,02 Nov 2019,09:00,128,150,278,128,150,278,No Group
Manchester City Council - Chorlton,Chorlton Place,2019,November,44,Saturday,02 Nov 2019,10:00,155,138,293,155,138,293,No Group
Manchester City Council - Chorlton,Chorlton Place,2019,November,44,Saturday,02 Nov 2019,11:00,241,293,534,241,293,534,No Group
Manchester City Council - Chorlton,Chorlton Place,2019,November,44,Saturday,02 Nov 2019,12:00,335,361,696,335,361,696,No Group
Manchester City Council - Chorlton,Chorlton Place,2019,November,44,Saturday,02 Nov 2019,13:00,303,328,631,303,328,631,No Group
Manchester City Council - Chorlton,Chorlton Place,2019,November,44,Saturday,02 Nov 2019,14:00,286,269,555,286,269,555,No Group
Manchester City Council - Chorlton,Chorlton Place,2019,November,44,Saturday,02 Nov 2019,15:00,264,274,538,264,274,538,No Group
Manchester City Council - Chorlton,Chorlton Place,2019,November,44,Saturday,02 Nov 2019,16:00,190,192,382,190,192,382,No Group
Manchester City Council - Chorlton,Chorlton Place,2019,November,44,Saturday,02 Nov 2019,17:00,119,91,210,119,91,210,No Group
Manchester City Council - Chorlton,Chorlton Place,2019,November,44,Saturday,02 Nov 2019,18:00,69,91,160,69,91,160,No Group
Manchester City Council - Chorlton,Chorlton Place,2019,November,44,Saturday,02 Nov 2019,19:00,45,44,89,45,44,89,No Group
Manchester City Council - Chorlton,Chorlton Place,2019,November,44,Saturday,02 Nov 2019,20:00,54,68,122,54,68,122,No Group
Manchester City Council - Chorlton,Chorlton Place,2019,November,44,Saturday,02 Nov 2019,21:00,46,65,111,46,65,111,No Group
Manchester City Council - Chorlton,Chorlton Place,2019,November,44,Saturday,02 Nov 2019,22:00,36,39,75,36,39,75,No Group
Manchester City Council - Chorlton,Chorlton Place,2019,November,44,Saturday,02 Nov 2019,23:00,47,35,82,47,35,82,No Group
Manchester City Council - Chorlton,Chorlton Place,2019,November,44,Sunday,03 Nov 2019,00:00,25,43,68,25,43,68,No Group
Manchester City Council - Chorlton,Chorlton Place,2019,November,44,Sunday,03 Nov 2019,01:00,15,7,22,15,7,22,No Group
Manchester City Council - Chorlton,Chorlton Place,2019,November,44,Sunday,03 Nov 2019,02:00,6,2,8,6,2,8,No Group
Manchester City Council - Chorlton,Chorlton Place,2019,November,44,Sunday,03 Nov 2019,03:00,3,4,7,3,4,7,No Group
Manchester City Council - Chorlton,Chorlton Place,2019,November,44,Sunday,03 Nov 2019,04:00,5,0,5,5,0,5,No Group
Manchester City Council - Chorlton,Chorlton Place,2019,November,44,Sunday,03 Nov 2019,05:00,1,0,1,1,0,1,No Group
Manchester City Council - Chorlton,Chorlton Place,2019,November,44,Sunday,03 Nov 2019,06:00,3,4,7,3,4,7,No Group
Manchester City Council - Chorlton,Chorlton Place,2019,November,44,Sunday,03 Nov 2019,07:00,3,12,15,3,12,15,No Group
Manchester City Council - Chorlton,Chorlton Place,2019,November,44,Sunday,03 Nov 2019,08:00,23,33,56,23,33,56,No Group
Manchester City Council - Chorlton,Chorlton Place,2019,November,44,Sunday,03 Nov 2019,09:00,29,44,73,29,44,73,No Group
Manchester City Council - Chorlton,Chorlton Place,2019,November,44,Sunday,03 Nov 2019,10:00,65,95,160,65,95,160,No Group
Manchester City Council - Chorlton,Chorlton Place,2019,November,44,Sunday,03 Nov 2019,11:00,80,87,167,80,87,167,No Group
Manchester City Council - Chorlton,Chorlton Place,2019,November,44,Sunday,03 Nov 2019,12:00,134,131,265,134,131,265,No Group
Manchester City Council - Chorlton,Chorlton Place,2019,November,44,Sunday,03 Nov 2019,13:00,128,172,300,128,172,300,No Group
Manchester City Council - Chorlton,Chorlton Place,2019,November,44,Sunday,03 Nov 2019,14:00,128,141,269,128,141,269,No Group
Manchester City Council - Chorlton,Chorlton Place,2019,November,44,Sunday,03 Nov 2019,15:00,109,130,239,109,130,239,No Group
Manchester City Council - Chorlton,Chorlton Place,2019,November,44,Sunday,03 Nov 2019,16:00,75,94,169,75,94,169,No Group
Manchester City Council - Chorlton,Chorlton Place,2019,November,44,Sunday,03 Nov 2019,17:00,65,71,136,65,71,136,No Group
Manchester City Council - Chorlton,Chorlton Place,2019,November,44,Sunday,03 Nov 2019,18:00,40,63,103,40,63,103,No Group
Manchester City Council - Chorlton,Chorlton Place,2019,November,44,Sunday,03 Nov 2019,19:00,51,29,80,51,29,80,No Group
Manchester City Council - Chorlton,Chorlton Place,2019,November,44,Sunday,03 Nov 2019,20:00,14,22,36,14,22,36,No Group
Manchester City Council - Chorlton,Chorlton Place,2019,November,44,Sunday,03 Nov 2019,21:00,13,19,32,13,19,32,No Group
Manchester City Council - Chorlton,Chorlton Place,2019,November,44,Sunday,03 Nov 2019,22:00,14,27,41,14,27,41,No Group
Manchester City Council - Chorlton,Chorlton Place,2019,November,44,Sunday,03 Nov 2019,23:00,16,14,30,16,14,30,No Group
Manchester City Council - Chorlton,Chorlton Place,2019,November,45,Monday,04 Nov 2019,00:00,7,0,7,7,0,7,No Group
Manchester City Council - Chorlton,Chorlton Place,2019,November,45,Monday,04 Nov 2019,01:00,1,2,3,1,2,3,No Group
Manchester City Council - Chorlton,Chorlton Place,2019,November,45,Monday,04 Nov 2019,02:00,1,0,1,1,0,1,No Group
Manchester City Council - Chorlton,Chorlton Place,2019,November,45,Monday,04 Nov 2019,03:00,9,4,13,9,4,13,No Group
Manchester City Council - Chorlton,Chorlton Place,2019,November,45,Monday,04 Nov 2019,04:00,0,3,3,0,3,3,No Group
Manchester City Council - Chorlton,Chorlton Place,2019,November,45,Monday,04 Nov 2019,05:00,1,5,6,1,5,6,No Group
Manchester City Council - Chorlton,Chorlton Place,2019,November,45,Monday,04 Nov 2019,06:00,3,32,35,3,32,35,No Group
Manchester City Council - Chorlton,Chorlton Place,2019,November,45,Monday,04 Nov 2019,07:00,17,91,108,17,91,108,No Group
Manchester City Council - Chorlton,Chorlton Place,2019,November,45,Monday,04 Nov 2019,08:00,28,182,210,28,182,210,No Group
Manchester City Council - Chorlton,Chorlton Place,2019,November,45,Monday,04 Nov 2019,09:00,112,170,282,112,170,282,No Group
Manchester City Council - Chorlton,Chorlton Place,2019,November,45,Monday,04 Nov 2019,10:00,125,131,256,125,131,256,No Group
Manchester City Council - Chorlton,Chorlton Place,2019,November,45,Monday,04 Nov 2019,11:00,141,158,299,141,158,299,No Group
Manchester City Council - Chorlton,Chorlton Place,2019,November,45,Monday,04 Nov 2019,12:00,200,214,414,200,214,414,No Group
Manchester City Council - Chorlton,Chorlton Place,2019,November,45,Monday,04 Nov 2019,13:00,157,194,351,157,194,351,No Group
Manchester City Council - Chorlton,Chorlton Place,2019,November,45,Monday,04 Nov 2019,14:00,158,156,314,158,156,314,No Group
Manchester City Council - Chorlton,Chorlton Place,2019,November,45,Monday,04 Nov 2019,15:00,148,156,304,148,156,304,No Group
Manchester City Council - Chorlton,Chorlton Place,2019,November,45,Monday,04 Nov 2019,16:00,140,122,262,140,122,262,No Group
Manchester City Council - Chorlton,Chorlton Place,2019,November,45,Monday,04 Nov 2019,17:00,122,100,222,122,100,222,No Group
Manchester City Council - Chorlton,Chorlton Place,2019,November,45,Monday,04 Nov 2019,18:00,138,87,225,138,87,225,No Group
Manchester City Council - Chorlton,Chorlton Place,2019,November,45,Monday,04 Nov 2019,19:00,60,52,112,60,52,112,No Group
Manchester City Council - Chorlton,Chorlton Place,2019,November,45,Monday,04 Nov 2019,20:00,52,39,91,52,39,91,No Group
Manchester City Council - Chorlton,Chorlton Place,2019,November,45,Monday,04 Nov 2019,21:00,34,38,72,34,38,72,No Group
Manchester City Council - Chorlton,Chorlton Place,2019,November,45,Monday,04 Nov 2019,22:00,23,21,44,23,21,44,No Group
Manchester City Council - Chorlton,Chorlton Place,2019,November,45,Monday,04 Nov 2019,23:00,12,12,24,12,12,24,No Group
Manchester City Council - Chorlton,Chorlton Place,2019,November,45,Tuesday,05 Nov 2019,00:00,3,1,4,3,1,4,No Group
Manchester City Council - Chorlton,Chorlton Place,2019,November,45,Tuesday,05 Nov 2019,01:00,12,6,18,12,6,18,No Group
Manchester City Council - Chorlton,Chorlton Place,2019,November,45,Tuesday,05 Nov 2019,02:00,0,0,0,0,0,0,No Group
Manchester City Council - Chorlton,Chorlton Place,2019,November,45,Tuesday,05 Nov 2019,03:00,0,4,4,0,4,4,No Group
Manchester City Council - Chorlton,Chorlton Place,2019,November,45,Tuesday,05 Nov 2019,04:00,0,2,2,0,2,2,No Group
Manchester City Council - Chorlton,Chorlton Place,2019,November,45,Tuesday,05 Nov 2019,05:00,4,4,8,4,4,8,No Group
Manchester City Council - Chorlton,Chorlton Place,2019,November,45,Tuesday,05 Nov 2019,06:00,5,25,30,5,25,30,No Group
Manchester City Council - Chorlton,Chorlton Place,2019,November,45,Tuesday,05 Nov 2019,07:00,46,150,196,46,150,196,No Group
Manchester City Council - Chorlton,Chorlton Place,2019,November,45,Tuesday,05 Nov 2019,08:00,36,154,190,36,154,190,No Group
Manchester City Council - Chorlton,Chorlton Place,2019,November,45,Tuesday,05 Nov 2019,09:00,101,158,259,101,158,259,No Group
Manchester City Council - Chorlton,Chorlton Place,2019,November,45,Tuesday,05 Nov 2019,10:00,148,158,306,148,158,306,No Group
Manchester City Council - Chorlton,Chorlton Place,2019,November,45,Tuesday,05 Nov 2019,11:00,131,166,297,131,166,297,No Group
Manchester City Council - Chorlton,Chorlton Place,2019,November,45,Tuesday,05 Nov 2019,12:00,152,177,329,152,177,329,No Group
Manchester City Council - Chorlton,Chorlton Place,2019,November,45,Tuesday,05 Nov 2019,13:00,119,145,264,119,145,264,No Group
Manchester City Council - Chorlton,Chorlton Place,2019,November,45,Tuesday,05 Nov 2019,14:00,142,162,304,142,162,304,No Group
Manchester City Council - Chorlton,Chorlton Place,2019,November,45,Tuesday,05 Nov 2019,15:00,133,139,272,133,139,272,No Group
Manchester City Council - Chorlton,Chorlton Place,2019,November,45,Tuesday,05 Nov 2019,16:00,129,126,255,129,126,255,No Group
Manchester City Council - Chorlton,Chorlton Place,2019,November,45,Tuesday,05 Nov 2019,17:00,127,96,223,127,96,223,No Group
Manchester City Council - Chorlton,Chorlton Place,2019,November,45,Tuesday,05 Nov 2019,18:00,120,81,201,120,81,201,No Group
Manchester City Council - Chorlton,Chorlton Place,2019,November,45,Tuesday,05 Nov 2019,19:00,66,49,115,66,49,115,No Group
Manchester City Council - Chorlton,Chorlton Place,2019,November,45,Tuesday,05 Nov 2019,20:00,52,53,105,52,53,105,No Group
Manchester City Council - Chorlton,Chorlton Place,2019,November,45,Tuesday,05 Nov 2019,21:00,23,28,51,23,28,51,No Group
Manchester City Council - Chorlton,Chorlton Place,2019,November,45,Tuesday,05 Nov 2019,22:00,27,15,42,27,15,42,No Group
Manchester City Council - Chorlton,Chorlton Place,2019,November,45,Tuesday,05 Nov 2019,23:00,14,7,21,14,7,21,No Group
Manchester City Council - Chorlton,Chorlton Place,2019,November,45,Wednesday,06 Nov 2019,00:00,6,1,7,6,1,7,No Group
Manchester City Council - Chorlton,Chorlton Place,2019,November,45,Wednesday,06 Nov 2019,01:00,0,0,0,0,0,0,No Group
Manchester City Council - Chorlton,Chorlton Place,2019,November,45,Wednesday,06 Nov 2019,02:00,0,2,2,0,2,2,No Group
Manchester City Council - Chorlton,Chorlton Place,2019,November,45,Wednesday,06 Nov 2019,03:00,4,11,15,4,11,15,No Group
Manchester City Council - Chorlton,Chorlton Place,2019,November,45,Wednesday,06 Nov 2019,04:00,0,1,1,0,1,1,No Group
Manchester City Council - Chorlton,Chorlton Place,2019,November,45,Wednesday,06 Nov 2019,05:00,3,1,4,3,1,4,No Group
Manchester City Council - Chorlton,Chorlton Place,2019,November,45,Wednesday,06 Nov 2019,06:00,11,29,40,11,29,40,No Group
Manchester City Council - Chorlton,Chorlton Place,2019,November,45,Wednesday,06 Nov 2019,07:00,28,86,114,28,86,114,No Group
Manchester City Council - Chorlton,Chorlton Place,2019,November,45,Wednesday,06 Nov 2019,08:00,35,126,161,35,126,161,No Group
Manchester City Council - Chorlton,Chorlton Place,2019,November,45,Wednesday,06 Nov 2019,09:00,94,135,229,94,135,229,No Group
Manchester City Council - Chorlton,Chorlton Place,2019,November,45,Wednesday,06 Nov 2019,10:00,92,124,216,92,124,216,No Group
Manchester City Council - Chorlton,Chorlton Place,2019,November,45,Wednesday,06 Nov 2019,11:00,134,189,323,134,189,323,No Group
Manchester City Council - Chorlton,Chorlton Place,2019,November,45,Wednesday,06 Nov 2019,12:00,179,198,377,179,198,377,No Group
Manchester City Council - Chorlton,Chorlton Place,2019,November,45,Wednesday,06 Nov 2019,13:00,162,190,352,162,190,352,No Group
Manchester City Council - Chorlton,Chorlton Place,2019,November,45,Wednesday,06 Nov 2019,14:00,191,183,374,191,183,374,No Group
Manchester City Council - Chorlton,Chorlton Place,2019,November,45,Wednesday,06 Nov 2019,15:00,229,182,411,229,182,411,No Group
Manchester City Council - Chorlton,Chorlton Place,2019,November,45,Wednesday,06 Nov 2019,16:00,147,130,277,147,130,277,No Group
Manchester City Council - Chorlton,Chorlton Place,2019,November,45,Wednesday,06 Nov 2019,17:00,106,85,191,106,85,191,No Group
Manchester City Council - Chorlton,Chorlton Place,2019,November,45,Wednesday,06 Nov 2019,18:00,82,71,153,82,71,153,No Group
Manchester City Council - Chorlton,Chorlton Place,2019,November,45,Wednesday,06 Nov 2019,19:00,73,72,145,73,72,145,No Group
Manchester City Council - Chorlton,Chorlton Place,2019,November,45,Wednesday,06 Nov 2019,20:00,42,34,76,42,34,76,No Group
Manchester City Council - Chorlton,Chorlton Place,2019,November,45,Wednesday,06 Nov 2019,21:00,28,31,59,28,31,59,No Group
Manchester City Council - Chorlton,Chorlton Place,2019,November,45,Wednesday,06 Nov 2019,22:00,31,36,67,31,36,67,No Group
Manchester City Council - Chorlton,Chorlton Place,2019,November,45,Wednesday,06 Nov 2019,23:00,13,14,27,13,14,27,No Group
Manchester City Council - Chorlton,Chorlton Place,2019,November,45,Thursday,07 Nov 2019,00:00,4,3,7,4,3,7,No Group
Manchester City Council - Chorlton,Chorlton Place,2019,November,45,Thursday,07 Nov 2019,01:00,1,2,3,1,2,3,No Group
Manchester City Council - Chorlton,Chorlton Place,2019,November,45,Thursday,07 Nov 2019,02:00,0,0,0,0,0,0,No Group
Manchester City Council - Chorlton,Chorlton Place,2019,November,45,Thursday,07 Nov 2019,03:00,0,4,4,0,4,4,No Group
Manchester City Council - Chorlton,Chorlton Place,2019,November,45,Thursday,07 Nov 2019,04:00,0,1,1,0,1,1,No Group
Manchester City Council - Chorlton,Chorlton Place,2019,November,45,Thursday,07 Nov 2019,05:00,3,3,6,3,3,6,No Group
Manchester City Council - Chorlton,Chorlton Place,2019,November,45,Thursday,07 Nov 2019,06:00,8,25,33,8,25,33,No Group
Manchester City Council - Chorlton,Chorlton Place,2019,November,45,Thursday,07 Nov 2019,07:00,33,116,149,33,116,149,No Group
Manchester City Council - Chorlton,Chorlton Place,2019,November,45,Thursday,07 Nov 2019,08:00,30,151,181,30,151,181,No Group
Manchester City Council - Chorlton,Chorlton Place,2019,November,45,Thursday,07 Nov 2019,09:00,86,138,224,86,138,224,No Group
Manchester City Council - Chorlton,Chorlton Place,2019,November,45,Thursday,07 Nov 2019,10:00,101,125,226,101,125,226,No Group
Manchester City Council - Chorlton,Chorlton Place,2019,November,45,Thursday,07 Nov 2019,11:00,141,175,316,141,175,316,No Group
Manchester City Council - Chorlton,Chorlton Place,2019,November,45,Thursday,07 Nov 2019,12:00,153,198,351,153,198,351,No Group
Manchester City Council - Chorlton,Chorlton Place,2019,November,45,Thursday,07 Nov 2019,13:00,181,205,386,181,205,386,No Group
Manchester City Council - Chorlton,Chorlton Place,2019,November,45,Thursday,07 Nov 2019,14:00,200,187,387,200,187,387,No Group
Manchester City Council - Chorlton,Chorlton Place,2019,November,45,Thursday,07 Nov 2019,15:00,168,166,334,168,166,334,No Group
Manchester City Council - Chorlton,Chorlton Place,2019,November,45,Thursday,07 Nov 2019,16:00,124,106,230,124,106,230,No Group
Manchester City Council - Chorlton,Chorlton Place,2019,November,45,Thursday,07 Nov 2019,17:00,5,17,22,5,17,22,No Group
Manchester City Council - Chorlton,Chorlton Place,2019,November,45,Thursday,07 Nov 2019,18:00,8,10,18,8,10,18,No Group
Manchester City Council - Chorlton,Chorlton Place,2019,November,45,Thursday,07 Nov 2019,19:00,6,18,24,6,18,24,No Group
Manchester City Council - Chorlton,Chorlton Place,2019,November,45,Thursday,07 Nov 2019,20:00,4,13,17,4,13,17,No Group
Manchester City Council - Chorlton,Chorlton Place,2019,November,45,Thursday,07 Nov 2019,21:00,2,13,15,2,13,15,No Group
Manchester City Council - Chorlton,Chorlton Place,2019,November,45,Thursday,07 Nov 2019,22:00,3,15,18,3,15,18,No Group
Manchester City Council - Chorlton,Chorlton Place,2019,November,45,Thursday,07 Nov 2019,23:00,5,4,9,5,4,9,No Group
Manchester City Council - Chorlton,Chorlton Place,2019,November,45,Friday,08 Nov 2019,00:00,2,2,4,2,2,4,No Group
Manchester City Council - Chorlton,Chorlton Place,2019,November,45,Friday,08 Nov 2019,01:00,2,0,2,2,0,2,No Group
Manchester City Council - Chorlton,Chorlton Place,2019,November,45,Friday,08 Nov 2019,02:00,0,0,0,0,0,0,No Group
Manchester City Council - Chorlton,Chorlton Place,2019,November,45,Friday,08 Nov 2019,03:00,0,5,5,0,5,5,No Group
Manchester City Council - Chorlton,Chorlton Place,2019,November,45,Friday,08 Nov 2019,04:00,4,2,6,4,2,6,No Group
Manchester City Council - Chorlton,Chorlton Place,2019,November,45,Friday,08 Nov 2019,05:00,1,6,7,1,6,7,No Group
Manchester City Council - Chorlton,Chorlton Place,2019,November,45,Friday,08 Nov 2019,06:00,7,21,28,7,21,28,No Group
Manchester City Council - Chorlton,Chorlton Place,2019,November,45,Friday,08 Nov 2019,07:00,30,109,139,30,109,139,No Group
Manchester City Council - Chorlton,Chorlton Place,2019,November,45,Friday,08 Nov 2019,08:00,40,125,165,40,125,165,No Group
Manchester City Council - Chorlton,Chorlton Place,2019,November,45,Friday,08 Nov 2019,09:00,140,392,532,140,392,532,No Group
Manchester City Council - Chorlton,Chorlton Place,2019,November,45,Friday,08 Nov 2019,10:00,327,649,976,327,649,976,No Group
Manchester City Council - Chorlton,Chorlton Place,2019,November,45,Friday,08 Nov 2019,11:00,200,409,609,200,409,609,No Group
Manchester City Council - Chorlton,Chorlton Place,2019,November,45,Friday,08 Nov 2019,12:00,183,222,405,183,222,405,No Group
Manchester City Council - Chorlton,Chorlton Place,2019,November,45,Friday,08 Nov 2019,13:00,177,198,375,177,198,375,No Group
Manchester City Council - Chorlton,Chorlton Place,2019,November,45,Friday,08 Nov 2019,14:00,174,183,357,174,183,357,No Group
Manchester City Council - Chorlton,Chorlton Place,2019,November,45,Friday,08 Nov 2019,15:00,175,189,364,175,189,364,No Group
Manchester City Council - Chorlton,Chorlton Place,2019,November,45,Friday,08 Nov 2019,16:00,155,148,303,155,148,303,No Group
Manchester City Council - Chorlton,Chorlton Place,2019,November,45,Friday,08 Nov 2019,17:00,129,104,233,129,104,233,No Group
Manchester City Council - Chorlton,Chorlton Place,2019,November,45,Friday,08 Nov 2019,18:00,91,82,173,91,82,173,No Group
Manchester City Council - Chorlton,Chorlton Place,2019,November,45,Friday,08 Nov 2019,19:00,69,81,150,69,81,150,No Group
Manchester City Council - Chorlton,Chorlton Place,2019,November,45,Friday,08 Nov 2019,20:00,58,60,118,58,60,118,No Group
Manchester City Council - Chorlton,Chorlton Place,2019,November,45,Friday,08 Nov 2019,21:00,66,46,112,66,46,112,No Group
Manchester City Council - Chorlton,Chorlton Place,2019,November,45,Friday,08 Nov 2019,22:00,39,46,85,39,46,85,No Group
Manchester City Council - Chorlton,Chorlton Place,2019,November,45,Friday,08 Nov 2019,23:00,30,23,53,30,23,53,No Group
Manchester City Council - Chorlton,Chorlton Place,2019,November,45,Saturday,09 Nov 2019,00:00,10,36,46,10,36,46,No Group
Manchester City Council - Chorlton,Chorlton Place,2019,November,45,Saturday,09 Nov 2019,01:00,10,4,14,10,4,14,No Group
Manchester City Council - Chorlton,Chorlton Place,2019,November,45,Saturday,09 Nov 2019,02:00,12,1,13,12,1,13,No Group
Manchester City Council - Chorlton,Chorlton Place,2019,November,45,Saturday,09 Nov 2019,03:00,0,4,4,0,4,4,No Group
Manchester City Council - Chorlton,Chorlton Place,2019,November,45,Saturday,09 Nov 2019,04:00,2,1,3,2,1,3,No Group
Manchester City Council - Chorlton,Chorlton Place,2019,November,45,Saturday,09 Nov 2019,05:00,4,6,10,4,6,10,No Group
Manchester City Council - Chorlton,Chorlton Place,2019,November,45,Saturday,09 Nov 2019,06:00,4,10,14,4,10,14,No Group
Manchester City Council - Chorlton,Chorlton Place,2019,November,45,Saturday,09 Nov 2019,07:00,13,29,42,13,29,42,No Group
Manchester City Council - Chorlton,Chorlton Place,2019,November,45,Saturday,09 Nov 2019,08:00,37,66,103,37,66,103,No Group
Manchester City Council - Chorlton,Chorlton Place,2019,November,45,Saturday,09 Nov 2019,09:00,98,115,213,98,115,213,No Group
Manchester City Council - Chorlton,Chorlton Place,2019,November,45,Saturday,09 Nov 2019,10:00,158,189,347,158,189,347,No Group
Manchester City Council - Chorlton,Chorlton Place,2019,November,45,Saturday,09 Nov 2019,11:00,243,264,507,243,264,507,No Group
Manchester City Council - Chorlton,Chorlton Place,2019,November,45,Saturday,09 Nov 2019,12:00,243,270,513,243,270,513,No Group
Manchester City Council - Chorlton,Chorlton Place,2019,November,45,Saturday,09 Nov 2019,13:00,262,278,540,262,278,540,No Group
Manchester City Council - Chorlton,Chorlton Place,2019,November,45,Saturday,09 Nov 2019,14:00,249,243,492,249,243,492,No Group
Manchester City Council - Chorlton,Chorlton Place,2019,November,45,Saturday,09 Nov 2019,15:00,222,254,476,222,254,476,No Group
Manchester City Council - Chorlton,Chorlton Place,2019,November,45,Saturday,09 Nov 2019,16:00,153,172,325,153,172,325,No Group
Manchester City Council - Chorlton,Chorlton Place,2019,November,45,Saturday,09 Nov 2019,17:00,87,78,165,87,78,165,No Group
Manchester City Council - Chorlton,Chorlton Place,2019,November,45,Saturday,09 Nov 2019,18:00,71,64,135,71,64,135,No Group
Manchester City Council - Chorlton,Chorlton Place,2019,November,45,Saturday,09 Nov 2019,19:00,42,79,121,42,79,121,No Group
Manchester City Council - Chorlton,Chorlton Place,2019,November,45,Saturday,09 Nov 2019,20:00,50,49,99,50,49,99,No Group
Manchester City Council - Chorlton,Chorlton Place,2019,November,45,Saturday,09 Nov 2019,21:00,62,63,125,62,63,125,No Group
Manchester City Council - Chorlton,Chorlton Place,2019,November,45,Saturday,09 Nov 2019,22:00,38,45,83,38,45,83,No Group
Manchester City Council - Chorlton,Chorlton Place,2019,November,45,Saturday,09 Nov 2019,23:00,30,38,68,30,38,68,No Group
Manchester City Council - Chorlton,Chorlton Place,2019,November,45,Sunday,10 Nov 2019,00:00,21,29,50,21,29,50,No Group
Manchester City Council - Chorlton,Chorlton Place,2019,November,45,Sunday,10 Nov 2019,01:00,9,5,14,9,5,14,No Group
Manchester City Council - Chorlton,Chorlton Place,2019,November,45,Sunday,10 Nov 2019,02:00,3,2,5,3,2,5,No Group
Manchester City Council - Chorlton,Chorlton Place,2019,November,45,Sunday,10 Nov 2019,03:00,0,1,1,0,1,1,No Group
Manchester City Council - Chorlton,Chorlton Place,2019,November,45,Sunday,10 Nov 2019,04:00,1,1,2,1,1,2,No Group
Manchester City Council - Chorlton,Chorlton Place,2019,November,45,Sunday,10 Nov 2019,05:00,1,0,1,1,0,1,No Group
Manchester City Council - Chorlton,Chorlton Place,2019,November,45,Sunday,10 Nov 2019,06:00,4,3,7,4,3,7,No Group
Manchester City Council - Chorlton,Chorlton Place,2019,November,45,Sunday,10 Nov 2019,07:00,6,10,16,6,10,16,No Group
Manchester City Council - Chorlton,Chorlton Place,2019,November,45,Sunday,10 Nov 2019,08:00,13,20,33,13,20,33,No Group
Manchester City Council - Chorlton,Chorlton Place,2019,November,45,Sunday,10 Nov 2019,09:00,66,199,265,66,199,265,No Group
Manchester City Council - Chorlton,Chorlton Place,2019,November,45,Sunday,10 Nov 2019,10:00,217,673,890,217,673,890,No Group
Manchester City Council - Chorlton,Chorlton Place,2019,November,45,Sunday,10 Nov 2019,11:00,314,715,1029,314,715,1029,No Group
Manchester City Council - Chorlton,Chorlton Place,2019,November,45,Sunday,10 Nov 2019,12:00,91,143,234,91,143,234,No Group
Manchester City Council - Chorlton,Chorlton Place,2019,November,45,Sunday,10 Nov 2019,13:00,115,168,283,115,168,283,No Group
Manchester City Council - Chorlton,Chorlton Place,2019,November,45,Sunday,10 Nov 2019,14:00,148,165,313,148,165,313,No Group
Manchester City Council - Chorlton,Chorlton Place,2019,November,45,Sunday,10 Nov 2019,15:00,165,156,321,165,156,321,No Group
Manchester City Council - Chorlton,Chorlton Place,2019,November,45,Sunday,10 Nov 2019,16:00,110,137,247,110,137,247,No Group
Manchester City Council - Chorlton,Chorlton Place,2019,November,45,Sunday,10 Nov 2019,17:00,75,69,144,75,69,144,No Group
Manchester City Council - Chorlton,Chorlton Place,2019,November,45,Sunday,10 Nov 2019,18:00,58,100,158,58,100,158,No Group
Manchester City Council - Chorlton,Chorlton Place,2019,November,45,Sunday,10 Nov 2019,19:00,42,66,108,42,66,108,No Group
Manchester City Council - Chorlton,Chorlton Place,2019,November,45,Sunday,10 Nov 2019,20:00,40,34,74,40,34,74,No Group
Manchester City Council - Chorlton,Chorlton Place,2019,November,45,Sunday,10 Nov 2019,21:00,28,34,62,28,34,62,No Group
Manchester City Council - Chorlton,Chorlton Place,2019,November,45,Sunday,10 Nov 2019,22:00,55,35,90,55,35,90,No Group
Manchester City Council - Chorlton,Chorlton Place,2019,November,45,Sunday,10 Nov 2019,23:00,16,16,32,16,16,32,No Group
Manchester City Council - Chorlton,Chorlton Place,2019,November,46,Monday,11 Nov 2019,00:00,6,8,14,6,8,14,No Group
Manchester City Council - Chorlton,Chorlton Place,2019,November,46,Monday,11 Nov 2019,01:00,4,1,5,4,1,5,No Group
Manchester City Council - Chorlton,Chorlton Place,2019,November,46,Monday,11 Nov 2019,02:00,0,0,0,0,0,0,No Group
Manchester City Council - Chorlton,Chorlton Place,2019,November,46,Monday,11 Nov 2019,03:00,2,5,7,2,5,7,No Group
Manchester City Council - Chorlton,Chorlton Place,2019,November,46,Monday,11 Nov 2019,04:00,2,4,6,2,4,6,No Group
Manchester City Council - Chorlton,Chorlton Place,2019,November,46,Monday,11 Nov 2019,05:00,2,5,7,2,5,7,No Group
Manchester City Council - Chorlton,Chorlton Place,2019,November,46,Monday,11 Nov 2019,06:00,7,41,48,7,41,48,No Group
Manchester City Council - Chorlton,Chorlton Place,2019,November,46,Monday,11 Nov 2019,07:00,26,85,111,26,85,111,No Group
Manchester City Council - Chorlton,Chorlton Place,2019,November,46,Monday,11 Nov 2019,08:00,27,158,185,27,158,185,No Group
Manchester City Council - Chorlton,Chorlton Place,2019,November,46,Monday,11 Nov 2019,09:00,264,228,492,264,228,492,No Group
Manchester City Council - Chorlton,Chorlton Place,2019,November,46,Monday,11 Nov 2019,10:00,192,197,389,192,197,389,No Group
Manchester City Council - Chorlton,Chorlton Place,2019,November,46,Monday,11 Nov 2019,11:00,197,214,411,197,214,411,No Group
Manchester City Council - Chorlton,Chorlton Place,2019,November,46,Monday,11 Nov 2019,12:00,172,186,358,172,186,358,No Group
Manchester City Council - Chorlton,Chorlton Place,2019,November,46,Monday,11 Nov 2019,13:00,143,189,332,143,189,332,No Group
Manchester City Council - Chorlton,Chorlton Place,2019,November,46,Monday,11 Nov 2019,14:00,133,183,316,133,183,316,No Group
Manchester City Council - Chorlton,Chorlton Place,2019,November,46,Monday,11 Nov 2019,15:00,156,184,340,156,184,340,No Group
Manchester City Council - Chorlton,Chorlton Place,2019,November,46,Monday,11 Nov 2019,16:00,98,100,198,98,100,198,No Group
Manchester City Council - Chorlton,Chorlton Place,2019,November,46,Monday,11 Nov 2019,17:00,84,65,149,84,65,149,No Group
Manchester City Council - Chorlton,Chorlton Place,2019,November,46,Monday,11 Nov 2019,18:00,87,47,134,87,47,134,No Group
Manchester City Council - Chorlton,Chorlton Place,2019,November,46,Monday,11 Nov 2019,19:00,53,36,89,53,36,89,No Group
Manchester City Council - Chorlton,Chorlton Place,2019,November,46,Monday,11 Nov 2019,20:00,40,36,76,40,36,76,No Group
Manchester City Council - Chorlton,Chorlton Place,2019,November,46,Monday,11 Nov 2019,21:00,26,25,51,26,25,51,No Group
Manchester City Council - Chorlton,Chorlton Place,2019,November,46,Monday,11 Nov 2019,22:00,28,22,50,28,22,50,No Group
Manchester City Council - Chorlton,Chorlton Place,2019,November,46,Monday,11 Nov 2019,23:00,26,31,57,26,31,57,No Group
Manchester City Council - Chorlton,Chorlton Place,2019,November,46,Tuesday,12 Nov 2019,00:00,8,1,9,8,1,9,No Group
Manchester City Council - Chorlton,Chorlton Place,2019,November,46,Tuesday,12 Nov 2019,01:00,2,4,6,2,4,6,No Group
Manchester City Council - Chorlton,Chorlton Place,2019,November,46,Tuesday,12 Nov 2019,02:00,8,6,14,8,6,14,No Group
Manchester City Council - Chorlton,Chorlton Place,2019,November,46,Tuesday,12 Nov 2019,03:00,2,1,3,2,1,3,No Group
Manchester City Council - Chorlton,Chorlton Place,2019,November,46,Tuesday,12 Nov 2019,04:00,0,2,2,0,2,2,No Group
Manchester City Council - Chorlton,Chorlton Place,2019,November,46,Tuesday,12 Nov 2019,05:00,6,7,13,6,7,13,No Group
Manchester City Council - Chorlton,Chorlton Place,2019,November,46,Tuesday,12 Nov 2019,06:00,4,27,31,4,27,31,No Group
Manchester City Council - Chorlton,Chorlton Place,2019,November,46,Tuesday,12 Nov 2019,07:00,35,122,157,35,122,157,No Group
Manchester City Council - Chorlton,Chorlton Place,2019,November,46,Tuesday,12 Nov 2019,08:00,42,161,203,42,161,203,No Group
Manchester City Council - Chorlton,Chorlton Place,2019,November,46,Tuesday,12 Nov 2019,09:00,102,187,289,102,187,289,No Group
Manchester City Council - Chorlton,Chorlton Place,2019,November,46,Tuesday,12 Nov 2019,10:00,219,277,496,219,277,496,No Group
Manchester City Council - Chorlton,Chorlton Place,2019,November,46,Tuesday,12 Nov 2019,11:00,186,178,364,186,178,364,No Group
Manchester City Council - Chorlton,Chorlton Place,2019,November,46,Tuesday,12 Nov 2019,12:00,142,165,307,142,165,307,No Group
Manchester City Council - Chorlton,Chorlton Place,2019,November,46,Tuesday,12 Nov 2019,13:00,130,154,284,130,154,284,No Group
Manchester City Council - Chorlton,Chorlton Place,2019,November,46,Tuesday,12 Nov 2019,14:00,168,174,342,168,174,342,No Group
Manchester City Council - Chorlton,Chorlton Place,2019,November,46,Tuesday,12 Nov 2019,15:00,163,146,309,163,146,309,No Group
Manchester City Council - Chorlton,Chorlton Place,2019,November,46,Tuesday,12 Nov 2019,16:00,136,121,257,136,121,257,No Group
Manchester City Council - Chorlton,Chorlton Place,2019,November,46,Tuesday,12 Nov 2019,17:00,110,100,210,110,100,210,No Group
Manchester City Council - Chorlton,Chorlton Place,2019,November,46,Tuesday,12 Nov 2019,18:00,135,76,211,135,76,211,No Group
Manchester City Council - Chorlton,Chorlton Place,2019,November,46,Tuesday,12 Nov 2019,19:00,64,49,113,64,49,113,No Group
Manchester City Council - Chorlton,Chorlton Place,2019,November,46,Tuesday,12 Nov 2019,20:00,48,43,91,48,43,91,No Group
Manchester City Council - Chorlton,Chorlton Place,2019,November,46,Tuesday,12 Nov 2019,21:00,36,36,72,36,36,72,No Group
Manchester City Council - Chorlton,Chorlton Place,2019,November,46,Tuesday,12 Nov 2019,22:00,30,30,60,30,30,60,No Group
Manchester City Council - Chorlton,Chorlton Place,2019,November,46,Tuesday,12 Nov 2019,23:00,15,12,27,15,12,27,No Group
Manchester City Council - Chorlton,Chorlton Place,2019,November,46,Wednesday,13 Nov 2019,00:00,2,2,4,2,2,4,No Group
Manchester City Council - Chorlton,Chorlton Place,2019,November,46,Wednesday,13 Nov 2019,01:00,5,0,5,5,0,5,No Group
Manchester City Council - Chorlton,Chorlton Place,2019,November,46,Wednesday,13 Nov 2019,02:00,0,0,0,0,0,0,No Group
Manchester City Council - Chorlton,Chorlton Place,2019,November,46,Wednesday,13 Nov 2019,03:00,0,3,3,0,3,3,No Group
Manchester City Council - Chorlton,Chorlton Place,2019,November,46,Wednesday,13 Nov 2019,04:00,2,3,5,2,3,5,No Group
Manchester City Council - Chorlton,Chorlton Place,2019,November,46,Wednesday,13 Nov 2019,05:00,1,5,6,1,5,6,No Group
Manchester City Council - Chorlton,Chorlton Place,2019,November,46,Wednesday,13 Nov 2019,06:00,6,25,31,6,25,31,No Group
Manchester City Council - Chorlton,Chorlton Place,2019,November,46,Wednesday,13 Nov 2019,07:00,27,88,115,27,88,115,No Group
Manchester City Council - Chorlton,Chorlton Place,2019,November,46,Wednesday,13 Nov 2019,08:00,40,148,188,40,148,188,No Group
Manchester City Council - Chorlton,Chorlton Place,2019,November,46,Wednesday,13 Nov 2019,09:00,85,187,272,85,187,272,No Group
Manchester City Council - Chorlton,Chorlton Place,2019,November,46,Wednesday,13 Nov 2019,10:00,136,156,292,136,156,292,No Group
Manchester City Council - Chorlton,Chorlton Place,2019,November,46,Wednesday,13 Nov 2019,11:00,154,168,322,154,168,322,No Group
Manchester City Council - Chorlton,Chorlton Place,2019,November,46,Wednesday,13 Nov 2019,12:00,173,199,372,173,199,372,No Group
Manchester City Council - Chorlton,Chorlton Place,2019,November,46,Wednesday,13 Nov 2019,13:00,143,153,296,143,153,296,No Group
Manchester City Council - Chorlton,Chorlton Place,2019,November,46,Wednesday,13 Nov 2019,14:00,145,161,306,145,161,306,No Group
Manchester City Council - Chorlton,Chorlton Place,2019,November,46,Wednesday,13 Nov 2019,15:00,171,169,340,171,169,340,No Group
Manchester City Council - Chorlton,Chorlton Place,2019,November,46,Wednesday,13 Nov 2019,16:00,136,111,247,136,111,247,No Group
Manchester City Council - Chorlton,Chorlton Place,2019,November,46,Wednesday,13 Nov 2019,17:00,115,83,198,115,83,198,No Group
Manchester City Council - Chorlton,Chorlton Place,2019,November,46,Wednesday,13 Nov 2019,18:00,105,63,168,105,63,168,No Group
Manchester City Council - Chorlton,Chorlton Place,2019,November,46,Wednesday,13 Nov 2019,19:00,70,74,144,70,74,144,No Group
Manchester City Council - Chorlton,Chorlton Place,2019,November,46,Wednesday,13 Nov 2019,20:00,62,52,114,62,52,114,No Group
Manchester City Council - Chorlton,Chorlton Place,2019,November,46,Wednesday,13 Nov 2019,21:00,34,25,59,34,25,59,No Group
Manchester City Council - Chorlton,Chorlton Place,2019,November,46,Wednesday,13 Nov 2019,22:00,23,21,44,23,21,44,No Group
Manchester City Council - Chorlton,Chorlton Place,2019,November,46,Wednesday,13 Nov 2019,23:00,26,10,36,26,10,36,No Group
Manchester City Council - Chorlton,Chorlton Place,2019,November,46,Thursday,14 Nov 2019,00:00,10,3,13,10,3,13,No Group
Manchester City Council - Chorlton,Chorlton Place,2019,November,46,Thursday,14 Nov 2019,01:00,0,0,0,0,0,0,No Group
Manchester City Council - Chorlton,Chorlton Place,2019,November,46,Thursday,14 Nov 2019,02:00,0,0,0,0,0,0,No Group
Manchester City Council - Chorlton,Chorlton Place,2019,November,46,Thursday,14 Nov 2019,03:00,0,6,6,0,6,6,No Group
Manchester City Council - Chorlton,Chorlton Place,2019,November,46,Thursday,14 Nov 2019,04:00,0,3,3,0,3,3,No Group
Manchester City Council - Chorlton,Chorlton Place,2019,November,46,Thursday,14 Nov 2019,05:00,3,3,6,3,3,6,No Group
Manchester City Council - Chorlton,Chorlton Place,2019,November,46,Thursday,14 Nov 2019,06:00,8,30,38,8,30,38,No Group
Manchester City Council - Chorlton,Chorlton Place,2019,November,46,Thursday,14 Nov 2019,07:00,25,92,117,25,92,117,No Group
Manchester City Council - Chorlton,Chorlton Place,2019,November,46,Thursday,14 Nov 2019,08:00,40,122,162,40,122,162,No Group
Manchester City Council - Chorlton,Chorlton Place,2019,November,46,Thursday,14 Nov 2019,09:00,65,108,173,65,108,173,No Group
Manchester City Council - Chorlton,Chorlton Place,2019,November,46,Thursday,14 Nov 2019,10:00,116,111,227,116,111,227,No Group
Manchester City Council - Chorlton,Chorlton Place,2019,November,46,Thursday,14 Nov 2019,11:00,123,145,268,123,145,268,No Group
Manchester City Council - Chorlton,Chorlton Place,2019,November,46,Thursday,14 Nov 2019,12:00,152,169,321,152,169,321,No Group
Manchester City Council - Chorlton,Chorlton Place,2019,November,46,Thursday,14 Nov 2019,13:00,144,142,286,144,142,286,No Group
Manchester City Council - Chorlton,Chorlton Place,2019,November,46,Thursday,14 Nov 2019,14:00,140,150,290,140,150,290,No Group
Manchester City Council - Chorlton,Chorlton Place,2019,November,46,Thursday,14 Nov 2019,15:00,128,148,276,128,148,276,No Group
Manchester City Council - Chorlton,Chorlton Place,2019,November,46,Thursday,14 Nov 2019,16:00,114,128,242,114,128,242,No Group
Manchester City Council - Chorlton,Chorlton Place,2019,November,46,Thursday,14 Nov 2019,17:00,121,87,208,121,87,208,No Group
Manchester City Council - Chorlton,Chorlton Place,2019,November,46,Thursday,14 Nov 2019,18:00,103,94,197,103,94,197,No Group
Manchester City Council - Chorlton,Chorlton Place,2019,November,46,Thursday,14 Nov 2019,19:00,49,62,111,49,62,111,No Group
Manchester City Council - Chorlton,Chorlton Place,2019,November,46,Thursday,14 Nov 2019,20:00,40,43,83,40,43,83,No Group
Manchester City Council - Chorlton,Chorlton Place,2019,November,46,Thursday,14 Nov 2019,21:00,31,28,59,31,28,59,No Group
Manchester City Council - Chorlton,Chorlton Place,2019,November,46,Thursday,14 Nov 2019,22:00,28,27,55,28,27,55,No Group
Manchester City Council - Chorlton,Chorlton Place,2019,November,46,Thursday,14 Nov 2019,23:00,11,8,19,11,8,19,No Group
Manchester City Council - Chorlton,Chorlton Place,2019,November,46,Friday,15 Nov 2019,00:00,4,1,5,4,1,5,No Group
Manchester City Council - Chorlton,Chorlton Place,2019,November,46,Friday,15 Nov 2019,01:00,1,2,3,1,2,3,No Group
Manchester City Council - Chorlton,Chorlton Place,2019,November,46,Friday,15 Nov 2019,02:00,0,1,1,0,1,1,No Group
Manchester City Council - Chorlton,Chorlton Place,2019,November,46,Friday,15 Nov 2019,03:00,0,0,0,0,0,0,No Group
Manchester City Council - Chorlton,Chorlton Place,2019,November,46,Friday,15 Nov 2019,04:00,1,1,2,1,1,2,No Group
Manchester City Council - Chorlton,Chorlton Place,2019,November,46,Friday,15 Nov 2019,05:00,3,6,9,3,6,9,No Group
Manchester City Council - Chorlton,Chorlton Place,2019,November,46,Friday,15 Nov 2019,06:00,5,21,26,5,21,26,No Group
Manchester City Council - Chorlton,Chorlton Place,2019,November,46,Friday,15 Nov 2019,07:00,46,114,160,46,114,160,No Group
Manchester City Council - Chorlton,Chorlton Place,2019,November,46,Friday,15 Nov 2019,08:00,32,125,157,32,125,157,No Group
Manchester City Council - Chorlton,Chorlton Place,2019,November,46,Friday,15 Nov 2019,09:00,111,173,284,111,173,284,No Group
Manchester City Council - Chorlton,Chorlton Place,2019,November,46,Friday,15 Nov 2019,10:00,394,639,1033,394,639,1033,No Group
Manchester City Council - Chorlton,Chorlton Place,2019,November,46,Friday,15 Nov 2019,11:00,111,212,323,111,212,323,No Group
Manchester City Council - Chorlton,Chorlton Place,2019,November,46,Friday,15 Nov 2019,12:00,175,197,372,175,197,372,No Group
Manchester City Council - Chorlton,Chorlton Place,2019,November,46,Friday,15 Nov 2019,13:00,162,149,311,162,149,311,No Group
Manchester City Council - Chorlton,Chorlton Place,2019,November,46,Friday,15 Nov 2019,14:00,172,203,375,172,203,375,No Group
Manchester City Council - Chorlton,Chorlton Place,2019,November,46,Friday,15 Nov 2019,15:00,155,174,329,155,174,329,No Group
Manchester City Council - Chorlton,Chorlton Place,2019,November,46,Friday,15 Nov 2019,16:00,156,149,305,156,149,305,No Group
Manchester City Council - Chorlton,Chorlton Place,2019,November,46,Friday,15 Nov 2019,17:00,151,109,260,151,109,260,No Group
Manchester City Council - Chorlton,Chorlton Place,2019,November,46,Friday,15 Nov 2019,18:00,111,95,206,111,95,206,No Group
Manchester City Council - Chorlton,Chorlton Place,2019,November,46,Friday,15 Nov 2019,19:00,94,75,169,94,75,169,No Group
Manchester City Council - Chorlton,Chorlton Place,2019,November,46,Friday,15 Nov 2019,20:00,65,51,116,65,51,116,No Group
Manchester City Council - Chorlton,Chorlton Place,2019,November,46,Friday,15 Nov 2019,21:00,50,48,98,50,48,98,No Group
Manchester City Council - Chorlton,Chorlton Place,2019,November,46,Friday,15 Nov 2019,22:00,47,34,81,47,34,81,No Group
Manchester City Council - Chorlton,Chorlton Place,2019,November,46,Friday,15 Nov 2019,23:00,30,49,79,30,49,79,No Group
Manchester City Council - Chorlton,Chorlton Place,2019,November,46,Saturday,16 Nov 2019,00:00,33,46,79,33,46,79,No Group
Manchester City Council - Chorlton,Chorlton Place,2019,November,46,Saturday,16 Nov 2019,01:00,17,6,23,17,6,23,No Group
Manchester City Council - Chorlton,Chorlton Place,2019,November,46,Saturday,16 Nov 2019,02:00,6,3,9,6,3,9,No Group
Manchester City Council - Chorlton,Chorlton Place,2019,November,46,Saturday,16 Nov 2019,03:00,3,1,4,3,1,4,No Group
Manchester City Council - Chorlton,Chorlton Place,2019,November,46,Saturday,16 Nov 2019,04:00,0,2,2,0,2,2,No Group
Manchester City Council - Chorlton,Chorlton Place,2019,November,46,Saturday,16 Nov 2019,05:00,12,15,27,12,15,27,No Group
Manchester City Council - Chorlton,Chorlton Place,2019,November,46,Saturday,16 Nov 2019,06:00,11,14,25,11,14,25,No Group
Manchester City Council - Chorlton,Chorlton Place,2019,November,46,Saturday,16 Nov 2019,07:00,11,23,34,11,23,34,No Group
Manchester City Council - Chorlton,Chorlton Place,2019,November,46,Saturday,16 Nov 2019,08:00,39,68,107,39,68,107,No Group
Manchester City Council - Chorlton,Chorlton Place,2019,November,46,Saturday,16 Nov 2019,09:00,113,142,255,113,142,255,No Group
Manchester City Council - Chorlton,Chorlton Place,2019,November,46,Saturday,16 Nov 2019,10:00,188,229,417,188,229,417,No Group
Manchester City Council - Chorlton,Chorlton Place,2019,November,46,Saturday,16 Nov 2019,11:00,358,548,906,358,548,906,No Group
Manchester City Council - Chorlton,Chorlton Place,2019,November,46,Saturday,16 Nov 2019,12:00,290,287,577,290,287,577,No Group
Manchester City Council - Chorlton,Chorlton Place,2019,November,46,Saturday,16 Nov 2019,13:00,257,271,528,257,271,528,No Group
Manchester City Council - Chorlton,Chorlton Place,2019,November,46,Saturday,16 Nov 2019,14:00,251,277,528,251,277,528,No Group
Manchester City Council - Chorlton,Chorlton Place,2019,November,46,Saturday,16 Nov 2019,15:00,226,248,474,226,248,474,No Group
Manchester City Council - Chorlton,Chorlton Place,2019,November,46,Saturday,16 Nov 2019,16:00,164,197,361,164,197,361,No Group
Manchester City Council - Chorlton,Chorlton Place,2019,November,46,Saturday,16 Nov 2019,17:00,129,99,228,129,99,228,No Group
Manchester City Council - Chorlton,Chorlton Place,2019,November,46,Saturday,16 Nov 2019,18:00,105,88,193,105,88,193,No Group
Manchester City Council - Chorlton,Chorlton Place,2019,November,46,Saturday,16 Nov 2019,19:00,77,68,145,77,68,145,No Group
Manchester City Council - Chorlton,Chorlton Place,2019,November,46,Saturday,16 Nov 2019,20:00,55,55,110,55,55,110,No Group
Manchester City Council - Chorlton,Chorlton Place,2019,November,46,Saturday,16 Nov 2019,21:00,57,79,136,57,79,136,No Group
Manchester City Council - Chorlton,Chorlton Place,2019,November,46,Saturday,16 Nov 2019,22:00,67,53,120,67,53,120,No Group
Manchester City Council - Chorlton,Chorlton Place,2019,November,46,Saturday,16 Nov 2019,23:00,43,28,71,43,28,71,No Group
Manchester City Council - Chorlton,Chorlton Place,2019,November,46,Sunday,17 Nov 2019,00:00,16,19,35,16,19,35,No Group
Manchester City Council - Chorlton,Chorlton Place,2019,November,46,Sunday,17 Nov 2019,01:00,12,12,24,12,12,24,No Group
Manchester City Council - Chorlton,Chorlton Place,2019,November,46,Sunday,17 Nov 2019,02:00,10,2,12,10,2,12,No Group
Manchester City Council - Chorlton,Chorlton Place,2019,November,46,Sunday,17 Nov 2019,03:00,2,0,2,2,0,2,No Group
Manchester City Council - Chorlton,Chorlton Place,2019,November,46,Sunday,17 Nov 2019,04:00,0,0,0,0,0,0,No Group
Manchester City Council - Chorlton,Chorlton Place,2019,November,46,Sunday,17 Nov 2019,05:00,0,1,1,0,1,1,No Group
Manchester City Council - Chorlton,Chorlton Place,2019,November,46,Sunday,17 Nov 2019,06:00,3,3,6,3,3,6,No Group
Manchester City Council - Chorlton,Chorlton Place,2019,November,46,Sunday,17 Nov 2019,07:00,6,12,18,6,12,18,No Group
Manchester City Council - Chorlton,Chorlton Place,2019,November,46,Sunday,17 Nov 2019,08:00,17,24,41,17,24,41,No Group
Manchester City Council - Chorlton,Chorlton Place,2019,November,46,Sunday,17 Nov 2019,09:00,48,63,111,48,63,111,No Group
Manchester City Council - Chorlton,Chorlton Place,2019,November,46,Sunday,17 Nov 2019,10:00,77,96,173,77,96,173,No Group
Manchester City Council - Chorlton,Chorlton Place,2019,November,46,Sunday,17 Nov 2019,11:00,112,119,231,112,119,231,No Group
Manchester City Council - Chorlton,Chorlton Place,2019,November,46,Sunday,17 Nov 2019,12:00,101,139,240,101,139,240,No Group
Manchester City Council - Chorlton,Chorlton Place,2019,November,46,Sunday,17 Nov 2019,13:00,143,146,289,143,146,289,No Group
Manchester City Council - Chorlton,Chorlton Place,2019,November,46,Sunday,17 Nov 2019,14:00,137,123,260,137,123,260,No Group
Manchester City Council - Chorlton,Chorlton Place,2019,November,46,Sunday,17 Nov 2019,15:00,138,152,290,138,152,290,No Group
Manchester City Council - Chorlton,Chorlton Place,2019,November,46,Sunday,17 Nov 2019,16:00,86,105,191,86,105,191,No Group
Manchester City Council - Chorlton,Chorlton Place,2019,November,46,Sunday,17 Nov 2019,17:00,46,42,88,46,42,88,No Group
Manchester City Council - Chorlton,Chorlton Place,2019,November,46,Sunday,17 Nov 2019,18:00,55,44,99,55,44,99,No Group
Manchester City Council - Chorlton,Chorlton Place,2019,November,46,Sunday,17 Nov 2019,19:00,42,55,97,42,55,97,No Group
Manchester City Council - Chorlton,Chorlton Place,2019,November,46,Sunday,17 Nov 2019,20:00,31,31,62,31,31,62,No Group
Manchester City Council - Chorlton,Chorlton Place,2019,November,46,Sunday,17 Nov 2019,21:00,23,24,47,23,24,47,No Group
Manchester City Council - Chorlton,Chorlton Place,2019,November,46,Sunday,17 Nov 2019,22:00,15,7,22,15,7,22,No Group
Manchester City Council - Chorlton,Chorlton Place,2019,November,46,Sunday,17 Nov 2019,23:00,8,17,25,8,17,25,No Group
Manchester City Council - Chorlton,Chorlton Place,2019,November,47,Monday,18 Nov 2019,00:00,2,8,10,2,8,10,No Group
Manchester City Council - Chorlton,Chorlton Place,2019,November,47,Monday,18 Nov 2019,01:00,0,1,1,0,1,1,No Group
Manchester City Council - Chorlton,Chorlton Place,2019,November,47,Monday,18 Nov 2019,02:00,0,3,3,0,3,3,No Group
Manchester City Council - Chorlton,Chorlton Place,2019,November,47,Monday,18 Nov 2019,03:00,16,15,31,16,15,31,No Group
Manchester City Council - Chorlton,Chorlton Place,2019,November,47,Monday,18 Nov 2019,04:00,1,6,7,1,6,7,No Group
Manchester City Council - Chorlton,Chorlton Place,2019,November,47,Monday,18 Nov 2019,05:00,2,6,8,2,6,8,No Group
Manchester City Council - Chorlton,Chorlton Place,2019,November,47,Monday,18 Nov 2019,06:00,3,22,25,3,22,25,No Group
Manchester City Council - Chorlton,Chorlton Place,2019,November,47,Monday,18 Nov 2019,07:00,25,85,110,25,85,110,No Group
Manchester City Council - Chorlton,Chorlton Place,2019,November,47,Monday,18 Nov 2019,08:00,30,129,159,30,129,159,No Group
Manchester City Council - Chorlton,Chorlton Place,2019,November,47,Monday,18 Nov 2019,09:00,98,187,285,98,187,285,No Group
Manchester City Council - Chorlton,Chorlton Place,2019,November,47,Monday,18 Nov 2019,10:00,306,673,979,306,673,979,No Group
Manchester City Council - Chorlton,Chorlton Place,2019,November,47,Monday,18 Nov 2019,11:00,463,814,1277,463,814,1277,No Group
Manchester City Council - Chorlton,Chorlton Place,2019,November,47,Monday,18 Nov 2019,12:00,135,188,323,135,188,323,No Group
Manchester City Council - Chorlton,Chorlton Place,2019,November,47,Monday,18 Nov 2019,13:00,149,167,316,149,167,316,No Group
Manchester City Council - Chorlton,Chorlton Place,2019,November,47,Monday,18 Nov 2019,14:00,147,153,300,147,153,300,No Group
Manchester City Council - Chorlton,Chorlton Place,2019,November,47,Monday,18 Nov 2019,15:00,178,182,360,178,182,360,No Group
Manchester City Council - Chorlton,Chorlton Place,2019,November,47,Monday,18 Nov 2019,16:00,145,122,267,145,122,267,No Group
Manchester City Council - Chorlton,Chorlton Place,2019,November,47,Monday,18 Nov 2019,17:00,133,95,228,133,95,228,No Group
Manchester City Council - Chorlton,Chorlton Place,2019,November,47,Monday,18 Nov 2019,18:00,131,86,217,131,86,217,No Group
Manchester City Council - Chorlton,Chorlton Place,2019,November,47,Monday,18 Nov 2019,19:00,93,57,150,93,57,150,No Group
Manchester City Council - Chorlton,Chorlton Place,2019,November,47,Monday,18 Nov 2019,20:00,46,26,72,46,26,72,No Group
Manchester City Council - Chorlton,Chorlton Place,2019,November,47,Monday,18 Nov 2019,21:00,37,32,69,37,32,69,No Group
Manchester City Council - Chorlton,Chorlton Place,2019,November,47,Monday,18 Nov 2019,22:00,12,19,31,12,19,31,No Group
Manchester City Council - Chorlton,Chorlton Place,2019,November,47,Monday,18 Nov 2019,23:00,14,17,31,14,17,31,No Group
Manchester City Council - Chorlton,Chorlton Place,2019,November,47,Tuesday,19 Nov 2019,00:00,2,2,4,2,2,4,No Group
Manchester City Council - Chorlton,Chorlton Place,2019,November,47,Tuesday,19 Nov 2019,01:00,8,8,16,8,8,16,No Group
Manchester City Council - Chorlton,Chorlton Place,2019,November,47,Tuesday,19 Nov 2019,02:00,0,0,0,0,0,0,No Group
Manchester City Council - Chorlton,Chorlton Place,2019,November,47,Tuesday,19 Nov 2019,03:00,1,0,1,1,0,1,No Group
Manchester City Council - Chorlton,Chorlton Place,2019,November,47,Tuesday,19 Nov 2019,04:00,0,4,4,0,4,4,No Group
Manchester City Council - Chorlton,Chorlton Place,2019,November,47,Tuesday,19 Nov 2019,05:00,0,5,5,0,5,5,No Group
Manchester City Council - Chorlton,Chorlton Place,2019,November,47,Tuesday,19 Nov 2019,06:00,7,25,32,7,25,32,No Group
Manchester City Council - Chorlton,Chorlton Place,2019,November,47,Tuesday,19 Nov 2019,07:00,34,95,129,34,95,129,No Group
Manchester City Council - Chorlton,Chorlton Place,2019,November,47,Tuesday,19 Nov 2019,08:00,39,132,171,39,132,171,No Group
Manchester City Council - Chorlton,Chorlton Place,2019,November,47,Tuesday,19 Nov 2019,09:00,67,125,192,67,125,192,No Group
Manchester City Council - Chorlton,Chorlton Place,2019,November,47,Tuesday,19 Nov 2019,10:00,106,108,214,106,108,214,No Group
Manchester City Council - Chorlton,Chorlton Place,2019,November,47,Tuesday,19 Nov 2019,11:00,146,165,311,146,165,311,No Group
Manchester City Council - Chorlton,Chorlton Place,2019,November,47,Tuesday,19 Nov 2019,12:00,176,159,335,176,159,335,No Group
Manchester City Council - Chorlton,Chorlton Place,2019,November,47,Tuesday,19 Nov 2019,13:00,144,169,313,144,169,313,No Group
Manchester City Council - Chorlton,Chorlton Place,2019,November,47,Tuesday,19 Nov 2019,14:00,160,158,318,160,158,318,No Group
Manchester City Council - Chorlton,Chorlton Place,2019,November,47,Tuesday,19 Nov 2019,15:00,165,170,335,165,170,335,No Group
Manchester City Council - Chorlton,Chorlton Place,2019,November,47,Tuesday,19 Nov 2019,16:00,112,135,247,112,135,247,No Group
Manchester City Council - Chorlton,Chorlton Place,2019,November,47,Tuesday,19 Nov 2019,17:00,94,94,188,94,94,188,No Group
Manchester City Council - Chorlton,Chorlton Place,2019,November,47,Tuesday,19 Nov 2019,18:00,102,58,160,102,58,160,No Group
Manchester City Council - Chorlton,Chorlton Place,2019,November,47,Tuesday,19 Nov 2019,19:00,77,56,133,77,56,133,No Group
Manchester City Council - Chorlton,Chorlton Place,2019,November,47,Tuesday,19 Nov 2019,20:00,43,30,73,43,30,73,No Group
Manchester City Council - Chorlton,Chorlton Place,2019,November,47,Tuesday,19 Nov 2019,21:00,30,22,52,30,22,52,No Group
Manchester City Council - Chorlton,Chorlton Place,2019,November,47,Tuesday,19 Nov 2019,22:00,29,10,39,29,10,39,No Group
Manchester City Council - Chorlton,Chorlton Place,2019,November,47,Tuesday,19 Nov 2019,23:00,11,8,19,11,8,19,No Group
Manchester City Council - Chorlton,Chorlton Place,2019,November,47,Wednesday,20 Nov 2019,00:00,5,0,5,5,0,5,No Group
Manchester City Council - Chorlton,Chorlton Place,2019,November,47,Wednesday,20 Nov 2019,01:00,5,0,5,5,0,5,No Group
Manchester City Council - Chorlton,Chorlton Place,2019,November,47,Wednesday,20 Nov 2019,02:00,2,4,6,2,4,6,No Group
Manchester City Council - Chorlton,Chorlton Place,2019,November,47,Wednesday,20 Nov 2019,03:00,0,2,2,0,2,2,No Group
Manchester City Council - Chorlton,Chorlton Place,2019,November,47,Wednesday,20 Nov 2019,04:00,0,4,4,0,4,4,No Group
Manchester City Council - Chorlton,Chorlton Place,2019,November,47,Wednesday,20 Nov 2019,05:00,5,3,8,5,3,8,No Group
Manchester City Council - Chorlton,Chorlton Place,2019,November,47,Wednesday,20 Nov 2019,06:00,11,24,35,11,24,35,No Group
Manchester City Council - Chorlton,Chorlton Place,2019,November,47,Wednesday,20 Nov 2019,07:00,24,109,133,24,109,133,No Group
Manchester City Council - Chorlton,Chorlton Place,2019,November,47,Wednesday,20 Nov 2019,08:00,35,125,160,35,125,160,No Group
Manchester City Council - Chorlton,Chorlton Place,2019,November,47,Wednesday,20 Nov 2019,09:00,74,128,202,74,128,202,No Group
Manchester City Council - Chorlton,Chorlton Place,2019,November,47,Wednesday,20 Nov 2019,10:00,276,595,871,276,595,871,No Group
Manchester City Council - Chorlton,Chorlton Place,2019,November,47,Wednesday,20 Nov 2019,11:00,171,219,390,171,219,390,No Group
Manchester City Council - Chorlton,Chorlton Place,2019,November,47,Wednesday,20 Nov 2019,12:00,149,174,323,149,174,323,No Group
Manchester City Council - Chorlton,Chorlton Place,2019,November,47,Wednesday,20 Nov 2019,13:00,128,146,274,128,146,274,No Group
Manchester City Council - Chorlton,Chorlton Place,2019,November,47,Wednesday,20 Nov 2019,14:00,141,180,321,141,180,321,No Group
Manchester City Council - Chorlton,Chorlton Place,2019,November,47,Wednesday,20 Nov 2019,15:00,172,172,344,172,172,344,No Group
Manchester City Council - Chorlton,Chorlton Place,2019,November,47,Wednesday,20 Nov 2019,16:00,123,138,261,123,138,261,No Group
Manchester City Council - Chorlton,Chorlton Place,2019,November,47,Wednesday,20 Nov 2019,17:00,141,87,228,141,87,228,No Group
Manchester City Council - Chorlton,Chorlton Place,2019,November,47,Wednesday,20 Nov 2019,18:00,123,62,185,123,62,185,No Group
Manchester City Council - Chorlton,Chorlton Place,2019,November,47,Wednesday,20 Nov 2019,19:00,72,50,122,72,50,122,No Group
Manchester City Council - Chorlton,Chorlton Place,2019,November,47,Wednesday,20 Nov 2019,20:00,58,35,93,58,35,93,No Group
Manchester City Council - Chorlton,Chorlton Place,2019,November,47,Wednesday,20 Nov 2019,21:00,22,36,58,22,36,58,No Group
Manchester City Council - Chorlton,Chorlton Place,2019,November,47,Wednesday,20 Nov 2019,22:00,27,19,46,27,19,46,No Group
Manchester City Council - Chorlton,Chorlton Place,2019,November,47,Wednesday,20 Nov 2019,23:00,32,20,52,32,20,52,No Group
Manchester City Council - Chorlton,Chorlton Place,2019,November,47,Thursday,21 Nov 2019,00:00,18,0,18,18,0,18,No Group
Manchester City Council - Chorlton,Chorlton Place,2019,November,47,Thursday,21 Nov 2019,01:00,2,1,3,2,1,3,No Group
Manchester City Council - Chorlton,Chorlton Place,2019,November,47,Thursday,21 Nov 2019,02:00,0,0,0,0,0,0,No Group
Manchester City Council - Chorlton,Chorlton Place,2019,November,47,Thursday,21 Nov 2019,03:00,1,3,4,1,3,4,No Group
Manchester City Council - Chorlton,Chorlton Place,2019,November,47,Thursday,21 Nov 2019,04:00,2,5,7,2,5,7,No Group
Manchester City Council - Chorlton,Chorlton Place,2019,November,47,Thursday,21 Nov 2019,05:00,2,5,7,2,5,7,No Group
Manchester City Council - Chorlton,Chorlton Place,2019,November,47,Thursday,21 Nov 2019,06:00,8,19,27,8,19,27,No Group
Manchester City Council - Chorlton,Chorlton Place,2019,November,47,Thursday,21 Nov 2019,07:00,26,89,115,26,89,115,No Group
Manchester City Council - Chorlton,Chorlton Place,2019,November,47,Thursday,21 Nov 2019,08:00,49,165,214,49,165,214,No Group
Manchester City Council - Chorlton,Chorlton Place,2019,November,47,Thursday,21 Nov 2019,09:00,84,130,214,84,130,214,No Group
Manchester City Council - Chorlton,Chorlton Place,2019,November,47,Thursday,21 Nov 2019,10:00,110,121,231,110,121,231,No Group
Manchester City Council - Chorlton,Chorlton Place,2019,November,47,Thursday,21 Nov 2019,11:00,152,166,318,152,166,318,No Group
Manchester City Council - Chorlton,Chorlton Place,2019,November,47,Thursday,21 Nov 2019,12:00,163,181,344,163,181,344,No Group
Manchester City Council - Chorlton,Chorlton Place,2019,November,47,Thursday,21 Nov 2019,13:00,159,163,322,159,163,322,No Group
Manchester City Council - Chorlton,Chorlton Place,2019,November,47,Thursday,21 Nov 2019,14:00,139,172,311,139,172,311,No Group
Manchester City Council - Chorlton,Chorlton Place,2019,November,47,Thursday,21 Nov 2019,15:00,162,154,316,162,154,316,No Group
Manchester City Council - Chorlton,Chorlton Place,2019,November,47,Thursday,21 Nov 2019,16:00,123,157,280,123,157,280,No Group
Manchester City Council - Chorlton,Chorlton Place,2019,November,47,Thursday,21 Nov 2019,17:00,116,93,209,116,93,209,No Group
Manchester City Council - Chorlton,Chorlton Place,2019,November,47,Thursday,21 Nov 2019,18:00,106,89,195,106,89,195,No Group
Manchester City Council - Chorlton,Chorlton Place,2019,November,47,Thursday,21 Nov 2019,19:00,76,52,128,76,52,128,No Group
Manchester City Council - Chorlton,Chorlton Place,2019,November,47,Thursday,21 Nov 2019,20:00,44,22,66,44,22,66,No Group
Manchester City Council - Chorlton,Chorlton Place,2019,November,47,Thursday,21 Nov 2019,21:00,38,23,61,38,23,61,No Group
Manchester City Council - Chorlton,Chorlton Place,2019,November,47,Thursday,21 Nov 2019,22:00,24,16,40,24,16,40,No Group
Manchester City Council - Chorlton,Chorlton Place,2019,November,47,Thursday,21 Nov 2019,23:00,18,11,29,18,11,29,No Group
Manchester City Council - Chorlton,Chorlton Place,2019,November,47,Friday,22 Nov 2019,00:00,9,1,10,9,1,10,No Group
Manchester City Council - Chorlton,Chorlton Place,2019,November,47,Friday,22 Nov 2019,01:00,3,0,3,3,0,3,No Group
Manchester City Council - Chorlton,Chorlton Place,2019,November,47,Friday,22 Nov 2019,02:00,1,1,2,1,1,2,No Group
Manchester City Council - Chorlton,Chorlton Place,2019,November,47,Friday,22 Nov 2019,03:00,0,3,3,0,3,3,No Group
Manchester City Council - Chorlton,Chorlton Place,2019,November,47,Friday,22 Nov 2019,04:00,0,5,5,0,5,5,No Group
Manchester City Council - Chorlton,Chorlton Place,2019,November,47,Friday,22 Nov 2019,05:00,3,7,10,3,7,10,No Group
Manchester City Council - Chorlton,Chorlton Place,2019,November,47,Friday,22 Nov 2019,06:00,4,22,26,4,22,26,No Group
Manchester City Council - Chorlton,Chorlton Place,2019,November,47,Friday,22 Nov 2019,07:00,29,87,116,29,87,116,No Group
Manchester City Council - Chorlton,Chorlton Place,2019,November,47,Friday,22 Nov 2019,08:00,44,169,213,44,169,213,No Group
Manchester City Council - Chorlton,Chorlton Place,2019,November,47,Friday,22 Nov 2019,09:00,112,192,304,112,192,304,No Group
Manchester City Council - Chorlton,Chorlton Place,2019,November,47,Friday,22 Nov 2019,10:00,181,185,366,181,185,366,No Group
Manchester City Council - Chorlton,Chorlton Place,2019,November,47,Friday,22 Nov 2019,11:00,170,208,378,170,208,378,No Group
Manchester City Council - Chorlton,Chorlton Place,2019,November,47,Friday,22 Nov 2019,12:00,145,198,343,145,198,343,No Group
Manchester City Council - Chorlton,Chorlton Place,2019,November,47,Friday,22 Nov 2019,13:00,157,190,347,157,190,347,No Group
Manchester City Council - Chorlton,Chorlton Place,2019,November,47,Friday,22 Nov 2019,14:00,187,197,384,187,197,384,No Group
Manchester City Council - Chorlton,Chorlton Place,2019,November,47,Friday,22 Nov 2019,15:00,159,171,330,159,171,330,No Group
Manchester City Council - Chorlton,Chorlton Place,2019,November,47,Friday,22 Nov 2019,16:00,145,143,288,145,143,288,No Group
Manchester City Council - Chorlton,Chorlton Place,2019,November,47,Friday,22 Nov 2019,17:00,119,90,209,119,90,209,No Group
Manchester City Council - Chorlton,Chorlton Place,2019,November,47,Friday,22 Nov 2019,18:00,96,72,168,96,72,168,No Group
Manchester City Council - Chorlton,Chorlton Place,2019,November,47,Friday,22 Nov 2019,19:00,77,80,157,77,80,157,No Group
Manchester City Council - Chorlton,Chorlton Place,2019,November,47,Friday,22 Nov 2019,20:00,56,64,120,56,64,120,No Group
Manchester City Council - Chorlton,Chorlton Place,2019,November,47,Friday,22 Nov 2019,21:00,42,54,96,42,54,96,No Group
Manchester City Council - Chorlton,Chorlton Place,2019,November,47,Friday,22 Nov 2019,22:00,32,32,64,32,32,64,No Group
Manchester City Council - Chorlton,Chorlton Place,2019,November,47,Friday,22 Nov 2019,23:00,42,15,57,42,15,57,No Group
Manchester City Council - Chorlton,Chorlton Place,2019,November,47,Saturday,23 Nov 2019,00:00,17,32,49,17,32,49,No Group
Manchester City Council - Chorlton,Chorlton Place,2019,November,47,Saturday,23 Nov 2019,01:00,18,3,21,18,3,21,No Group
Manchester City Council - Chorlton,Chorlton Place,2019,November,47,Saturday,23 Nov 2019,02:00,3,0,3,3,0,3,No Group
Manchester City Council - Chorlton,Chorlton Place,2019,November,47,Saturday,23 Nov 2019,03:00,0,1,1,0,1,1,No Group
Manchester City Council - Chorlton,Chorlton Place,2019,November,47,Saturday,23 Nov 2019,04:00,1,3,4,1,3,4,No Group
Manchester City Council - Chorlton,Chorlton Place,2019,November,47,Saturday,23 Nov 2019,05:00,10,24,34,10,24,34,No Group
Manchester City Council - Chorlton,Chorlton Place,2019,November,47,Saturday,23 Nov 2019,06:00,3,5,8,3,5,8,No Group
Manchester City Council - Chorlton,Chorlton Place,2019,November,47,Saturday,23 Nov 2019,07:00,7,31,38,7,31,38,No Group
Manchester City Council - Chorlton,Chorlton Place,2019,November,47,Saturday,23 Nov 2019,08:00,35,54,89,35,54,89,No Group
Manchester City Council - Chorlton,Chorlton Place,2019,November,47,Saturday,23 Nov 2019,09:00,101,129,230,101,129,230,No Group
Manchester City Council - Chorlton,Chorlton Place,2019,November,47,Saturday,23 Nov 2019,10:00,157,193,350,157,193,350,No Group
Manchester City Council - Chorlton,Chorlton Place,2019,November,47,Saturday,23 Nov 2019,11:00,255,292,547,255,292,547,No Group
Manchester City Council - Chorlton,Chorlton Place,2019,November,47,Saturday,23 Nov 2019,12:00,264,302,566,264,302,566,No Group
Manchester City Council - Chorlton,Chorlton Place,2019,November,47,Saturday,23 Nov 2019,13:00,260,260,520,260,260,520,No Group
Manchester City Council - Chorlton,Chorlton Place,2019,November,47,Saturday,23 Nov 2019,14:00,230,278,508,230,278,508,No Group
Manchester City Council - Chorlton,Chorlton Place,2019,November,47,Saturday,23 Nov 2019,15:00,234,239,473,234,239,473,No Group
Manchester City Council - Chorlton,Chorlton Place,2019,November,47,Saturday,23 Nov 2019,16:00,181,197,378,181,197,378,No Group
Manchester City Council - Chorlton,Chorlton Place,2019,November,47,Saturday,23 Nov 2019,17:00,109,86,195,109,86,195,No Group
Manchester City Council - Chorlton,Chorlton Place,2019,November,47,Saturday,23 Nov 2019,18:00,96,82,178,96,82,178,No Group
Manchester City Council - Chorlton,Chorlton Place,2019,November,47,Saturday,23 Nov 2019,19:00,70,90,160,70,90,160,No Group
Manchester City Council - Chorlton,Chorlton Place,2019,November,47,Saturday,23 Nov 2019,20:00,49,55,104,49,55,104,No Group
Manchester City Council - Chorlton,Chorlton Place,2019,November,47,Saturday,23 Nov 2019,21:00,47,64,111,47,64,111,No Group
Manchester City Council - Chorlton,Chorlton Place,2019,November,47,Saturday,23 Nov 2019,22:00,26,42,68,26,42,68,No Group
Manchester City Council - Chorlton,Chorlton Place,2019,November,47,Saturday,23 Nov 2019,23:00,35,36,71,35,36,71,No Group
Manchester City Council - Chorlton,Chorlton Place,2019,November,47,Sunday,24 Nov 2019,00:00,22,25,47,22,25,47,No Group
Manchester City Council - Chorlton,Chorlton Place,2019,November,47,Sunday,24 Nov 2019,01:00,18,7,25,18,7,25,No Group
Manchester City Council - Chorlton,Chorlton Place,2019,November,47,Sunday,24 Nov 2019,02:00,4,1,5,4,1,5,No Group
Manchester City Council - Chorlton,Chorlton Place,2019,November,47,Sunday,24 Nov 2019,03:00,0,1,1,0,1,1,No Group
Manchester City Council - Chorlton,Chorlton Place,2019,November,47,Sunday,24 Nov 2019,04:00,2,3,5,2,3,5,No Group
Manchester City Council - Chorlton,Chorlton Place,2019,November,47,Sunday,24 Nov 2019,05:00,1,4,5,1,4,5,No Group
Manchester City Council - Chorlton,Chorlton Place,2019,November,47,Sunday,24 Nov 2019,06:00,4,8,12,4,8,12,No Group
Manchester City Council - Chorlton,Chorlton Place,2019,November,47,Sunday,24 Nov 2019,07:00,2,9,11,2,9,11,No Group
Manchester City Council - Chorlton,Chorlton Place,2019,November,47,Sunday,24 Nov 2019,08:00,15,31,46,15,31,46,No Group
Manchester City Council - Chorlton,Chorlton Place,2019,November,47,Sunday,24 Nov 2019,09:00,50,72,122,50,72,122,No Group
Manchester City Council - Chorlton,Chorlton Place,2019,November,47,Sunday,24 Nov 2019,10:00,71,89,160,71,89,160,No Group
Manchester City Council - Chorlton,Chorlton Place,2019,November,47,Sunday,24 Nov 2019,11:00,100,132,232,100,132,232,No Group
Manchester City Council - Chorlton,Chorlton Place,2019,November,47,Sunday,24 Nov 2019,12:00,108,149,257,108,149,257,No Group
Manchester City Council - Chorlton,Chorlton Place,2019,November,47,Sunday,24 Nov 2019,13:00,171,187,358,171,187,358,No Group
Manchester City Council - Chorlton,Chorlton Place,2019,November,47,Sunday,24 Nov 2019,14:00,146,161,307,146,161,307,No Group
Manchester City Council - Chorlton,Chorlton Place,2019,November,47,Sunday,24 Nov 2019,15:00,136,145,281,136,145,281,No Group
Manchester City Council - Chorlton,Chorlton Place,2019,November,47,Sunday,24 Nov 2019,16:00,85,91,176,85,91,176,No Group
Manchester City Council - Chorlton,Chorlton Place,2019,November,47,Sunday,24 Nov 2019,17:00,52,54,106,52,54,106,No Group
Manchester City Council - Chorlton,Chorlton Place,2019,November,47,Sunday,24 Nov 2019,18:00,42,62,104,42,62,104,No Group
Manchester City Council - Chorlton,Chorlton Place,2019,November,47,Sunday,24 Nov 2019,19:00,33,44,77,33,44,77,No Group
Manchester City Council - Chorlton,Chorlton Place,2019,November,47,Sunday,24 Nov 2019,20:00,31,33,64,31,33,64,No Group
Manchester City Council - Chorlton,Chorlton Place,2019,November,47,Sunday,24 Nov 2019,21:00,28,20,48,28,20,48,No Group
Manchester City Council - Chorlton,Chorlton Place,2019,November,47,Sunday,24 Nov 2019,22:00,20,21,41,20,21,41,No Group
Manchester City Council - Chorlton,Chorlton Place,2019,November,47,Sunday,24 Nov 2019,23:00,9,13,22,9,13,22,No Group
Manchester City Council - Chorlton,Chorlton Place,2019,December,48,Monday,25 Nov 2019,00:00,5,2,7,5,2,7,No Group
Manchester City Council - Chorlton,Chorlton Place,2019,December,48,Monday,25 Nov 2019,01:00,1,0,1,1,0,1,No Group
Manchester City Council - Chorlton,Chorlton Place,2019,December,48,Monday,25 Nov 2019,02:00,0,0,0,0,0,0,No Group
Manchester City Council - Chorlton,Chorlton Place,2019,December,48,Monday,25 Nov 2019,03:00,8,14,22,8,14,22,No Group
Manchester City Council - Chorlton,Chorlton Place,2019,December,48,Monday,25 Nov 2019,04:00,3,3,6,3,3,6,No Group
Manchester City Council - Chorlton,Chorlton Place,2019,December,48,Monday,25 Nov 2019,05:00,0,9,9,0,9,9,No Group
Manchester City Council - Chorlton,Chorlton Place,2019,December,48,Monday,25 Nov 2019,06:00,4,22,26,4,22,26,No Group
Manchester City Council - Chorlton,Chorlton Place,2019,December,48,Monday,25 Nov 2019,07:00,27,89,116,27,89,116,No Group
Manchester City Council - Chorlton,Chorlton Place,2019,December,48,Monday,25 Nov 2019,08:00,41,188,229,41,188,229,No Group
Manchester City Council - Chorlton,Chorlton Place,2019,December,48,Monday,25 Nov 2019,09:00,101,179,280,101,179,280,No Group
Manchester City Council - Chorlton,Chorlton Place,2019,December,48,Monday,25 Nov 2019,10:00,107,118,225,107,118,225,No Group
Manchester City Council - Chorlton,Chorlton Place,2019,December,48,Monday,25 Nov 2019,11:00,118,175,293,118,175,293,No Group
Manchester City Council - Chorlton,Chorlton Place,2019,December,48,Monday,25 Nov 2019,12:00,181,165,346,181,165,346,No Group
Manchester City Council - Chorlton,Chorlton Place,2019,December,48,Monday,25 Nov 2019,13:00,159,190,349,159,190,349,No Group
Manchester City Council - Chorlton,Chorlton Place,2019,December,48,Monday,25 Nov 2019,14:00,198,216,414,198,216,414,No Group
Manchester City Council - Chorlton,Chorlton Place,2019,December,48,Monday,25 Nov 2019,15:00,160,199,359,160,199,359,No Group
Manchester City Council - Chorlton,Chorlton Place,2019,December,48,Monday,25 Nov 2019,16:00,126,121,247,126,121,247,No Group
Manchester City Council - Chorlton,Chorlton Place,2019,December,48,Monday,25 Nov 2019,17:00,116,94,210,116,94,210,No Group
Manchester City Council - Chorlton,Chorlton Place,2019,December,48,Monday,25 Nov 2019,18:00,91,60,151,91,60,151,No Group
Manchester City Council - Chorlton,Chorlton Place,2019,December,48,Monday,25 Nov 2019,19:00,48,60,108,48,60,108,No Group
Manchester City Council - Chorlton,Chorlton Place,2019,December,48,Monday,25 Nov 2019,20:00,40,36,76,40,36,76,No Group
Manchester City Council - Chorlton,Chorlton Place,2019,December,48,Monday,25 Nov 2019,21:00,25,40,65,25,40,65,No Group
Manchester City Council - Chorlton,Chorlton Place,2019,December,48,Monday,25 Nov 2019,22:00,19,33,52,19,33,52,No Group
Manchester City Council - Chorlton,Chorlton Place,2019,December,48,Monday,25 Nov 2019,23:00,11,20,31,11,20,31,No Group
Manchester City Council - Chorlton,Chorlton Place,2019,December,48,Tuesday,26 Nov 2019,00:00,6,1,7,6,1,7,No Group
Manchester City Council - Chorlton,Chorlton Place,2019,December,48,Tuesday,26 Nov 2019,01:00,2,2,4,2,2,4,No Group
Manchester City Council - Chorlton,Chorlton Place,2019,December,48,Tuesday,26 Nov 2019,02:00,6,11,17,6,11,17,No Group
Manchester City Council - Chorlton,Chorlton Place,2019,December,48,Tuesday,26 Nov 2019,03:00,0,1,1,0,1,1,No Group
Manchester City Council - Chorlton,Chorlton Place,2019,December,48,Tuesday,26 Nov 2019,04:00,1,3,4,1,3,4,No Group
Manchester City Council - Chorlton,Chorlton Place,2019,December,48,Tuesday,26 Nov 2019,05:00,0,4,4,0,4,4,No Group
Manchester City Council - Chorlton,Chorlton Place,2019,December,48,Tuesday,26 Nov 2019,06:00,6,41,47,6,41,47,No Group
Manchester City Council - Chorlton,Chorlton Place,2019,December,48,Tuesday,26 Nov 2019,07:00,32,99,131,32,99,131,No Group
Manchester City Council - Chorlton,Chorlton Place,2019,December,48,Tuesday,26 Nov 2019,08:00,42,167,209,42,167,209,No Group
Manchester City Council - Chorlton,Chorlton Place,2019,December,48,Tuesday,26 Nov 2019,09:00,87,147,234,87,147,234,No Group
Manchester City Council - Chorlton,Chorlton Place,2019,December,48,Tuesday,26 Nov 2019,10:00,145,141,286,145,141,286,No Group
Manchester City Council - Chorlton,Chorlton Place,2019,December,48,Tuesday,26 Nov 2019,11:00,175,201,376,175,201,376,No Group
Manchester City Council - Chorlton,Chorlton Place,2019,December,48,Tuesday,26 Nov 2019,12:00,172,219,391,172,219,391,No Group
Manchester City Council - Chorlton,Chorlton Place,2019,December,48,Tuesday,26 Nov 2019,13:00,162,165,327,162,165,327,No Group
Manchester City Council - Chorlton,Chorlton Place,2019,December,48,Tuesday,26 Nov 2019,14:00,173,193,366,173,193,366,No Group
Manchester City Council - Chorlton,Chorlton Place,2019,December,48,Tuesday,26 Nov 2019,15:00,175,164,339,175,164,339,No Group
Manchester City Council - Chorlton,Chorlton Place,2019,December,48,Tuesday,26 Nov 2019,16:00,128,154,282,128,154,282,No Group
Manchester City Council - Chorlton,Chorlton Place,2019,December,48,Tuesday,26 Nov 2019,17:00,109,83,192,109,83,192,No Group
Manchester City Council - Chorlton,Chorlton Place,2019,December,48,Tuesday,26 Nov 2019,18:00,109,81,190,109,81,190,No Group
Manchester City Council - Chorlton,Chorlton Place,2019,December,48,Tuesday,26 Nov 2019,19:00,57,46,103,57,46,103,No Group
Manchester City Council - Chorlton,Chorlton Place,2019,December,48,Tuesday,26 Nov 2019,20:00,50,55,105,50,55,105,No Group
Manchester City Council - Chorlton,Chorlton Place,2019,December,48,Tuesday,26 Nov 2019,21:00,40,49,89,40,49,89,No Group
Manchester City Council - Chorlton,Chorlton Place,2019,December,48,Tuesday,26 Nov 2019,22:00,26,31,57,26,31,57,No Group
Manchester City Council - Chorlton,Chorlton Place,2019,December,48,Tuesday,26 Nov 2019,23:00,19,11,30,19,11,30,No Group
Manchester City Council - Chorlton,Chorlton Place,2019,December,48,Wednesday,27 Nov 2019,00:00,2,3,5,2,3,5,No Group
Manchester City Council - Chorlton,Chorlton Place,2019,December,48,Wednesday,27 Nov 2019,01:00,1,1,2,1,1,2,No Group
Manchester City Council - Chorlton,Chorlton Place,2019,December,48,Wednesday,27 Nov 2019,02:00,1,1,2,1,1,2,No Group
Manchester City Council - Chorlton,Chorlton Place,2019,December,48,Wednesday,27 Nov 2019,03:00,0,0,0,0,0,0,No Group
Manchester City Council - Chorlton,Chorlton Place,2019,December,48,Wednesday,27 Nov 2019,04:00,1,2,3,1,2,3,No Group
Manchester City Council - Chorlton,Chorlton Place,2019,December,48,Wednesday,27 Nov 2019,05:00,2,8,10,2,8,10,No Group
Manchester City Council - Chorlton,Chorlton Place,2019,December,48,Wednesday,27 Nov 2019,06:00,9,32,41,9,32,41,No Group
Manchester City Council - Chorlton,Chorlton Place,2019,December,48,Wednesday,27 Nov 2019,07:00,41,116,157,41,116,157,No Group
Manchester City Council - Chorlton,Chorlton Place,2019,December,48,Wednesday,27 Nov 2019,08:00,57,197,254,57,197,254,No Group
Manchester City Council - Chorlton,Chorlton Place,2019,December,48,Wednesday,27 Nov 2019,09:00,102,194,296,102,194,296,No Group
Manchester City Council - Chorlton,Chorlton Place,2019,December,48,Wednesday,27 Nov 2019,10:00,129,176,305,129,176,305,No Group
Manchester City Council - Chorlton,Chorlton Place,2019,December,48,Wednesday,27 Nov 2019,11:00,163,177,340,163,177,340,No Group
Manchester City Council - Chorlton,Chorlton Place,2019,December,48,Wednesday,27 Nov 2019,12:00,192,223,415,192,223,415,No Group
Manchester City Council - Chorlton,Chorlton Place,2019,December,48,Wednesday,27 Nov 2019,13:00,228,246,474,228,246,474,No Group
Manchester City Council - Chorlton,Chorlton Place,2019,December,48,Wednesday,27 Nov 2019,14:00,206,209,415,206,209,415,No Group
Manchester City Council - Chorlton,Chorlton Place,2019,December,48,Wednesday,27 Nov 2019,15:00,176,201,377,176,201,377,No Group
Manchester City Council - Chorlton,Chorlton Place,2019,December,48,Wednesday,27 Nov 2019,16:00,113,136,249,113,136,249,No Group
Manchester City Council - Chorlton,Chorlton Place,2019,December,48,Wednesday,27 Nov 2019,17:00,13,30,43,13,30,43,No Group
Manchester City Council - Chorlton,Chorlton Place,2019,December,48,Wednesday,27 Nov 2019,18:00,18,21,39,18,21,39,No Group
Manchester City Council - Chorlton,Chorlton Place,2019,December,48,Wednesday,27 Nov 2019,19:00,12,19,31,12,19,31,No Group
Manchester City Council - Chorlton,Chorlton Place,2019,December,48,Wednesday,27 Nov 2019,20:00,5,20,25,5,20,25,No Group
Manchester City Council - Chorlton,Chorlton Place,2019,December,48,Wednesday,27 Nov 2019,21:00,25,24,49,25,24,49,No Group
Manchester City Council - Chorlton,Chorlton Place,2019,December,48,Wednesday,27 Nov 2019,22:00,18,19,37,18,19,37,No Group
Manchester City Council - Chorlton,Chorlton Place,2019,December,48,Wednesday,27 Nov 2019,23:00,16,15,31,16,15,31,No Group
Manchester City Council - Chorlton,Chorlton Place,2019,December,48,Thursday,28 Nov 2019,00:00,8,5,13,8,5,13,No Group
Manchester City Council - Chorlton,Chorlton Place,2019,December,48,Thursday,28 Nov 2019,01:00,1,2,3,1,2,3,No Group
Manchester City Council - Chorlton,Chorlton Place,2019,December,48,Thursday,28 Nov 2019,02:00,0,2,2,0,2,2,No Group
Manchester City Council - Chorlton,Chorlton Place,2019,December,48,Thursday,28 Nov 2019,03:00,0,1,1,0,1,1,No Group
Manchester City Council - Chorlton,Chorlton Place,2019,December,48,Thursday,28 Nov 2019,04:00,4,3,7,4,3,7,No Group
Manchester City Council - Chorlton,Chorlton Place,2019,December,48,Thursday,28 Nov 2019,05:00,2,7,9,2,7,9,No Group
Manchester City Council - Chorlton,Chorlton Place,2019,December,48,Thursday,28 Nov 2019,06:00,6,18,24,6,18,24,No Group
Manchester City Council - Chorlton,Chorlton Place,2019,December,48,Thursday,28 Nov 2019,07:00,27,112,139,27,112,139,No Group
Manchester City Council - Chorlton,Chorlton Place,2019,December,48,Thursday,28 Nov 2019,08:00,29,145,174,29,145,174,No Group
Manchester City Council - Chorlton,Chorlton Place,2019,December,48,Thursday,28 Nov 2019,09:00,96,132,228,96,132,228,No Group
Manchester City Council - Chorlton,Chorlton Place,2019,December,48,Thursday,28 Nov 2019,10:00,115,144,259,115,144,259,No Group
Manchester City Council - Chorlton,Chorlton Place,2019,December,48,Thursday,28 Nov 2019,11:00,61,85,146,61,85,146,No Group
Manchester City Council - Chorlton,Chorlton Place,2019,December,48,Thursday,28 Nov 2019,12:00,194,191,385,194,191,385,No Group
Manchester City Council - Chorlton,Chorlton Place,2019,December,48,Thursday,28 Nov 2019,13:00,180,244,424,180,244,424,No Group
Manchester City Council - Chorlton,Chorlton Place,2019,December,48,Thursday,28 Nov 2019,14:00,165,179,344,165,179,344,No Group
Manchester City Council - Chorlton,Chorlton Place,2019,December,48,Thursday,28 Nov 2019,15:00,169,167,336,169,167,336,No Group
Manchester City Council - Chorlton,Chorlton Place,2019,December,48,Thursday,28 Nov 2019,16:00,125,106,231,125,106,231,No Group
Manchester City Council - Chorlton,Chorlton Place,2019,December,48,Thursday,28 Nov 2019,17:00,113,83,196,113,83,196,No Group
Manchester City Council - Chorlton,Chorlton Place,2019,December,48,Thursday,28 Nov 2019,18:00,96,74,170,96,74,170,No Group
Manchester City Council - Chorlton,Chorlton Place,2019,December,48,Thursday,28 Nov 2019,19:00,73,72,145,73,72,145,No Group
Manchester City Council - Chorlton,Chorlton Place,2019,December,48,Thursday,28 Nov 2019,20:00,64,38,102,64,38,102,No Group
Manchester City Council - Chorlton,Chorlton Place,2019,December,48,Thursday,28 Nov 2019,21:00,47,38,85,47,38,85,No Group
Manchester City Council - Chorlton,Chorlton Place,2019,December,48,Thursday,28 Nov 2019,22:00,25,17,42,25,17,42,No Group
Manchester City Council - Chorlton,Chorlton Place,2019,December,48,Thursday,28 Nov 2019,23:00,18,9,27,18,9,27,No Group
Manchester City Council - Chorlton,Chorlton Place,2019,December,48,Friday,29 Nov 2019,00:00,12,4,16,12,4,16,No Group
Manchester City Council - Chorlton,Chorlton Place,2019,December,48,Friday,29 Nov 2019,01:00,2,2,4,2,2,4,No Group
Manchester City Council - Chorlton,Chorlton Place,2019,December,48,Friday,29 Nov 2019,02:00,0,0,0,0,0,0,No Group
Manchester City Council - Chorlton,Chorlton Place,2019,December,48,Friday,29 Nov 2019,03:00,0,3,3,0,3,3,No Group
Manchester City Council - Chorlton,Chorlton Place,2019,December,48,Friday,29 Nov 2019,04:00,1,1,2,1,1,2,No Group
Manchester City Council - Chorlton,Chorlton Place,2019,December,48,Friday,29 Nov 2019,05:00,3,6,9,3,6,9,No Group
Manchester City Council - Chorlton,Chorlton Place,2019,December,48,Friday,29 Nov 2019,06:00,7,27,34,7,27,34,No Group
Manchester City Council - Chorlton,Chorlton Place,2019,December,48,Friday,29 Nov 2019,07:00,30,99,129,30,99,129,No Group
Manchester City Council - Chorlton,Chorlton Place,2019,December,48,Friday,29 Nov 2019,08:00,52,132,184,52,132,184,No Group
Manchester City Council - Chorlton,Chorlton Place,2019,December,48,Friday,29 Nov 2019,09:00,89,121,210,89,121,210,No Group
Manchester City Council - Chorlton,Chorlton Place,2019,December,48,Friday,29 Nov 2019,10:00,300,491,791,300,491,791,No Group
Manchester City Council - Chorlton,Chorlton Place,2019,December,48,Friday,29 Nov 2019,11:00,160,276,436,160,276,436,No Group
Manchester City Council - Chorlton,Chorlton Place,2019,December,48,Friday,29 Nov 2019,12:00,201,260,461,201,260,461,No Group
Manchester City Council - Chorlton,Chorlton Place,2019,December,48,Friday,29 Nov 2019,13:00,178,205,383,178,205,383,No Group
Manchester City Council - Chorlton,Chorlton Place,2019,December,48,Friday,29 Nov 2019,14:00,194,205,399,194,205,399,No Group
Manchester City Council - Chorlton,Chorlton Place,2019,December,48,Friday,29 Nov 2019,15:00,165,227,392,165,227,392,No Group
Manchester City Council - Chorlton,Chorlton Place,2019,December,48,Friday,29 Nov 2019,16:00,185,183,368,185,183,368,No Group
Manchester City Council - Chorlton,Chorlton Place,2019,December,48,Friday,29 Nov 2019,17:00,139,125,264,139,125,264,No Group
Manchester City Council - Chorlton,Chorlton Place,2019,December,48,Friday,29 Nov 2019,18:00,103,77,180,103,77,180,No Group
Manchester City Council - Chorlton,Chorlton Place,2019,December,48,Friday,29 Nov 2019,19:00,85,57,142,85,57,142,No Group
Manchester City Council - Chorlton,Chorlton Place,2019,December,48,Friday,29 Nov 2019,20:00,71,71,142,71,71,142,No Group
Manchester City Council - Chorlton,Chorlton Place,2019,December,48,Friday,29 Nov 2019,21:00,56,53,109,56,53,109,No Group
Manchester City Council - Chorlton,Chorlton Place,2019,December,48,Friday,29 Nov 2019,22:00,35,40,75,35,40,75,No Group
Manchester City Council - Chorlton,Chorlton Place,2019,December,48,Friday,29 Nov 2019,23:00,33,21,54,33,21,54,No Group
Manchester City Council - Chorlton,Chorlton Place,2019,December,48,Saturday,30 Nov 2019,00:00,18,32,50,18,32,50,No Group
Manchester City Council - Chorlton,Chorlton Place,2019,December,48,Saturday,30 Nov 2019,01:00,11,3,14,11,3,14,No Group
Manchester City Council - Chorlton,Chorlton Place,2019,December,48,Saturday,30 Nov 2019,02:00,4,0,4,4,0,4,No Group
Manchester City Council - Chorlton,Chorlton Place,2019,December,48,Saturday,30 Nov 2019,03:00,2,2,4,2,2,4,No Group
Manchester City Council - Chorlton,Chorlton Place,2019,December,48,Saturday,30 Nov 2019,04:00,3,12,15,3,12,15,No Group
Manchester City Council - Chorlton,Chorlton Place,2019,December,48,Saturday,30 Nov 2019,05:00,5,12,17,5,12,17,No Group
Manchester City Council - Chorlton,Chorlton Place,2019,December,48,Saturday,30 Nov 2019,06:00,9,14,23,9,14,23,No Group
Manchester City Council - Chorlton,Chorlton Place,2019,December,48,Saturday,30 Nov 2019,07:00,10,33,43,10,33,43,No Group
Manchester City Council - Chorlton,Chorlton Place,2019,December,48,Saturday,30 Nov 2019,08:00,44,64,108,44,64,108,No Group
Manchester City Council - Chorlton,Chorlton Place,2019,December,48,Saturday,30 Nov 2019,09:00,87,122,209,87,122,209,No Group
Manchester City Council - Chorlton,Chorlton Place,2019,December,48,Saturday,30 Nov 2019,10:00,167,203,370,167,203,370,No Group
Manchester City Council - Chorlton,Chorlton Place,2019,December,48,Saturday,30 Nov 2019,11:00,285,368,653,285,368,653,No Group
Manchester City Council - Chorlton,Chorlton Place,2019,December,48,Saturday,30 Nov 2019,12:00,252,296,548,252,296,548,No Group
Manchester City Council - Chorlton,Chorlton Place,2019,December,48,Saturday,30 Nov 2019,13:00,267,297,564,267,297,564,No Group
Manchester City Council - Chorlton,Chorlton Place,2019,December,48,Saturday,30 Nov 2019,14:00,267,328,595,267,328,595,No Group
Manchester City Council - Chorlton,Chorlton Place,2019,December,48,Saturday,30 Nov 2019,15:00,240,266,506,240,266,506,No Group
Manchester City Council - Chorlton,Chorlton Place,2019,December,48,Saturday,30 Nov 2019,16:00,165,179,344,165,179,344,No Group
Manchester City Council - Chorlton,Chorlton Place,2019,December,48,Saturday,30 Nov 2019,17:00,113,97,210,113,97,210,No Group
Manchester City Council - Chorlton,Chorlton Place,2019,December,48,Saturday,30 Nov 2019,18:00,83,70,153,83,70,153,No Group
Manchester City Council - Chorlton,Chorlton Place,2019,December,48,Saturday,30 Nov 2019,19:00,86,62,148,86,62,148,No Group
Manchester City Council - Chorlton,Chorlton Place,2019,December,48,Saturday,30 Nov 2019,20:00,52,57,109,52,57,109,No Group
Manchester City Council - Chorlton,Chorlton Place,2019,December,48,Saturday,30 Nov 2019,21:00,60,65,125,60,65,125,No Group
Manchester City Council - Chorlton,Chorlton Place,2019,December,48,Saturday,30 Nov 2019,22:00,48,43,91,48,43,91,No Group
Manchester City Council - Chorlton,Chorlton Place,2019,December,48,Saturday,30 Nov 2019,23:00,26,26,52,26,26,52,No Group
Manchester City Council - Chorlton,Chorlton Place,2019,December,48,Sunday,01 Dec 2019,00:00,28,33,61,28,33,61,No Group
Manchester City Council - Chorlton,Chorlton Place,2019,December,48,Sunday,01 Dec 2019,01:00,16,4,20,16,4,20,No Group
Manchester City Council - Chorlton,Chorlton Place,2019,December,48,Sunday,01 Dec 2019,02:00,5,1,6,5,1,6,No Group
Manchester City Council - Chorlton,Chorlton Place,2019,December,48,Sunday,01 Dec 2019,03:00,1,0,1,1,0,1,No Group
Manchester City Council - Chorlton,Chorlton Place,2019,December,48,Sunday,01 Dec 2019,04:00,1,4,5,1,4,5,No Group
Manchester City Council - Chorlton,Chorlton Place,2019,December,48,Sunday,01 Dec 2019,05:00,1,4,5,1,4,5,No Group
Manchester City Council - Chorlton,Chorlton Place,2019,December,48,Sunday,01 Dec 2019,06:00,3,6,9,3,6,9,No Group
Manchester City Council - Chorlton,Chorlton Place,2019,December,48,Sunday,01 Dec 2019,07:00,6,4,10,6,4,10,No Group
Manchester City Council - Chorlton,Chorlton Place,2019,December,48,Sunday,01 Dec 2019,08:00,19,25,44,19,25,44,No Group
Manchester City Council - Chorlton,Chorlton Place,2019,December,48,Sunday,01 Dec 2019,09:00,37,51,88,37,51,88,No Group
Manchester City Council - Chorlton,Chorlton Place,2019,December,48,Sunday,01 Dec 2019,10:00,82,104,186,82,104,186,No Group
Manchester City Council - Chorlton,Chorlton Place,2019,December,48,Sunday,01 Dec 2019,11:00,175,322,497,175,322,497,No Group
Manchester City Council - Chorlton,Chorlton Place,2019,December,48,Sunday,01 Dec 2019,12:00,124,176,300,124,176,300,No Group
Manchester City Council - Chorlton,Chorlton Place,2019,December,48,Sunday,01 Dec 2019,13:00,152,176,328,152,176,328,No Group
Manchester City Council - Chorlton,Chorlton Place,2019,December,48,Sunday,01 Dec 2019,14:00,135,139,274,135,139,274,No Group
Manchester City Council - Chorlton,Chorlton Place,2019,December,48,Sunday,01 Dec 2019,15:00,167,155,322,167,155,322,No Group
Manchester City Council - Chorlton,Chorlton Place,2019,December,48,Sunday,01 Dec 2019,16:00,101,109,210,101,109,210,No Group
Manchester City Council - Chorlton,Chorlton Place,2019,December,48,Sunday,01 Dec 2019,17:00,71,79,150,71,79,150,No Group
Manchester City Council - Chorlton,Chorlton Place,2019,December,48,Sunday,01 Dec 2019,18:00,64,82,146,64,82,146,No Group
Manchester City Council - Chorlton,Chorlton Place,2019,December,48,Sunday,01 Dec 2019,19:00,48,50,98,48,50,98,No Group
Manchester City Council - Chorlton,Chorlton Place,2019,December,48,Sunday,01 Dec 2019,20:00,50,40,90,50,40,90,No Group
Manchester City Council - Chorlton,Chorlton Place,2019,December,48,Sunday,01 Dec 2019,21:00,27,30,57,27,30,57,No Group
Manchester City Council - Chorlton,Chorlton Place,2019,December,48,Sunday,01 Dec 2019,22:00,11,20,31,11,20,31,No Group
Manchester City Council - Chorlton,Chorlton Place,2019,December,48,Sunday,01 Dec 2019,23:00,17,16,33,17,16,33,No Group
Manchester City Council - Chorlton,Chorlton Place,2019,December,49,Monday,02 Dec 2019,00:00,8,3,11,8,3,11,No Group
Manchester City Council - Chorlton,Chorlton Place,2019,December,49,Monday,02 Dec 2019,01:00,0,0,0,0,0,0,No Group
Manchester City Council - Chorlton,Chorlton Place,2019,December,49,Monday,02 Dec 2019,02:00,0,0,0,0,0,0,No Group
Manchester City Council - Chorlton,Chorlton Place,2019,December,49,Monday,02 Dec 2019,03:00,0,0,0,0,0,0,No Group
Manchester City Council - Chorlton,Chorlton Place,2019,December,49,Monday,02 Dec 2019,04:00,8,12,20,8,12,20,No Group
Manchester City Council - Chorlton,Chorlton Place,2019,December,49,Monday,02 Dec 2019,05:00,1,5,6,1,5,6,No Group
Manchester City Council - Chorlton,Chorlton Place,2019,December,49,Monday,02 Dec 2019,06:00,5,18,23,5,18,23,No Group
Manchester City Council - Chorlton,Chorlton Place,2019,December,49,Monday,02 Dec 2019,07:00,28,98,126,28,98,126,No Group
Manchester City Council - Chorlton,Chorlton Place,2019,December,49,Monday,02 Dec 2019,08:00,29,128,157,29,128,157,No Group
Manchester City Council - Chorlton,Chorlton Place,2019,December,49,Monday,02 Dec 2019,09:00,78,101,179,78,101,179,No Group
Manchester City Council - Chorlton,Chorlton Place,2019,December,49,Monday,02 Dec 2019,10:00,135,202,337,135,202,337,No Group
Manchester City Council - Chorlton,Chorlton Place,2019,December,49,Monday,02 Dec 2019,11:00,124,158,282,124,158,282,No Group
Manchester City Council - Chorlton,Chorlton Place,2019,December,49,Monday,02 Dec 2019,12:00,180,157,337,180,157,337,No Group
Manchester City Council - Chorlton,Chorlton Place,2019,December,49,Monday,02 Dec 2019,13:00,142,157,299,142,157,299,No Group
Manchester City Council - Chorlton,Chorlton Place,2019,December,49,Monday,02 Dec 2019,14:00,155,158,313,155,158,313,No Group
Manchester City Council - Chorlton,Chorlton Place,2019,December,49,Monday,02 Dec 2019,15:00,180,181,361,180,181,361,No Group
Manchester City Council - Chorlton,Chorlton Place,2019,December,49,Monday,02 Dec 2019,16:00,152,114,266,152,114,266,No Group
Manchester City Council - Chorlton,Chorlton Place,2019,December,49,Monday,02 Dec 2019,17:00,114,98,212,114,98,212,No Group
Manchester City Council - Chorlton,Chorlton Place,2019,December,49,Monday,02 Dec 2019,18:00,98,50,148,98,50,148,No Group
Manchester City Council - Chorlton,Chorlton Place,2019,December,49,Monday,02 Dec 2019,19:00,54,45,99,54,45,99,No Group
Manchester City Council - Chorlton,Chorlton Place,2019,December,49,Monday,02 Dec 2019,20:00,56,52,108,56,52,108,No Group
Manchester City Council - Chorlton,Chorlton Place,2019,December,49,Monday,02 Dec 2019,21:00,26,34,60,26,34,60,No Group
Manchester City Council - Chorlton,Chorlton Place,2019,December,49,Monday,02 Dec 2019,22:00,20,21,41,20,21,41,No Group
Manchester City Council - Chorlton,Chorlton Place,2019,December,49,Monday,02 Dec 2019,23:00,14,14,28,14,14,28,No Group
Manchester City Council - Chorlton,Chorlton Place,2019,December,49,Tuesday,03 Dec 2019,00:00,0,1,1,0,1,1,No Group
Manchester City Council - Chorlton,Chorlton Place,2019,December,49,Tuesday,03 Dec 2019,01:00,6,8,14,6,8,14,No Group
Manchester City Council - Chorlton,Chorlton Place,2019,December,49,Tuesday,03 Dec 2019,02:00,0,0,0,0,0,0,No Group
Manchester City Council - Chorlton,Chorlton Place,2019,December,49,Tuesday,03 Dec 2019,03:00,0,3,3,0,3,3,No Group
Manchester City Council - Chorlton,Chorlton Place,2019,December,49,Tuesday,03 Dec 2019,04:00,2,5,7,2,5,7,No Group
Manchester City Council - Chorlton,Chorlton Place,2019,December,49,Tuesday,03 Dec 2019,05:00,1,8,9,1,8,9,No Group
Manchester City Council - Chorlton,Chorlton Place,2019,December,49,Tuesday,03 Dec 2019,06:00,4,28,32,4,28,32,No Group
Manchester City Council - Chorlton,Chorlton Place,2019,December,49,Tuesday,03 Dec 2019,07:00,28,88,116,28,88,116,No Group
Manchester City Council - Chorlton,Chorlton Place,2019,December,49,Tuesday,03 Dec 2019,08:00,41,131,172,41,131,172,No Group
Manchester City Council - Chorlton,Chorlton Place,2019,December,49,Tuesday,03 Dec 2019,09:00,68,148,216,68,148,216,No Group
Manchester City Council - Chorlton,Chorlton Place,2019,December,49,Tuesday,03 Dec 2019,10:00,156,175,331,156,175,331,No Group
Manchester City Council - Chorlton,Chorlton Place,2019,December,49,Tuesday,03 Dec 2019,11:00,169,181,350,169,181,350,No Group
Manchester City Council - Chorlton,Chorlton Place,2019,December,49,Tuesday,03 Dec 2019,12:00,146,161,307,146,161,307,No Group
Manchester City Council - Chorlton,Chorlton Place,2019,December,49,Tuesday,03 Dec 2019,13:00,149,137,286,149,137,286,No Group
Manchester City Council - Chorlton,Chorlton Place,2019,December,49,Tuesday,03 Dec 2019,14:00,166,182,348,166,182,348,No Group
Manchester City Council - Chorlton,Chorlton Place,2019,December,49,Tuesday,03 Dec 2019,15:00,199,167,366,199,167,366,No Group
Manchester City Council - Chorlton,Chorlton Place,2019,December,49,Tuesday,03 Dec 2019,16:00,131,151,282,131,151,282,No Group
Manchester City Council - Chorlton,Chorlton Place,2019,December,49,Tuesday,03 Dec 2019,17:00,140,86,226,140,86,226,No Group
Manchester City Council - Chorlton,Chorlton Place,2019,December,49,Tuesday,03 Dec 2019,18:00,77,60,137,77,60,137,No Group
Manchester City Council - Chorlton,Chorlton Place,2019,December,49,Tuesday,03 Dec 2019,19:00,55,48,103,55,48,103,No Group
Manchester City Council - Chorlton,Chorlton Place,2019,December,49,Tuesday,03 Dec 2019,20:00,34,43,77,34,43,77,No Group
Manchester City Council - Chorlton,Chorlton Place,2019,December,49,Tuesday,03 Dec 2019,21:00,22,23,45,22,23,45,No Group
Manchester City Council - Chorlton,Chorlton Place,2019,December,49,Tuesday,03 Dec 2019,22:00,30,45,75,30,45,75,No Group
Manchester City Council - Chorlton,Chorlton Place,2019,December,49,Tuesday,03 Dec 2019,23:00,23,12,35,23,12,35,No Group
Manchester City Council - Chorlton,Chorlton Place,2019,December,49,Wednesday,04 Dec 2019,00:00,1,2,3,1,2,3,No Group
Manchester City Council - Chorlton,Chorlton Place,2019,December,49,Wednesday,04 Dec 2019,01:00,2,1,3,2,1,3,No Group
Manchester City Council - Chorlton,Chorlton Place,2019,December,49,Wednesday,04 Dec 2019,02:00,0,0,0,0,0,0,No Group
Manchester City Council - Chorlton,Chorlton Place,2019,December,49,Wednesday,04 Dec 2019,03:00,0,3,3,0,3,3,No Group
Manchester City Council - Chorlton,Chorlton Place,2019,December,49,Wednesday,04 Dec 2019,04:00,2,6,8,2,6,8,No Group
Manchester City Council - Chorlton,Chorlton Place,2019,December,49,Wednesday,04 Dec 2019,05:00,2,8,10,2,8,10,No Group
Manchester City Council - Chorlton,Chorlton Place,2019,December,49,Wednesday,04 Dec 2019,06:00,6,38,44,6,38,44,No Group
Manchester City Council - Chorlton,Chorlton Place,2019,December,49,Wednesday,04 Dec 2019,07:00,23,115,138,23,115,138,No Group
Manchester City Council - Chorlton,Chorlton Place,2019,December,49,Wednesday,04 Dec 2019,08:00,37,138,175,37,138,175,No Group
Manchester City Council - Chorlton,Chorlton Place,2019,December,49,Wednesday,04 Dec 2019,09:00,75,139,214,75,139,214,No Group
Manchester City Council - Chorlton,Chorlton Place,2019,December,49,Wednesday,04 Dec 2019,10:00,180,309,489,180,309,489,No Group
Manchester City Council - Chorlton,Chorlton Place,2019,December,49,Wednesday,04 Dec 2019,11:00,162,188,350,162,188,350,No Group
Manchester City Council - Chorlton,Chorlton Place,2019,December,49,Wednesday,04 Dec 2019,12:00,128,168,296,128,168,296,No Group
Manchester City Council - Chorlton,Chorlton Place,2019,December,49,Wednesday,04 Dec 2019,13:00,169,194,363,169,194,363,No Group
Manchester City Council - Chorlton,Chorlton Place,2019,December,49,Wednesday,04 Dec 2019,14:00,151,174,325,151,174,325,No Group
Manchester City Council - Chorlton,Chorlton Place,2019,December,49,Wednesday,04 Dec 2019,15:00,143,162,305,143,162,305,No Group
Manchester City Council - Chorlton,Chorlton Place,2019,December,49,Wednesday,04 Dec 2019,16:00,148,128,276,148,128,276,No Group
Manchester City Council - Chorlton,Chorlton Place,2019,December,49,Wednesday,04 Dec 2019,17:00,120,119,239,120,119,239,No Group
Manchester City Council - Chorlton,Chorlton Place,2019,December,49,Wednesday,04 Dec 2019,18:00,110,70,180,110,70,180,No Group
Manchester City Council - Chorlton,Chorlton Place,2019,December,49,Wednesday,04 Dec 2019,19:00,82,62,144,82,62,144,No Group
Manchester City Council - Chorlton,Chorlton Place,2019,December,49,Wednesday,04 Dec 2019,20:00,53,63,116,53,63,116,No Group
Manchester City Council - Chorlton,Chorlton Place,2019,December,49,Wednesday,04 Dec 2019,21:00,34,42,76,34,42,76,No Group
Manchester City Council - Chorlton,Chorlton Place,2019,December,49,Wednesday,04 Dec 2019,22:00,31,36,67,31,36,67,No Group
Manchester City Council - Chorlton,Chorlton Place,2019,December,49,Wednesday,04 Dec 2019,23:00,29,26,55,29,26,55,No Group
Manchester City Council - Chorlton,Chorlton Place,2019,December,49,Thursday,05 Dec 2019,00:00,5,6,11,5,6,11,No Group
Manchester City Council - Chorlton,Chorlton Place,2019,December,49,Thursday,05 Dec 2019,01:00,2,1,3,2,1,3,No Group
Manchester City Council - Chorlton,Chorlton Place,2019,December,49,Thursday,05 Dec 2019,02:00,0,0,0,0,0,0,No Group
Manchester City Council - Chorlton,Chorlton Place,2019,December,49,Thursday,05 Dec 2019,03:00,2,7,9,2,7,9,No Group
Manchester City Council - Chorlton,Chorlton Place,2019,December,49,Thursday,05 Dec 2019,04:00,3,4,7,3,4,7,No Group
Manchester City Council - Chorlton,Chorlton Place,2019,December,49,Thursday,05 Dec 2019,05:00,0,3,3,0,3,3,No Group
Manchester City Council - Chorlton,Chorlton Place,2019,December,49,Thursday,05 Dec 2019,06:00,6,33,39,6,33,39,No Group
Manchester City Council - Chorlton,Chorlton Place,2019,December,49,Thursday,05 Dec 2019,07:00,27,90,117,27,90,117,No Group
Manchester City Council - Chorlton,Chorlton Place,2019,December,49,Thursday,05 Dec 2019,08:00,22,128,150,22,128,150,No Group
Manchester City Council - Chorlton,Chorlton Place,2019,December,49,Thursday,05 Dec 2019,09:00,93,122,215,93,122,215,No Group
Manchester City Council - Chorlton,Chorlton Place,2019,December,49,Thursday,05 Dec 2019,10:00,137,141,278,137,141,278,No Group
Manchester City Council - Chorlton,Chorlton Place,2019,December,49,Thursday,05 Dec 2019,11:00,129,157,286,129,157,286,No Group
Manchester City Council - Chorlton,Chorlton Place,2019,December,49,Thursday,05 Dec 2019,12:00,151,179,330,151,179,330,No Group
Manchester City Council - Chorlton,Chorlton Place,2019,December,49,Thursday,05 Dec 2019,13:00,162,170,332,162,170,332,No Group
Manchester City Council - Chorlton,Chorlton Place,2019,December,49,Thursday,05 Dec 2019,14:00,174,213,387,174,213,387,No Group
Manchester City Council - Chorlton,Chorlton Place,2019,December,49,Thursday,05 Dec 2019,15:00,179,165,344,179,165,344,No Group
Manchester City Council - Chorlton,Chorlton Place,2019,December,49,Thursday,05 Dec 2019,16:00,120,129,249,120,129,249,No Group
Manchester City Council - Chorlton,Chorlton Place,2019,December,49,Thursday,05 Dec 2019,17:00,111,90,201,111,90,201,No Group
Manchester City Council - Chorlton,Chorlton Place,2019,December,49,Thursday,05 Dec 2019,18:00,93,70,163,93,70,163,No Group
Manchester City Council - Chorlton,Chorlton Place,2019,December,49,Thursday,05 Dec 2019,19:00,76,61,137,76,61,137,No Group
Manchester City Council - Chorlton,Chorlton Place,2019,December,49,Thursday,05 Dec 2019,20:00,37,37,74,37,37,74,No Group
Manchester City Council - Chorlton,Chorlton Place,2019,December,49,Thursday,05 Dec 2019,21:00,25,47,72,25,47,72,No Group
Manchester City Council - Chorlton,Chorlton Place,2019,December,49,Thursday,05 Dec 2019,22:00,27,38,65,27,38,65,No Group
Manchester City Council - Chorlton,Chorlton Place,2019,December,49,Thursday,05 Dec 2019,23:00,20,14,34,20,14,34,No Group
Manchester City Council - Chorlton,Chorlton Place,2019,December,49,Friday,06 Dec 2019,00:00,8,11,19,8,11,19,No Group
Manchester City Council - Chorlton,Chorlton Place,2019,December,49,Friday,06 Dec 2019,01:00,3,0,3,3,0,3,No Group
Manchester City Council - Chorlton,Chorlton Place,2019,December,49,Friday,06 Dec 2019,02:00,1,1,2,1,1,2,No Group
Manchester City Council - Chorlton,Chorlton Place,2019,December,49,Friday,06 Dec 2019,03:00,2,4,6,2,4,6,No Group
Manchester City Council - Chorlton,Chorlton Place,2019,December,49,Friday,06 Dec 2019,04:00,2,3,5,2,3,5,No Group
Manchester City Council - Chorlton,Chorlton Place,2019,December,49,Friday,06 Dec 2019,05:00,2,5,7,2,5,7,No Group
Manchester City Council - Chorlton,Chorlton Place,2019,December,49,Friday,06 Dec 2019,06:00,9,27,36,9,27,36,No Group
Manchester City Council - Chorlton,Chorlton Place,2019,December,49,Friday,06 Dec 2019,07:00,34,114,148,34,114,148,No Group
Manchester City Council - Chorlton,Chorlton Place,2019,December,49,Friday,06 Dec 2019,08:00,57,171,228,57,171,228,No Group
Manchester City Council - Chorlton,Chorlton Place,2019,December,49,Friday,06 Dec 2019,09:00,93,167,260,93,167,260,No Group
Manchester City Council - Chorlton,Chorlton Place,2019,December,49,Friday,06 Dec 2019,10:00,183,231,414,183,231,414,No Group
Manchester City Council - Chorlton,Chorlton Place,2019,December,49,Friday,06 Dec 2019,11:00,218,275,493,218,275,493,No Group
Manchester City Council - Chorlton,Chorlton Place,2019,December,49,Friday,06 Dec 2019,12:00,192,218,410,192,218,410,No Group
Manchester City Council - Chorlton,Chorlton Place,2019,December,49,Friday,06 Dec 2019,13:00,243,244,487,243,244,487,No Group
Manchester City Council - Chorlton,Chorlton Place,2019,December,49,Friday,06 Dec 2019,14:00,214,230,444,214,230,444,No Group
Manchester City Council - Chorlton,Chorlton Place,2019,December,49,Friday,06 Dec 2019,15:00,183,205,388,183,205,388,No Group
Manchester City Council - Chorlton,Chorlton Place,2019,December,49,Friday,06 Dec 2019,16:00,152,159,311,152,159,311,No Group
Manchester City Council - Chorlton,Chorlton Place,2019,December,49,Friday,06 Dec 2019,17:00,103,86,189,103,86,189,No Group
Manchester City Council - Chorlton,Chorlton Place,2019,December,49,Friday,06 Dec 2019,18:00,91,91,182,91,91,182,No Group
Manchester City Council - Chorlton,Chorlton Place,2019,December,49,Friday,06 Dec 2019,19:00,79,86,165,79,86,165,No Group
Manchester City Council - Chorlton,Chorlton Place,2019,December,49,Friday,06 Dec 2019,20:00,71,57,128,71,57,128,No Group
Manchester City Council - Chorlton,Chorlton Place,2019,December,49,Friday,06 Dec 2019,21:00,61,47,108,61,47,108,No Group
Manchester City Council - Chorlton,Chorlton Place,2019,December,49,Friday,06 Dec 2019,22:00,22,52,74,22,52,74,No Group
Manchester City Council - Chorlton,Chorlton Place,2019,December,49,Friday,06 Dec 2019,23:00,28,42,70,28,42,70,No Group
Manchester City Council - Chorlton,Chorlton Place,2019,December,49,Saturday,07 Dec 2019,00:00,16,42,58,16,42,58,No Group
Manchester City Council - Chorlton,Chorlton Place,2019,December,49,Saturday,07 Dec 2019,01:00,7,7,14,7,7,14,No Group
Manchester City Council - Chorlton,Chorlton Place,2019,December,49,Saturday,07 Dec 2019,02:00,9,3,12,9,3,12,No Group
Manchester City Council - Chorlton,Chorlton Place,2019,December,49,Saturday,07 Dec 2019,03:00,3,3,6,3,3,6,No Group
Manchester City Council - Chorlton,Chorlton Place,2019,December,49,Saturday,07 Dec 2019,04:00,2,4,6,2,4,6,No Group
Manchester City Council - Chorlton,Chorlton Place,2019,December,49,Saturday,07 Dec 2019,05:00,4,5,9,4,5,9,No Group
Manchester City Council - Chorlton,Chorlton Place,2019,December,49,Saturday,07 Dec 2019,06:00,3,6,9,3,6,9,No Group
Manchester City Council - Chorlton,Chorlton Place,2019,December,49,Saturday,07 Dec 2019,07:00,16,43,59,16,43,59,No Group
Manchester City Council - Chorlton,Chorlton Place,2019,December,49,Saturday,07 Dec 2019,08:00,34,46,80,34,46,80,No Group
Manchester City Council - Chorlton,Chorlton Place,2019,December,49,Saturday,07 Dec 2019,09:00,98,145,243,98,145,243,No Group
Manchester City Council - Chorlton,Chorlton Place,2019,December,49,Saturday,07 Dec 2019,10:00,213,194,407,213,194,407,No Group
Manchester City Council - Chorlton,Chorlton Place,2019,December,49,Saturday,07 Dec 2019,11:00,429,488,917,429,488,917,No Group
Manchester City Council - Chorlton,Chorlton Place,2019,December,49,Saturday,07 Dec 2019,12:00,295,316,611,295,316,611,No Group
Manchester City Council - Chorlton,Chorlton Place,2019,December,49,Saturday,07 Dec 2019,13:00,248,281,529,248,281,529,No Group
Manchester City Council - Chorlton,Chorlton Place,2019,December,49,Saturday,07 Dec 2019,14:00,308,336,644,308,336,644,No Group
Manchester City Council - Chorlton,Chorlton Place,2019,December,49,Saturday,07 Dec 2019,15:00,312,308,620,312,308,620,No Group
Manchester City Council - Chorlton,Chorlton Place,2019,December,49,Saturday,07 Dec 2019,16:00,247,227,474,247,227,474,No Group
Manchester City Council - Chorlton,Chorlton Place,2019,December,49,Saturday,07 Dec 2019,17:00,139,119,258,139,119,258,No Group
Manchester City Council - Chorlton,Chorlton Place,2019,December,49,Saturday,07 Dec 2019,18:00,119,98,217,119,98,217,No Group
Manchester City Council - Chorlton,Chorlton Place,2019,December,49,Saturday,07 Dec 2019,19:00,117,94,211,117,94,211,No Group
Manchester City Council - Chorlton,Chorlton Place,2019,December,49,Saturday,07 Dec 2019,20:00,100,91,191,100,91,191,No Group
Manchester City Council - Chorlton,Chorlton Place,2019,December,49,Saturday,07 Dec 2019,21:00,48,56,104,48,56,104,No Group
Manchester City Council - Chorlton,Chorlton Place,2019,December,49,Saturday,07 Dec 2019,22:00,56,64,120,56,64,120,No Group
Manchester City Council - Chorlton,Chorlton Place,2019,December,49,Saturday,07 Dec 2019,23:00,58,59,117,58,59,117,No Group
Manchester City Council - Chorlton,Chorlton Place,2019,December,49,Sunday,08 Dec 2019,00:00,42,74,116,42,74,116,No Group
Manchester City Council - Chorlton,Chorlton Place,2019,December,49,Sunday,08 Dec 2019,01:00,11,19,30,11,19,30,No Group
Manchester City Council - Chorlton,Chorlton Place,2019,December,49,Sunday,08 Dec 2019,02:00,5,8,13,5,8,13,No Group
Manchester City Council - Chorlton,Chorlton Place,2019,December,49,Sunday,08 Dec 2019,03:00,8,20,28,8,20,28,No Group
Manchester City Council - Chorlton,Chorlton Place,2019,December,49,Sunday,08 Dec 2019,04:00,0,2,2,0,2,2,No Group
Manchester City Council - Chorlton,Chorlton Place,2019,December,49,Sunday,08 Dec 2019,05:00,2,1,3,2,1,3,No Group
Manchester City Council - Chorlton,Chorlton Place,2019,December,49,Sunday,08 Dec 2019,06:00,3,1,4,3,1,4,No Group
Manchester City Council - Chorlton,Chorlton Place,2019,December,49,Sunday,08 Dec 2019,07:00,2,8,10,2,8,10,No Group
Manchester City Council - Chorlton,Chorlton Place,2019,December,49,Sunday,08 Dec 2019,08:00,16,18,34,16,18,34,No Group
Manchester City Council - Chorlton,Chorlton Place,2019,December,49,Sunday,08 Dec 2019,09:00,25,53,78,25,53,78,No Group
Manchester City Council - Chorlton,Chorlton Place,2019,December,49,Sunday,08 Dec 2019,10:00,160,323,483,160,323,483,No Group
Manchester City Council - Chorlton,Chorlton Place,2019,December,49,Sunday,08 Dec 2019,11:00,181,363,544,181,363,544,No Group
Manchester City Council - Chorlton,Chorlton Place,2019,December,49,Sunday,08 Dec 2019,12:00,123,128,251,123,128,251,No Group
Manchester City Council - Chorlton,Chorlton Place,2019,December,49,Sunday,08 Dec 2019,13:00,154,168,322,154,168,322,No Group
Manchester City Council - Chorlton,Chorlton Place,2019,December,49,Sunday,08 Dec 2019,14:00,145,165,310,145,165,310,No Group
Manchester City Council - Chorlton,Chorlton Place,2019,December,49,Sunday,08 Dec 2019,15:00,115,143,258,115,143,258,No Group
Manchester City Council - Chorlton,Chorlton Place,2019,December,49,Sunday,08 Dec 2019,16:00,57,75,132,57,75,132,No Group
Manchester City Council - Chorlton,Chorlton Place,2019,December,49,Sunday,08 Dec 2019,17:00,97,62,159,97,62,159,No Group
Manchester City Council - Chorlton,Chorlton Place,2019,December,49,Sunday,08 Dec 2019,18:00,64,43,107,64,43,107,No Group
Manchester City Council - Chorlton,Chorlton Place,2019,December,49,Sunday,08 Dec 2019,19:00,59,53,112,59,53,112,No Group
Manchester City Council - Chorlton,Chorlton Place,2019,December,49,Sunday,08 Dec 2019,20:00,30,18,48,30,18,48,No Group
Manchester City Council - Chorlton,Chorlton Place,2019,December,49,Sunday,08 Dec 2019,21:00,28,24,52,28,24,52,No Group
Manchester City Council - Chorlton,Chorlton Place,2019,December,49,Sunday,08 Dec 2019,22:00,24,23,47,24,23,47,No Group
Manchester City Council - Chorlton,Chorlton Place,2019,December,49,Sunday,08 Dec 2019,23:00,8,15,23,8,15,23,No Group
Manchester City Council - Chorlton,Chorlton Place,2019,December,50,Monday,09 Dec 2019,00:00,4,5,9,4,5,9,No Group
Manchester City Council - Chorlton,Chorlton Place,2019,December,50,Monday,09 Dec 2019,01:00,1,5,6,1,5,6,No Group
Manchester City Council - Chorlton,Chorlton Place,2019,December,50,Monday,09 Dec 2019,02:00,0,0,0,0,0,0,No Group
Manchester City Council - Chorlton,Chorlton Place,2019,December,50,Monday,09 Dec 2019,03:00,5,4,9,5,4,9,No Group
Manchester City Council - Chorlton,Chorlton Place,2019,December,50,Monday,09 Dec 2019,04:00,4,3,7,4,3,7,No Group
Manchester City Council - Chorlton,Chorlton Place,2019,December,50,Monday,09 Dec 2019,05:00,1,8,9,1,8,9,No Group
Manchester City Council - Chorlton,Chorlton Place,2019,December,50,Monday,09 Dec 2019,06:00,6,19,25,6,19,25,No Group
Manchester City Council - Chorlton,Chorlton Place,2019,December,50,Monday,09 Dec 2019,07:00,26,88,114,26,88,114,No Group
Manchester City Council - Chorlton,Chorlton Place,2019,December,50,Monday,09 Dec 2019,08:00,31,129,160,31,129,160,No Group
Manchester City Council - Chorlton,Chorlton Place,2019,December,50,Monday,09 Dec 2019,09:00,87,120,207,87,120,207,No Group
Manchester City Council - Chorlton,Chorlton Place,2019,December,50,Monday,09 Dec 2019,10:00,305,555,860,305,555,860,No Group
Manchester City Council - Chorlton,Chorlton Place,2019,December,50,Monday,09 Dec 2019,11:00,660,1401,2061,660,1401,2061,No Group
Manchester City Council - Chorlton,Chorlton Place,2019,December,50,Monday,09 Dec 2019,12:00,198,246,444,198,246,444,No Group
Manchester City Council - Chorlton,Chorlton Place,2019,December,50,Monday,09 Dec 2019,13:00,159,170,329,159,170,329,No Group
Manchester City Council - Chorlton,Chorlton Place,2019,December,50,Monday,09 Dec 2019,14:00,134,169,303,134,169,303,No Group
Manchester City Council - Chorlton,Chorlton Place,2019,December,50,Monday,09 Dec 2019,15:00,171,169,340,171,169,340,No Group
Manchester City Council - Chorlton,Chorlton Place,2019,December,50,Monday,09 Dec 2019,16:00,154,155,309,154,155,309,No Group
Manchester City Council - Chorlton,Chorlton Place,2019,December,50,Monday,09 Dec 2019,17:00,118,110,228,118,110,228,No Group
Manchester City Council - Chorlton,Chorlton Place,2019,December,50,Monday,09 Dec 2019,18:00,115,56,171,115,56,171,No Group
Manchester City Council - Chorlton,Chorlton Place,2019,December,50,Monday,09 Dec 2019,19:00,75,59,134,75,59,134,No Group
Manchester City Council - Chorlton,Chorlton Place,2019,December,50,Monday,09 Dec 2019,20:00,47,32,79,47,32,79,No Group
Manchester City Council - Chorlton,Chorlton Place,2019,December,50,Monday,09 Dec 2019,21:00,40,52,92,40,52,92,No Group
Manchester City Council - Chorlton,Chorlton Place,2019,December,50,Monday,09 Dec 2019,22:00,27,22,49,27,22,49,No Group
Manchester City Council - Chorlton,Chorlton Place,2019,December,50,Monday,09 Dec 2019,23:00,17,16,33,17,16,33,No Group
Manchester City Council - Chorlton,Chorlton Place,2019,December,50,Tuesday,10 Dec 2019,00:00,6,0,6,6,0,6,No Group
Manchester City Council - Chorlton,Chorlton Place,2019,December,50,Tuesday,10 Dec 2019,01:00,4,8,12,4,8,12,No Group
Manchester City Council - Chorlton,Chorlton Place,2019,December,50,Tuesday,10 Dec 2019,02:00,0,1,1,0,1,1,No Group
Manchester City Council - Chorlton,Chorlton Place,2019,December,50,Tuesday,10 Dec 2019,03:00,0,0,0,0,0,0,No Group
Manchester City Council - Chorlton,Chorlton Place,2019,December,50,Tuesday,10 Dec 2019,04:00,2,7,9,2,7,9,No Group
Manchester City Council - Chorlton,Chorlton Place,2019,December,50,Tuesday,10 Dec 2019,05:00,1,5,6,1,5,6,No Group
Manchester City Council - Chorlton,Chorlton Place,2019,December,50,Tuesday,10 Dec 2019,06:00,6,43,49,6,43,49,No Group
Manchester City Council - Chorlton,Chorlton Place,2019,December,50,Tuesday,10 Dec 2019,07:00,31,92,123,31,92,123,No Group
Manchester City Council - Chorlton,Chorlton Place,2019,December,50,Tuesday,10 Dec 2019,08:00,44,140,184,44,140,184,No Group
Manchester City Council - Chorlton,Chorlton Place,2019,December,50,Tuesday,10 Dec 2019,09:00,87,126,213,87,126,213,No Group
Manchester City Council - Chorlton,Chorlton Place,2019,December,50,Tuesday,10 Dec 2019,10:00,125,135,260,125,135,260,No Group
Manchester City Council - Chorlton,Chorlton Place,2019,December,50,Tuesday,10 Dec 2019,11:00,181,247,428,181,247,428,No Group
Manchester City Council - Chorlton,Chorlton Place,2019,December,50,Tuesday,10 Dec 2019,12:00,214,266,480,214,266,480,No Group
Manchester City Council - Chorlton,Chorlton Place,2019,December,50,Tuesday,10 Dec 2019,13:00,186,202,388,186,202,388,No Group
Manchester City Council - Chorlton,Chorlton Place,2019,December,50,Tuesday,10 Dec 2019,14:00,128,165,293,128,165,293,No Group
Manchester City Council - Chorlton,Chorlton Place,2019,December,50,Tuesday,10 Dec 2019,15:00,190,179,369,190,179,369,No Group
Manchester City Council - Chorlton,Chorlton Place,2019,December,50,Tuesday,10 Dec 2019,16:00,86,106,192,86,106,192,No Group
Manchester City Council - Chorlton,Chorlton Place,2019,December,50,Tuesday,10 Dec 2019,17:00,83,101,184,83,101,184,No Group
Manchester City Council - Chorlton,Chorlton Place,2019,December,50,Tuesday,10 Dec 2019,18:00,101,46,147,101,46,147,No Group
Manchester City Council - Chorlton,Chorlton Place,2019,December,50,Tuesday,10 Dec 2019,19:00,60,64,124,60,64,124,No Group
Manchester City Council - Chorlton,Chorlton Place,2019,December,50,Tuesday,10 Dec 2019,20:00,48,36,84,48,36,84,No Group
Manchester City Council - Chorlton,Chorlton Place,2019,December,50,Tuesday,10 Dec 2019,21:00,13,26,39,13,26,39,No Group
Manchester City Council - Chorlton,Chorlton Place,2019,December,50,Tuesday,10 Dec 2019,22:00,20,9,29,20,9,29,No Group
Manchester City Council - Chorlton,Chorlton Place,2019,December,50,Tuesday,10 Dec 2019,23:00,10,10,20,10,10,20,No Group
Manchester City Council - Chorlton,Chorlton Place,2019,December,50,Wednesday,11 Dec 2019,00:00,6,1,7,6,1,7,No Group
Manchester City Council - Chorlton,Chorlton Place,2019,December,50,Wednesday,11 Dec 2019,01:00,1,0,1,1,0,1,No Group
Manchester City Council - Chorlton,Chorlton Place,2019,December,50,Wednesday,11 Dec 2019,02:00,0,1,1,0,1,1,No Group
Manchester City Council - Chorlton,Chorlton Place,2019,December,50,Wednesday,11 Dec 2019,03:00,0,1,1,0,1,1,No Group
Manchester City Council - Chorlton,Chorlton Place,2019,December,50,Wednesday,11 Dec 2019,04:00,1,4,5,1,4,5,No Group
Manchester City Council - Chorlton,Chorlton Place,2019,December,50,Wednesday,11 Dec 2019,05:00,1,4,5,1,4,5,No Group
Manchester City Council - Chorlton,Chorlton Place,2019,December,50,Wednesday,11 Dec 2019,06:00,6,26,32,6,26,32,No Group
Manchester City Council - Chorlton,Chorlton Place,2019,December,50,Wednesday,11 Dec 2019,07:00,26,93,119,26,93,119,No Group
Manchester City Council - Chorlton,Chorlton Place,2019,December,50,Wednesday,11 Dec 2019,08:00,35,126,161,35,126,161,No Group
Manchester City Council - Chorlton,Chorlton Place,2019,December,50,Wednesday,11 Dec 2019,09:00,74,138,212,74,138,212,No Group
Manchester City Council - Chorlton,Chorlton Place,2019,December,50,Wednesday,11 Dec 2019,10:00,197,255,452,197,255,452,No Group
Manchester City Council - Chorlton,Chorlton Place,2019,December,50,Wednesday,11 Dec 2019,11:00,136,152,288,136,152,288,No Group
Manchester City Council - Chorlton,Chorlton Place,2019,December,50,Wednesday,11 Dec 2019,12:00,136,176,312,136,176,312,No Group
Manchester City Council - Chorlton,Chorlton Place,2019,December,50,Wednesday,11 Dec 2019,13:00,189,208,397,189,208,397,No Group
Manchester City Council - Chorlton,Chorlton Place,2019,December,50,Wednesday,11 Dec 2019,14:00,184,196,380,184,196,380,No Group
Manchester City Council - Chorlton,Chorlton Place,2019,December,50,Wednesday,11 Dec 2019,15:00,161,188,349,161,188,349,No Group
Manchester City Council - Chorlton,Chorlton Place,2019,December,50,Wednesday,11 Dec 2019,16:00,106,103,209,106,103,209,No Group
Manchester City Council - Chorlton,Chorlton Place,2019,December,50,Wednesday,11 Dec 2019,17:00,116,94,210,116,94,210,No Group
Manchester City Council - Chorlton,Chorlton Place,2019,December,50,Wednesday,11 Dec 2019,18:00,75,76,151,75,76,151,No Group
Manchester City Council - Chorlton,Chorlton Place,2019,December,50,Wednesday,11 Dec 2019,19:00,62,58,120,62,58,120,No Group
Manchester City Council - Chorlton,Chorlton Place,2019,December,50,Wednesday,11 Dec 2019,20:00,43,41,84,43,41,84,No Group
Manchester City Council - Chorlton,Chorlton Place,2019,December,50,Wednesday,11 Dec 2019,21:00,42,49,91,42,49,91,No Group
Manchester City Council - Chorlton,Chorlton Place,2019,December,50,Wednesday,11 Dec 2019,22:00,21,22,43,21,22,43,No Group
Manchester City Council - Chorlton,Chorlton Place,2019,December,50,Wednesday,11 Dec 2019,23:00,9,14,23,9,14,23,No Group
Manchester City Council - Chorlton,Chorlton Place,2019,December,50,Thursday,12 Dec 2019,00:00,7,4,11,7,4,11,No Group
Manchester City Council - Chorlton,Chorlton Place,2019,December,50,Thursday,12 Dec 2019,01:00,0,1,1,0,1,1,No Group
Manchester City Council - Chorlton,Chorlton Place,2019,December,50,Thursday,12 Dec 2019,02:00,0,1,1,0,1,1,No Group
Manchester City Council - Chorlton,Chorlton Place,2019,December,50,Thursday,12 Dec 2019,03:00,0,2,2,0,2,2,No Group
Manchester City Council - Chorlton,Chorlton Place,2019,December,50,Thursday,12 Dec 2019,04:00,0,5,5,0,5,5,No Group
Manchester City Council - Chorlton,Chorlton Place,2019,December,50,Thursday,12 Dec 2019,05:00,1,7,8,1,7,8,No Group
Manchester City Council - Chorlton,Chorlton Place,2019,December,50,Thursday,12 Dec 2019,06:00,4,23,27,4,23,27,No Group
Manchester City Council - Chorlton,Chorlton Place,2019,December,50,Thursday,12 Dec 2019,07:00,27,111,138,27,111,138,No Group
Manchester City Council - Chorlton,Chorlton Place,2019,December,50,Thursday,12 Dec 2019,08:00,35,169,204,35,169,204,No Group
Manchester City Council - Chorlton,Chorlton Place,2019,December,50,Thursday,12 Dec 2019,09:00,112,146,258,112,146,258,No Group
Manchester City Council - Chorlton,Chorlton Place,2019,December,50,Thursday,12 Dec 2019,10:00,149,172,321,149,172,321,No Group
Manchester City Council - Chorlton,Chorlton Place,2019,December,50,Thursday,12 Dec 2019,11:00,180,210,390,180,210,390,No Group
Manchester City Council - Chorlton,Chorlton Place,2019,December,50,Thursday,12 Dec 2019,12:00,223,261,484,223,261,484,No Group
Manchester City Council - Chorlton,Chorlton Place,2019,December,50,Thursday,12 Dec 2019,13:00,173,190,363,173,190,363,No Group
Manchester City Council - Chorlton,Chorlton Place,2019,December,50,Thursday,12 Dec 2019,14:00,182,172,354,182,172,354,No Group
Manchester City Council - Chorlton,Chorlton Place,2019,December,50,Thursday,12 Dec 2019,15:00,159,186,345,159,186,345,No Group
Manchester City Council - Chorlton,Chorlton Place,2019,December,50,Thursday,12 Dec 2019,16:00,102,120,222,102,120,222,No Group
Manchester City Council - Chorlton,Chorlton Place,2019,December,50,Thursday,12 Dec 2019,17:00,99,95,194,99,95,194,No Group
Manchester City Council - Chorlton,Chorlton Place,2019,December,50,Thursday,12 Dec 2019,18:00,71,67,138,71,67,138,No Group
Manchester City Council - Chorlton,Chorlton Place,2019,December,50,Thursday,12 Dec 2019,19:00,70,58,128,70,58,128,No Group
Manchester City Council - Chorlton,Chorlton Place,2019,December,50,Thursday,12 Dec 2019,20:00,53,67,120,53,67,120,No Group
Manchester City Council - Chorlton,Chorlton Place,2019,December,50,Thursday,12 Dec 2019,21:00,28,44,72,28,44,72,No Group
Manchester City Council - Chorlton,Chorlton Place,2019,December,50,Thursday,12 Dec 2019,22:00,36,27,63,36,27,63,No Group
Manchester City Council - Chorlton,Chorlton Place,2019,December,50,Thursday,12 Dec 2019,23:00,17,25,42,17,25,42,No Group
Manchester City Council - Chorlton,Chorlton Place,2019,December,50,Friday,13 Dec 2019,00:00,9,4,13,9,4,13,No Group
Manchester City Council - Chorlton,Chorlton Place,2019,December,50,Friday,13 Dec 2019,01:00,1,0,1,1,0,1,No Group
Manchester City Council - Chorlton,Chorlton Place,2019,December,50,Friday,13 Dec 2019,02:00,0,0,0,0,0,0,No Group
Manchester City Council - Chorlton,Chorlton Place,2019,December,50,Friday,13 Dec 2019,03:00,2,2,4,2,2,4,No Group
Manchester City Council - Chorlton,Chorlton Place,2019,December,50,Friday,13 Dec 2019,04:00,4,4,8,4,4,8,No Group
Manchester City Council - Chorlton,Chorlton Place,2019,December,50,Friday,13 Dec 2019,05:00,3,2,5,3,2,5,No Group
Manchester City Council - Chorlton,Chorlton Place,2019,December,50,Friday,13 Dec 2019,06:00,9,35,44,9,35,44,No Group
Manchester City Council - Chorlton,Chorlton Place,2019,December,50,Friday,13 Dec 2019,07:00,24,99,123,24,99,123,No Group
Manchester City Council - Chorlton,Chorlton Place,2019,December,50,Friday,13 Dec 2019,08:00,48,141,189,48,141,189,No Group
Manchester City Council - Chorlton,Chorlton Place,2019,December,50,Friday,13 Dec 2019,09:00,104,137,241,104,137,241,No Group
Manchester City Council - Chorlton,Chorlton Place,2019,December,50,Friday,13 Dec 2019,10:00,128,179,307,128,179,307,No Group
Manchester City Council - Chorlton,Chorlton Place,2019,December,50,Friday,13 Dec 2019,11:00,224,271,495,224,271,495,No Group
Manchester City Council - Chorlton,Chorlton Place,2019,December,50,Friday,13 Dec 2019,12:00,206,252,458,206,252,458,No Group
Manchester City Council - Chorlton,Chorlton Place,2019,December,50,Friday,13 Dec 2019,13:00,210,209,419,210,209,419,No Group
Manchester City Council - Chorlton,Chorlton Place,2019,December,50,Friday,13 Dec 2019,14:00,185,206,391,185,206,391,No Group
Manchester City Council - Chorlton,Chorlton Place,2019,December,50,Friday,13 Dec 2019,15:00,193,215,408,193,215,408,No Group
Manchester City Council - Chorlton,Chorlton Place,2019,December,50,Friday,13 Dec 2019,16:00,122,130,252,122,130,252,No Group
Manchester City Council - Chorlton,Chorlton Place,2019,December,50,Friday,13 Dec 2019,17:00,84,89,173,84,89,173,No Group
Manchester City Council - Chorlton,Chorlton Place,2019,December,50,Friday,13 Dec 2019,18:00,57,66,123,57,66,123,No Group
Manchester City Council - Chorlton,Chorlton Place,2019,December,50,Friday,13 Dec 2019,19:00,58,60,118,58,60,118,No Group
Manchester City Council - Chorlton,Chorlton Place,2019,December,50,Friday,13 Dec 2019,20:00,43,63,106,43,63,106,No Group
Manchester City Council - Chorlton,Chorlton Place,2019,December,50,Friday,13 Dec 2019,21:00,37,29,66,37,29,66,No Group
Manchester City Council - Chorlton,Chorlton Place,2019,December,50,Friday,13 Dec 2019,22:00,37,32,69,37,32,69,No Group
Manchester City Council - Chorlton,Chorlton Place,2019,December,50,Friday,13 Dec 2019,23:00,43,43,86,43,43,86,No Group
Manchester City Council - Chorlton,Chorlton Place,2019,December,50,Saturday,14 Dec 2019,00:00,25,27,52,25,27,52,No Group
Manchester City Council - Chorlton,Chorlton Place,2019,December,50,Saturday,14 Dec 2019,01:00,13,6,19,13,6,19,No Group
Manchester City Council - Chorlton,Chorlton Place,2019,December,50,Saturday,14 Dec 2019,02:00,7,2,9,7,2,9,No Group
Manchester City Council - Chorlton,Chorlton Place,2019,December,50,Saturday,14 Dec 2019,03:00,1,4,5,1,4,5,No Group
Manchester City Council - Chorlton,Chorlton Place,2019,December,50,Saturday,14 Dec 2019,04:00,5,13,18,5,13,18,No Group
Manchester City Council - Chorlton,Chorlton Place,2019,December,50,Saturday,14 Dec 2019,05:00,5,14,19,5,14,19,No Group
Manchester City Council - Chorlton,Chorlton Place,2019,December,50,Saturday,14 Dec 2019,06:00,19,23,42,19,23,42,No Group
Manchester City Council - Chorlton,Chorlton Place,2019,December,50,Saturday,14 Dec 2019,07:00,12,21,33,12,21,33,No Group
Manchester City Council - Chorlton,Chorlton Place,2019,December,50,Saturday,14 Dec 2019,08:00,33,64,97,33,64,97,No Group
Manchester City Council - Chorlton,Chorlton Place,2019,December,50,Saturday,14 Dec 2019,09:00,113,146,259,113,146,259,No Group
Manchester City Council - Chorlton,Chorlton Place,2019,December,50,Saturday,14 Dec 2019,10:00,225,309,534,225,309,534,No Group
Manchester City Council - Chorlton,Chorlton Place,2019,December,50,Saturday,14 Dec 2019,11:00,322,483,805,322,483,805,No Group
Manchester City Council - Chorlton,Chorlton Place,2019,December,50,Saturday,14 Dec 2019,12:00,297,347,644,297,347,644,No Group
Manchester City Council - Chorlton,Chorlton Place,2019,December,50,Saturday,14 Dec 2019,13:00,267,287,554,267,287,554,No Group
Manchester City Council - Chorlton,Chorlton Place,2019,December,50,Saturday,14 Dec 2019,14:00,261,315,576,261,315,576,No Group
Manchester City Council - Chorlton,Chorlton Place,2019,December,50,Saturday,14 Dec 2019,15:00,266,303,569,266,303,569,No Group
Manchester City Council - Chorlton,Chorlton Place,2019,December,50,Saturday,14 Dec 2019,16:00,191,233,424,191,233,424,No Group
Manchester City Council - Chorlton,Chorlton Place,2019,December,50,Saturday,14 Dec 2019,17:00,102,112,214,102,112,214,No Group
Manchester City Council - Chorlton,Chorlton Place,2019,December,50,Saturday,14 Dec 2019,18:00,88,75,163,88,75,163,No Group
Manchester City Council - Chorlton,Chorlton Place,2019,December,50,Saturday,14 Dec 2019,19:00,54,53,107,54,53,107,No Group
Manchester City Council - Chorlton,Chorlton Place,2019,December,50,Saturday,14 Dec 2019,20:00,52,36,88,52,36,88,No Group
Manchester City Council - Chorlton,Chorlton Place,2019,December,50,Saturday,14 Dec 2019,21:00,53,69,122,53,69,122,No Group
Manchester City Council - Chorlton,Chorlton Place,2019,December,50,Saturday,14 Dec 2019,22:00,30,47,77,30,47,77,No Group
Manchester City Council - Chorlton,Chorlton Place,2019,December,50,Saturday,14 Dec 2019,23:00,20,44,64,20,44,64,No Group
Manchester City Council - Chorlton,Chorlton Place,2019,December,50,Sunday,15 Dec 2019,00:00,31,50,81,31,50,81,No Group
Manchester City Council - Chorlton,Chorlton Place,2019,December,50,Sunday,15 Dec 2019,01:00,20,11,31,20,11,31,No Group
Manchester City Council - Chorlton,Chorlton Place,2019,December,50,Sunday,15 Dec 2019,02:00,5,6,11,5,6,11,No Group
Manchester City Council - Chorlton,Chorlton Place,2019,December,50,Sunday,15 Dec 2019,03:00,2,0,2,2,0,2,No Group
Manchester City Council - Chorlton,Chorlton Place,2019,December,50,Sunday,15 Dec 2019,04:00,4,5,9,4,5,9,No Group
Manchester City Council - Chorlton,Chorlton Place,2019,December,50,Sunday,15 Dec 2019,05:00,3,9,12,3,9,12,No Group
Manchester City Council - Chorlton,Chorlton Place,2019,December,50,Sunday,15 Dec 2019,06:00,2,3,5,2,3,5,No Group
Manchester City Council - Chorlton,Chorlton Place,2019,December,50,Sunday,15 Dec 2019,07:00,0,9,9,0,9,9,No Group
Manchester City Council - Chorlton,Chorlton Place,2019,December,50,Sunday,15 Dec 2019,08:00,14,26,40,14,26,40,No Group
Manchester City Council - Chorlton,Chorlton Place,2019,December,50,Sunday,15 Dec 2019,09:00,39,72,111,39,72,111,No Group
Manchester City Council - Chorlton,Chorlton Place,2019,December,50,Sunday,15 Dec 2019,10:00,101,121,222,101,121,222,No Group
Manchester City Council - Chorlton,Chorlton Place,2019,December,50,Sunday,15 Dec 2019,11:00,165,436,601,165,436,601,No Group
Manchester City Council - Chorlton,Chorlton Place,2019,December,50,Sunday,15 Dec 2019,12:00,120,185,305,120,185,305,No Group
Manchester City Council - Chorlton,Chorlton Place,2019,December,50,Sunday,15 Dec 2019,13:00,171,191,362,171,191,362,No Group
Manchester City Council - Chorlton,Chorlton Place,2019,December,50,Sunday,15 Dec 2019,14:00,168,180,348,168,180,348,No Group
Manchester City Council - Chorlton,Chorlton Place,2019,December,50,Sunday,15 Dec 2019,15:00,112,137,249,112,137,249,No Group
Manchester City Council - Chorlton,Chorlton Place,2019,December,50,Sunday,15 Dec 2019,16:00,88,85,173,88,85,173,No Group
Manchester City Council - Chorlton,Chorlton Place,2019,December,50,Sunday,15 Dec 2019,17:00,63,61,124,63,61,124,No Group
Manchester City Council - Chorlton,Chorlton Place,2019,December,50,Sunday,15 Dec 2019,18:00,42,65,107,42,65,107,No Group
Manchester City Council - Chorlton,Chorlton Place,2019,December,50,Sunday,15 Dec 2019,19:00,30,47,77,30,47,77,No Group
Manchester City Council - Chorlton,Chorlton Place,2019,December,50,Sunday,15 Dec 2019,20:00,21,51,72,21,51,72,No Group
Manchester City Council - Chorlton,Chorlton Place,2019,December,50,Sunday,15 Dec 2019,21:00,20,21,41,20,21,41,No Group
Manchester City Council - Chorlton,Chorlton Place,2019,December,50,Sunday,15 Dec 2019,22:00,17,28,45,17,28,45,No Group
Manchester City Council - Chorlton,Chorlton Place,2019,December,50,Sunday,15 Dec 2019,23:00,8,10,18,8,10,18,No Group
Manchester City Council - Chorlton,Chorlton Place,2019,December,51,Monday,16 Dec 2019,00:00,6,4,10,6,4,10,No Group
Manchester City Council - Chorlton,Chorlton Place,2019,December,51,Monday,16 Dec 2019,01:00,7,1,8,7,1,8,No Group
Manchester City Council - Chorlton,Chorlton Place,2019,December,51,Monday,16 Dec 2019,02:00,0,1,1,0,1,1,No Group
Manchester City Council - Chorlton,Chorlton Place,2019,December,51,Monday,16 Dec 2019,03:00,2,0,2,2,0,2,No Group
Manchester City Council - Chorlton,Chorlton Place,2019,December,51,Monday,16 Dec 2019,04:00,1,4,5,1,4,5,No Group
Manchester City Council - Chorlton,Chorlton Place,2019,December,51,Monday,16 Dec 2019,05:00,9,19,28,9,19,28,No Group
Manchester City Council - Chorlton,Chorlton Place,2019,December,51,Monday,16 Dec 2019,06:00,6,18,24,6,18,24,No Group
Manchester City Council - Chorlton,Chorlton Place,2019,December,51,Monday,16 Dec 2019,07:00,21,70,91,21,70,91,No Group
Manchester City Council - Chorlton,Chorlton Place,2019,December,51,Monday,16 Dec 2019,08:00,41,140,181,41,140,181,No Group
Manchester City Council - Chorlton,Chorlton Place,2019,December,51,Monday,16 Dec 2019,09:00,75,131,206,75,131,206,No Group
Manchester City Council - Chorlton,Chorlton Place,2019,December,51,Monday,16 Dec 2019,10:00,184,264,448,184,264,448,No Group
Manchester City Council - Chorlton,Chorlton Place,2019,December,51,Monday,16 Dec 2019,11:00,616,1209,1825,616,1209,1825,No Group
Manchester City Council - Chorlton,Chorlton Place,2019,December,51,Monday,16 Dec 2019,12:00,229,289,518,229,289,518,No Group
Manchester City Council - Chorlton,Chorlton Place,2019,December,51,Monday,16 Dec 2019,13:00,153,188,341,153,188,341,No Group
Manchester City Council - Chorlton,Chorlton Place,2019,December,51,Monday,16 Dec 2019,14:00,157,174,331,157,174,331,No Group
Manchester City Council - Chorlton,Chorlton Place,2019,December,51,Monday,16 Dec 2019,15:00,181,173,354,181,173,354,No Group
Manchester City Council - Chorlton,Chorlton Place,2019,December,51,Monday,16 Dec 2019,16:00,175,143,318,175,143,318,No Group
Manchester City Council - Chorlton,Chorlton Place,2019,December,51,Monday,16 Dec 2019,17:00,127,134,261,127,134,261,No Group
Manchester City Council - Chorlton,Chorlton Place,2019,December,51,Monday,16 Dec 2019,18:00,95,70,165,95,70,165,No Group
Manchester City Council - Chorlton,Chorlton Place,2019,December,51,Monday,16 Dec 2019,19:00,47,69,116,47,69,116,No Group
Manchester City Council - Chorlton,Chorlton Place,2019,December,51,Monday,16 Dec 2019,20:00,66,40,106,66,40,106,No Group
Manchester City Council - Chorlton,Chorlton Place,2019,December,51,Monday,16 Dec 2019,21:00,30,35,65,30,35,65,No Group
Manchester City Council - Chorlton,Chorlton Place,2019,December,51,Monday,16 Dec 2019,22:00,15,20,35,15,20,35,No Group
Manchester City Council - Chorlton,Chorlton Place,2019,December,51,Monday,16 Dec 2019,23:00,16,17,33,16,17,33,No Group
Manchester City Council - Chorlton,Chorlton Place,2019,December,51,Tuesday,17 Dec 2019,00:00,9,2,11,9,2,11,No Group
Manchester City Council - Chorlton,Chorlton Place,2019,December,51,Tuesday,17 Dec 2019,01:00,11,7,18,11,7,18,No Group
Manchester City Council - Chorlton,Chorlton Place,2019,December,51,Tuesday,17 Dec 2019,02:00,0,1,1,0,1,1,No Group
Manchester City Council - Chorlton,Chorlton Place,2019,December,51,Tuesday,17 Dec 2019,03:00,1,2,3,1,2,3,No Group
Manchester City Council - Chorlton,Chorlton Place,2019,December,51,Tuesday,17 Dec 2019,04:00,0,4,4,0,4,4,No Group
Manchester City Council - Chorlton,Chorlton Place,2019,December,51,Tuesday,17 Dec 2019,05:00,2,5,7,2,5,7,No Group
Manchester City Council - Chorlton,Chorlton Place,2019,December,51,Tuesday,17 Dec 2019,06:00,10,23,33,10,23,33,No Group
Manchester City Council - Chorlton,Chorlton Place,2019,December,51,Tuesday,17 Dec 2019,07:00,17,82,99,17,82,99,No Group
Manchester City Council - Chorlton,Chorlton Place,2019,December,51,Tuesday,17 Dec 2019,08:00,35,129,164,35,129,164,No Group
Manchester City Council - Chorlton,Chorlton Place,2019,December,51,Tuesday,17 Dec 2019,09:00,99,144,243,99,144,243,No Group
Manchester City Council - Chorlton,Chorlton Place,2019,December,51,Tuesday,17 Dec 2019,10:00,130,164,294,130,164,294,No Group
Manchester City Council - Chorlton,Chorlton Place,2019,December,51,Tuesday,17 Dec 2019,11:00,144,156,300,144,156,300,No Group
Manchester City Council - Chorlton,Chorlton Place,2019,December,51,Tuesday,17 Dec 2019,12:00,156,200,356,156,200,356,No Group
Manchester City Council - Chorlton,Chorlton Place,2019,December,51,Tuesday,17 Dec 2019,13:00,198,182,380,198,182,380,No Group
Manchester City Council - Chorlton,Chorlton Place,2019,December,51,Tuesday,17 Dec 2019,14:00,186,200,386,186,200,386,No Group
Manchester City Council - Chorlton,Chorlton Place,2019,December,51,Tuesday,17 Dec 2019,15:00,214,203,417,214,203,417,No Group
Manchester City Council - Chorlton,Chorlton Place,2019,December,51,Tuesday,17 Dec 2019,16:00,143,178,321,143,178,321,No Group
Manchester City Council - Chorlton,Chorlton Place,2019,December,51,Tuesday,17 Dec 2019,17:00,117,108,225,117,108,225,No Group
Manchester City Council - Chorlton,Chorlton Place,2019,December,51,Tuesday,17 Dec 2019,18:00,117,67,184,117,67,184,No Group
Manchester City Council - Chorlton,Chorlton Place,2019,December,51,Tuesday,17 Dec 2019,19:00,61,54,115,61,54,115,No Group
Manchester City Council - Chorlton,Chorlton Place,2019,December,51,Tuesday,17 Dec 2019,20:00,44,43,87,44,43,87,No Group
Manchester City Council - Chorlton,Chorlton Place,2019,December,51,Tuesday,17 Dec 2019,21:00,33,39,72,33,39,72,No Group
Manchester City Council - Chorlton,Chorlton Place,2019,December,51,Tuesday,17 Dec 2019,22:00,22,11,33,22,11,33,No Group
Manchester City Council - Chorlton,Chorlton Place,2019,December,51,Tuesday,17 Dec 2019,23:00,17,17,34,17,17,34,No Group
Manchester City Council - Chorlton,Chorlton Place,2019,December,51,Wednesday,18 Dec 2019,00:00,9,2,11,9,2,11,No Group
Manchester City Council - Chorlton,Chorlton Place,2019,December,51,Wednesday,18 Dec 2019,01:00,0,1,1,0,1,1,No Group
Manchester City Council - Chorlton,Chorlton Place,2019,December,51,Wednesday,18 Dec 2019,02:00,0,2,2,0,2,2,No Group
Manchester City Council - Chorlton,Chorlton Place,2019,December,51,Wednesday,18 Dec 2019,03:00,0,4,4,0,4,4,No Group
Manchester City Council - Chorlton,Chorlton Place,2019,December,51,Wednesday,18 Dec 2019,04:00,4,9,13,4,9,13,No Group
Manchester City Council - Chorlton,Chorlton Place,2019,December,51,Wednesday,18 Dec 2019,05:00,7,8,15,7,8,15,No Group
Manchester City Council - Chorlton,Chorlton Place,2019,December,51,Wednesday,18 Dec 2019,06:00,6,24,30,6,24,30,No Group
Manchester City Council - Chorlton,Chorlton Place,2019,December,51,Wednesday,18 Dec 2019,07:00,31,99,130,31,99,130,No Group
Manchester City Council - Chorlton,Chorlton Place,2019,December,51,Wednesday,18 Dec 2019,08:00,29,133,162,29,133,162,No Group
Manchester City Council - Chorlton,Chorlton Place,2019,December,51,Wednesday,18 Dec 2019,09:00,96,126,222,96,126,222,No Group
Manchester City Council - Chorlton,Chorlton Place,2019,December,51,Wednesday,18 Dec 2019,10:00,155,129,284,155,129,284,No Group
Manchester City Council - Chorlton,Chorlton Place,2019,December,51,Wednesday,18 Dec 2019,11:00,147,196,343,147,196,343,No Group
Manchester City Council - Chorlton,Chorlton Place,2019,December,51,Wednesday,18 Dec 2019,12:00,164,177,341,164,177,341,No Group
Manchester City Council - Chorlton,Chorlton Place,2019,December,51,Wednesday,18 Dec 2019,13:00,161,222,383,161,222,383,No Group
Manchester City Council - Chorlton,Chorlton Place,2019,December,51,Wednesday,18 Dec 2019,14:00,202,201,403,202,201,403,No Group
Manchester City Council - Chorlton,Chorlton Place,2019,December,51,Wednesday,18 Dec 2019,15:00,200,175,375,200,175,375,No Group
Manchester City Council - Chorlton,Chorlton Place,2019,December,51,Wednesday,18 Dec 2019,16:00,144,153,297,144,153,297,No Group
Manchester City Council - Chorlton,Chorlton Place,2019,December,51,Wednesday,18 Dec 2019,17:00,122,112,234,122,112,234,No Group
Manchester City Council - Chorlton,Chorlton Place,2019,December,51,Wednesday,18 Dec 2019,18:00,96,76,172,96,76,172,No Group
Manchester City Council - Chorlton,Chorlton Place,2019,December,51,Wednesday,18 Dec 2019,19:00,59,44,103,59,44,103,No Group
Manchester City Council - Chorlton,Chorlton Place,2019,December,51,Wednesday,18 Dec 2019,20:00,47,51,98,47,51,98,No Group
Manchester City Council - Chorlton,Chorlton Place,2019,December,51,Wednesday,18 Dec 2019,21:00,35,49,84,35,49,84,No Group
Manchester City Council - Chorlton,Chorlton Place,2019,December,51,Wednesday,18 Dec 2019,22:00,29,25,54,29,25,54,No Group
Manchester City Council - Chorlton,Chorlton Place,2019,December,51,Wednesday,18 Dec 2019,23:00,16,19,35,16,19,35,No Group
Manchester City Council - Chorlton,Chorlton Place,2019,December,51,Thursday,19 Dec 2019,00:00,7,14,21,7,14,21,No Group
Manchester City Council - Chorlton,Chorlton Place,2019,December,51,Thursday,19 Dec 2019,01:00,8,5,13,8,5,13,No Group
Manchester City Council - Chorlton,Chorlton Place,2019,December,51,Thursday,19 Dec 2019,02:00,2,6,8,2,6,8,No Group
Manchester City Council - Chorlton,Chorlton Place,2019,December,51,Thursday,19 Dec 2019,03:00,2,5,7,2,5,7,No Group
Manchester City Council - Chorlton,Chorlton Place,2019,December,51,Thursday,19 Dec 2019,04:00,10,1,11,10,1,11,No Group
Manchester City Council - Chorlton,Chorlton Place,2019,December,51,Thursday,19 Dec 2019,05:00,0,7,7,0,7,7,No Group
Manchester City Council - Chorlton,Chorlton Place,2019,December,51,Thursday,19 Dec 2019,06:00,6,25,31,6,25,31,No Group
Manchester City Council - Chorlton,Chorlton Place,2019,December,51,Thursday,19 Dec 2019,07:00,24,109,133,24,109,133,No Group
Manchester City Council - Chorlton,Chorlton Place,2019,December,51,Thursday,19 Dec 2019,08:00,59,133,192,59,133,192,No Group
Manchester City Council - Chorlton,Chorlton Place,2019,December,51,Thursday,19 Dec 2019,09:00,98,140,238,98,140,238,No Group
Manchester City Council - Chorlton,Chorlton Place,2019,December,51,Thursday,19 Dec 2019,10:00,156,188,344,156,188,344,No Group
Manchester City Council - Chorlton,Chorlton Place,2019,December,51,Thursday,19 Dec 2019,11:00,446,607,1053,446,607,1053,No Group
Manchester City Council - Chorlton,Chorlton Place,2019,December,51,Thursday,19 Dec 2019,12:00,206,259,465,206,259,465,No Group
Manchester City Council - Chorlton,Chorlton Place,2019,December,51,Thursday,19 Dec 2019,13:00,199,200,399,199,200,399,No Group
Manchester City Council - Chorlton,Chorlton Place,2019,December,51,Thursday,19 Dec 2019,14:00,228,266,494,228,266,494,No Group
Manchester City Council - Chorlton,Chorlton Place,2019,December,51,Thursday,19 Dec 2019,15:00,203,213,416,203,213,416,No Group
Manchester City Council - Chorlton,Chorlton Place,2019,December,51,Thursday,19 Dec 2019,16:00,131,94,225,131,94,225,No Group
Manchester City Council - Chorlton,Chorlton Place,2019,December,51,Thursday,19 Dec 2019,17:00,107,105,212,107,105,212,No Group
Manchester City Council - Chorlton,Chorlton Place,2019,December,51,Thursday,19 Dec 2019,18:00,81,63,144,81,63,144,No Group
Manchester City Council - Chorlton,Chorlton Place,2019,December,51,Thursday,19 Dec 2019,19:00,68,58,126,68,58,126,No Group
Manchester City Council - Chorlton,Chorlton Place,2019,December,51,Thursday,19 Dec 2019,20:00,47,40,87,47,40,87,No Group
Manchester City Council - Chorlton,Chorlton Place,2019,December,51,Thursday,19 Dec 2019,21:00,55,44,99,55,44,99,No Group
Manchester City Council - Chorlton,Chorlton Place,2019,December,51,Thursday,19 Dec 2019,22:00,40,45,85,40,45,85,No Group
Manchester City Council - Chorlton,Chorlton Place,2019,December,51,Thursday,19 Dec 2019,23:00,26,14,40,26,14,40,No Group
Manchester City Council - Chorlton,Chorlton Place,2019,December,51,Friday,20 Dec 2019,00:00,17,9,26,17,9,26,No Group
Manchester City Council - Chorlton,Chorlton Place,2019,December,51,Friday,20 Dec 2019,01:00,4,2,6,4,2,6,No Group
Manchester City Council - Chorlton,Chorlton Place,2019,December,51,Friday,20 Dec 2019,02:00,3,2,5,3,2,5,No Group
Manchester City Council - Chorlton,Chorlton Place,2019,December,51,Friday,20 Dec 2019,03:00,0,6,6,0,6,6,No Group
Manchester City Council - Chorlton,Chorlton Place,2019,December,51,Friday,20 Dec 2019,04:00,1,2,3,1,2,3,No Group
Manchester City Council - Chorlton,Chorlton Place,2019,December,51,Friday,20 Dec 2019,05:00,1,7,8,1,7,8,No Group
Manchester City Council - Chorlton,Chorlton Place,2019,December,51,Friday,20 Dec 2019,06:00,7,20,27,7,20,27,No Group
Manchester City Council - Chorlton,Chorlton Place,2019,December,51,Friday,20 Dec 2019,07:00,29,80,109,29,80,109,No Group
Manchester City Council - Chorlton,Chorlton Place,2019,December,51,Friday,20 Dec 2019,08:00,35,127,162,35,127,162,No Group
Manchester City Council - Chorlton,Chorlton Place,2019,December,51,Friday,20 Dec 2019,09:00,130,187,317,130,187,317,No Group
Manchester City Council - Chorlton,Chorlton Place,2019,December,51,Friday,20 Dec 2019,10:00,173,211,384,173,211,384,No Group
Manchester City Council - Chorlton,Chorlton Place,2019,December,51,Friday,20 Dec 2019,11:00,232,310,542,232,310,542,No Group
Manchester City Council - Chorlton,Chorlton Place,2019,December,51,Friday,20 Dec 2019,12:00,254,282,536,254,282,536,No Group
Manchester City Council - Chorlton,Chorlton Place,2019,December,51,Friday,20 Dec 2019,13:00,268,266,534,268,266,534,No Group
Manchester City Council - Chorlton,Chorlton Place,2019,December,51,Friday,20 Dec 2019,14:00,259,266,525,259,266,525,No Group
Manchester City Council - Chorlton,Chorlton Place,2019,December,51,Friday,20 Dec 2019,15:00,216,237,453,216,237,453,No Group
Manchester City Council - Chorlton,Chorlton Place,2019,December,51,Friday,20 Dec 2019,16:00,230,195,425,230,195,425,No Group
Manchester City Council - Chorlton,Chorlton Place,2019,December,51,Friday,20 Dec 2019,17:00,107,105,212,107,105,212,No Group
Manchester City Council - Chorlton,Chorlton Place,2019,December,51,Friday,20 Dec 2019,18:00,102,72,174,102,72,174,No Group
Manchester City Council - Chorlton,Chorlton Place,2019,December,51,Friday,20 Dec 2019,19:00,48,81,129,48,81,129,No Group
Manchester City Council - Chorlton,Chorlton Place,2019,December,51,Friday,20 Dec 2019,20:00,65,53,118,65,53,118,No Group
Manchester City Council - Chorlton,Chorlton Place,2019,December,51,Friday,20 Dec 2019,21:00,51,41,92,51,41,92,No Group
Manchester City Council - Chorlton,Chorlton Place,2019,December,51,Friday,20 Dec 2019,22:00,34,38,72,34,38,72,No Group
Manchester City Council - Chorlton,Chorlton Place,2019,December,51,Friday,20 Dec 2019,23:00,27,27,54,27,27,54,No Group
Manchester City Council - Chorlton,Chorlton Place,2019,December,51,Saturday,21 Dec 2019,00:00,16,37,53,16,37,53,No Group
Manchester City Council - Chorlton,Chorlton Place,2019,December,51,Saturday,21 Dec 2019,01:00,9,7,16,9,7,16,No Group
Manchester City Council - Chorlton,Chorlton Place,2019,December,51,Saturday,21 Dec 2019,02:00,3,2,5,3,2,5,No Group
Manchester City Council - Chorlton,Chorlton Place,2019,December,51,Saturday,21 Dec 2019,03:00,1,4,5,1,4,5,No Group
Manchester City Council - Chorlton,Chorlton Place,2019,December,51,Saturday,21 Dec 2019,04:00,2,10,12,2,10,12,No Group
Manchester City Council - Chorlton,Chorlton Place,2019,December,51,Saturday,21 Dec 2019,05:00,11,8,19,11,8,19,No Group
Manchester City Council - Chorlton,Chorlton Place,2019,December,51,Saturday,21 Dec 2019,06:00,3,4,7,3,4,7,No Group
Manchester City Council - Chorlton,Chorlton Place,2019,December,51,Saturday,21 Dec 2019,07:00,10,18,28,10,18,28,No Group
Manchester City Council - Chorlton,Chorlton Place,2019,December,51,Saturday,21 Dec 2019,08:00,46,75,121,46,75,121,No Group
Manchester City Council - Chorlton,Chorlton Place,2019,December,51,Saturday,21 Dec 2019,09:00,127,167,294,127,167,294,No Group
Manchester City Council - Chorlton,Chorlton Place,2019,December,51,Saturday,21 Dec 2019,10:00,223,288,511,223,288,511,No Group
Manchester City Council - Chorlton,Chorlton Place,2019,December,51,Saturday,21 Dec 2019,11:00,851,1339,2190,851,1339,2190,No Group
Manchester City Council - Chorlton,Chorlton Place,2019,December,51,Saturday,21 Dec 2019,12:00,415,435,850,415,435,850,No Group
Manchester City Council - Chorlton,Chorlton Place,2019,December,51,Saturday,21 Dec 2019,13:00,288,336,624,288,336,624,No Group
Manchester City Council - Chorlton,Chorlton Place,2019,December,51,Saturday,21 Dec 2019,14:00,358,348,706,358,348,706,No Group
Manchester City Council - Chorlton,Chorlton Place,2019,December,51,Saturday,21 Dec 2019,15:00,285,295,580,285,295,580,No Group
Manchester City Council - Chorlton,Chorlton Place,2019,December,51,Saturday,21 Dec 2019,16:00,211,198,409,211,198,409,No Group
Manchester City Council - Chorlton,Chorlton Place,2019,December,51,Saturday,21 Dec 2019,17:00,124,127,251,124,127,251,No Group
Manchester City Council - Chorlton,Chorlton Place,2019,December,51,Saturday,21 Dec 2019,18:00,68,68,136,68,68,136,No Group
Manchester City Council - Chorlton,Chorlton Place,2019,December,51,Saturday,21 Dec 2019,19:00,51,74,125,51,74,125,No Group
Manchester City Council - Chorlton,Chorlton Place,2019,December,51,Saturday,21 Dec 2019,20:00,53,67,120,53,67,120,No Group
Manchester City Council - Chorlton,Chorlton Place,2019,December,51,Saturday,21 Dec 2019,21:00,39,41,80,39,41,80,No Group
Manchester City Council - Chorlton,Chorlton Place,2019,December,51,Saturday,21 Dec 2019,22:00,31,51,82,31,51,82,No Group
Manchester City Council - Chorlton,Chorlton Place,2019,December,51,Saturday,21 Dec 2019,23:00,42,42,84,42,42,84,No Group
Manchester City Council - Chorlton,Chorlton Place,2019,December,51,Sunday,22 Dec 2019,00:00,27,44,71,27,44,71,No Group
Manchester City Council - Chorlton,Chorlton Place,2019,December,51,Sunday,22 Dec 2019,01:00,6,12,18,6,12,18,No Group
Manchester City Council - Chorlton,Chorlton Place,2019,December,51,Sunday,22 Dec 2019,02:00,5,3,8,5,3,8,No Group
Manchester City Council - Chorlton,Chorlton Place,2019,December,51,Sunday,22 Dec 2019,03:00,1,1,2,1,1,2,No Group
Manchester City Council - Chorlton,Chorlton Place,2019,December,51,Sunday,22 Dec 2019,04:00,0,4,4,0,4,4,No Group
Manchester City Council - Chorlton,Chorlton Place,2019,December,51,Sunday,22 Dec 2019,05:00,1,5,6,1,5,6,No Group
Manchester City Council - Chorlton,Chorlton Place,2019,December,51,Sunday,22 Dec 2019,06:00,6,18,24,6,18,24,No Group
Manchester City Council - Chorlton,Chorlton Place,2019,December,51,Sunday,22 Dec 2019,07:00,5,14,19,5,14,19,No Group
Manchester City Council - Chorlton,Chorlton Place,2019,December,51,Sunday,22 Dec 2019,08:00,20,37,57,20,37,57,No Group
Manchester City Council - Chorlton,Chorlton Place,2019,December,51,Sunday,22 Dec 2019,09:00,44,58,102,44,58,102,No Group
Manchester City Council - Chorlton,Chorlton Place,2019,December,51,Sunday,22 Dec 2019,10:00,98,122,220,98,122,220,No Group
Manchester City Council - Chorlton,Chorlton Place,2019,December,51,Sunday,22 Dec 2019,11:00,192,303,495,192,303,495,No Group
Manchester City Council - Chorlton,Chorlton Place,2019,December,51,Sunday,22 Dec 2019,12:00,157,177,334,157,177,334,No Group
Manchester City Council - Chorlton,Chorlton Place,2019,December,51,Sunday,22 Dec 2019,13:00,188,227,415,188,227,415,No Group
Manchester City Council - Chorlton,Chorlton Place,2019,December,51,Sunday,22 Dec 2019,14:00,144,233,377,144,233,377,No Group
Manchester City Council - Chorlton,Chorlton Place,2019,December,51,Sunday,22 Dec 2019,15:00,117,148,265,117,148,265,No Group
Manchester City Council - Chorlton,Chorlton Place,2019,December,51,Sunday,22 Dec 2019,16:00,61,70,131,61,70,131,No Group
Manchester City Council - Chorlton,Chorlton Place,2019,December,51,Sunday,22 Dec 2019,17:00,62,63,125,62,63,125,No Group
Manchester City Council - Chorlton,Chorlton Place,2019,December,51,Sunday,22 Dec 2019,18:00,44,63,107,44,63,107,No Group
Manchester City Council - Chorlton,Chorlton Place,2019,December,51,Sunday,22 Dec 2019,19:00,27,58,85,27,58,85,No Group
Manchester City Council - Chorlton,Chorlton Place,2019,December,51,Sunday,22 Dec 2019,20:00,16,31,47,16,31,47,No Group
Manchester City Council - Chorlton,Chorlton Place,2019,December,51,Sunday,22 Dec 2019,21:00,21,26,47,21,26,47,No Group
Manchester City Council - Chorlton,Chorlton Place,2019,December,51,Sunday,22 Dec 2019,22:00,18,24,42,18,24,42,No Group
Manchester City Council - Chorlton,Chorlton Place,2019,December,51,Sunday,22 Dec 2019,23:00,12,18,30,12,18,30,No Group
Manchester City Council - Chorlton,Chorlton Place,2019,December,52,Monday,23 Dec 2019,00:00,5,8,13,5,8,13,No Group
Manchester City Council - Chorlton,Chorlton Place,2019,December,52,Monday,23 Dec 2019,01:00,3,1,4,3,1,4,No Group
Manchester City Council - Chorlton,Chorlton Place,2019,December,52,Monday,23 Dec 2019,02:00,1,1,2,1,1,2,No Group
Manchester City Council - Chorlton,Chorlton Place,2019,December,52,Monday,23 Dec 2019,03:00,0,4,4,0,4,4,No Group
Manchester City Council - Chorlton,Chorlton Place,2019,December,52,Monday,23 Dec 2019,04:00,8,13,21,8,13,21,No Group
Manchester City Council - Chorlton,Chorlton Place,2019,December,52,Monday,23 Dec 2019,05:00,0,2,2,0,2,2,No Group
Manchester City Council - Chorlton,Chorlton Place,2019,December,52,Monday,23 Dec 2019,06:00,3,19,22,3,19,22,No Group
Manchester City Council - Chorlton,Chorlton Place,2019,December,52,Monday,23 Dec 2019,07:00,19,47,66,19,47,66,No Group
Manchester City Council - Chorlton,Chorlton Place,2019,December,52,Monday,23 Dec 2019,08:00,56,119,175,56,119,175,No Group
Manchester City Council - Chorlton,Chorlton Place,2019,December,52,Monday,23 Dec 2019,09:00,141,204,345,141,204,345,No Group
Manchester City Council - Chorlton,Chorlton Place,2019,December,52,Monday,23 Dec 2019,10:00,201,285,486,201,285,486,No Group
Manchester City Council - Chorlton,Chorlton Place,2019,December,52,Monday,23 Dec 2019,11:00,315,402,717,315,402,717,No Group
Manchester City Council - Chorlton,Chorlton Place,2019,December,52,Monday,23 Dec 2019,12:00,252,346,598,252,346,598,No Group
Manchester City Council - Chorlton,Chorlton Place,2019,December,52,Monday,23 Dec 2019,13:00,294,309,603,294,309,603,No Group
Manchester City Council - Chorlton,Chorlton Place,2019,December,52,Monday,23 Dec 2019,14:00,276,329,605,276,329,605,No Group
Manchester City Council - Chorlton,Chorlton Place,2019,December,52,Monday,23 Dec 2019,15:00,274,254,528,274,254,528,No Group
Manchester City Council - Chorlton,Chorlton Place,2019,December,52,Monday,23 Dec 2019,16:00,227,226,453,227,226,453,No Group
Manchester City Council - Chorlton,Chorlton Place,2019,December,52,Monday,23 Dec 2019,17:00,144,124,268,144,124,268,No Group
Manchester City Council - Chorlton,Chorlton Place,2019,December,52,Monday,23 Dec 2019,18:00,96,72,168,96,72,168,No Group
Manchester City Council - Chorlton,Chorlton Place,2019,December,52,Monday,23 Dec 2019,19:00,65,88,153,65,88,153,No Group
Manchester City Council - Chorlton,Chorlton Place,2019,December,52,Monday,23 Dec 2019,20:00,72,54,126,72,54,126,No Group
Manchester City Council - Chorlton,Chorlton Place,2019,December,52,Monday,23 Dec 2019,21:00,48,58,106,48,58,106,No Group
Manchester City Council - Chorlton,Chorlton Place,2019,December,52,Monday,23 Dec 2019,22:00,19,31,50,19,31,50,No Group
Manchester City Council - Chorlton,Chorlton Place,2019,December,52,Monday,23 Dec 2019,23:00,17,20,37,17,20,37,No Group
Manchester City Council - Chorlton,Chorlton Place,2019,December,52,Tuesday,24 Dec 2019,00:00,11,3,14,11,3,14,No Group
Manchester City Council - Chorlton,Chorlton Place,2019,December,52,Tuesday,24 Dec 2019,01:00,9,10,19,9,10,19,No Group
Manchester City Council - Chorlton,Chorlton Place,2019,December,52,Tuesday,24 Dec 2019,02:00,0,1,1,0,1,1,No Group
Manchester City Council - Chorlton,Chorlton Place,2019,December,52,Tuesday,24 Dec 2019,03:00,1,0,1,1,0,1,No Group
Manchester City Council - Chorlton,Chorlton Place,2019,December,52,Tuesday,24 Dec 2019,04:00,9,15,24,9,15,24,No Group
Manchester City Council - Chorlton,Chorlton Place,2019,December,52,Tuesday,24 Dec 2019,05:00,0,3,3,0,3,3,No Group
Manchester City Council - Chorlton,Chorlton Place,2019,December,52,Tuesday,24 Dec 2019,06:00,5,22,27,5,22,27,No Group
Manchester City Council - Chorlton,Chorlton Place,2019,December,52,Tuesday,24 Dec 2019,07:00,13,25,38,13,25,38,No Group
Manchester City Council - Chorlton,Chorlton Place,2019,December,52,Tuesday,24 Dec 2019,08:00,86,80,166,86,80,166,No Group
Manchester City Council - Chorlton,Chorlton Place,2019,December,52,Tuesday,24 Dec 2019,09:00,135,180,315,135,180,315,No Group
Manchester City Council - Chorlton,Chorlton Place,2019,December,52,Tuesday,24 Dec 2019,10:00,230,332,562,230,332,562,No Group
Manchester City Council - Chorlton,Chorlton Place,2019,December,52,Tuesday,24 Dec 2019,11:00,316,352,668,316,352,668,No Group
Manchester City Council - Chorlton,Chorlton Place,2019,December,52,Tuesday,24 Dec 2019,12:00,356,359,715,356,359,715,No Group
Manchester City Council - Chorlton,Chorlton Place,2019,December,52,Tuesday,24 Dec 2019,13:00,259,299,558,259,299,558,No Group
Manchester City Council - Chorlton,Chorlton Place,2019,December,52,Tuesday,24 Dec 2019,14:00,240,257,497,240,257,497,No Group
Manchester City Council - Chorlton,Chorlton Place,2019,December,52,Tuesday,24 Dec 2019,15:00,187,220,407,187,220,407,No Group
Manchester City Council - Chorlton,Chorlton Place,2019,December,52,Tuesday,24 Dec 2019,16:00,109,108,217,109,108,217,No Group
Manchester City Council - Chorlton,Chorlton Place,2019,December,52,Tuesday,24 Dec 2019,17:00,44,60,104,44,60,104,No Group
Manchester City Council - Chorlton,Chorlton Place,2019,December,52,Tuesday,24 Dec 2019,18:00,54,43,97,54,43,97,No Group
Manchester City Council - Chorlton,Chorlton Place,2019,December,52,Tuesday,24 Dec 2019,19:00,23,47,70,23,47,70,No Group
Manchester City Council - Chorlton,Chorlton Place,2019,December,52,Tuesday,24 Dec 2019,20:00,35,48,83,35,48,83,No Group
Manchester City Council - Chorlton,Chorlton Place,2019,December,52,Tuesday,24 Dec 2019,21:00,50,44,94,50,44,94,No Group
Manchester City Council - Chorlton,Chorlton Place,2019,December,52,Tuesday,24 Dec 2019,22:00,23,37,60,23,37,60,No Group
Manchester City Council - Chorlton,Chorlton Place,2019,December,52,Tuesday,24 Dec 2019,23:00,16,38,54,16,38,54,No Group
Manchester City Council - Chorlton,Chorlton Place,2019,December,52,Wednesday,25 Dec 2019,00:00,14,36,50,14,36,50,No Group
Manchester City Council - Chorlton,Chorlton Place,2019,December,52,Wednesday,25 Dec 2019,01:00,17,3,20,17,3,20,No Group
Manchester City Council - Chorlton,Chorlton Place,2019,December,52,Wednesday,25 Dec 2019,02:00,7,5,12,7,5,12,No Group
Manchester City Council - Chorlton,Chorlton Place,2019,December,52,Wednesday,25 Dec 2019,03:00,0,1,1,0,1,1,No Group
Manchester City Council - Chorlton,Chorlton Place,2019,December,52,Wednesday,25 Dec 2019,04:00,0,0,0,0,0,0,No Group
Manchester City Council - Chorlton,Chorlton Place,2019,December,52,Wednesday,25 Dec 2019,05:00,0,0,0,0,0,0,No Group
Manchester City Council - Chorlton,Chorlton Place,2019,December,52,Wednesday,25 Dec 2019,06:00,1,1,2,1,1,2,No Group
Manchester City Council - Chorlton,Chorlton Place,2019,December,52,Wednesday,25 Dec 2019,07:00,0,2,2,0,2,2,No Group
Manchester City Council - Chorlton,Chorlton Place,2019,December,52,Wednesday,25 Dec 2019,08:00,4,10,14,4,10,14,No Group
Manchester City Council - Chorlton,Chorlton Place,2019,December,52,Wednesday,25 Dec 2019,09:00,15,13,28,15,13,28,No Group
Manchester City Council - Chorlton,Chorlton Place,2019,December,52,Wednesday,25 Dec 2019,10:00,8,15,23,8,15,23,No Group
Manchester City Council - Chorlton,Chorlton Place,2019,December,52,Wednesday,25 Dec 2019,11:00,24,15,39,24,15,39,No Group
Manchester City Council - Chorlton,Chorlton Place,2019,December,52,Wednesday,25 Dec 2019,12:00,27,27,54,27,27,54,No Group
Manchester City Council - Chorlton,Chorlton Place,2019,December,52,Wednesday,25 Dec 2019,13:00,41,29,70,41,29,70,No Group
Manchester City Council - Chorlton,Chorlton Place,2019,December,52,Wednesday,25 Dec 2019,14:00,19,30,49,19,30,49,No Group
Manchester City Council - Chorlton,Chorlton Place,2019,December,52,Wednesday,25 Dec 2019,15:00,19,23,42,19,23,42,No Group
Manchester City Council - Chorlton,Chorlton Place,2019,December,52,Wednesday,25 Dec 2019,16:00,9,18,27,9,18,27,No Group
Manchester City Council - Chorlton,Chorlton Place,2019,December,52,Wednesday,25 Dec 2019,17:00,15,16,31,15,16,31,No Group
Manchester City Council - Chorlton,Chorlton Place,2019,December,52,Wednesday,25 Dec 2019,18:00,5,8,13,5,8,13,No Group
Manchester City Council - Chorlton,Chorlton Place,2019,December,52,Wednesday,25 Dec 2019,19:00,7,9,16,7,9,16,No Group
Manchester City Council - Chorlton,Chorlton Place,2019,December,52,Wednesday,25 Dec 2019,20:00,13,11,24,13,11,24,No Group
Manchester City Council - Chorlton,Chorlton Place,2019,December,52,Wednesday,25 Dec 2019,21:00,4,10,14,4,10,14,No Group
Manchester City Council - Chorlton,Chorlton Place,2019,December,52,Wednesday,25 Dec 2019,22:00,6,6,12,6,6,12,No Group
Manchester City Council - Chorlton,Chorlton Place,2019,December,52,Wednesday,25 Dec 2019,23:00,4,4,8,4,4,8,No Group
Manchester City Council - Chorlton,Chorlton Place,2019,December,52,Thursday,26 Dec 2019,00:00,3,2,5,3,2,5,No Group
Manchester City Council - Chorlton,Chorlton Place,2019,December,52,Thursday,26 Dec 2019,01:00,1,2,3,1,2,3,No Group
Manchester City Council - Chorlton,Chorlton Place,2019,December,52,Thursday,26 Dec 2019,02:00,0,1,1,0,1,1,No Group
Manchester City Council - Chorlton,Chorlton Place,2019,December,52,Thursday,26 Dec 2019,03:00,1,1,2,1,1,2,No Group
Manchester City Council - Chorlton,Chorlton Place,2019,December,52,Thursday,26 Dec 2019,04:00,0,0,0,0,0,0,No Group
Manchester City Council - Chorlton,Chorlton Place,2019,December,52,Thursday,26 Dec 2019,05:00,4,4,8,4,4,8,No Group
Manchester City Council - Chorlton,Chorlton Place,2019,December,52,Thursday,26 Dec 2019,06:00,2,1,3,2,1,3,No Group
Manchester City Council - Chorlton,Chorlton Place,2019,December,52,Thursday,26 Dec 2019,07:00,0,4,4,0,4,4,No Group
Manchester City Council - Chorlton,Chorlton Place,2019,December,52,Thursday,26 Dec 2019,08:00,13,17,30,13,17,30,No Group
Manchester City Council - Chorlton,Chorlton Place,2019,December,52,Thursday,26 Dec 2019,09:00,18,35,53,18,35,53,No Group
Manchester City Council - Chorlton,Chorlton Place,2019,December,52,Thursday,26 Dec 2019,10:00,35,48,83,35,48,83,No Group
Manchester City Council - Chorlton,Chorlton Place,2019,December,52,Thursday,26 Dec 2019,11:00,54,101,155,54,101,155,No Group
Manchester City Council - Chorlton,Chorlton Place,2019,December,52,Thursday,26 Dec 2019,12:00,75,80,155,75,80,155,No Group
Manchester City Council - Chorlton,Chorlton Place,2019,December,52,Thursday,26 Dec 2019,13:00,92,112,204,92,112,204,No Group
Manchester City Council - Chorlton,Chorlton Place,2019,December,52,Thursday,26 Dec 2019,14:00,106,71,177,106,71,177,No Group
Manchester City Council - Chorlton,Chorlton Place,2019,December,52,Thursday,26 Dec 2019,15:00,87,98,185,87,98,185,No Group
Manchester City Council - Chorlton,Chorlton Place,2019,December,52,Thursday,26 Dec 2019,16:00,33,45,78,33,45,78,No Group
Manchester City Council - Chorlton,Chorlton Place,2019,December,52,Thursday,26 Dec 2019,17:00,49,46,95,49,46,95,No Group
Manchester City Council - Chorlton,Chorlton Place,2019,December,52,Thursday,26 Dec 2019,18:00,40,45,85,40,45,85,No Group
Manchester City Council - Chorlton,Chorlton Place,2019,December,52,Thursday,26 Dec 2019,19:00,28,35,63,28,35,63,No Group
Manchester City Council - Chorlton,Chorlton Place,2019,December,52,Thursday,26 Dec 2019,20:00,37,36,73,37,36,73,No Group
Manchester City Council - Chorlton,Chorlton Place,2019,December,52,Thursday,26 Dec 2019,21:00,23,41,64,23,41,64,No Group
Manchester City Council - Chorlton,Chorlton Place,2019,December,52,Thursday,26 Dec 2019,22:00,29,31,60,29,31,60,No Group
Manchester City Council - Chorlton,Chorlton Place,2019,December,52,Thursday,26 Dec 2019,23:00,23,36,59,23,36,59,No Group
Manchester City Council - Chorlton,Chorlton Place,2019,December,52,Friday,27 Dec 2019,00:00,16,15,31,16,15,31,No Group
Manchester City Council - Chorlton,Chorlton Place,2019,December,52,Friday,27 Dec 2019,01:00,8,6,14,8,6,14,No Group
Manchester City Council - Chorlton,Chorlton Place,2019,December,52,Friday,27 Dec 2019,02:00,2,3,5,2,3,5,No Group
Manchester City Council - Chorlton,Chorlton Place,2019,December,52,Friday,27 Dec 2019,03:00,0,5,5,0,5,5,No Group
Manchester City Council - Chorlton,Chorlton Place,2019,December,52,Friday,27 Dec 2019,04:00,4,3,7,4,3,7,No Group
Manchester City Council - Chorlton,Chorlton Place,2019,December,52,Friday,27 Dec 2019,05:00,2,1,3,2,1,3,No Group
Manchester City Council - Chorlton,Chorlton Place,2019,December,52,Friday,27 Dec 2019,06:00,4,9,13,4,9,13,No Group
Manchester City Council - Chorlton,Chorlton Place,2019,December,52,Friday,27 Dec 2019,07:00,8,23,31,8,23,31,No Group
Manchester City Council - Chorlton,Chorlton Place,2019,December,52,Friday,27 Dec 2019,08:00,19,37,56,19,37,56,No Group
Manchester City Council - Chorlton,Chorlton Place,2019,December,52,Friday,27 Dec 2019,09:00,45,70,115,45,70,115,No Group
Manchester City Council - Chorlton,Chorlton Place,2019,December,52,Friday,27 Dec 2019,10:00,90,128,218,90,128,218,No Group
Manchester City Council - Chorlton,Chorlton Place,2019,December,52,Friday,27 Dec 2019,11:00,136,168,304,136,168,304,No Group
Manchester City Council - Chorlton,Chorlton Place,2019,December,52,Friday,27 Dec 2019,12:00,151,171,322,151,171,322,No Group
Manchester City Council - Chorlton,Chorlton Place,2019,December,52,Friday,27 Dec 2019,13:00,134,142,276,134,142,276,No Group
Manchester City Council - Chorlton,Chorlton Place,2019,December,52,Friday,27 Dec 2019,14:00,193,172,365,193,172,365,No Group
Manchester City Council - Chorlton,Chorlton Place,2019,December,52,Friday,27 Dec 2019,15:00,129,144,273,129,144,273,No Group
Manchester City Council - Chorlton,Chorlton Place,2019,December,52,Friday,27 Dec 2019,16:00,103,90,193,103,90,193,No Group
Manchester City Council - Chorlton,Chorlton Place,2019,December,52,Friday,27 Dec 2019,17:00,86,54,140,86,54,140,No Group
Manchester City Council - Chorlton,Chorlton Place,2019,December,52,Friday,27 Dec 2019,18:00,53,53,106,53,53,106,No Group
Manchester City Council - Chorlton,Chorlton Place,2019,December,52,Friday,27 Dec 2019,19:00,48,61,109,48,61,109,No Group
Manchester City Council - Chorlton,Chorlton Place,2019,December,52,Friday,27 Dec 2019,20:00,31,40,71,31,40,71,No Group
Manchester City Council - Chorlton,Chorlton Place,2019,December,52,Friday,27 Dec 2019,21:00,36,37,73,36,37,73,No Group
Manchester City Council - Chorlton,Chorlton Place,2019,December,52,Friday,27 Dec 2019,22:00,25,28,53,25,28,53,No Group
Manchester City Council - Chorlton,Chorlton Place,2019,December,52,Friday,27 Dec 2019,23:00,13,31,44,13,31,44,No Group
Manchester City Council - Chorlton,Chorlton Place,2019,December,52,Saturday,28 Dec 2019,00:00,11,14,25,11,14,25,No Group
Manchester City Council - Chorlton,Chorlton Place,2019,December,52,Saturday,28 Dec 2019,01:00,9,4,13,9,4,13,No Group
Manchester City Council - Chorlton,Chorlton Place,2019,December,52,Saturday,28 Dec 2019,02:00,0,5,5,0,5,5,No Group
Manchester City Council - Chorlton,Chorlton Place,2019,December,52,Saturday,28 Dec 2019,03:00,3,5,8,3,5,8,No Group
Manchester City Council - Chorlton,Chorlton Place,2019,December,52,Saturday,28 Dec 2019,04:00,10,16,26,10,16,26,No Group
Manchester City Council - Chorlton,Chorlton Place,2019,December,52,Saturday,28 Dec 2019,05:00,1,1,2,1,1,2,No Group
Manchester City Council - Chorlton,Chorlton Place,2019,December,52,Saturday,28 Dec 2019,06:00,6,10,16,6,10,16,No Group
Manchester City Council - Chorlton,Chorlton Place,2019,December,52,Saturday,28 Dec 2019,07:00,12,11,23,12,11,23,No Group
Manchester City Council - Chorlton,Chorlton Place,2019,December,52,Saturday,28 Dec 2019,08:00,27,45,72,27,45,72,No Group
Manchester City Council - Chorlton,Chorlton Place,2019,December,52,Saturday,28 Dec 2019,09:00,78,90,168,78,90,168,No Group
Manchester City Council - Chorlton,Chorlton Place,2019,December,52,Saturday,28 Dec 2019,10:00,110,142,252,110,142,252,No Group
Manchester City Council - Chorlton,Chorlton Place,2019,December,52,Saturday,28 Dec 2019,11:00,187,210,397,187,210,397,No Group
Manchester City Council - Chorlton,Chorlton Place,2019,December,52,Saturday,28 Dec 2019,12:00,172,221,393,172,221,393,No Group
Manchester City Council - Chorlton,Chorlton Place,2019,December,52,Saturday,28 Dec 2019,13:00,208,239,447,208,239,447,No Group
Manchester City Council - Chorlton,Chorlton Place,2019,December,52,Saturday,28 Dec 2019,14:00,197,206,403,197,206,403,No Group
Manchester City Council - Chorlton,Chorlton Place,2019,December,52,Saturday,28 Dec 2019,15:00,188,185,373,188,185,373,No Group
Manchester City Council - Chorlton,Chorlton Place,2019,December,52,Saturday,28 Dec 2019,16:00,136,122,258,136,122,258,No Group
Manchester City Council - Chorlton,Chorlton Place,2019,December,52,Saturday,28 Dec 2019,17:00,107,79,186,107,79,186,No Group
Manchester City Council - Chorlton,Chorlton Place,2019,December,52,Saturday,28 Dec 2019,18:00,62,61,123,62,61,123,No Group
Manchester City Council - Chorlton,Chorlton Place,2019,December,52,Saturday,28 Dec 2019,19:00,74,69,143,74,69,143,No Group
Manchester City Council - Chorlton,Chorlton Place,2019,December,52,Saturday,28 Dec 2019,20:00,42,57,99,42,57,99,No Group
Manchester City Council - Chorlton,Chorlton Place,2019,December,52,Saturday,28 Dec 2019,21:00,39,61,100,39,61,100,No Group
Manchester City Council - Chorlton,Chorlton Place,2019,December,52,Saturday,28 Dec 2019,22:00,41,57,98,41,57,98,No Group
Manchester City Council - Chorlton,Chorlton Place,2019,December,52,Saturday,28 Dec 2019,23:00,29,32,61,29,32,61,No Group
Manchester City Council - Chorlton,Chorlton Place,2019,December,52,Sunday,29 Dec 2019,00:00,17,25,42,17,25,42,No Group
Manchester City Council - Chorlton,Chorlton Place,2019,December,52,Sunday,29 Dec 2019,01:00,9,8,17,9,8,17,No Group
Manchester City Council - Chorlton,Chorlton Place,2019,December,52,Sunday,29 Dec 2019,02:00,4,0,4,4,0,4,No Group
Manchester City Council - Chorlton,Chorlton Place,2019,December,52,Sunday,29 Dec 2019,03:00,0,0,0,0,0,0,No Group
Manchester City Council - Chorlton,Chorlton Place,2019,December,52,Sunday,29 Dec 2019,04:00,1,4,5,1,4,5,No Group
Manchester City Council - Chorlton,Chorlton Place,2019,December,52,Sunday,29 Dec 2019,05:00,2,2,4,2,2,4,No Group
Manchester City Council - Chorlton,Chorlton Place,2019,December,52,Sunday,29 Dec 2019,06:00,3,2,5,3,2,5,No Group
Manchester City Council - Chorlton,Chorlton Place,2019,December,52,Sunday,29 Dec 2019,07:00,6,6,12,6,6,12,No Group
Manchester City Council - Chorlton,Chorlton Place,2019,December,52,Sunday,29 Dec 2019,08:00,14,28,42,14,28,42,No Group
Manchester City Council - Chorlton,Chorlton Place,2019,December,52,Sunday,29 Dec 2019,09:00,26,52,78,26,52,78,No Group
Manchester City Council - Chorlton,Chorlton Place,2019,December,52,Sunday,29 Dec 2019,10:00,47,53,100,47,53,100,No Group
Manchester City Council - Chorlton,Chorlton Place,2019,December,52,Sunday,29 Dec 2019,11:00,74,105,179,74,105,179,No Group
Manchester City Council - Chorlton,Chorlton Place,2019,December,52,Sunday,29 Dec 2019,12:00,64,99,163,64,99,163,No Group
Manchester City Council - Chorlton,Chorlton Place,2019,December,52,Sunday,29 Dec 2019,13:00,116,128,244,116,128,244,No Group
Manchester City Council - Chorlton,Chorlton Place,2019,December,52,Sunday,29 Dec 2019,14:00,95,92,187,95,92,187,No Group
Manchester City Council - Chorlton,Chorlton Place,2019,December,52,Sunday,29 Dec 2019,15:00,95,116,211,95,116,211,No Group
Manchester City Council - Chorlton,Chorlton Place,2019,December,52,Sunday,29 Dec 2019,16:00,64,65,129,64,65,129,No Group
Manchester City Council - Chorlton,Chorlton Place,2019,December,52,Sunday,29 Dec 2019,17:00,51,55,106,51,55,106,No Group
Manchester City Council - Chorlton,Chorlton Place,2019,December,52,Sunday,29 Dec 2019,18:00,64,59,123,64,59,123,No Group
Manchester City Council - Chorlton,Chorlton Place,2019,December,52,Sunday,29 Dec 2019,19:00,47,54,101,47,54,101,No Group
Manchester City Council - Chorlton,Chorlton Place,2019,December,52,Sunday,29 Dec 2019,20:00,32,34,66,32,34,66,No Group
Manchester City Council - Chorlton,Chorlton Place,2019,December,52,Sunday,29 Dec 2019,21:00,20,36,56,20,36,56,No Group
Manchester City Council - Chorlton,Chorlton Place,2019,December,52,Sunday,29 Dec 2019,22:00,19,26,45,19,26,45,No Group
Manchester City Council - Chorlton,Chorlton Place,2019,December,52,Sunday,29 Dec 2019,23:00,28,12,40,28,12,40,No Group
Manchester City Council - Chorlton,Chorlton Place,2020,January,1,Monday,30 Dec 2019,00:00,15,10,25,15,10,25,No Group
Manchester City Council - Chorlton,Chorlton Place,2020,January,1,Monday,30 Dec 2019,01:00,2,6,8,2,6,8,No Group
Manchester City Council - Chorlton,Chorlton Place,2020,January,1,Monday,30 Dec 2019,02:00,1,0,1,1,0,1,No Group
Manchester City Council - Chorlton,Chorlton Place,2020,January,1,Monday,30 Dec 2019,03:00,0,5,5,0,5,5,No Group
Manchester City Council - Chorlton,Chorlton Place,2020,January,1,Monday,30 Dec 2019,04:00,3,4,7,3,4,7,No Group
Manchester City Council - Chorlton,Chorlton Place,2020,January,1,Monday,30 Dec 2019,05:00,2,3,5,2,3,5,No Group
Manchester City Council - Chorlton,Chorlton Place,2020,January,1,Monday,30 Dec 2019,06:00,13,18,31,13,18,31,No Group
Manchester City Council - Chorlton,Chorlton Place,2020,January,1,Monday,30 Dec 2019,07:00,11,38,49,11,38,49,No Group
Manchester City Council - Chorlton,Chorlton Place,2020,January,1,Monday,30 Dec 2019,08:00,23,48,71,23,48,71,No Group
Manchester City Council - Chorlton,Chorlton Place,2020,January,1,Monday,30 Dec 2019,09:00,60,70,130,60,70,130,No Group
Manchester City Council - Chorlton,Chorlton Place,2020,January,1,Monday,30 Dec 2019,10:00,221,304,525,221,304,525,No Group
Manchester City Council - Chorlton,Chorlton Place,2020,January,1,Monday,30 Dec 2019,11:00,535,1249,1784,535,1249,1784,No Group
Manchester City Council - Chorlton,Chorlton Place,2020,January,1,Monday,30 Dec 2019,12:00,280,455,735,280,455,735,No Group
Manchester City Council - Chorlton,Chorlton Place,2020,January,1,Monday,30 Dec 2019,13:00,201,217,418,201,217,418,No Group
Manchester City Council - Chorlton,Chorlton Place,2020,January,1,Monday,30 Dec 2019,14:00,176,209,385,176,209,385,No Group
Manchester City Council - Chorlton,Chorlton Place,2020,January,1,Monday,30 Dec 2019,15:00,179,215,394,179,215,394,No Group
Manchester City Council - Chorlton,Chorlton Place,2020,January,1,Monday,30 Dec 2019,16:00,146,157,303,146,157,303,No Group
Manchester City Council - Chorlton,Chorlton Place,2020,January,1,Monday,30 Dec 2019,17:00,97,80,177,97,80,177,No Group
Manchester City Council - Chorlton,Chorlton Place,2020,January,1,Monday,30 Dec 2019,18:00,83,56,139,83,56,139,No Group
Manchester City Council - Chorlton,Chorlton Place,2020,January,1,Monday,30 Dec 2019,19:00,46,51,97,46,51,97,No Group
Manchester City Council - Chorlton,Chorlton Place,2020,January,1,Monday,30 Dec 2019,20:00,47,62,109,47,62,109,No Group
Manchester City Council - Chorlton,Chorlton Place,2020,January,1,Monday,30 Dec 2019,21:00,36,43,79,36,43,79,No Group
Manchester City Council - Chorlton,Chorlton Place,2020,January,1,Monday,30 Dec 2019,22:00,14,37,51,14,37,51,No Group
Manchester City Council - Chorlton,Chorlton Place,2020,January,1,Monday,30 Dec 2019,23:00,14,26,40,14,26,40,No Group
Manchester City Council - Chorlton,Chorlton Place,2020,January,1,Tuesday,31 Dec 2019,00:00,12,10,22,12,10,22,No Group
Manchester City Council - Chorlton,Chorlton Place,2020,January,1,Tuesday,31 Dec 2019,01:00,3,3,6,3,3,6,No Group
Manchester City Council - Chorlton,Chorlton Place,2020,January,1,Tuesday,31 Dec 2019,02:00,6,1,7,6,1,7,No Group
Manchester City Council - Chorlton,Chorlton Place,2020,January,1,Tuesday,31 Dec 2019,03:00,2,4,6,2,4,6,No Group
Manchester City Council - Chorlton,Chorlton Place,2020,January,1,Tuesday,31 Dec 2019,04:00,1,7,8,1,7,8,No Group
Manchester City Council - Chorlton,Chorlton Place,2020,January,1,Tuesday,31 Dec 2019,05:00,2,7,9,2,7,9,No Group
Manchester City Council - Chorlton,Chorlton Place,2020,January,1,Tuesday,31 Dec 2019,06:00,2,16,18,2,16,18,No Group
Manchester City Council - Chorlton,Chorlton Place,2020,January,1,Tuesday,31 Dec 2019,07:00,16,44,60,16,44,60,No Group
Manchester City Council - Chorlton,Chorlton Place,2020,January,1,Tuesday,31 Dec 2019,08:00,30,56,86,30,56,86,No Group
Manchester City Council - Chorlton,Chorlton Place,2020,January,1,Tuesday,31 Dec 2019,09:00,99,112,211,99,112,211,No Group
Manchester City Council - Chorlton,Chorlton Place,2020,January,1,Tuesday,31 Dec 2019,10:00,155,190,345,155,190,345,No Group
Manchester City Council - Chorlton,Chorlton Place,2020,January,1,Tuesday,31 Dec 2019,11:00,597,974,1571,597,974,1571,No Group
Manchester City Council - Chorlton,Chorlton Place,2020,January,1,Tuesday,31 Dec 2019,12:00,432,589,1021,432,589,1021,No Group
Manchester City Council - Chorlton,Chorlton Place,2020,January,1,Tuesday,31 Dec 2019,13:00,230,239,469,230,239,469,No Group
Manchester City Council - Chorlton,Chorlton Place,2020,January,1,Tuesday,31 Dec 2019,14:00,214,239,453,214,239,453,No Group
Manchester City Council - Chorlton,Chorlton Place,2020,January,1,Tuesday,31 Dec 2019,15:00,180,203,383,180,203,383,No Group
Manchester City Council - Chorlton,Chorlton Place,2020,January,1,Tuesday,31 Dec 2019,16:00,108,118,226,108,118,226,No Group
Manchester City Council - Chorlton,Chorlton Place,2020,January,1,Tuesday,31 Dec 2019,17:00,81,73,154,81,73,154,No Group
Manchester City Council - Chorlton,Chorlton Place,2020,January,1,Tuesday,31 Dec 2019,18:00,49,45,94,49,45,94,No Group
Manchester City Council - Chorlton,Chorlton Place,2020,January,1,Tuesday,31 Dec 2019,19:00,66,60,126,66,60,126,No Group
Manchester City Council - Chorlton,Chorlton Place,2020,January,1,Tuesday,31 Dec 2019,20:00,37,46,83,37,46,83,No Group
Manchester City Council - Chorlton,Chorlton Place,2020,January,1,Tuesday,31 Dec 2019,21:00,57,75,132,57,75,132,No Group
Manchester City Council - Chorlton,Chorlton Place,2020,January,1,Tuesday,31 Dec 2019,22:00,56,52,108,56,52,108,No Group
Manchester City Council - Chorlton,Chorlton Place,2020,January,1,Tuesday,31 Dec 2019,23:00,30,44,74,30,44,74,No Group
