Site,LocationName,BRCYear,BRCMonthName,BRCWeekNum,DayName,Date,Hour,InCount,OutCount,ReportCount,FactoredInCount,FactoredOutCount,FactoredReportCount,LocationGroup
Manchester City Council - Chorlton,Chorlton Place,2020,December,53,Friday,01 Jan 2021,,550,678,1228,550,678,1228,No Group
Manchester City Council - Chorlton,Chorlton Place,2020,December,53,Saturday,02 Jan 2021,,1203,1595,2798,1203,1595,2798,No Group
Manchester City Council - Chorlton,Chorlton Place,2020,December,53,Sunday,03 Jan 2021,,723,877,1600,723,877,1600,No Group
Manchester City Council - Chorlton,Chorlton Place,2021,January,1,Monday,04 Jan 2021,,943,1054,1997,943,1054,1997,No Group
Manchester City Council - Chorlton,Chorlton Place,2021,January,1,Tuesday,05 Jan 2021,,1129,1360,2489,1129,1360,2489,No Group
Manchester City Council - Chorlton,Chorlton Place,2021,January,1,Wednesday,06 Jan 2021,,1104,1358,2462,1104,1358,2462,No Group
Manchester City Council - Chorlton,Chorlton Place,2021,January,1,Thursday,07 Jan 2021,,836,922,1758,836,922,1758,No Group
Manchester City Council - Chorlton,Chorlton Place,2021,January,1,Friday,08 Jan 2021,,1135,1301,2436,1135,1301,2436,No Group
Manchester City Council - Chorlton,Chorlton Place,2021,January,1,Saturday,09 Jan 2021,,1312,1389,2701,1312,1389,2701,No Group
Manchester City Council - Chorlton,Chorlton Place,2021,January,1,Sunday,10 Jan 2021,,732,788,1520,732,788,1520,No Group
Manchester City Council - Chorlton,Chorlton Place,2021,January,2,Monday,11 Jan 2021,,757,915,1672,757,915,1672,No Group
Manchester City Council - Chorlton,Chorlton Place,2021,January,2,Tuesday,12 Jan 2021,,1071,1326,2397,1071,1326,2397,No Group
Manchester City Council - Chorlton,Chorlton Place,2021,January,2,Wednesday,13 Jan 2021,,828,950,1778,828,950,1778,No Group
Manchester City Council - Chorlton,Chorlton Place,2021,January,2,Thursday,14 Jan 2021,,967,1046,2013,967,1046,2013,No Group
Manchester City Council - Chorlton,Chorlton Place,2021,January,2,Friday,15 Jan 2021,,1044,1131,2175,1044,1131,2175,No Group
Manchester City Council - Chorlton,Chorlton Place,2021,January,2,Saturday,16 Jan 2021,,1471,1458,2929,1471,1458,2929,No Group
Manchester City Council - Chorlton,Chorlton Place,2021,January,2,Sunday,17 Jan 2021,,693,868,1561,693,868,1561,No Group
Manchester City Council - Chorlton,Chorlton Place,2021,January,3,Monday,18 Jan 2021,,896,938,1834,896,938,1834,No Group
Manchester City Council - Chorlton,Chorlton Place,2021,January,3,Tuesday,19 Jan 2021,,980,1067,2047,980,1067,2047,No Group
Manchester City Council - Chorlton,Chorlton Place,2021,January,3,Wednesday,20 Jan 2021,,726,900,1626,726,900,1626,No Group
Manchester City Council - Chorlton,Chorlton Place,2021,January,3,Thursday,21 Jan 2021,,960,1057,2017,960,1057,2017,No Group
Manchester City Council - Chorlton,Chorlton Place,2021,January,3,Friday,22 Jan 2021,,1088,1188,2276,1088,1188,2276,No Group
Manchester City Council - Chorlton,Chorlton Place,2021,January,3,Saturday,23 Jan 2021,,1465,1471,2936,1465,1471,2936,No Group
Manchester City Council - Chorlton,Chorlton Place,2021,January,3,Sunday,24 Jan 2021,,687,732,1419,687,732,1419,No Group
Manchester City Council - Chorlton,Chorlton Place,2021,January,4,Monday,25 Jan 2021,,840,929,1769,840,929,1769,No Group
Manchester City Council - Chorlton,Chorlton Place,2021,January,4,Tuesday,26 Jan 2021,,846,954,1800,846,954,1800,No Group
Manchester City Council - Chorlton,Chorlton Place,2021,January,4,Wednesday,27 Jan 2021,,956,1146,2102,956,1146,2102,No Group
Manchester City Council - Chorlton,Chorlton Place,2021,January,4,Thursday,28 Jan 2021,,920,987,1907,920,987,1907,No Group
Manchester City Council - Chorlton,Chorlton Place,2021,January,4,Friday,29 Jan 2021,,1169,1290,2459,1169,1290,2459,No Group
Manchester City Council - Chorlton,Chorlton Place,2021,January,4,Saturday,30 Jan 2021,,1302,1328,2630,1302,1328,2630,No Group
Manchester City Council - Chorlton,Chorlton Place,2021,January,4,Sunday,31 Jan 2021,,706,745,1451,706,745,1451,No Group
Manchester City Council - Chorlton,Chorlton Place,2021,February,5,Monday,01 Feb 2021,,916,917,1833,916,917,1833,No Group
Manchester City Council - Chorlton,Chorlton Place,2021,February,5,Tuesday,02 Feb 2021,,630,804,1434,630,804,1434,No Group
Manchester City Council - Chorlton,Chorlton Place,2021,February,5,Wednesday,03 Feb 2021,,755,1004,1759,755,1004,1759,No Group
Manchester City Council - Chorlton,Chorlton Place,2021,February,5,Thursday,04 Feb 2021,,930,1054,1984,930,1054,1984,No Group
Manchester City Council - Chorlton,Chorlton Place,2021,February,5,Friday,05 Feb 2021,,1224,1435,2659,1224,1435,2659,No Group
Manchester City Council - Chorlton,Chorlton Place,2021,February,5,Saturday,06 Feb 2021,,1549,1702,3251,1549,1702,3251,No Group
Manchester City Council - Chorlton,Chorlton Place,2021,February,5,Sunday,07 Feb 2021,,635,689,1324,635,689,1324,No Group
Manchester City Council - Chorlton,Chorlton Place,2021,February,6,Monday,08 Feb 2021,,860,972,1832,860,972,1832,No Group
Manchester City Council - Chorlton,Chorlton Place,2021,February,6,Tuesday,09 Feb 2021,,910,983,1893,910,983,1893,No Group
Manchester City Council - Chorlton,Chorlton Place,2021,February,6,Wednesday,10 Feb 2021,,946,976,1922,946,976,1922,No Group
Manchester City Council - Chorlton,Chorlton Place,2021,February,6,Thursday,11 Feb 2021,,995,1105,2100,995,1105,2100,No Group
Manchester City Council - Chorlton,Chorlton Place,2021,February,6,Friday,12 Feb 2021,,1224,1249,2473,1224,1249,2473,No Group
Manchester City Council - Chorlton,Chorlton Place,2021,February,6,Saturday,13 Feb 2021,,1659,1592,3251,1659,1592,3251,No Group
Manchester City Council - Chorlton,Chorlton Place,2021,February,6,Sunday,14 Feb 2021,,585,603,1188,585,603,1188,No Group
Manchester City Council - Chorlton,Chorlton Place,2021,February,7,Monday,15 Feb 2021,,967,1003,1970,967,1003,1970,No Group
Manchester City Council - Chorlton,Chorlton Place,2021,February,7,Tuesday,16 Feb 2021,,978,1162,2140,978,1162,2140,No Group
Manchester City Council - Chorlton,Chorlton Place,2021,February,7,Wednesday,17 Feb 2021,,1040,1180,2220,1040,1180,2220,No Group
Manchester City Council - Chorlton,Chorlton Place,2021,February,7,Thursday,18 Feb 2021,,969,1055,2024,969,1055,2024,No Group
Manchester City Council - Chorlton,Chorlton Place,2021,February,7,Friday,19 Feb 2021,,1220,1237,2457,1220,1237,2457,No Group
Manchester City Council - Chorlton,Chorlton Place,2021,February,7,Saturday,20 Feb 2021,,1639,1681,3320,1639,1681,3320,No Group
Manchester City Council - Chorlton,Chorlton Place,2021,February,7,Sunday,21 Feb 2021,,698,746,1444,698,746,1444,No Group
Manchester City Council - Chorlton,Chorlton Place,2021,February,8,Monday,22 Feb 2021,,993,1072,2065,993,1072,2065,No Group
Manchester City Council - Chorlton,Chorlton Place,2021,February,8,Tuesday,23 Feb 2021,,912,997,1909,912,997,1909,No Group
Manchester City Council - Chorlton,Chorlton Place,2021,February,8,Wednesday,24 Feb 2021,,1103,1163,2266,1103,1163,2266,No Group
Manchester City Council - Chorlton,Chorlton Place,2021,February,8,Thursday,25 Feb 2021,,1550,2081,3631,1550,2081,3631,No Group
Manchester City Council - Chorlton,Chorlton Place,2021,February,8,Friday,26 Feb 2021,,1862,2628,4490,1862,2628,4490,No Group
Manchester City Council - Chorlton,Chorlton Place,2021,February,8,Saturday,27 Feb 2021,,2483,2913,5396,2483,2913,5396,No Group
Manchester City Council - Chorlton,Chorlton Place,2021,February,8,Sunday,28 Feb 2021,,1489,1969,3458,1489,1969,3458,No Group
Manchester City Council - Chorlton,Chorlton Place,2021,March,9,Monday,01 Mar 2021,,1809,2828,4637,1809,2828,4637,No Group
Manchester City Council - Chorlton,Chorlton Place,2021,March,9,Tuesday,02 Mar 2021,,1870,2800,4670,1870,2800,4670,No Group
Manchester City Council - Chorlton,Chorlton Place,2021,March,9,Wednesday,03 Mar 2021,,1047,1270,2317,1047,1270,2317,No Group
Manchester City Council - Chorlton,Chorlton Place,2021,March,9,Thursday,04 Mar 2021,,1050,1115,2165,1050,1115,2165,No Group
Manchester City Council - Chorlton,Chorlton Place,2021,March,9,Friday,05 Mar 2021,,1202,1231,2433,1202,1231,2433,No Group
Manchester City Council - Chorlton,Chorlton Place,2021,March,9,Saturday,06 Mar 2021,,1891,1927,3818,1891,1927,3818,No Group
Manchester City Council - Chorlton,Chorlton Place,2021,March,9,Sunday,07 Mar 2021,,698,802,1500,698,802,1500,No Group
Manchester City Council - Chorlton,Chorlton Place,2021,March,10,Monday,08 Mar 2021,,958,1030,1988,958,1030,1988,No Group
Manchester City Council - Chorlton,Chorlton Place,2021,March,10,Tuesday,09 Mar 2021,,1015,1210,2225,1015,1210,2225,No Group
Manchester City Council - Chorlton,Chorlton Place,2021,March,10,Wednesday,10 Mar 2021,,1035,1130,2165,1035,1130,2165,No Group
Manchester City Council - Chorlton,Chorlton Place,2021,March,10,Thursday,11 Mar 2021,,1211,1363,2574,1211,1363,2574,No Group
Manchester City Council - Chorlton,Chorlton Place,2021,March,10,Friday,12 Mar 2021,,1423,1613,3036,1423,1613,3036,No Group
Manchester City Council - Chorlton,Chorlton Place,2021,March,10,Saturday,13 Mar 2021,,1777,1775,3552,1777,1775,3552,No Group
Manchester City Council - Chorlton,Chorlton Place,2021,March,10,Sunday,14 Mar 2021,,695,719,1414,695,719,1414,No Group
Manchester City Council - Chorlton,Chorlton Place,2021,March,11,Monday,15 Mar 2021,,1234,1388,2622,1234,1388,2622,No Group
Manchester City Council - Chorlton,Chorlton Place,2021,March,11,Tuesday,16 Mar 2021,,1356,1356,2712,1356,1356,2712,No Group
Manchester City Council - Chorlton,Chorlton Place,2021,March,11,Wednesday,17 Mar 2021,,968,1086,2054,968,1086,2054,No Group
Manchester City Council - Chorlton,Chorlton Place,2021,March,11,Thursday,18 Mar 2021,,1013,1096,2109,1013,1096,2109,No Group
Manchester City Council - Chorlton,Chorlton Place,2021,March,11,Friday,19 Mar 2021,,1198,1296,2494,1198,1296,2494,No Group
Manchester City Council - Chorlton,Chorlton Place,2021,March,11,Saturday,20 Mar 2021,,1373,1409,2782,1373,1409,2782,No Group
Manchester City Council - Chorlton,Chorlton Place,2021,March,11,Sunday,21 Mar 2021,,685,664,1349,685,664,1349,No Group
Manchester City Council - Chorlton,Chorlton Place,2021,March,12,Monday,22 Mar 2021,,959,1100,2059,959,1100,2059,No Group
Manchester City Council - Chorlton,Chorlton Place,2021,March,12,Tuesday,23 Mar 2021,,1020,1029,2049,1020,1029,2049,No Group
Manchester City Council - Chorlton,Chorlton Place,2021,March,12,Wednesday,24 Mar 2021,,1470,1790,3260,1470,1790,3260,No Group
Manchester City Council - Chorlton,Chorlton Place,2021,March,12,Thursday,25 Mar 2021,,1279,1443,2722,1279,1443,2722,No Group
Manchester City Council - Chorlton,Chorlton Place,2021,March,12,Friday,26 Mar 2021,,1414,1604,3018,1414,1604,3018,No Group
Manchester City Council - Chorlton,Chorlton Place,2021,March,12,Saturday,27 Mar 2021,,1696,1779,3475,1696,1779,3475,No Group
Manchester City Council - Chorlton,Chorlton Place,2021,March,12,Sunday,28 Mar 2021,,717,771,1488,717,771,1488,No Group
Manchester City Council - Chorlton,Chorlton Place,2021,March,13,Monday,29 Mar 2021,,1145,1375,2520,1145,1375,2520,No Group
Manchester City Council - Chorlton,Chorlton Place,2021,March,13,Tuesday,30 Mar 2021,,1471,1898,3369,1471,1898,3369,No Group
Manchester City Council - Chorlton,Chorlton Place,2021,March,13,Wednesday,31 Mar 2021,,1459,1784,3243,1459,1784,3243,No Group
Manchester City Council - Chorlton,Chorlton Place,2021,March,13,Thursday,01 Apr 2021,,1404,1504,2908,1404,1504,2908,No Group
Manchester City Council - Chorlton,Chorlton Place,2021,March,13,Friday,02 Apr 2021,,1726,1924,3650,1726,1924,3650,No Group
Manchester City Council - Chorlton,Chorlton Place,2021,March,13,Saturday,03 Apr 2021,,1899,2042,3941,1899,2042,3941,No Group
Manchester City Council - Chorlton,Chorlton Place,2021,March,13,Sunday,04 Apr 2021,,708,862,1570,708,862,1570,No Group
Manchester City Council - Chorlton,Chorlton Place,2021,April,14,Monday,05 Apr 2021,,1052,1232,2284,1052,1232,2284,No Group
Manchester City Council - Chorlton,Chorlton Place,2021,April,14,Tuesday,06 Apr 2021,,1300,1408,2708,1300,1408,2708,No Group
Manchester City Council - Chorlton,Chorlton Place,2021,April,14,Wednesday,07 Apr 2021,,1187,1337,2524,1187,1337,2524,No Group
Manchester City Council - Chorlton,Chorlton Place,2021,April,14,Thursday,08 Apr 2021,,1095,1189,2284,1095,1189,2284,No Group
Manchester City Council - Chorlton,Chorlton Place,2021,April,14,Friday,09 Apr 2021,,1509,1662,3171,1509,1662,3171,No Group
Manchester City Council - Chorlton,Chorlton Place,2021,April,14,Saturday,10 Apr 2021,,1769,1925,3694,1769,1925,3694,No Group
Manchester City Council - Chorlton,Chorlton Place,2021,April,14,Sunday,11 Apr 2021,,1010,1117,2127,1010,1117,2127,No Group
Manchester City Council - Chorlton,Chorlton Place,2021,April,15,Monday,12 Apr 2021,,2093,2472,4565,2093,2472,4565,No Group
Manchester City Council - Chorlton,Chorlton Place,2021,April,15,Tuesday,13 Apr 2021,,1456,1666,3122,1456,1666,3122,No Group
Manchester City Council - Chorlton,Chorlton Place,2021,April,15,Wednesday,14 Apr 2021,,1437,1635,3072,1437,1635,3072,No Group
Manchester City Council - Chorlton,Chorlton Place,2021,April,15,Thursday,15 Apr 2021,,2060,2322,4382,2060,2322,4382,No Group
Manchester City Council - Chorlton,Chorlton Place,2021,April,15,Friday,16 Apr 2021,,2104,2340,4444,2104,2340,4444,No Group
Manchester City Council - Chorlton,Chorlton Place,2021,April,15,Saturday,17 Apr 2021,,2499,2675,5174,2499,2675,5174,No Group
Manchester City Council - Chorlton,Chorlton Place,2021,April,15,Sunday,18 Apr 2021,,927,991,1918,927,991,1918,No Group
Manchester City Council - Chorlton,Chorlton Place,2021,April,16,Monday,19 Apr 2021,,1724,2034,3758,1724,2034,3758,No Group
Manchester City Council - Chorlton,Chorlton Place,2021,April,16,Tuesday,20 Apr 2021,,1484,1672,3156,1484,1672,3156,No Group
Manchester City Council - Chorlton,Chorlton Place,2021,April,16,Wednesday,21 Apr 2021,,1268,1368,2636,1268,1368,2636,No Group
Manchester City Council - Chorlton,Chorlton Place,2021,April,16,Thursday,22 Apr 2021,,1892,2157,4049,1892,2157,4049,No Group
Manchester City Council - Chorlton,Chorlton Place,2021,April,16,Friday,23 Apr 2021,,2021,2342,4363,2021,2342,4363,No Group
Manchester City Council - Chorlton,Chorlton Place,2021,April,16,Saturday,24 Apr 2021,,2368,2503,4871,2368,2503,4871,No Group
Manchester City Council - Chorlton,Chorlton Place,2021,April,16,Sunday,25 Apr 2021,,1043,1262,2305,1043,1262,2305,No Group
Manchester City Council - Chorlton,Chorlton Place,2021,April,17,Monday,26 Apr 2021,,1470,1675,3145,1470,1675,3145,No Group
Manchester City Council - Chorlton,Chorlton Place,2021,April,17,Tuesday,27 Apr 2021,,1104,1234,2338,1104,1234,2338,No Group
Manchester City Council - Chorlton,Chorlton Place,2021,April,17,Wednesday,28 Apr 2021,,1209,1358,2567,1209,1358,2567,No Group
Manchester City Council - Chorlton,Chorlton Place,2021,April,17,Thursday,29 Apr 2021,,1367,1514,2881,1367,1514,2881,No Group
Manchester City Council - Chorlton,Chorlton Place,2021,April,17,Friday,30 Apr 2021,,1581,1670,3251,1581,1670,3251,No Group
Manchester City Council - Chorlton,Chorlton Place,2021,April,17,Saturday,01 May 2021,,1869,1955,3824,1869,1955,3824,No Group
Manchester City Council - Chorlton,Chorlton Place,2021,April,17,Sunday,02 May 2021,,865,920,1785,865,920,1785,No Group
Manchester City Council - Chorlton,Chorlton Place,2021,May,18,Monday,03 May 2021,,786,847,1633,786,847,1633,No Group
Manchester City Council - Chorlton,Chorlton Place,2021,May,18,Tuesday,04 May 2021,,1247,1425,2672,1247,1425,2672,No Group
Manchester City Council - Chorlton,Chorlton Place,2021,May,18,Wednesday,05 May 2021,,1359,1546,2905,1359,1546,2905,No Group
Manchester City Council - Chorlton,Chorlton Place,2021,May,18,Thursday,06 May 2021,,1380,1542,2922,1380,1542,2922,No Group
Manchester City Council - Chorlton,Chorlton Place,2021,May,18,Friday,07 May 2021,,1642,1882,3524,1642,1882,3524,No Group
Manchester City Council - Chorlton,Chorlton Place,2021,May,18,Saturday,08 May 2021,,1970,1951,3921,1970,1951,3921,No Group
Manchester City Council - Chorlton,Chorlton Place,2021,May,18,Sunday,09 May 2021,,723,844,1567,723,844,1567,No Group
Manchester City Council - Chorlton,Chorlton Place,2021,May,19,Monday,10 May 2021,,1245,1447,2692,1245,1447,2692,No Group
Manchester City Council - Chorlton,Chorlton Place,2021,May,19,Tuesday,11 May 2021,,1265,1409,2674,1265,1409,2674,No Group
Manchester City Council - Chorlton,Chorlton Place,2021,May,19,Wednesday,12 May 2021,,1416,1530,2946,1416,1530,2946,No Group
Manchester City Council - Chorlton,Chorlton Place,2021,May,19,Thursday,13 May 2021,,1320,1444,2764,1320,1444,2764,No Group
Manchester City Council - Chorlton,Chorlton Place,2021,May,19,Friday,14 May 2021,,1559,1637,3196,1559,1637,3196,No Group
Manchester City Council - Chorlton,Chorlton Place,2021,May,19,Saturday,15 May 2021,,2012,2162,4174,2012,2162,4174,No Group
Manchester City Council - Chorlton,Chorlton Place,2021,May,19,Sunday,16 May 2021,,974,1132,2106,974,1132,2106,No Group
Manchester City Council - Chorlton,Chorlton Place,2021,May,20,Monday,17 May 2021,,1258,1452,2710,1258,1452,2710,No Group
Manchester City Council - Chorlton,Chorlton Place,2021,May,20,Tuesday,18 May 2021,,1578,1651,3229,1578,1651,3229,No Group
Manchester City Council - Chorlton,Chorlton Place,2021,May,20,Wednesday,19 May 2021,,1422,1539,2961,1422,1539,2961,No Group
Manchester City Council - Chorlton,Chorlton Place,2021,May,20,Thursday,20 May 2021,,1341,1436,2777,1341,1436,2777,No Group
Manchester City Council - Chorlton,Chorlton Place,2021,May,20,Friday,21 May 2021,,1637,1855,3492,1637,1855,3492,No Group
Manchester City Council - Chorlton,Chorlton Place,2021,May,20,Saturday,22 May 2021,,1961,2037,3998,1961,2037,3998,No Group
Manchester City Council - Chorlton,Chorlton Place,2021,May,20,Sunday,23 May 2021,,889,929,1818,889,929,1818,No Group
Manchester City Council - Chorlton,Chorlton Place,2021,May,21,Monday,24 May 2021,,1212,1353,2565,1212,1353,2565,No Group
Manchester City Council - Chorlton,Chorlton Place,2021,May,21,Tuesday,25 May 2021,,1241,1341,2582,1241,1341,2582,No Group
Manchester City Council - Chorlton,Chorlton Place,2021,May,21,Wednesday,26 May 2021,,1327,1434,2761,1327,1434,2761,No Group
Manchester City Council - Chorlton,Chorlton Place,2021,May,21,Thursday,27 May 2021,,1394,1573,2967,1394,1573,2967,No Group
Manchester City Council - Chorlton,Chorlton Place,2021,May,21,Friday,28 May 2021,,1618,1716,3334,1618,1716,3334,No Group
Manchester City Council - Chorlton,Chorlton Place,2021,May,21,Saturday,29 May 2021,,1717,1817,3534,1717,1817,3534,No Group
Manchester City Council - Chorlton,Chorlton Place,2021,May,21,Sunday,30 May 2021,,1095,1184,2279,1095,1184,2279,No Group
Manchester City Council - Chorlton,Chorlton Place,2021,June,22,Monday,31 May 2021,,1283,1278,2561,1283,1278,2561,No Group
Manchester City Council - Chorlton,Chorlton Place,2021,June,22,Tuesday,01 Jun 2021,,1590,1736,3326,1590,1736,3326,No Group
Manchester City Council - Chorlton,Chorlton Place,2021,June,22,Wednesday,02 Jun 2021,,1543,1724,3267,1543,1724,3267,No Group
Manchester City Council - Chorlton,Chorlton Place,2021,June,22,Thursday,03 Jun 2021,,1507,1512,3019,1507,1512,3019,No Group
Manchester City Council - Chorlton,Chorlton Place,2021,June,22,Friday,04 Jun 2021,,1792,2008,3800,1792,2008,3800,No Group
Manchester City Council - Chorlton,Chorlton Place,2021,June,22,Saturday,05 Jun 2021,,2003,2093,4096,2003,2093,4096,No Group
Manchester City Council - Chorlton,Chorlton Place,2021,June,22,Sunday,06 Jun 2021,,841,910,1751,841,910,1751,No Group
Manchester City Council - Chorlton,Chorlton Place,2021,June,23,Monday,07 Jun 2021,,1261,1401,2662,1261,1401,2662,No Group
Manchester City Council - Chorlton,Chorlton Place,2021,June,23,Tuesday,08 Jun 2021,,1511,1650,3161,1511,1650,3161,No Group
Manchester City Council - Chorlton,Chorlton Place,2021,June,23,Wednesday,09 Jun 2021,,1318,1403,2721,1318,1403,2721,No Group
Manchester City Council - Chorlton,Chorlton Place,2021,June,23,Thursday,10 Jun 2021,,1297,1371,2668,1297,1371,2668,No Group
Manchester City Council - Chorlton,Chorlton Place,2021,June,23,Friday,11 Jun 2021,,1580,1671,3251,1580,1671,3251,No Group
Manchester City Council - Chorlton,Chorlton Place,2021,June,23,Saturday,12 Jun 2021,,2054,2151,4205,2054,2151,4205,No Group
Manchester City Council - Chorlton,Chorlton Place,2021,June,23,Sunday,13 Jun 2021,,817,912,1729,817,912,1729,No Group
Manchester City Council - Chorlton,Chorlton Place,2021,June,24,Monday,14 Jun 2021,,1293,1403,2696,1293,1403,2696,No Group
Manchester City Council - Chorlton,Chorlton Place,2021,June,24,Tuesday,15 Jun 2021,,1467,1642,3109,1467,1642,3109,No Group
Manchester City Council - Chorlton,Chorlton Place,2021,June,24,Wednesday,16 Jun 2021,,1346,1482,2828,1346,1482,2828,No Group
Manchester City Council - Chorlton,Chorlton Place,2021,June,24,Thursday,17 Jun 2021,,1382,1525,2907,1382,1525,2907,No Group
Manchester City Council - Chorlton,Chorlton Place,2021,June,24,Friday,18 Jun 2021,,1559,1740,3299,1559,1740,3299,No Group
Manchester City Council - Chorlton,Chorlton Place,2021,June,24,Saturday,19 Jun 2021,,2126,2210,4336,2126,2210,4336,No Group
Manchester City Council - Chorlton,Chorlton Place,2021,June,24,Sunday,20 Jun 2021,,887,969,1856,887,969,1856,No Group
Manchester City Council - Chorlton,Chorlton Place,2021,June,25,Monday,21 Jun 2021,,1179,1289,2468,1179,1289,2468,No Group
Manchester City Council - Chorlton,Chorlton Place,2021,June,25,Tuesday,22 Jun 2021,,1528,1620,3148,1528,1620,3148,No Group
Manchester City Council - Chorlton,Chorlton Place,2021,June,25,Wednesday,23 Jun 2021,,1370,1517,2887,1370,1517,2887,No Group
Manchester City Council - Chorlton,Chorlton Place,2021,June,25,Thursday,24 Jun 2021,,1213,1245,2458,1213,1245,2458,No Group
Manchester City Council - Chorlton,Chorlton Place,2021,June,25,Friday,25 Jun 2021,,1614,1707,3321,1614,1707,3321,No Group
Manchester City Council - Chorlton,Chorlton Place,2021,June,25,Saturday,26 Jun 2021,,1945,2100,4045,1945,2100,4045,No Group
Manchester City Council - Chorlton,Chorlton Place,2021,June,25,Sunday,27 Jun 2021,,837,868,1705,837,868,1705,No Group
Manchester City Council - Chorlton,Chorlton Place,2021,June,26,Monday,28 Jun 2021,,1238,1268,2506,1238,1268,2506,No Group
Manchester City Council - Chorlton,Chorlton Place,2021,June,26,Tuesday,29 Jun 2021,,1503,1624,3127,1503,1624,3127,No Group
Manchester City Council - Chorlton,Chorlton Place,2021,June,26,Wednesday,30 Jun 2021,,991,1225,2216,991,1225,2216,No Group
Manchester City Council - Chorlton,Chorlton Place,2021,June,26,Thursday,01 Jul 2021,,1440,1589,3029,1440,1589,3029,No Group
Manchester City Council - Chorlton,Chorlton Place,2021,June,26,Friday,02 Jul 2021,,1501,1609,3110,1501,1609,3110,No Group
Manchester City Council - Chorlton,Chorlton Place,2021,June,26,Saturday,03 Jul 2021,,1816,1907,3723,1816,1907,3723,No Group
Manchester City Council - Chorlton,Chorlton Place,2021,June,26,Sunday,04 Jul 2021,,932,956,1888,932,956,1888,No Group
Manchester City Council - Chorlton,Chorlton Place,2021,July,27,Monday,05 Jul 2021,,1178,1307,2485,1178,1307,2485,No Group
Manchester City Council - Chorlton,Chorlton Place,2021,July,27,Tuesday,06 Jul 2021,,1278,1456,2734,1278,1456,2734,No Group
Manchester City Council - Chorlton,Chorlton Place,2021,July,27,Wednesday,07 Jul 2021,,1412,1564,2976,1412,1564,2976,No Group
Manchester City Council - Chorlton,Chorlton Place,2021,July,27,Thursday,08 Jul 2021,,1484,1632,3116,1484,1632,3116,No Group
Manchester City Council - Chorlton,Chorlton Place,2021,July,27,Friday,09 Jul 2021,,1537,1672,3209,1537,1672,3209,No Group
Manchester City Council - Chorlton,Chorlton Place,2021,July,27,Saturday,10 Jul 2021,,1727,1815,3542,1727,1815,3542,No Group
Manchester City Council - Chorlton,Chorlton Place,2021,July,27,Sunday,11 Jul 2021,,992,1153,2145,992,1153,2145,No Group
Manchester City Council - Chorlton,Chorlton Place,2021,July,28,Monday,12 Jul 2021,,1383,1417,2800,1383,1417,2800,No Group
Manchester City Council - Chorlton,Chorlton Place,2021,July,28,Tuesday,13 Jul 2021,,1282,1391,2673,1282,1391,2673,No Group
Manchester City Council - Chorlton,Chorlton Place,2021,July,28,Wednesday,14 Jul 2021,,1320,1513,2833,1320,1513,2833,No Group
Manchester City Council - Chorlton,Chorlton Place,2021,July,28,Thursday,15 Jul 2021,,1596,1795,3391,1596,1795,3391,No Group
Manchester City Council - Chorlton,Chorlton Place,2021,July,28,Friday,16 Jul 2021,,1490,1702,3192,1490,1702,3192,No Group
Manchester City Council - Chorlton,Chorlton Place,2021,July,28,Saturday,17 Jul 2021,,1948,2141,4089,1948,2141,4089,No Group
Manchester City Council - Chorlton,Chorlton Place,2021,July,28,Sunday,18 Jul 2021,,954,1068,2022,954,1068,2022,No Group
Manchester City Council - Chorlton,Chorlton Place,2021,July,29,Monday,19 Jul 2021,,1451,1535,2986,1451,1535,2986,No Group
Manchester City Council - Chorlton,Chorlton Place,2021,July,29,Tuesday,20 Jul 2021,,1473,1546,3019,1473,1546,3019,No Group
Manchester City Council - Chorlton,Chorlton Place,2021,July,29,Wednesday,21 Jul 2021,,1331,1489,2820,1331,1489,2820,No Group
Manchester City Council - Chorlton,Chorlton Place,2021,July,29,Thursday,22 Jul 2021,,1501,1697,3198,1501,1697,3198,No Group
Manchester City Council - Chorlton,Chorlton Place,2021,July,29,Friday,23 Jul 2021,,1625,1864,3489,1625,1864,3489,No Group
Manchester City Council - Chorlton,Chorlton Place,2021,July,29,Saturday,24 Jul 2021,,1659,1892,3551,1659,1892,3551,No Group
Manchester City Council - Chorlton,Chorlton Place,2021,July,29,Sunday,25 Jul 2021,,915,1003,1918,915,1003,1918,No Group
Manchester City Council - Chorlton,Chorlton Place,2021,July,30,Monday,26 Jul 2021,,1422,1509,2931,1422,1509,2931,No Group
Manchester City Council - Chorlton,Chorlton Place,2021,July,30,Tuesday,27 Jul 2021,,1259,1375,2634,1259,1375,2634,No Group
Manchester City Council - Chorlton,Chorlton Place,2021,July,30,Wednesday,28 Jul 2021,,1214,1358,2572,1214,1358,2572,No Group
Manchester City Council - Chorlton,Chorlton Place,2021,July,30,Thursday,29 Jul 2021,,1440,1627,3067,1440,1627,3067,No Group
Manchester City Council - Chorlton,Chorlton Place,2021,July,30,Friday,30 Jul 2021,,1531,1698,3229,1531,1698,3229,No Group
Manchester City Council - Chorlton,Chorlton Place,2021,July,30,Saturday,31 Jul 2021,,1575,1726,3301,1575,1726,3301,No Group
Manchester City Council - Chorlton,Chorlton Place,2021,July,30,Sunday,01 Aug 2021,,849,952,1801,849,952,1801,No Group
Manchester City Council - Chorlton,Chorlton Place,2021,August,31,Monday,02 Aug 2021,,1279,1476,2755,1279,1476,2755,No Group
Manchester City Council - Chorlton,Chorlton Place,2021,August,31,Tuesday,03 Aug 2021,,1460,1626,3086,1460,1626,3086,No Group
Manchester City Council - Chorlton,Chorlton Place,2021,August,31,Wednesday,04 Aug 2021,,1336,1538,2874,1336,1538,2874,No Group
Manchester City Council - Chorlton,Chorlton Place,2021,August,31,Thursday,05 Aug 2021,,1377,1453,2830,1377,1453,2830,No Group
Manchester City Council - Chorlton,Chorlton Place,2021,August,31,Friday,06 Aug 2021,,1414,1632,3046,1414,1632,3046,No Group
Manchester City Council - Chorlton,Chorlton Place,2021,August,31,Saturday,07 Aug 2021,,1596,1788,3384,1596,1788,3384,No Group
Manchester City Council - Chorlton,Chorlton Place,2021,August,31,Sunday,08 Aug 2021,,850,950,1800,850,950,1800,No Group
Manchester City Council - Chorlton,Chorlton Place,2021,August,32,Monday,09 Aug 2021,,1646,1694,3340,1646,1694,3340,No Group
Manchester City Council - Chorlton,Chorlton Place,2021,August,32,Tuesday,10 Aug 2021,,1713,1829,3542,1713,1829,3542,No Group
Manchester City Council - Chorlton,Chorlton Place,2021,August,32,Wednesday,11 Aug 2021,,1304,1379,2683,1304,1379,2683,No Group
Manchester City Council - Chorlton,Chorlton Place,2021,August,32,Thursday,12 Aug 2021,,1645,1800,3445,1645,1800,3445,No Group
Manchester City Council - Chorlton,Chorlton Place,2021,August,32,Friday,13 Aug 2021,,1857,2033,3890,1857,2033,3890,No Group
Manchester City Council - Chorlton,Chorlton Place,2021,August,32,Saturday,14 Aug 2021,,1676,1806,3482,1676,1806,3482,No Group
Manchester City Council - Chorlton,Chorlton Place,2021,August,32,Sunday,15 Aug 2021,,865,944,1809,865,944,1809,No Group
Manchester City Council - Chorlton,Chorlton Place,2021,August,33,Monday,16 Aug 2021,,1233,1379,2612,1233,1379,2612,No Group
Manchester City Council - Chorlton,Chorlton Place,2021,August,33,Tuesday,17 Aug 2021,,1529,1610,3139,1529,1610,3139,No Group
Manchester City Council - Chorlton,Chorlton Place,2021,August,33,Wednesday,18 Aug 2021,,1423,1545,2968,1423,1545,2968,No Group
Manchester City Council - Chorlton,Chorlton Place,2021,August,33,Thursday,19 Aug 2021,,1480,1573,3053,1480,1573,3053,No Group
Manchester City Council - Chorlton,Chorlton Place,2021,August,33,Friday,20 Aug 2021,,1608,1829,3437,1608,1829,3437,No Group
Manchester City Council - Chorlton,Chorlton Place,2021,August,33,Saturday,21 Aug 2021,,1901,2061,3962,1901,2061,3962,No Group
Manchester City Council - Chorlton,Chorlton Place,2021,August,33,Sunday,22 Aug 2021,,1057,1142,2199,1057,1142,2199,No Group
Manchester City Council - Chorlton,Chorlton Place,2021,August,34,Monday,23 Aug 2021,,1596,1709,3305,1596,1709,3305,No Group
Manchester City Council - Chorlton,Chorlton Place,2021,August,34,Tuesday,24 Aug 2021,,1436,1458,2894,1436,1458,2894,No Group
Manchester City Council - Chorlton,Chorlton Place,2021,August,34,Wednesday,25 Aug 2021,,1521,1674,3195,1521,1674,3195,No Group
Manchester City Council - Chorlton,Chorlton Place,2021,August,34,Thursday,26 Aug 2021,,1765,2006,3771,1765,2006,3771,No Group
Manchester City Council - Chorlton,Chorlton Place,2021,August,34,Friday,27 Aug 2021,,1598,1745,3343,1598,1745,3343,No Group
Manchester City Council - Chorlton,Chorlton Place,2021,August,34,Saturday,28 Aug 2021,,2074,2202,4276,2074,2202,4276,No Group
Manchester City Council - Chorlton,Chorlton Place,2021,August,34,Sunday,29 Aug 2021,,1003,1112,2115,1003,1112,2115,No Group
Manchester City Council - Chorlton,Chorlton Place,2021,September,35,Monday,30 Aug 2021,,1056,1070,2126,1056,1070,2126,No Group
Manchester City Council - Chorlton,Chorlton Place,2021,September,35,Tuesday,31 Aug 2021,,1543,1687,3230,1543,1687,3230,No Group
Manchester City Council - Chorlton,Chorlton Place,2021,September,35,Wednesday,01 Sep 2021,,1499,1617,3116,1499,1617,3116,No Group
Manchester City Council - Chorlton,Chorlton Place,2021,September,35,Thursday,02 Sep 2021,,1563,1714,3277,1563,1714,3277,No Group
Manchester City Council - Chorlton,Chorlton Place,2021,September,35,Friday,03 Sep 2021,,1591,1752,3343,1591,1752,3343,No Group
Manchester City Council - Chorlton,Chorlton Place,2021,September,35,Saturday,04 Sep 2021,,1955,2074,4029,1955,2074,4029,No Group
Manchester City Council - Chorlton,Chorlton Place,2021,September,35,Sunday,05 Sep 2021,,1121,1264,2385,1121,1264,2385,No Group
Manchester City Council - Chorlton,Chorlton Place,2021,September,36,Monday,06 Sep 2021,,1496,1587,3083,1496,1587,3083,No Group
Manchester City Council - Chorlton,Chorlton Place,2021,September,36,Tuesday,07 Sep 2021,,1669,1906,3575,1669,1906,3575,No Group
Manchester City Council - Chorlton,Chorlton Place,2021,September,36,Wednesday,08 Sep 2021,,1586,1884,3470,1586,1884,3470,No Group
Manchester City Council - Chorlton,Chorlton Place,2021,September,36,Thursday,09 Sep 2021,,1483,1581,3064,1483,1581,3064,No Group
Manchester City Council - Chorlton,Chorlton Place,2021,September,36,Friday,10 Sep 2021,,1726,1846,3572,1726,1846,3572,No Group
Manchester City Council - Chorlton,Chorlton Place,2021,September,36,Saturday,11 Sep 2021,,1924,2079,4003,1924,2079,4003,No Group
Manchester City Council - Chorlton,Chorlton Place,2021,September,36,Sunday,12 Sep 2021,,1013,1055,2068,1013,1055,2068,No Group
Manchester City Council - Chorlton,Chorlton Place,2021,September,37,Monday,13 Sep 2021,,1318,1480,2798,1318,1480,2798,No Group
Manchester City Council - Chorlton,Chorlton Place,2021,September,37,Tuesday,14 Sep 2021,,1505,1577,3082,1505,1577,3082,No Group
Manchester City Council - Chorlton,Chorlton Place,2021,September,37,Wednesday,15 Sep 2021,,1612,1903,3515,1612,1903,3515,No Group
Manchester City Council - Chorlton,Chorlton Place,2021,September,37,Thursday,16 Sep 2021,,1548,1766,3314,1548,1766,3314,No Group
Manchester City Council - Chorlton,Chorlton Place,2021,September,37,Friday,17 Sep 2021,,1751,2021,3772,1751,2021,3772,No Group
Manchester City Council - Chorlton,Chorlton Place,2021,September,37,Saturday,18 Sep 2021,,2278,2474,4752,2278,2474,4752,No Group
Manchester City Council - Chorlton,Chorlton Place,2021,September,37,Sunday,19 Sep 2021,,1176,1326,2502,1176,1326,2502,No Group
Manchester City Council - Chorlton,Chorlton Place,2021,September,38,Monday,20 Sep 2021,,1581,1807,3388,1581,1807,3388,No Group
Manchester City Council - Chorlton,Chorlton Place,2021,September,38,Tuesday,21 Sep 2021,,1555,1712,3267,1555,1712,3267,No Group
Manchester City Council - Chorlton,Chorlton Place,2021,September,38,Wednesday,22 Sep 2021,,1451,1545,2996,1451,1545,2996,No Group
Manchester City Council - Chorlton,Chorlton Place,2021,September,38,Thursday,23 Sep 2021,,1398,1573,2971,1398,1573,2971,No Group
Manchester City Council - Chorlton,Chorlton Place,2021,September,38,Friday,24 Sep 2021,,1754,1861,3615,1754,1861,3615,No Group
Manchester City Council - Chorlton,Chorlton Place,2021,September,38,Saturday,25 Sep 2021,,2172,2428,4600,2172,2428,4600,No Group
Manchester City Council - Chorlton,Chorlton Place,2021,September,38,Sunday,26 Sep 2021,,1243,1376,2619,1243,1376,2619,No Group
Manchester City Council - Chorlton,Chorlton Place,2021,September,39,Monday,27 Sep 2021,,1493,1689,3182,1493,1689,3182,No Group
Manchester City Council - Chorlton,Chorlton Place,2021,September,39,Tuesday,28 Sep 2021,,1470,1600,3070,1470,1600,3070,No Group
Manchester City Council - Chorlton,Chorlton Place,2021,September,39,Wednesday,29 Sep 2021,,1662,1905,3567,1662,1905,3567,No Group
Manchester City Council - Chorlton,Chorlton Place,2021,September,39,Thursday,30 Sep 2021,,1617,1766,3383,1617,1766,3383,No Group
Manchester City Council - Chorlton,Chorlton Place,2021,September,39,Friday,01 Oct 2021,,2012,2376,4388,2012,2376,4388,No Group
Manchester City Council - Chorlton,Chorlton Place,2021,September,39,Saturday,02 Oct 2021,,2295,2423,4718,2295,2423,4718,No Group
Manchester City Council - Chorlton,Chorlton Place,2021,September,39,Sunday,03 Oct 2021,,1215,1360,2575,1215,1360,2575,No Group
Manchester City Council - Chorlton,Chorlton Place,2021,October,40,Monday,04 Oct 2021,,1514,1656,3170,1514,1656,3170,No Group
Manchester City Council - Chorlton,Chorlton Place,2021,October,40,Tuesday,05 Oct 2021,,1389,1576,2965,1389,1576,2965,No Group
Manchester City Council - Chorlton,Chorlton Place,2021,October,40,Wednesday,06 Oct 2021,,1736,2160,3896,1736,2160,3896,No Group
Manchester City Council - Chorlton,Chorlton Place,2021,October,40,Thursday,07 Oct 2021,,1499,1734,3233,1499,1734,3233,No Group
Manchester City Council - Chorlton,Chorlton Place,2021,October,40,Friday,08 Oct 2021,,1937,2242,4179,1937,2242,4179,No Group
Manchester City Council - Chorlton,Chorlton Place,2021,October,40,Saturday,09 Oct 2021,,2081,2237,4318,2081,2237,4318,No Group
Manchester City Council - Chorlton,Chorlton Place,2021,October,40,Sunday,10 Oct 2021,,2074,2407,4481,2074,2407,4481,No Group
Manchester City Council - Chorlton,Chorlton Place,2021,October,41,Monday,11 Oct 2021,,1567,1857,3424,1567,1857,3424,No Group
Manchester City Council - Chorlton,Chorlton Place,2021,October,41,Tuesday,12 Oct 2021,,1312,1462,2774,1312,1462,2774,No Group
Manchester City Council - Chorlton,Chorlton Place,2021,October,41,Wednesday,13 Oct 2021,,1413,1624,3037,1413,1624,3037,No Group
Manchester City Council - Chorlton,Chorlton Place,2021,October,41,Thursday,14 Oct 2021,,1516,1586,3102,1516,1586,3102,No Group
Manchester City Council - Chorlton,Chorlton Place,2021,October,41,Friday,15 Oct 2021,,2130,2775,4905,2130,2775,4905,No Group
Manchester City Council - Chorlton,Chorlton Place,2021,October,41,Saturday,16 Oct 2021,,2115,2185,4300,2115,2185,4300,No Group
Manchester City Council - Chorlton,Chorlton Place,2021,October,41,Sunday,17 Oct 2021,,1001,1128,2129,1001,1128,2129,No Group
Manchester City Council - Chorlton,Chorlton Place,2021,October,42,Monday,18 Oct 2021,,1263,1292,2555,1263,1292,2555,No Group
Manchester City Council - Chorlton,Chorlton Place,2021,October,42,Tuesday,19 Oct 2021,,1313,1477,2790,1313,1477,2790,No Group
Manchester City Council - Chorlton,Chorlton Place,2021,October,42,Wednesday,20 Oct 2021,,1403,1577,2980,1403,1577,2980,No Group
Manchester City Council - Chorlton,Chorlton Place,2021,October,42,Thursday,21 Oct 2021,,1794,1684,3478,1794,1684,3478,No Group
Manchester City Council - Chorlton,Chorlton Place,2021,October,42,Friday,22 Oct 2021,,1854,2136,3990,1854,2136,3990,No Group
Manchester City Council - Chorlton,Chorlton Place,2021,October,42,Saturday,23 Oct 2021,,2025,2253,4278,2025,2253,4278,No Group
Manchester City Council - Chorlton,Chorlton Place,2021,October,42,Sunday,24 Oct 2021,,1183,1209,2392,1183,1209,2392,No Group
Manchester City Council - Chorlton,Chorlton Place,2021,October,43,Monday,25 Oct 2021,,1480,1622,3102,1480,1622,3102,No Group
Manchester City Council - Chorlton,Chorlton Place,2021,October,43,Tuesday,26 Oct 2021,,1455,1597,3052,1455,1597,3052,No Group
Manchester City Council - Chorlton,Chorlton Place,2021,October,43,Wednesday,27 Oct 2021,,1681,1726,3407,1681,1726,3407,No Group
Manchester City Council - Chorlton,Chorlton Place,2021,October,43,Thursday,28 Oct 2021,,1421,1496,2917,1421,1496,2917,No Group
Manchester City Council - Chorlton,Chorlton Place,2021,October,43,Friday,29 Oct 2021,,1775,1967,3742,1775,1967,3742,No Group
Manchester City Council - Chorlton,Chorlton Place,2021,October,43,Saturday,30 Oct 2021,,2232,2346,4578,2232,2346,4578,No Group
Manchester City Council - Chorlton,Chorlton Place,2021,October,43,Sunday,31 Oct 2021,,974,1085,2059,974,1085,2059,No Group
Manchester City Council - Chorlton,Chorlton Place,2021,November,44,Monday,01 Nov 2021,,1130,1234,2364,1130,1234,2364,No Group
Manchester City Council - Chorlton,Chorlton Place,2021,November,44,Tuesday,02 Nov 2021,,1484,1821,3305,1484,1821,3305,No Group
Manchester City Council - Chorlton,Chorlton Place,2021,November,44,Wednesday,03 Nov 2021,,1607,1536,3143,1607,1536,3143,No Group
Manchester City Council - Chorlton,Chorlton Place,2021,November,44,Thursday,04 Nov 2021,,1847,2879,4726,1847,2879,4726,No Group
Manchester City Council - Chorlton,Chorlton Place,2021,November,44,Friday,05 Nov 2021,,1738,1875,3613,1738,1875,3613,No Group
Manchester City Council - Chorlton,Chorlton Place,2021,November,44,Saturday,06 Nov 2021,,2002,2219,4221,2002,2219,4221,No Group
Manchester City Council - Chorlton,Chorlton Place,2021,November,44,Sunday,07 Nov 2021,,1032,1252,2284,1032,1252,2284,No Group
Manchester City Council - Chorlton,Chorlton Place,2021,November,45,Monday,08 Nov 2021,,1291,1436,2727,1291,1436,2727,No Group
Manchester City Council - Chorlton,Chorlton Place,2021,November,45,Tuesday,09 Nov 2021,,1349,1467,2816,1349,1467,2816,No Group
Manchester City Council - Chorlton,Chorlton Place,2021,November,45,Wednesday,10 Nov 2021,,1514,1623,3137,1514,1623,3137,No Group
Manchester City Council - Chorlton,Chorlton Place,2021,November,45,Thursday,11 Nov 2021,,1521,1631,3152,1521,1631,3152,No Group
Manchester City Council - Chorlton,Chorlton Place,2021,November,45,Friday,12 Nov 2021,,1698,1760,3458,1698,1760,3458,No Group
Manchester City Council - Chorlton,Chorlton Place,2021,November,45,Saturday,13 Nov 2021,,2213,2309,4522,2213,2309,4522,No Group
Manchester City Council - Chorlton,Chorlton Place,2021,November,45,Sunday,14 Nov 2021,,1183,1301,2484,1183,1301,2484,No Group
Manchester City Council - Chorlton,Chorlton Place,2021,November,46,Monday,15 Nov 2021,,1277,1399,2676,1277,1399,2676,No Group
Manchester City Council - Chorlton,Chorlton Place,2021,November,46,Tuesday,16 Nov 2021,,1399,1517,2916,1399,1517,2916,No Group
Manchester City Council - Chorlton,Chorlton Place,2021,November,46,Wednesday,17 Nov 2021,,1466,1596,3062,1466,1596,3062,No Group
Manchester City Council - Chorlton,Chorlton Place,2021,November,46,Thursday,18 Nov 2021,,1485,1682,3167,1485,1682,3167,No Group
Manchester City Council - Chorlton,Chorlton Place,2021,November,46,Friday,19 Nov 2021,,1709,1870,3579,1709,1870,3579,No Group
Manchester City Council - Chorlton,Chorlton Place,2021,November,46,Saturday,20 Nov 2021,,2017,2197,4214,2017,2197,4214,No Group
Manchester City Council - Chorlton,Chorlton Place,2021,November,46,Sunday,21 Nov 2021,,1036,1120,2156,1036,1120,2156,No Group
Manchester City Council - Chorlton,Chorlton Place,2021,November,47,Monday,22 Nov 2021,,1234,1333,2567,1234,1333,2567,No Group
Manchester City Council - Chorlton,Chorlton Place,2021,November,47,Tuesday,23 Nov 2021,,1354,1417,2771,1354,1417,2771,No Group
Manchester City Council - Chorlton,Chorlton Place,2021,November,47,Wednesday,24 Nov 2021,,1349,1497,2846,1349,1497,2846,No Group
Manchester City Council - Chorlton,Chorlton Place,2021,November,47,Thursday,25 Nov 2021,,1548,1953,3501,1548,1953,3501,No Group
Manchester City Council - Chorlton,Chorlton Place,2021,November,47,Friday,26 Nov 2021,,1710,1886,3596,1710,1886,3596,No Group
Manchester City Council - Chorlton,Chorlton Place,2021,November,47,Saturday,27 Nov 2021,,1774,1923,3697,1774,1923,3697,No Group
Manchester City Council - Chorlton,Chorlton Place,2021,November,47,Sunday,28 Nov 2021,,987,1028,2015,987,1028,2015,No Group
Manchester City Council - Chorlton,Chorlton Place,2021,December,48,Monday,29 Nov 2021,,1213,1357,2570,1213,1357,2570,No Group
Manchester City Council - Chorlton,Chorlton Place,2021,December,48,Tuesday,30 Nov 2021,,1339,1500,2839,1339,1500,2839,No Group
Manchester City Council - Chorlton,Chorlton Place,2021,December,48,Wednesday,01 Dec 2021,,1442,1649,3091,1442,1649,3091,No Group
Manchester City Council - Chorlton,Chorlton Place,2021,December,48,Thursday,02 Dec 2021,,1558,1787,3345,1558,1787,3345,No Group
Manchester City Council - Chorlton,Chorlton Place,2021,December,48,Friday,03 Dec 2021,,1740,1881,3621,1740,1881,3621,No Group
Manchester City Council - Chorlton,Chorlton Place,2021,December,48,Saturday,04 Dec 2021,,1654,1882,3536,1654,1882,3536,No Group
Manchester City Council - Chorlton,Chorlton Place,2021,December,48,Sunday,05 Dec 2021,,1065,1220,2285,1065,1220,2285,No Group
Manchester City Council - Chorlton,Chorlton Place,2021,December,49,Monday,06 Dec 2021,,1236,1474,2710,1236,1474,2710,No Group
Manchester City Council - Chorlton,Chorlton Place,2021,December,49,Tuesday,07 Dec 2021,,1375,1430,2805,1375,1430,2805,No Group
Manchester City Council - Chorlton,Chorlton Place,2021,December,49,Wednesday,08 Dec 2021,,1341,1411,2752,1341,1411,2752,No Group
Manchester City Council - Chorlton,Chorlton Place,2021,December,49,Thursday,09 Dec 2021,,1400,1684,3084,1400,1684,3084,No Group
Manchester City Council - Chorlton,Chorlton Place,2021,December,49,Friday,10 Dec 2021,,1677,1873,3550,1677,1873,3550,No Group
Manchester City Council - Chorlton,Chorlton Place,2021,December,49,Saturday,11 Dec 2021,,2034,2217,4251,2034,2217,4251,No Group
Manchester City Council - Chorlton,Chorlton Place,2021,December,49,Sunday,12 Dec 2021,,1018,1176,2194,1018,1176,2194,No Group
Manchester City Council - Chorlton,Chorlton Place,2021,December,50,Monday,13 Dec 2021,,1364,1534,2898,1364,1534,2898,No Group
Manchester City Council - Chorlton,Chorlton Place,2021,December,50,Tuesday,14 Dec 2021,,1511,1681,3192,1511,1681,3192,No Group
Manchester City Council - Chorlton,Chorlton Place,2021,December,50,Wednesday,15 Dec 2021,,1465,1718,3183,1465,1718,3183,No Group
Manchester City Council - Chorlton,Chorlton Place,2021,December,50,Thursday,16 Dec 2021,,1562,1747,3309,1562,1747,3309,No Group
Manchester City Council - Chorlton,Chorlton Place,2021,December,50,Friday,17 Dec 2021,,1799,1899,3698,1799,1899,3698,No Group
Manchester City Council - Chorlton,Chorlton Place,2021,December,50,Saturday,18 Dec 2021,,2087,2132,4219,2087,2132,4219,No Group
Manchester City Council - Chorlton,Chorlton Place,2021,December,50,Sunday,19 Dec 2021,,973,990,1963,973,990,1963,No Group
Manchester City Council - Chorlton,Chorlton Place,2021,December,51,Monday,20 Dec 2021,,1622,1742,3364,1622,1742,3364,No Group
Manchester City Council - Chorlton,Chorlton Place,2021,December,51,Tuesday,21 Dec 2021,,1882,2004,3886,1882,2004,3886,No Group
Manchester City Council - Chorlton,Chorlton Place,2021,December,51,Wednesday,22 Dec 2021,,1785,1962,3747,1785,1962,3747,No Group
Manchester City Council - Chorlton,Chorlton Place,2021,December,51,Thursday,23 Dec 2021,,2277,2315,4592,2277,2315,4592,No Group
Manchester City Council - Chorlton,Chorlton Place,2021,December,51,Friday,24 Dec 2021,,1938,2186,4124,1938,2186,4124,No Group
Manchester City Council - Chorlton,Chorlton Place,2021,December,51,Saturday,25 Dec 2021,,280,400,680,280,400,680,No Group
Manchester City Council - Chorlton,Chorlton Place,2021,December,51,Sunday,26 Dec 2021,,543,586,1129,543,586,1129,No Group
Manchester City Council - Chorlton,Chorlton Place,2021,December,52,Monday,27 Dec 2021,,798,867,1665,798,867,1665,No Group
Manchester City Council - Chorlton,Chorlton Place,2021,December,52,Tuesday,28 Dec 2021,,984,1041,2025,984,1041,2025,No Group
Manchester City Council - Chorlton,Chorlton Place,2021,December,52,Wednesday,29 Dec 2021,,1346,1688,3034,1346,1688,3034,No Group
Manchester City Council - Chorlton,Chorlton Place,2021,December,52,Thursday,30 Dec 2021,,1522,1754,3276,1522,1754,3276,No Group
Manchester City Council - Chorlton,Chorlton Place,2021,December,52,Friday,31 Dec 2021,,1773,2275,4048,1773,2275,4048,No Group
